1 0.8
2 0.8
3 0.8
4 0.8
5 0.8
6 0.8
7 0.8
8 0.8
9 0.8
10 0.8
11 0.8
12 0.8
13 0.8
14 0.8
15 0.8
16 0.8
17 0.8
18 0.8
19 0.8
20 0.8
21 0.8
22 0.8
23 0.8
24 0.8
25 0.8
26 0.8
27 0.8
28 0.8
29 0.8
30 0.8
31 0.8
32 0.8
33 0.8
34 0.8
35 0.8
36 0.8
37 0.8
38 0.8
39 0.8
40 0.8
41 0.8
42 0.8
43 0.8
44 0.8
45 0.8
46 0.8
47 0.8
48 0.8
49 0.8
50 0.8
51 0.8
52 0.8
53 0.8
54 0.8
55 0.8
56 0.8
57 0.8
58 0.8
59 0.8
60 0.8
61 0.8
62 0.8
63 0.8
64 0.8
65 0.8
66 0.8
67 0.8
68 0.8
69 0.8
70 0.8
71 0.8
72 0.8
73 0.8
74 0.8
75 0.8
76 0.8
77 0.8
78 0.8
79 0.8
80 0.8
81 0.8
82 0.8
83 0.8
84 0.8
85 0.8
86 0.8
87 0.8
88 0.8
89 0.8
90 0.8
91 0.8
92 0.8
93 0.8
94 0.8
95 0.8
96 0.8
97 0.8
98 0.8
99 0.8
100 0.8
101 0.8
102 0.8
103 0.8
104 0.8
105 0.8
106 0.8
107 0.8
108 0.8
109 0.8
110 0.8
111 0.8
112 0.8
113 0.8
114 0.8
115 0.8
116 0.8
117 0.8
118 0.8
119 0.8
120 0.8
121 0.8
122 0.8
123 0.8
124 0.8
125 0.8
126 0.8
127 0.8
128 0.8
129 0.8
130 0.8
131 0.8
132 0.8
133 0.8
134 0.8
135 0.8
136 0.8
137 0.8
138 0.8
139 0.8
140 0.8
141 0.8
142 0.8
143 0.8
144 0.8
145 0.8
146 0.8
147 0.8
148 0.8
149 0.8
150 0.8
151 0.8
152 0.8
153 0.8
154 0.8
155 0.8
156 0.8
157 0.8
158 0.8
159 0.8
160 0.8
161 0.8
162 0.8
163 0.8
164 0.8
165 0.8
166 0.8
167 0.8
168 0.8
169 0.8
170 0.8
171 0.8
172 0.8
173 0.8
174 0.8
175 0.8
176 0.8
177 0.8
178 0.8
179 0.8
180 0.8
181 0.8
182 0.8
183 0.8
184 0.8
185 0.8
186 0.8
187 0.8
188 0.8
189 0.8
190 0.8
191 0.8
192 0.8
193 0.8
194 0.8
195 0.8
196 0.8
197 0.8
198 0.8
199 0.8
200 0.8
201 0.8
202 0.8
203 0.8
204 0.8
205 0.8
206 0.8
207 0.8
208 0.8
209 0.8
210 0.8
211 0.800121346069788
212 0.800554017798011
213 0.801419752737686
214 0.802789118783482
215 0.804694708276575
216 0.807141314767931
217 0.810113762794552
218 0.81358291267155
219 0.817510246813085
220 0.821851354181206
221 0.826558559453535
222 0.831582888986119
223 0.836875523192875
224 0.842388851895578
225 0.848077223438714
226 0.853897458293208
227 0.859809182232398
228 0.86577502197237
229 0.871760696663778
230 0.877735031209709
231 0.883669911601593
232 0.889540197952869
233 0.895323607387769
234 0.901000576192083
235 0.906554108484312
236 0.911969616986753
237 0.917234760163905
238 0.922339278969697
239 0.927274835642967
240 0.932034856363517
241 0.936614379090877
242 0.941009907525072
243 0.945219271829844
244 0.949241496526076
245 0.953076675782185
246 0.956725856188253
247 0.960190926992629
248 0.963474517697243
249 0.966579902845248
250 0.969510913787927
251 0.972271857183644
252 0.974867439957352
253 0.977302700432842
254 0.979582945339828
255 0.981713692392794
256 0.983700618137334
257 0.985549510761569
258 0.987266227574563
259 0.988856656859838
260 0.990326683819813
261 0.991682160335754
262 0.992928878277511
263 0.994072546107536
264 0.995118768534362
265 0.99607302898167
266 0.996940674650105
267 0.997726903960142
268 0.998436756175326
269 0.999075103016126
270 0.999646642085389
271 1.00015589193689
272 1.0006071886287
273 1.00100468361296
274 1.00135234282354
275 1.00165394683177
276 1.00191309195017
277 1.00213319217174
278 1.00231748184132
279 1.00246901896298
280 1.00259068905477
281 1.00268520946952
282 1.00275513410684
283 1.0028028584479
284 1.00283062485061
285 1.00284052804833
286 1.00283452080072
287 1.00281441965017
288 1.00278191074202
289 1.002738555671
290 1.00268579732066
291 1.00262496566602
292 1.00255728351333
293 1.00248387215421
294 1.00240575691425
295 1.00232387257892
296 1.00223906868251
297 1.00215211464765
298 1.00206370476563
299 1.00197446300927
300 1.00188494767215
301 1.00179565582966
302 1.00170702761886
303 1.00161945033493
304 1.00153326234341
305 1.00144875680856
306 1.00136618523877
307 1.00128576085129
308 1.00120766175881
309 1.00113203398142
310 1.00105899428765
311 1.00098863286913
312 1.00092101585355
313 1.00085618766094
314 1.00079417320855
315 1.00073497996998
316 1.00067859989397
317 1.00062501118881
318 1.00057417997804
319 1.00052606183327
320 1.00048060318998
321 1.00043774265202
322 1.00039741219045
323 1.00035953824254
324 1.0003240427161
325 1.00029084390483
326 1.00025985731972
327 1.00023099644172
328 1.00020417340043
329 1.00017929958379
330 1.00015628618317
331 1.00013504467837
332 1.00011548726665
333 1.00009752724002
334 1.00008107931436
335 1.00006605991439
336 1.00005238741761
337 1.00003998236091
338 1.0000287676126
339 1.00001866851322
340 1.0000096129875
341 1.00000153163053
342 0.999994357770283
343 0.999988027508945
344 0.999982479745235
345 0.999977656179688
346 0.999973501304801
347 0.999969962381803
348 0.999966989405664
349 0.99996453505986
350 0.999962554662258
351 0.999961006103437
352 0.999959849778584
353 0.999959048514064
354 0.999958567489644
355 0.99995837415726
356 0.999958438157146
357 0.999958731232065
358 0.999959227140293
359 0.999959901567961
360 0.999960732041288
361 0.999961697839166
362 0.999962779906519
363 0.999963960768809
364 0.999965224447989
365 0.999966556380188
366 0.999967943335357
367 0.999969373339058
368 0.999970835596566
369 0.999972320419391
370 0.999973819154319
371 0.999975324115025
372 0.999976828516286
373 0.999978326410792
374 0.999979812628526
375 0.999981282718657
376 0.999982732893881
377 0.999984159977125
378 0.999985561350538
379 0.999986934906666
380 0.999988279001739
381 0.99998959241097
382 0.999990874285787
383 0.999992124112933
384 0.999993341675359
385 0.999994527014869
386 0.999995680396475
387 0.999996802274464
388 0.999997893260186
389 0.999998954091623
390 0.999999985604835
391 1.00000098870745
392 1.0000019643544
393 1.00000291352626
394 1.00000383721014
395 1.00000473638344
396 1.0000056120001
397 1.00000646497949
398 1.00000729619754
399 1.00000810648003
400 1.00000889659789
401 1.00000966716933
402 1.00001041852116
403 1.00001115062138
404 1.00001186306193
405 1.0000125550757
406 1.00001322557583
407 1.0000138732084
408 1.00001449641207
409 1.00001509347977
410 0.999772970479758
411 0.998908166414579
412 0.997177204382271
413 0.994438946868159
414 0.990628207575244
415 0.985735397931345
416 0.979790867564024
417 0.972852894737834
418 0.964998513728221
419 0.95631654593444
420 0.9469023415501
421 0.93685384763919
422 0.926268703375276
423 0.915242129336417
424 0.90386542926766
425 0.892224962863544
426 0.880401479404271
427 0.86846972646171
428 0.856498266901324
429 0.844549452231242
430 0.832679511914717
431 0.820938727286831
432 0.809371665760947
433 0.798017456511336
434 0.786910093115378
435 0.776078751996337
436 0.765548118132103
437 0.755338711546941
438 0.745467209707495
439 0.735946762198464
440 0.726787295033682
441 0.717995802724096
442 0.709576626821707
443 0.701531720124033
444 0.693860896085494
445 0.686562063262239
446 0.679631444832858
447 0.673063783402536
448 0.666852531423338
449 0.660990027656732
450 0.655467660172768
451 0.650276016428833
452 0.645405021003553
453 0.640844061581659
454 0.63658210379586
455 0.632607795534276
456 0.628909561318156
457 0.625475687346067
458 0.622294397788229
459 0.619353922899386
460 0.616642559500926
461 0.614148724363724
462 0.611861001002633
463 0.609768180372242
464 0.607859295931652
465 0.606123653523843
466 0.604550856493069
467 0.603130826441574
468 0.601853820005128
469 0.600710442005375
470 0.59969165531602
471 0.598788787759371
472 0.597993536329923
473 0.597297969022396
474 0.596694524523153
475 0.596176010006027
476 0.595735597256532
477 0.595366817332023
478 0.595063553949773
479 0.594820035780028
480 0.594630827806989
481 0.594490821907236
482 0.594395226782443
483 0.594339557371236
484 0.594319623853777
485 0.594331520352026
486 0.594371613418677
487 0.594436530398444
488 0.594523147736631
489 0.59462857930181
490 0.594750164781856
491 0.594885458205546
492 0.59503221663544
493 0.59518838907172
494 0.595352105601132
495 0.595521666820054
496 0.595695533556023
497 0.595872316907808
498 0.596050768620143
499 0.596229771805731
500 0.596408332023459
501 0.59658556871907
502 0.596760707032454
503 0.596933069973279
504 0.59710207096452
505 0.597267206751546
506 0.59742805067277
507 0.597584246286387
508 0.597735501346486
509 0.59788158212074
510 0.598022308040964
511 0.598157546677061
512 0.598287209024266
513 0.598411245093064
514 0.598529639790818
515 0.598642409083796
516 0.598749596428142
517 0.59885126945818
518 0.598947516920438
519 0.599038445841769
520 0.599124178920052
521 0.599204852126079
522 0.59928061250542
523 0.59935161616926
524 0.599418026463473
525 0.599480012305456
526 0.599537746678556
527 0.59959140527425
528 0.599641165272549
529 0.599687204251484
530 0.599729699216849
531 0.599768825743754
532 0.599804757221922
533 0.599837664197005
534 0.599867713800565
535 0.59989506926175
536 0.599919889494024
537 0.599942328750686
538 0.599962536343234
539 0.599980656417009
540 0.599996827778829
541 0.60001118377169
542 0.600023852191895
543 0.600034955244269
544 0.600044609531434
545 0.600052926073349
546 0.600060010353635
547 0.60006596238941
548 0.600070876821648
549 0.600074843023267
550 0.600077945222401
551 0.600080262638487
552 0.600081869629038
553 0.600082835845105
554 0.600083226393663
555 0.600083102005275
556 0.600082519205569
557 0.600081530489201
558 0.600080184495115
559 0.600078526182033
560 0.600076597003235
561 0.600074435079797
562 0.600072075371549
563 0.600069549845135
564 0.60006688763861
565 0.600064115222134
566 0.600061256554364
567 0.600058333234238
568 0.600055364647916
569 0.600052368110683
570 0.600049359003719
571 0.600046350905665
572 0.600043355718993
573 0.600040383791248
574 0.600037444031259
575 0.600034544020462
576 0.600031690119487
577 0.600028887570189
578 0.600026140593294
579 0.600023452481839
580 0.600020825690579
581 0.600018261921528
582 0.600015762205769
583 0.600013326981679
584 0.600010956169651
585 0.600008649243386
586 0.600006405297778
587 0.600004223113345
588 0.600002101217102
589 0.600000037939682
590 0.599998031468373
591 0.599996079895613
592 0.599994181262431
593 0.599992333596523
594 0.599990534944906
595 0.599988783401295
596 0.59998707712845
597 0.599985414375856
598 0.599983793493119
599 0.599982212939516
600 0.599980671479608
601 0.59997916846065
602 0.599977703947445
603 0.599976278756831
604 0.599974894423677
605 0.599973553122282
606 0.599972257560972
607 0.599971010862924
608 0.599969816442667
609 0.599968677884913
610 0.599967598830292
611 0.599966582870956
612 0.599965633457834
613 0.599964753820438
614 0.599963946899458
615 0.599963215291934
616 0.599962561208452
617 0.599961986441599
618 0.59996149234477
619 0.599961079820341
620 0.599960749316195
621 0.599960500829576
622 0.599960333917296
623 0.599960247711319
624 0.599960240938858
625 0.599960311946133
626 0.599960458725024
627 0.599960678941927
628 0.599960969968173
629 0.599961328911457
630 0.599961752647757
631 0.599962237853314
632 0.599962781036303
633 0.599963378567835
634 0.599964026712042
635 0.599964721655001
636 0.599965459532302
637 0.599966236455125
638 0.599967048534689
639 0.599967891905014
640 0.599968762743911
641 0.599969657292199
642 0.599970571871109
643 0.599971502897909
644 0.599972446899761
645 0.599973400525859
646 0.599974360557886
647 0.599975323918877
648 0.599976287680526
649 0.599977249069043
650 0.599978205469617
651 0.599979154429591
652 0.599980093660424
653 0.599981021038524
654 0.599981934605057
655 0.599982832564804
656 0.599983713284165
657 0.599984575288386
658 0.599985417258096
659 0.599986238025237
660 0.59998703656846
661 0.599987812008058
662 0.599988563600515
663 0.599989290732733
664 0.599989992915987
665 0.599990669779693
666 0.599991321065018
667 0.599991946618393
668 0.599992546384978
669 0.599993120402117
670 0.599993668792817
671 0.5999941917593
672 0.599994689576647
673 0.599995162586562
674 0.599995611191289
675 0.599996035847698
676 0.599996437061556
677 0.599996815382007
678 0.599997171396262
679 0.599997505724524
680 0.599997819015141
681 0.599998111940008
682 0.599998385190207
683 0.599998639471905
684 0.599998875502491
685 0.599999094006968
686 0.599999295714588
687 0.599999481355732
688 0.599999651659027
689 0.599999807348696
690 0.599999949142134
691 0.600000077747708
692 0.600000193862766
693 0.600000298171852
694 0.600000391345117
695 0.600000474036918
696 0.600000546884599
697 0.600000610507434
698 0.600000665505737
699 0.600000712460126
700 0.600000751930918
701 0.600000784457672
702 0.600000810558841
703 0.600000830731554
704 0.60000084545149
705 0.600000855172866
706 0.6000008603285
707 0.600000861329966
708 0.60000085856782
709 0.600000852411896
710 0.600000843211655
711 0.600000831296597
712 0.600000816976714
713 0.600000800542983
714 0.600000782267901
715 0.600000762406044
716 0.600000741194653
717 0.600000718854238
718 0.600000695589204
719 0.600000671588482
720 0.600000647026171
721 0.600000622062182
722 0.600000596842891
723 0.600000571501778
724 0.600000546160071
725 0.600000520927385
726 0.600000495902339
727 0.600000471173178
728 0.600000446818375
729 0.600000422907215
730 0.600000399500375
731 0.600000376650474
732 0.600000354402619
733 0.600000332794925
734 0.600000311859014
735 0.600000291620505
736 0.600000272099475
737 0.600000253310904
738 0.600000235265101
739 0.600000217968107
740 0.600000201422085
741 0.600000185625678
742 0.600000170574362
743 0.600000156260771
744 0.600000142675005
745 0.600000129804919
746 0.600000117636397
747 0.600000106153608
748 0.60000009533924
749 0.600000085174724
750 0.600000075640441
751 0.600000066715909
752 0.600000058379963
753 0.600000050610914
754 0.600000043386702
755 0.600000036685025
756 0.600000030483471
757 0.600000024759625
758 0.600000019491171
759 0.600000014655987
760 0.600000010232222
761 0.60000000619837
762 0.600000002533335
763 0.599999999216486
764 0.599999996227704
765 0.599999993547424
766 0.599999991156672
767 0.599999989037089
768 0.599999987170957
769 0.599999985541217
770 0.599999984131481
771 0.599999982926043
772 0.599999981909879
773 0.599999981068653
774 0.599999980388713
775 0.599999979857085
776 0.599999979461466
777 0.599999979190214
778 0.599999979032336
779 0.59999997897747
780 0.599999979015875
781 0.59999997913841
782 0.599999979336514
783 0.59999997960219
784 0.599999979927981
785 0.599999980306953
786 0.599999980732667
787 0.599999981199165
788 0.599999981700941
789 0.599999982232921
790 0.599999982790441
791 0.599999983369226
792 0.599999983965364
793 0.599999984575285
794 0.599999985195738
795 0.599999985823772
796 0.599999986456708
797 0.599999987092123
798 0.599999987727829
799 0.599999988361851
800 0.599999988992412
801 0.599999989617914
802 0.599999990236921
803 0.599999990848145
804 0.599999991450434
805 0.599999992042757
806 0.599999992624192
807 0.599999993193918
808 0.599999993751203
809 0.599999994295399
810 0.600060667860825
811 0.600277004241298
812 0.600709872212882
813 0.601394555722523
814 0.602347350940476
815 0.603570654641938
816 0.605056879095169
817 0.606791454457528
818 0.608755121935939
819 0.610925676011306
820 0.613279279022359
821 0.615791444147075
822 0.618437761592398
823 0.621194426269233
824 0.624038612349873
825 0.626948730069861
826 0.629904592315975
827 0.632887512446394
828 0.63588035003661
829 0.638867517538358
830 0.641834957947568
831 0.6447701013212
832 0.647661806221634
833 0.650500290792053
834 0.653277057092012
835 0.655984811482988
836 0.658617383197577
837 0.661169642713107
838 0.663637421149377
839 0.666017431596681
840 0.668307193035194
841 0.670504957315348
842 0.672609639519446
843 0.674620751908367
844 0.676538341566771
845 0.678362931790149
846 0.680095467203139
847 0.681737262557166
848 0.683289955124271
849 0.684755460580563
850 0.686135932255688
851 0.687433723612586
852 0.688651353813611
853 0.689791476224076
854 0.690856849701674
855 0.691850312519644
856 0.692774758772484
857 0.693633117115152
858 0.694428331689828
859 0.695163345098128
860 0.695841083281083
861 0.696464442174002
862 0.697036276008483
863 0.697559387139153
864 0.698036517278199
865 0.698470340026276
866 0.69886345459394
867 0.699218380613267
868 0.699537553944782
869 0.699823323390184
870 0.700077948226621
871 0.700303596483369
872 0.70050234388674
873 0.70067617340387
874 0.700826975320642
875 0.700956547793491
876 0.70106659781909
877 0.701158742570027
878 0.701234511048475
879 0.701295346013593
880 0.701342606141916
881 0.701377568383353
882 0.701401430478587
883 0.701415313606651
884 0.701420265134299
885 0.701417261441424
886 0.701407210799273
887 0.701390956280546
888 0.701369278682649
889 0.701342899447379
890 0.701312483562251
891 0.701278642430402
892 0.701241936697642
893 0.70120287902675
894 0.701161936810455
895 0.701119534815874
896 0.701076057754302
897 0.701031852771349
898 0.700987231853387
899 0.700942474147162
900 0.700897828190335
901 0.700853514051384
902 0.700809725377844
903 0.700766631352441
904 0.700724378557239
905 0.700683092746381
906 0.70064288052843
907 0.70060383095968
908 0.700566017050104
909 0.700529497183906
910 0.700494316456844
911 0.700460507932702
912 0.700428093821424
913 0.700397086581581
914 0.700367489949903
915 0.700339299900703
916 0.700312505538067
917 0.700287089923702
918 0.700263030843358
919 0.700240301514718
920 0.700218871239642
921 0.70019870600362
922 0.700179769025219
923 0.7001620212583
924 0.70014542184966
925 0.700129928554752
926 0.700115498113994
927 0.700102086592148
928 0.700089649683138
929 0.70007814298261
930 0.700067522230418
931 0.700057743525164
932 0.700048763512806
933 0.70004053955126
934 0.700033029852841
935 0.700026193606281
936 0.700019991079983
937 0.700014383708089
938 0.700009334160825
939 0.700004806400546
940 0.70000076572477
941 0.699997178797459
942 0.699994013669688
943 0.699991239790798
944 0.699988828011039
945 0.699986750576644
946 0.699984981118212
947 0.699983494633216
948 0.69998226746338
949 0.699981277267627
950 0.699980502991236
951 0.699979924831792
952 0.69997952420247
953 0.699979283693144
954 0.699979187029777
955 0.69997921903248
956 0.69997936557263
957 0.699979613529359
958 0.699979950745732
959 0.699980365984854
960 0.699980848886168
961 0.699981389922135
962 0.699981980355485
963 0.699982612197193
964 0.699983278165323
965 0.699983971644851
966 0.699984686648558
967 0.699985417779082
968 0.699986160192179
969 0.699986909561243
970 0.699987662043114
971 0.69998841424518
972 0.699989163193789
973 0.699989906303935
974 0.699990641350204
975 0.699991366438945
976 0.699992079981626
977 0.699992780669322
978 0.69999346744831
979 0.699994139496706
980 0.699994796202119
981 0.699995437140266
982 0.699996062054522
983 0.699996670836363
984 0.699997263506695
985 0.699997840198025
986 0.699998401137501
987 0.699998946630798
988 0.699999477046911
989 0.699999992803872
990 0.700000494355494
991 0.700000982179254
992 0.700001456765431
993 0.700001918607591
994 0.700002368194428
995 0.700002806002922
996 0.700003232492753
997 0.700003648101886
998 0.700004053243225
999 0.700004448302226
1000 0.700004833587995
1001 0.700005209263944
1002 0.700005575314072
1003 0.700005931534351
1004 0.700006277541225
1005 0.700006612791265
1006 0.700006936607519
1007 0.70000724820931
1008 0.700007546743109
1009 0.700007831312829
1010 0.700008101008396
1011 0.700008354931844
1012 0.700008592220505
1013 0.700008812067057
1014 0.700009013736377
1015 0.700009196579246
1016 0.700009360043056
1017 0.700009503679689
1018 0.700009627150822
1019 0.700009730230881
1020 0.700009812807911
1021 0.700009874882611
1022 0.700009916565784
1023 0.700009938074443
1024 0.70000993972678
1025 0.700009921936235
1026 0.70000988520483
1027 0.70000983011595
1028 0.700009757326747
1029 0.700009667560276
1030 0.70000956159752
1031 0.70000944026939
1032 0.700009304448814
1033 0.700009155042981
1034 0.700008992985821
1035 0.700008819230778
1036 0.700008634743913
1037 0.700008440497388
1038 0.700008237463352
1039 0.700008026608254
1040 0.700007808887591
1041 0.700007585241108
1042 0.700007356588443
1043 0.700007123825227
1044 0.700006887819613
1045 0.700006649409248
1046 0.700006409398653
1047 0.700006168557013
1048 0.700005927616346
1049 0.700005687270041
1050 0.700005448171743
1051 0.700005210934558
1052 0.700004976130564
1053 0.7000047442906
1054 0.700004515904319
1055 0.700004291420468
1056 0.700004071247393
1057 0.700003855753727
1058 0.70000364526926
1059 0.700003440085952
1060 0.700003240459093
1061 0.700003046608557
1062 0.700002858720175
1063 0.700002676947177
1064 0.700002501411697
1065 0.700002332206339
1066 0.700002169395769
1067 0.70000201301834
1068 0.700001863087723
1069 0.700001719594546
1070 0.700001582508023
1071 0.700001451777566
1072 0.700001327334373
1073 0.700001209092991
1074 0.700001096952831
1075 0.70000099079965
1076 0.700000890506982
1077 0.700000795937522
1078 0.700000706944444
1079 0.700000623372682
1080 0.70000054506013
1081 0.700000471838801
1082 0.70000040353591
1083 0.700000339974905
1084 0.700000280976427
1085 0.700000226359216
1086 0.700000175940953
1087 0.700000129539034
1088 0.7000000869713
1089 0.700000048056689
1090 0.700000012615851
1091 0.699999980471692
1092 0.699999951449873
1093 0.69999992537926
1094 0.699999902092316
1095 0.699999881425453
1096 0.699999863219338
1097 0.699999847319155
1098 0.699999833574831
1099 0.699999821841214
1100 0.699999811978232
1101 0.699999803850999
1102 0.699999797329908
1103 0.699999792290684
1104 0.699999788614413
1105 0.699999786187549
1106 0.699999784901893
1107 0.699999784654559
1108 0.699999785347916
1109 0.699999786889513
1110 0.699999789191993
1111 0.699999792172989
1112 0.69999979575501
1113 0.699999799865319
1114 0.699999804435801
1115 0.699999809402819
1116 0.699999814707071
1117 0.699999820293436
1118 0.699999826110821
1119 0.699999832112001
1120 0.699999838253457
1121 0.69999984449522
1122 0.699999850800701
1123 0.699999857136538
1124 0.69999986347243
1125 0.69999986978098
1126 0.699999876037539
1127 0.699999882220052
1128 0.699999888308905
1129 0.699999894286783
1130 0.699999900138523
1131 0.699999905850974
1132 0.699999911412864
1133 0.699999916814669
1134 0.699999922048488
1135 0.69999992710792
1136 0.699999931987951
1137 0.699999936684838
1138 0.699999941196008
1139 0.699999945519953
1140 0.699999949656137
1141 0.699999953604901
1142 0.699999957367379
1143 0.699999960945415
1144 0.699999964341487
1145 0.699999967558632
1146 0.699999970600381
1147 0.699999973470696
1148 0.699999976173904
1149 0.699999978714649
1150 0.699999981097839
1151 0.699999983328595
1152 0.699999985412209
1153 0.699999987354104
1154 0.699999989159796
1155 0.699999990834862
1156 0.699999992384905
1157 0.69999999381553
1158 0.699999995132317
1159 0.699999996340795
1160 0.699999997446429
1161 0.699999998454595
1162 0.699999999370567
1163 0.700000000199504
1164 0.700000000946434
1165 0.70000000161625
1166 0.700000002213695
1167 0.700000002743358
1168 0.70000000320967
1169 0.700000003616894
1170 0.700000003969127
1171 0.700000004270297
1172 0.700000004524158
1173 0.700000004734295
1174 0.70000000490412
1175 0.700000005036876
1176 0.700000005135639
1177 0.700000005203319
1178 0.700000005242665
1179 0.700000005256265
1180 0.700000005246556
1181 0.700000005215823
1182 0.700000005166204
1183 0.7000000050997
1184 0.700000005018173
1185 0.700000004923358
1186 0.700000004816863
1187 0.700000004700179
1188 0.70000000457468
1189 0.700000004441636
1190 0.700000004302211
1191 0.700000004157475
1192 0.700000004008405
1193 0.700000003855893
1194 0.700000003700753
1195 0.700000003543721
1196 0.700000003385466
1197 0.700000003226595
1198 0.700000003067655
1199 0.700000002909138
1200 0.700000002751489
