1 0.8
2 0.8
3 0.8
4 0.8
5 0.8
6 0.8
7 0.8
8 0.8
9 0.8
10 0.8
11 0.8
12 0.8
13 0.8
14 0.8
15 0.8
16 0.8
17 0.8
18 0.8
19 0.8
20 0.8
21 0.8
22 0.8
23 0.8
24 0.8
25 0.8
26 0.8
27 0.8
28 0.8
29 0.8
30 0.8
31 0.8
32 0.8
33 0.8
34 0.8
35 0.8
36 0.8
37 0.8
38 0.8
39 0.8
40 0.8
41 0.8
42 0.8
43 0.8
44 0.8
45 0.8
46 0.8
47 0.8
48 0.8
49 0.8
50 0.8
51 0.8
52 0.8
53 0.8
54 0.8
55 0.8
56 0.8
57 0.8
58 0.8
59 0.8
60 0.8
61 0.8
62 0.8
63 0.8
64 0.8
65 0.8
66 0.8
67 0.8
68 0.8
69 0.8
70 0.8
71 0.8
72 0.8
73 0.8
74 0.8
75 0.8
76 0.8
77 0.8
78 0.8
79 0.8
80 0.8
81 0.8
82 0.8
83 0.8
84 0.8
85 0.8
86 0.8
87 0.8
88 0.8
89 0.8
90 0.8
91 0.8
92 0.8
93 0.8
94 0.8
95 0.8
96 0.8
97 0.8
98 0.8
99 0.8
100 0.8
101 0.8
102 0.8
103 0.8
104 0.8
105 0.8
106 0.8
107 0.8
108 0.8
109 0.8
110 0.8
111 0.8
112 0.8
113 0.8
114 0.8
115 0.8
116 0.8
117 0.8
118 0.8
119 0.8
120 0.8
121 0.8
122 0.8
123 0.8
124 0.8
125 0.8
126 0.8
127 0.8
128 0.8
129 0.8
130 0.8
131 0.8
132 0.8
133 0.8
134 0.8
135 0.8
136 0.8
137 0.8
138 0.8
139 0.8
140 0.8
141 0.8
142 0.8
143 0.8
144 0.8
145 0.8
146 0.8
147 0.8
148 0.8
149 0.8
150 0.8
151 0.8
152 0.8
153 0.8
154 0.8
155 0.8
156 0.8
157 0.8
158 0.8
159 0.8
160 0.8
161 0.8
162 0.8
163 0.8
164 0.8
165 0.8
166 0.8
167 0.8
168 0.8
169 0.8
170 0.8
171 0.8
172 0.8
173 0.8
174 0.8
175 0.8
176 0.8
177 0.8
178 0.8
179 0.8
180 0.8
181 0.8
182 0.8
183 0.8
184 0.8
185 0.8
186 0.8
187 0.8
188 0.8
189 0.8
190 0.8
191 0.8
192 0.8
193 0.8
194 0.8
195 0.8
196 0.8
197 0.8
198 0.8
199 0.8
200 0.8
201 0.8
202 0.8
203 0.8
204 0.8
205 0.8
206 0.8
207 0.8
208 0.8
209 0.8
210 0.8
211 0.800128371556419
212 0.800585231269796
213 0.801497221388709
214 0.802936158700898
215 0.804933415112211
216 0.807490980116516
217 0.810589944882548
218 0.814196983840207
219 0.81826928209957
220 0.822758257734663
221 0.827612350649264
222 0.832779089540603
223 0.838206601596764
224 0.843844693053222
225 0.849645600296719
226 0.85556448905261
227 0.861559761933837
228 0.867593221182651
229 0.87363012295732
230 0.879639151349124
231 0.88559233394908
232 0.891464915821563
233 0.897235204873438
234 0.902884398591571
235 0.908396399770755
236 0.913757627021958
237 0.918956824423402
238 0.92398487356553
239 0.928834610376174
240 0.933500648440329
241 0.937979210007607
242 0.94226796547706
243 0.946365881837802
244 0.950273080304811
245 0.953990703206775
246 0.957520790044596
247 0.960866162535624
248 0.964030318382386
249 0.967017333449484
250 0.969831771994064
251 0.972478604569901
252 0.974963133210085
253 0.977290923486092
254 0.979467743040044
255 0.981499506190638
256 0.983392224220635
257 0.985151960963864
258 0.986784793321836
259 0.988296776353696
260 0.989693912597879
261 0.990982125299166
262 0.992167235230573
263 0.993254940815376
264 0.994250801270485
265 0.995160222508085
266 0.995988445547968
267 0.996740537208042
268 0.997421382855257
269 0.99803568101337
270 0.998587939637714
271 0.999082473880294
272 0.999523405181176
273 0.999914661534171
274 1.00025997878633
275 1.00056290284161
276 1.00082679264956
277 1.00105482386944
278 1.00124999310963
279 1.00141512265081
280 1.00155286556949
281 1.0016657111862
282 1.00175599076999
283 1.00182588343714
284 1.0018774221889
285 1.00191250003815
286 1.00193287618099
287 1.00194018217372
288 1.00193592808062
289 1.00192150856207
290 1.00189820887662
291 1.00186721077402
292 1.00182959825978
293 1.00178636321464
294 1.00173841085523
295 1.00168656502473
296 1.00163157330432
297 1.0015741119388
298 1.00151479057108
299 1.00145415678207
300 1.00139270043428
301 1.00133085781819
302 1.00126901560216
303 1.00120751458719
304 1.00114665326925
305 1.00108669121211
306 1.00102785223473
307 1.0009703274176
308 1.00091427793286
309 1.00085983770361
310 1.00080711589799
311 1.00075619926377
312 1.00070715430972
313 1.00066002933965
314 1.00061485634562
315 1.00057165276643
316 1.00053042311778
317 1.00049116050025
318 1.00045384799133
319 1.00041845992764
320 1.00038496308313
321 1.0003533177493
322 1.00032347872295
323 1.00029539620711
324 1.00026901663039
325 1.00024428338992
326 1.00022113752409
327 1.0001995183203
328 1.00017936386136
329 1.00016061151446
330 1.00014319836641
331 1.0001270616088
332 1.00011213887678
333 1.00009836854496
334 1.00008568998379
335 1.00007404377965
336 1.00006337192166
337 1.00005361795823
338 1.00004472712593
339 1.00003664645349
340 1.00002932484303
341 1.00002271313107
342 1.00001676413126
343 1.00001143266086
344 1.00000667555269
345 1.00000245165439
346 0.999998721816393
347 0.99999544887007
348 0.999992597597456
349 0.999990134693621
350 0.999988028722863
351 0.999986250069714
352 0.999984770885648
353 0.999983565032325
354 0.999982608022116
355 0.999981876956566
356 0.999981350463411
357 0.999981008632657
358 0.999980832952229
359 0.999980806243579
360 0.999980912597642
361 0.999981137311449
362 0.999981466825689
363 0.999981888663444
364 0.999982391370315
365 0.9999829644561
366 0.999983598338165
367 0.999984284286623
368 0.999985014371412
369 0.999985781411323
370 0.999986578925038
371 0.999987401084189
372 0.999988242668444
373 0.999989099022623
374 0.999989966015795
375 0.999990840002323
376 0.999991717784802
377 0.999992596578794
378 0.999993473979286
379 0.99999434792874
380 0.999995216686615
381 0.999996078800245
382 0.999996933076943
383 0.999997778557237
384 0.999998614489128
385 0.999999440303323
386 1.00000025558939
387 1.00000106007279
388 1.00000185359291
389 1.000002636082
390 1.00000340754527
391 1.00000416804235
392 1.00000491767019
393 1.00000565654795
394 1.00000638480388
395 1.00000710256432
396 1.0000078099448
397 1.00000850704302
398 1.00000919393377
399 1.00000987066534
400 1.00001053725749
401 1.00001119359456
402 1.00001183927371
403 1.00001247353424
404 1.00001309524335
405 1.00001370291967
406 1.00001429478074
407 1.00001486880435
408 1.00001542279616
409 1.00001595445859
410 0.999759718344244
411 0.998846478941989
412 0.997022949524088
413 0.994145494411744
414 0.990151367857403
415 0.985036589137591
416 0.978838974404613
417 0.971625173532518
418 0.963480815291366
419 0.95450306278629
420 0.9447950357275
421 0.934461676500056
422 0.923606730762514
423 0.912330586324103
424 0.900728770924628
425 0.888890953845331
426 0.876900330794886
427 0.864833298408713
428 0.852759345657488
429 0.840741105794664
430 0.828834525204309
431 0.817089115435281
432 0.805548262444684
433 0.794249573105058
434 0.783225243731399
435 0.772502439048306
436 0.762103672872352
437 0.752047184007642
438 0.742347302581949
439 0.733014803394721
440 0.724057243890763
441 0.715479285180274
442 0.707282995148341
443 0.699468133175124
444 0.692032416352973
445 0.684971767363224
446 0.67828054438247
447 0.671951753540771
448 0.665977244564355
449 0.660347890312004
450 0.655053750964953
451 0.650084223660287
452 0.645428178372211
453 0.641074080847547
454 0.637010103394408
455 0.633224224308252
456 0.629704316699345
457 0.626438227461377
458 0.623413847093743
459 0.620619171060714
460 0.618042353340047
461 0.615671752782153
462 0.613495972869148
463 0.611503895431359
464 0.609684708847371
465 0.608027931222804
466 0.606523429012738
467 0.605161431523352
468 0.603932541699867
469 0.60282774358046
470 0.601838406769474
471 0.600956288257992
472 0.600173531895724
473 0.599482665795223
474 0.598876597927588
475 0.598348610148133
476 0.597892350870955
477 0.597501826592842
478 0.597171392449574
479 0.596895741971326
480 0.596669896188552
481 0.596489192225351
482 0.596349271503939
483 0.596246067671304
484 0.596175794347518
485 0.596134932784352
486 0.596120219512832
487 0.596128634049114
488 0.596157386719496
489 0.596203906657541
490 0.596265830019024
491 0.596340988453826
492 0.596427397867816
493 0.596523247502263
494 0.596626889353304
495 0.596736827949424
496 0.596851710500845
497 0.596970317430979
498 0.597091553296814
499 0.597214438102152
500 0.597338099004955
501 0.597461762417772
502 0.597584746498149
503 0.597706454024153
504 0.597826365648603
505 0.597944033524246
506 0.598059075291037
507 0.59817116841569
508 0.598280044872919
509 0.598385486157158
510 0.598487318613038
511 0.598585409072566
512 0.598679660786651
513 0.598770009638504
514 0.598856420626334
515 0.598938884602786
516 0.599017415258638
517 0.599092046338416
518 0.599162829075743
519 0.599229829836516
520 0.599293127958233
521 0.599352813774121
522 0.599408986811029
523 0.599461754150403
524 0.599511228942051
525 0.599557529058421
526 0.599600775878856
527 0.599641093196401
528 0.599678606239629
529 0.599713440801953
530 0.599745722470993
531 0.599775575950757
532 0.599803124469604
533 0.59982848926727
534 0.599851789154489
535 0.599873140139093
536 0.599892655112777
537 0.599910443593059
538 0.599926611515266
539 0.599941261069736
540 0.599954490579707
541 0.599966394415683
542 0.599977062942368
543 0.599986582494534
544 0.599995035378458
545 0.600002499895839
546 0.600009050387323
547 0.600014757293036
548 0.600019687227693
549 0.600023903068123
550 0.600027464051181
551 0.60003042588025
552 0.600032840838675
553 0.600034757908654
554 0.600036222894241
555 0.600037278547272
556 0.600037964695134
557 0.60003831836944
558 0.600038373934763
559 0.60003816321669
560 0.600037715628555
561 0.600037058296299
562 0.600036216180959
563 0.600035212198406
564 0.600034067335963
565 0.600032800765646
566 0.600031429953788
567 0.600029970766882
568 0.600028437573505
569 0.600026843342238
570 0.600025199735546
571 0.60002351719959
572 0.600021805050004
573 0.600020071553698
574 0.60001832400676
575 0.600016568808592
576 0.600014811532431
577 0.600013056992444
578 0.600011309307634
579 0.60000957196279
580 0.600007847866744
581 0.600006139408163
582 0.600004448509095
583 0.600002776676445
584 0.60000112505152
585 0.599999494457744
586 0.599997885446545
587 0.599996298341396
588 0.599994733279859
589 0.599993190253392
590 0.599991669144554
591 0.599990169761063
592 0.599988691866121
593 0.599987235204634
594 0.599985799525206
595 0.599984384597995
596 0.599982990228658
597 0.599981616268665
598 0.599980262622353
599 0.599978929251078
600 0.599977616386932
601 0.599976324836348
602 0.599975056121405
603 0.599973812508347
604 0.599972596960518
605 0.599971413043355
606 0.599970264801825
607 0.599969156625058
608 0.599968093108706
609 0.599967078922276
610 0.599966118686293
611 0.599965216862286
612 0.599964377657241
613 0.599963604943204
614 0.599962902191954
615 0.599962272424229
616 0.599961718172595
617 0.599961241456878
618 0.599960843770921
619 0.599960526079412
620 0.59996028882349
621 0.599960131933877
622 0.599960054850364
623 0.599960056546504
624 0.599960135558502
625 0.59996029001733
626 0.599960517683227
627 0.599960815981808
628 0.599961182041096
629 0.5999616127289
630 0.59996210469
631 0.599962654382713
632 0.59996325811446
633 0.599963912076032
634 0.599964612374291
635 0.599965355063114
636 0.599966136172438
637 0.599966951735271
638 0.599967797812625
639 0.599968670516305
640 0.599969566029563
641 0.599970480625617
642 0.599971410684074
643 0.599972352705312
644 0.599973303322878
645 0.599974259313995
646 0.599975217608257
647 0.599976175294603
648 0.599977129626689
649 0.599978078026748
650 0.599979018088051
651 0.599979947576076
652 0.599980864428498
653 0.599981766754101
654 0.599982652830719
655 0.599983521102309
656 0.599984370175254
657 0.59998519881399
658 0.599986005936051
659 0.599986790606609
660 0.5999875520326
661 0.599988289556512
662 0.599989002649888
663 0.599989690906644
664 0.599990354036225
665 0.599990991856682
666 0.599991604287713
667 0.599992191343709
668 0.599992753126855
669 0.599993289820317
670 0.599993801681554
671 0.599994289035781
672 0.599994752269604
673 0.599995191824859
674 0.599995608192667
675 0.599996001907715
676 0.599996373542789
677 0.599996723703558
678 0.599997053023615
679 0.59999736215979
680 0.599997651787726
681 0.599997922597725
682 0.599998175290867
683 0.599998410575388
684 0.59999862916332
685 0.599998831767397
686 0.599999019098196
687 0.599999191861539
688 0.599999350756117
689 0.599999496471347
690 0.59999962968545
691 0.599999751063734
692 0.599999861257079
693 0.599999960900612
694 0.600000050612559
695 0.600000130993272
696 0.60000020262441
697 0.600000266068274
698 0.600000321867276
699 0.600000370543548
700 0.600000412598662
701 0.600000448513465
702 0.600000478748015
703 0.600000503741613
704 0.600000523912918
705 0.600000539660139
706 0.600000551361296
707 0.600000559374543
708 0.60000056403855
709 0.600000565672924
710 0.600000564578682
711 0.600000561038753
712 0.600000555318513
713 0.600000547666346
714 0.600000538314226
715 0.600000527478312
716 0.600000515359558
717 0.600000502144329
718 0.600000488005022
719 0.600000473100692
720 0.60000045757767
721 0.600000441570181
722 0.600000425200956
723 0.600000408581835
724 0.600000391814355
725 0.600000374990334
726 0.600000358192434
727 0.600000341494716
728 0.60000032496317
729 0.600000308656238
730 0.600000292625315
731 0.60000027691523
732 0.60000026156471
733 0.60000024660683
734 0.600000232069438
735 0.600000217975559
736 0.600000204343791
737 0.600000191188667
738 0.600000178521012
739 0.600000166348274
740 0.600000154674836
741 0.600000143502316
742 0.600000132829843
743 0.60000012265432
744 0.600000112970672
745 0.60000010377207
746 0.600000095050153
747 0.600000086795221
748 0.600000078996421
749 0.600000071641922
750 0.600000064719071
751 0.600000058214536
752 0.600000052114446
753 0.600000046404509
754 0.600000041070124
755 0.600000036096485
756 0.600000031468671
757 0.600000027171731
758 0.600000023190756
759 0.600000019510948
760 0.600000016117678
761 0.600000012996537
762 0.600000010133385
763 0.600000007514385
764 0.600000005126044
765 0.600000002955236
766 0.600000000989228
767 0.599999999215702
768 0.599999997622765
769 0.599999996198967
770 0.599999994933307
771 0.599999993815235
772 0.59999999283466
773 0.59999999198195
774 0.599999991247924
775 0.599999990623853
776 0.599999990101456
777 0.599999989672884
778 0.599999989330719
779 0.599999989067962
780 0.599999988878019
781 0.59999998875469
782 0.599999988692158
783 0.599999988684973
784 0.599999988728038
785 0.599999988816596
786 0.599999988946214
787 0.599999989112767
788 0.599999989312426
789 0.599999989541641
790 0.599999989797123
791 0.599999990075837
792 0.599999990374976
793 0.599999990691955
794 0.599999991024388
795 0.599999991370077
796 0.599999991726996
797 0.599999992093276
798 0.599999992467192
799 0.599999992847149
800 0.599999993231671
801 0.599999993619389
802 0.599999994009031
803 0.599999994399413
804 0.599999994789432
805 0.599999995178057
806 0.599999995564321
807 0.599999995947321
808 0.599999996326209
809 0.599999996700187
810 0.600064182846719
811 0.600292613065373
812 0.600748608479782
813 0.601468077483202
814 0.602466706027983
815 0.603745488860529
816 0.605294971564713
817 0.607098491355034
818 0.609134640786116
819 0.611379128894598
820 0.61380617563203
821 0.616389545346733
822 0.619103301632486
823 0.621922347606809
824 0.624822801462889
825 0.627782246063258
826 0.630779882714279
827 0.633796612537006
828 0.63681506361054
829 0.639819577980518
830 0.642796169442486
831 0.645732460528698
832 0.648617605192688
833 0.651442202178019
834 0.654198202882247
835 0.656878816611047
836 0.659478415403745
837 0.661992440055801
838 0.664417308531397
839 0.666750327623313
840 0.668989608456662
841 0.671133986231291
842 0.673182944442096
843 0.67513654369692
844 0.676995355160471
845 0.678760398583576
846 0.680433084825296
847 0.682015162737284
848 0.683508670252239
849 0.684915889499133
850 0.686239305755258
851 0.687481570037561
852 0.688645465132181
853 0.689733874860579
854 0.690749756382499
855 0.691696115339712
856 0.692575983649516
857 0.693392399763045
858 0.694148391210238
859 0.694846959260673
860 0.69549106553709
861 0.696083620426335
862 0.696627473140373
863 0.697125403287975
864 0.697580113825536
865 0.697994225263242
866 0.698370271010322
867 0.698710693750516
868 0.699017842745952
869 0.699293971974531
870 0.699541239012478
871 0.699761704580034
872 0.6999573326743
873 0.700129991218979
874 0.700281453166223
875 0.700413397990956
876 0.700527413522949
877 0.700624998066524
878 0.700707562762137
879 0.700776434148139
880 0.700832856884899
881 0.700877996607012
882 0.7009129428727
883 0.700938712182637
884 0.700956251043321
885 0.700966439052842
886 0.700970091989381
887 0.700967964885096
888 0.7009607550702
889 0.700949105173972
890 0.700933606071289
891 0.700914799764898
892 0.700893182195157
893 0.700869205970369
894 0.700843283012089
895 0.700815787110889
896 0.70078705638914
897 0.700757395668247
898 0.700727078738637
899 0.700696350531518
900 0.700665429192089
901 0.700634508054472
902 0.700603757519126
903 0.70057332683398
904 0.700543345780864
905 0.700513926269209
906 0.700485163839198
907 0.700457139076846
908 0.700429918943653
909 0.700403558023624
910 0.700378099690595
911 0.700353577198887
912 0.700330014700351
913 0.700307428190963
914 0.70028582639007
915 0.700265211555463
916 0.700245580237378
917 0.700226923974517
918 0.700209229935131
919 0.700192481506148
920 0.700176658833268
921 0.700161739314849
922 0.700147698052358
923 0.700134508260051
924 0.700122141636458
925 0.700110568700734
926 0.700099759096532
927 0.700089681865221
928 0.700080305690369
929 0.700071599115339
930 0.700063530735892
931 0.700056069369571
932 0.700049184203657
933 0.700042844923347
934 0.700037021821799
935 0.70003168589355
936 0.700026808912777
937 0.700022363497754
938 0.700018323162813
939 0.700014662358999
940 0.700011356504553
941 0.700008382006286
942 0.700005716272804
943 0.70000333772051
944 0.700001225773209
945 0.699999360856098
946 0.699997724384859
947 0.699996298750496
948 0.699995067300533
949 0.699994014317111
950 0.699993124992488
951 0.699992385402392
952 0.699991782477649
953 0.699991303974437
954 0.699990938443524
955 0.699990675198772
956 0.699990504285181
957 0.699990416446711
958 0.699990403094083
959 0.699990456272763
960 0.699990568631265
961 0.699990733389931
962 0.699990944310301
963 0.699991195665174
964 0.699991482209449
965 0.699991799151808
966 0.699992142127309
967 0.699992507170919
968 0.699992890692035
969 0.699993289449999
970 0.699993700530627
971 0.699994121323754
972 0.699994549501791
973 0.699994982999274
974 0.699995419993385
975 0.699995858885423
976 0.699996298283171
977 0.699996736984124
978 0.699997173959513
979 0.699997608339071
980 0.699998039396464
981 0.699998466535353
982 0.699998889276002
983 0.699999307242413
984 0.699999720149942
985 0.700000127793372
986 0.700000530035441
987 0.700000926795837
988 0.700001318040687
989 0.700001703772606
990 0.700002084021399
991 0.70000245883555
992 0.700002828274638
993 0.700003192402789
994 0.700003551283176
995 0.700003904973559
996 0.700004253522801
997 0.700004596968286
998 0.700004935334167
999 0.70000526863032
1000 0.700005596798924
1001 0.700005919638554
1002 0.700006236768864
1003 0.700006547623452
1004 0.700006851461631
1005 0.700007147392179
1006 0.700007434403987
1007 0.700007711399891
1008 0.700007977231093
1009 0.700008230730322
1010 0.700008470742548
1011 0.700008696152482
1012 0.700008905908465
1013 0.700009099042569
1014 0.700009274686927
1015 0.700009432086425
1016 0.700009570607989
1017 0.700009689746725
1018 0.700009789129228
1019 0.700009868514379
1020 0.700009927791941
1021 0.700009966979274
1022 0.700009986216469
1023 0.70000998576017
1024 0.700009965976354
1025 0.7000099273323
1026 0.700009870387968
1027 0.700009795786968
1028 0.700009704247301
1029 0.700009596552022
1030 0.700009473539935
1031 0.700009336096456
1032 0.700009185144722
1033 0.700009021637022
1034 0.700008846546626
1035 0.700008660860044
1036 0.700008465569767
1037 0.700008261667517
1038 0.700008050138011
1039 0.700007831953265
1040 0.700007608067431
1041 0.700007379412165
1042 0.700007146892526
1043 0.700006911383378
1044 0.700006673726288
1045 0.700006434726905
1046 0.700006195152785
1047 0.700005955731644
1048 0.700005717150019
1049 0.700005480052303
1050 0.700005245040128
1051 0.700005012672074
1052 0.700004783463671
1053 0.700004557887674
1054 0.700004336374574
1055 0.700004119313332
1056 0.700003907052304
1057 0.700003699900333
1058 0.700003498127987
1059 0.700003301968929
1060 0.700003111621378
1061 0.70000292724967
1062 0.700002748985876
1063 0.700002576931476
1064 0.700002411159069
1065 0.700002251714105
1066 0.700002098616624
1067 0.700001951862992
1068 0.70000181142763
1069 0.700001677264717
1070 0.700001549309856
1071 0.700001427481718
1072 0.700001311683624
1073 0.700001201805092
1074 0.700001097723317
1075 0.700000999304608
1076 0.700000906405748
1077 0.700000818875304
1078 0.700000736554859
1079 0.700000659280193
1080 0.700000586882381
1081 0.700000519188836
1082 0.700000456024279
1083 0.700000397211641
1084 0.700000342572907
1085 0.700000291929887
1086 0.700000245104931
1087 0.700000201921581
1088 0.70000016220516
1089 0.700000125783312
1090 0.700000092486482
1091 0.700000062148341
1092 0.700000034606171
1093 0.700000009701191
1094 0.699999987278847
1095 0.699999967189054
1096 0.699999949286401
1097 0.699999933430316
1098 0.699999919485201
1099 0.699999907320528
1100 0.699999896810909
1101 0.699999887836138
1102 0.699999880281207
1103 0.699999874036296
1104 0.699999868996748
1105 0.699999865063017
1106 0.699999862140604
1107 0.699999860139978
1108 0.699999858976479
1109 0.699999858570212
1110 0.69999985884593
1111 0.699999859732907
1112 0.699999861164807
1113 0.699999863079541
1114 0.699999865419122
1115 0.699999868129517
1116 0.699999871160494
1117 0.69999987446547
1118 0.69999987800135
1119 0.699999881728378
1120 0.699999885609978
1121 0.699999889612599
1122 0.699999893705564
1123 0.699999897860918
1124 0.699999902053284
1125 0.699999906259711
1126 0.69999991045954
1127 0.69999991463426
1128 0.699999918767378
1129 0.699999922844289
1130 0.699999926852147
1131 0.69999993077975
1132 0.69999993461742
1133 0.699999938356892
1134 0.699999941991207
1135 0.699999945514613
1136 0.699999948922463
1137 0.699999952211126
1138 0.6999999553779
1139 0.699999958420926
1140 0.699999961339109
1141 0.699999964132048
1142 0.699999966799962
1143 0.699999969343629
1144 0.699999971764317
1145 0.699999974063737
1146 0.69999997624398
1147 0.699999978307474
1148 0.699999980256931
1149 0.699999982095311
1150 0.69999998382578
1151 0.69999998545167
1152 0.69999998697645
1153 0.699999988403695
1154 0.699999989737054
1155 0.699999990980232
1156 0.699999992136957
1157 0.699999993210968
1158 0.699999994205994
1159 0.699999995125734
1160 0.699999995973845
1161 0.69999999675393
1162 0.699999997469525
1163 0.699999998124088
1164 0.699999998720993
1165 0.699999999263522
1166 0.699999999754858
1167 0.700000000198081
1168 0.700000000596163
1169 0.700000000951967
1170 0.700000001268244
1171 0.70000000154763
1172 0.700000001792649
1173 0.700000002005708
1174 0.700000002189102
1175 0.700000002345013
1176 0.700000002475512
1177 0.700000002582561
1178 0.700000002668014
1179 0.70000000273362
1180 0.700000002781028
1181 0.700000002811788
1182 0.700000002827353
1183 0.700000002829086
1184 0.700000002818262
1185 0.700000002796068
1186 0.700000002763614
1187 0.700000002721929
1188 0.700000002671972
1189 0.70000000261463
1190 0.700000002550724
1191 0.700000002481014
1192 0.7000000024062
1193 0.700000002326929
1194 0.700000002243798
1195 0.700000002157354
1196 0.700000002068106
1197 0.70000000197652
1198 0.700000001883027
1199 0.700000001788026
1200 0.700000001691885
