1 2
2 2
3 2
4 2
5 2
6 2
7 2
8 2
9 2
10 2
11 2
12 2
13 2
14 2
15 2
16 2
17 2
18 2
19 2
20 2
21 2
22 2
23 2
24 2
25 2
26 2
27 2
28 2
29 2
30 2
31 2
32 2
33 2
34 2
35 2
36 2
37 2
38 2
39 2
40 2
41 2
42 2
43 2
44 2
45 2
46 2
47 2
48 2
49 2
50 2
51 2
52 2
53 2
54 2
55 2
56 2
57 2
58 2
59 2
60 2
61 2
62 2
63 2
64 2
65 2
66 2
67 2
68 2
69 2
70 2
71 2
72 2
73 2
74 2
75 2
76 2
77 2
78 2
79 2
80 2
81 2
82 2
83 2
84 2
85 2
86 2
87 2
88 2
89 2
90 2
91 2
92 2
93 2
94 2
95 2
96 2
97 2
98 2
99 2
100 2
101 2
102 2
103 2
104 2
105 2
106 2
107 2
108 2
109 2
110 2
111 2
112 2
113 2
114 2
115 2
116 2
117 2
118 2
119 2
120 2
121 2
122 2
123 2
124 2
125 2
126 2
127 2
128 2
129 2
130 2
131 2
132 2
133 2
134 2
135 2
136 2
137 2
138 2
139 2
140 2
141 2
142 2
143 2
144 2
145 2
146 2
147 2
148 2
149 2
150 2
151 2
152 2
153 2
154 2
155 2
156 2
157 2
158 2
159 2
160 2
161 2
162 2
163 2
164 2
165 2
166 2
167 2
168 2
169 2
170 2
171 2
172 2
173 2
174 2
175 2
176 2
177 2
178 2
179 2
180 2
181 2
182 2
183 2
184 2
185 2
186 2
187 2
188 2
189 2
190 2
191 2
192 2
193 2
194 2
195 2
196 2
197 2
198 2
199 2
200 2
201 2.18167181321035
202 2.33027052550251
203 2.44928637714857
204 2.54209690374672
205 2.61193819756259
206 2.66187867815816
207 2.69479696930207
208 2.71336472668358
209 2.72003471708834
210 2.71703406713823
211 2.7063623411733
212 2.68979394394356
213 2.66888425126006
214 2.64497883230302
215 2.61922512646704
216 2.59258596410796
217 2.56585436548964
218 2.53966910874985
219 2.5145306205436
220 2.49081680819647
221 2.46879851675374
222 2.44865435611364
223 2.43048470101178
224 2.4143247190271
225 2.4001563284655
226 2.38791902871991
227 2.37751958052285
228 2.36884054259461
229 2.3617476948755
230 2.35609639722601
231 2.35173694665653
232 2.34851900630442
233 2.34629518601905
234 2.3449238580413
235 2.34427129235237
236 2.34421319526534
237 2.34463573215678
238 2.34543611125939
239 2.34652280049593
240 2.34781544372273
241 2.34924453672245
242 2.35075091705498
243 2.35228511562238
244 2.35380661167328
245 2.35528302707933
246 2.35668929014948
247 2.35800679406924
248 2.35922257030551
249 2.3603284930264
250 2.36132052676026
251 2.36219802615502
252 2.36296309378582
253 2.36361999947444
254 2.36417466250267
255 2.36463419639215
256 2.3650065145529
257 2.36529999403696
258 2.36552319383817
259 2.36568462361903
260 2.36579255838867
261 2.36585489447123
262 2.36587904206079
263 2.36587184973334
264 2.36583955645094
265 2.36578776682919
266 2.3657214457259
267 2.36564492853017
268 2.36556194387336
269 2.36547564583443
270 2.36538865306181
271 2.36530309257541
272 2.3652206463386
273 2.36514259899649
274 2.3650698854614
275 2.36500313728519
276 2.36494272699149
277 2.36488880974811
278 2.36484136194054
279 2.36480021636387
280 2.3647650938825
281 2.36473563151714
282 2.36471140700835
283 2.36469195997689
284 2.3646768098559
285 2.36466547080984
286 2.36465746388258
287 2.36465232663341
288 2.36464962052718
289 2.36464893634465
290 2.36464989787272
291 2.36465216412361
292 2.36465543031709
293 2.36465942784313
294 2.36466392340337
295 2.36466871751032
296 2.36467364250296
297 2.36467856021819
298 2.3646833594379
299 2.36468795321375
300 2.36469227615468
301 2.36469628174632
302 2.36469993975771
303 2.36470323377765
304 2.36470615891208
305 2.36470871966392
306 2.36471092800867
307 2.36471280167184
308 2.36471436260852
309 2.36471563568079
310 2.3647166475249
311 2.36471742559734
312 2.3647179973871
313 2.36471838977971
314 2.36471862855853
315 2.36471873802783
316 2.36471874074282
317 2.36471865733209
318 2.36471850639859
319 2.36471830448612
320 2.36471806609959
321 2.36471780376797
322 2.3647175281403
323 2.36471724810617
324 2.36471697093315
325 2.36471670241469
326 2.36471644702318
327 2.36471620806353
328 2.36471598782378
329 2.36471578771975
330 2.36471560843173
331 2.36471545003139
332 2.36471531209812
333 2.3647151938241
334 2.36471509410783
335 2.36471501163627
336 2.36471494495591
337 2.36471489253332
338 2.36471485280572
339 2.36471482422246
340 2.36471480527823
341 2.36471478560955
342 2.36471475063547
343 2.36471468503479
344 2.36471457524289
345 2.36471441113424
346 2.3647141870408
347 2.36471390224044
348 2.3647135610335
349 2.36471317251099
350 2.36471275010265
351 2.36471231097983
352 2.36471187537498
353 2.36471146586763
354 2.36471110667615
355 2.36471082298475
356 2.3647106403267
357 2.36471058403727
358 2.36471067878347
359 2.36471094817228
360 2.36471141443428
361 2.36471209817579
362 2.36471301818933
363 2.36471419130917
364 2.36471563229618
365 2.36471735373367
366 2.36471936591296
367 2.36472167668443
368 2.36472429124588
369 2.3647272118351
370 2.36473043728723
371 2.36473396240935
372 2.36473777711363
373 2.36474186523637
374 2.3647462030958
375 2.36475075799356
376 2.36475548687781
377 2.36476033540708
378 2.36476523768597
379 2.36477011698863
380 2.36477488784723
381 2.3647794599641
382 2.3647837445127
383 2.36478766076157
384 2.36479114055483
385 2.36479413101816
386 2.36479659582644
387 2.3647985153352
388 2.36479988584426
389 2.36480071822813
390 2.36480103613469
391 2.36480021240203
392 2.36479790163342
393 2.3647939772906
394 2.36478847728877
395 2.36478155756307
396 2.36477345304606
397 2.36476444546312
398 2.36475483732662
399 2.36474493149344
400 2.11474493149344
401 1.86474493149344
402 1.61474493149344
403 1.3982857346384
404 1.23140840203811
405 1.2
406 1.2
407 1.2
408 1.2
409 1.2
410 1.2
411 1.2
412 1.2
413 1.2
414 1.2
415 1.21046219692049
416 1.22902710200857
417 1.25360476360869
418 1.28239479013217
419 1.31386623679472
420 1.34673644943369
421 1.37994926264699
422 1.41265295540031
423 1.44417834674869
424 1.47401737677211
425 1.50180247027978
426 1.52728692852669
427 1.55032654091697
428 1.5708625571368
429 1.58890611219473
430 1.60452415361038
431 1.61782688213416
432 1.62895668516661
433 1.63807851545662
434 1.64537164647049
435 1.65102271967331
436 1.65521998739525
437 1.65814864746038
438 1.65998716180439
439 1.66090445037139
440 1.66105785314795
441 1.6605917567815
442 1.65963678739808
443 1.65830947757867
444 1.65671232261855
445 1.65493414887109
446 1.65305072490067
447 1.65112555411809
448 1.64921079536516
449 1.64734826540859
450 1.64557048438798
451 1.64390173185729
452 1.6423590871101
453 1.6409534329549
454 1.63969040699409
455 1.63857128876313
456 1.63759381481921
457 1.63675291705783
458 1.63604138221356
459 1.63545043270536
460 1.63497023076015
461 1.63459030913218
462 1.63429993277568
463 1.63408839656607
464 1.63394526464294
465 1.63386055720561
466 1.63382489066591
467 1.63382957698713
468 1.63386668784314
469 1.63392908894602
470 1.63401044953712
471 1.63410523163729
472 1.63420866322524
473 1.63431669907285
474 1.63442597252651
475 1.63453374109337
476 1.63463782827937
477 1.63473656373733
478 1.63482872342344
479 1.63491347113095
480 1.6349903024731
481 1.63505899212358
482 1.63511954489131
483 1.63517215100708
484 1.63521714582959
485 1.63525497403723
486 1.63528615825635
487 1.63531127198453
488 1.63533091659667
489 1.63534570216909
490 1.63535623182094
491 1.63536308924972
492 1.63536682912741
493 1.63536797002273
494 1.63536698952196
495 1.63536432123399
496 1.6353603533831
497 1.63535542871376
498 1.63534984545559
499 1.63534385912072
500 1.63533768493116
501 1.63533150069843
502 1.63532545000188
503 1.63531964553504
504 1.63531417251069
505 1.63530909203542
506 1.63530444438223
507 1.63530025210597
508 1.63529652296081
509 1.63529325259118
510 1.63529042697858
511 1.6352880246354
512 1.63528601854468
513 1.63528437785054
514 1.63528306930886
515 1.63528205851158
516 1.63528131090031
517 1.63528079258701
518 1.63528047100018
519 1.63528031537573
520 1.63528029711132
521 1.63528039000248
522 1.63528057037815
523 1.63528081715177
524 1.63528111180349
525 1.63528143830686
526 1.63528178301272
527 1.63528213450109
528 1.6352824834108
529 1.63528282225482
530 1.63528314522861
531 1.63528344801703
532 1.63528372760459
533 1.63528398209279
534 1.63528421052713
535 1.63528441273606
536 1.63528458918316
537 1.63528474083336
538 1.63528486903359
539 1.6352849754077
540 1.6352850740524
541 1.63528518733688
542 1.63528534232135
543 1.63528556609172
544 1.63528588137006
545 1.6352862990987
546 1.63528681858567
547 1.63528742956468
548 1.635288114031
549 1.63528884786132
550 1.6352896022276
551 1.63529034481675
552 1.63529104086941
553 1.63529165405227
554 1.6352921471797
555 1.63529248228637
556 1.63529262087064
557 1.63529252424795
558 1.63529215396582
559 1.63529147224441
560 1.63529044241838
561 1.63528902936617
562 1.63528719992226
563 1.6352849232765
564 1.63528217137342
565 1.63527891933207
566 1.63527514591601
567 1.63527083409211
568 1.63526597172775
569 1.63526055248844
570 1.635254577014
571 1.63524805447064
572 1.6352410046014
573 1.63523346023124
574 1.63522546994518
575 1.63521710056716
576 1.63520843897683
577 1.63519959272771
578 1.63519068891911
579 1.63518187075709
580 1.63517329110575
581 1.63516510213699
582 1.63515744374447
583 1.63515043456877
584 1.63514416638867
585 1.63513870236873
586 1.63513407901287
587 1.63513031007826
588 1.63512739037395
589 1.63512529903743
590 1.6351249126013
591 1.63512688675882
592 1.63513168607873
593 1.63513948935432
594 1.6351501847067
595 1.63516311803804
596 1.63517759818987
597 1.63519303372341
598 1.63520892516205
599 1.63522485722766
600 1.63524049111979
601 1.63525555690132
602 1.63526984606005
603 1.63528320431441
604 1.63529552472589
605 1.63530670307661
606 1.63531664913979
607 1.63532529426061
608 1.63533259576704
609 1.63533853883725
610 1.63534313638015
611 1.63534642741825
612 1.63534847439624
613 1.63534935977674
614 1.63534918222584
615 1.63534805263666
616 1.63534609018925
617 1.63534341860027
618 1.63534016267588
619 1.63533644524631
620 1.63533238453101
621 1.63532809195763
622 1.63532367043799
623 1.63531921308729
624 1.63531480236061
625 1.63531050957102
626 1.63530639474772
627 1.63530250678885
628 1.6352988838618
629 1.6352955540045
630 1.63529253588243
631 1.63528983965913
632 1.63528746794134
633 1.63528541676406
634 1.63528367658516
635 1.63528223326378
636 1.63528106900114
637 1.6352801632267
638 1.63527949341682
639 1.63527903583669
640 1.63527876619962
641 1.63527866024095
642 1.63527869420626
643 1.63527884525563
644 1.63527909178768
645 1.63527941368821
646 1.63527979250957
647 1.63528021158725
648 1.63528065610099
649 1.6352811130875
650 1.63528157141219
651 1.63528202170683
652 1.63528245628
653 1.63528286900638
654 1.63528325520082
655 1.63528361148224
656 1.63528393563199
657 1.63528422645055
658 1.63528448361601
659 1.63528470754706
660 1.63528489927268
661 1.63528506031032
662 1.6352851925537
663 1.63528529817125
664 1.63528537951537
665 1.63528543904289
666 1.63528547924656
667 1.63528550259705
668 1.63528551149522
669 1.63528550823374
670 1.63528549496747
671 1.63528547369171
672 1.63528544622749
673 1.63528541421304
674 1.6352853791005
675 1.63528534215726
676 1.63528530447083
677 1.6352852669568
678 1.63528523036907
679 1.63528519531172
680 1.63528516225209
681 1.63528513153447
682 1.63528510339406
683 1.63528507797091
684 1.63528505532338
685 1.6352850354411
686 1.63528501825714
687 1.63528500365923
688 1.63528499150006
689 1.63528498160652
690 1.63528497378791
691 1.63528496784303
692 1.63528496356633
693 1.63528496075307
694 1.63528495920354
695 1.63528495872644
696 1.6352849591415
697 1.6352849602814
698 1.63528496199305
699 1.63528496413842
700 1.63528496659479
701 1.63528496925471
702 1.6352849720256
703 1.63528497482913
704 1.63528497760035
705 1.63528498028676
706 1.63528498284717
707 1.63528498525064
708 1.63528498747528
709 1.63528498950713
710 1.63528499133902
711 1.63528499296948
712 1.6352849944018
713 1.63528499564301
714 1.63528499670306
715 1.63528499759402
716 1.63528499832942
717 1.63528499892356
718 1.63528499939105
719 1.63528499974631
720 1.63528500000318
721 1.63528500017463
722 1.63528500027251
723 1.63528500030734
724 1.63528500028824
725 1.63528500022283
726 1.63528500011724
727 1.63528499997614
728 1.63528499980281
729 1.63528499959927
730 1.6352849993663
731 1.63528499910347
732 1.63528499880918
733 1.63528499848074
734 1.63528499811453
735 1.6352849977062
736 1.63528499725103
737 1.6352849967443
738 1.6352849961816
739 1.63528499555923
740 1.6352849948745
741 1.63528499412601
742 1.63528499331386
743 1.63528499243984
744 1.63528499150754
745 1.63528499052242
746 1.63528498949183
747 1.63528498842498
748 1.63528498733289
749 1.63528498622828
750 1.63528498512543
751 1.63528498403999
752 1.63528498298878
753 1.63528498198954
754 1.63528498106068
755 1.63528498022098
756 1.63528497948928
757 1.63528497888416
758 1.63528497842364
759 1.63528497812483
760 1.63528497800362
761 1.63528497807436
762 1.6352849783495
763 1.63528497883931
764 1.63528497955153
765 1.63528498049099
766 1.63528498165927
767 1.63528498305436
768 1.63528498467029
769 1.63528498649687
770 1.63528498851946
771 1.63528499071902
772 1.63528499307223
773 1.63528499555193
774 1.63528499812779
775 1.63528500076707
776 1.63528500343557
777 1.63528500609857
778 1.63528500872172
779 1.63528501127191
780 1.63528501371474
781 1.63528501601335
782 1.63528501812833
783 1.63528502001876
784 1.63528502164423
785 1.63528502296828
786 1.63528502396139
787 1.63528502460262
788 1.63528502488056
789 1.63528502479347
790 1.63528502434884
791 1.63528502356266
792 1.63528502245831
793 1.63528502106531
794 1.63528501941801
795 1.63528501755433
796 1.63528501551466
797 1.63528501334078
798 1.63528501107485
799 1.63528500875846
800 1.72612091303695
801 1.800420266884
802 1.85992819047074
803 1.90633345162792
804 1.9412540965161
805 1.96622433493987
806 1.98268347880271
807 1.99196735596398
808 1.99530234982678
809 1.99380202370806
810 1.98846615977975
811 1.980181960415
812 1.96972711351408
813 1.95777440365884
814 1.94489755053574
815 1.93157796930976
816 1.91821217009823
817 1.90511954195425
818 1.89255029818875
819 1.8806933924476
820 1.86968424723652
821 1.85961216748806
822 1.85052734055409
823 1.84244735020902
824 1.83536315559182
825 1.82924450638625
826 1.82404478294715
827 1.81970526462473
828 1.8161588413806
829 1.81333319313798
830 1.81115346839638
831 1.80954449872023
832 1.8084325890312
833 1.80774692544793
834 1.80742064296027
835 1.80739159472501
836 1.8076028634315
837 1.80800305319786
838 1.80854639798786
839 1.8091927197325
840 1.80990726632632
841 1.81066045655271
842 1.81142755586633
843 1.81218830389514
844 1.81292651157863
845 1.81362964307486
846 1.81428839498002
847 1.81489628303082
848 1.81544924431433
849 1.81594526109752
850 1.81638401070688
851 1.81676654443221
852 1.81709499718636
853 1.8173723286119
854 1.81760209547107
855 1.81778825447
856 1.81793499413563
857 1.81804659396554
858 1.81812730879146
859 1.81818127611823
860 1.81821244410803
861 1.81822451785788
862 1.81822092165562
863 1.81820477498204
864 1.81817888014461
865 1.81814571957185
866 1.81810746095786
867 1.81806596861787
868 1.81802281959086
869 1.81797932320058
870 1.81793654295649
871 1.81789531983982
872 1.81785629617267
873 1.81781993941079
874 1.81778656532972
875 1.81775636019092
876 1.81772940157798
877 1.81770567768337
878 1.81768510490437
879 1.81766754367299
880 1.8176528124994
881 1.81764070025374
882 1.81763097674627
883 1.81762340169348
884 1.81761773217753
885 1.81761372872033
886 1.81761116010149
887 1.81760980705345
888 1.81760946496657
889 1.81760994573436
890 1.81761107886293
891 1.81761271196222
892 1.81761471072726
893 1.81761695850891
894 1.81761935556348
895 1.8176218180605
896 1.81762427691849
897 1.81762667652842
898 1.81762897341618
899 1.81763113488627
900 1.81763313768157
901 1.81763496668661
902 1.81763661369584
903 1.81763807626224
904 1.81763935663731
905 1.81764046080883
906 1.81764139763956
907 1.81764217810705
908 1.81764281464237
909 1.81764332056364
910 1.81764370959913
911 1.81764399549333
912 1.817644191689
913 1.81764431107783
914 1.81764436581195
915 1.81764436716896
916 1.81764432546317
917 1.81764424999604
918 1.81764414903947
919 1.81764402984591
920 1.81764389867984
921 1.81764376086577
922 1.81764362084851
923 1.81764348226184
924 1.81764334800247
925 1.81764322030661
926 1.81764310082669
927 1.81764299070675
928 1.8176428906547
929 1.81764280101067
930 1.8176427218105
931 1.8176426528439
932 1.81764259370695
933 1.81764254384889
934 1.81764250261322
935 1.81764246927318
936 1.81764244306204
937 1.81764242319843
938 1.81764240890703
939 1.81764239943516
940 1.81764238960111
941 1.81764237211438
942 1.81764233931438
943 1.81764228441879
944 1.81764220236485
945 1.81764209031853
946 1.81764194791877
947 1.81764177731574
948 1.81764158305493
949 1.8176413718512
950 1.81764115229023
951 1.81764093448824
952 1.81764072973499
953 1.81764055013964
954 1.81764040829432
955 1.81764031696564
956 1.81764028882123
957 1.8176403361946
958 1.81764047088922
959 1.81764070402038
960 1.81764104589124
961 1.81764150589807
962 1.81764209245798
963 1.81764281295141
964 1.81764367367002
965 1.81764467975946
966 1.81764583514494
967 1.81764714242535
968 1.81764860271958
969 1.81765021544522
970 1.81765197800581
971 1.81765388535744
972 1.81765592941826
973 1.81765809834741
974 1.8176603757957
975 1.81766274023722
976 1.81766516450125
977 1.81766761564011
978 1.81767005529085
979 1.8176724407196
980 1.81767472677751
981 1.81767686905132
982 1.81767882717532
983 1.81768056707155
984 1.81768206230289
985 1.81768329470675
986 1.81768425446092
987 1.8176849397153
988 1.81768535590715
989 1.8176855148604
990 1.81768510299411
991 1.8176839476099
992 1.81768198543864
993 1.81767923543792
994 1.81767577557531
995 1.81767172331708
996 1.81766721952592
997 1.81766241545801
998 1.81765746254177
999 1.81765250461848
1000 1.8176476723285
1001 1.81764307933684
1002 1.81763882010572
1003 1.81763496894073
1004 1.81763158005838
1005 1.81762868844692
1006 1.81762631131698
1007 1.81762444996405
1008 1.81762309189004
1009 1.81762221305519
1010 1.81762178015483
1011 1.81762175283652
1012 1.81762208579261
1013 1.81762273068061
1014 1.8176236378388
1015 1.81762475777785
1016 1.81762604243987
1017 1.81762744622574
1018 1.81762892679843
1019 1.81763044567583
1020 1.81763196863048
1021 1.81763346591638
1022 1.81763491234462
1023 1.81763628723033
1024 1.81763757423297
1025 1.81763876111166
1026 1.81763983941554
1027 1.81764080412776
1028 1.81764165327984
1029 1.817642387551
1030 1.81764300986513
1031 1.81764352499596
1032 1.81764393918898
1033 1.81764425980686
1034 1.81764449500339
1035 1.8176446534293
1036 1.81764474397205
1037 1.8176447755305
1038 1.81764475682412
1039 1.817644696236
1040 1.8176446016877
1041 1.81764448054406
1042 1.81764433954509
1043 1.8176441847625
1044 1.81764402157765
1045 1.81764385467815
1046 1.81764368807007
1047 1.8176435251031
1048 1.81764336850584
1049 1.8176432204289
1050 1.81764308249355
1051 1.81764295584386
1052 1.81764284120071
1053 1.81764273891605
1054 1.81764264902627
1055 1.81764257130359
1056 1.81764250530457
1057 1.8176424504154
1058 1.81764240589322
1059 1.81764237090336
1060 1.81764234455245
1061 1.81764232591712
1062 1.81764231406863
1063 1.81764230809346
1064 1.81764230711009
1065 1.81764231028231
1066 1.81764231682924
1067 1.81764232603253
1068 1.81764233724095
1069 1.8176423498728
1070 1.81764236341634
1071 1.81764237742876
1072 1.81764239153372
1073 1.81764240541797
1074 1.81764241882715
1075 1.81764243156105
1076 1.81764244346856
1077 1.81764245444235
1078 1.81764246441363
1079 1.81764247334689
1080 1.8176424812349
1081 1.81764248809393
1082 1.81764249395932
1083 1.8176424988814
1084 1.81764250292178
1085 1.81764250615006
1086 1.81764250864097
1087 1.81764251047181
1088 1.81764251172039
1089 1.81764251246326
1090 1.81764251277426
1091 1.81764251272344
1092 1.81764251237621
1093 1.81764251179272
1094 1.81764251102755
1095 1.81764251012947
1096 1.81764250914142
1097 1.81764250810064
1098 1.81764250703884
1099 1.81764250598252
1100 1.81764250495329
1101 1.81764250396831
1102 1.81764250304067
1103 1.81764250217984
1104 1.81764250139213
1105 1.81764250068107
1106 1.81764250004788
1107 1.81764249949182
1108 1.81764249901057
1109 1.81764249860055
1110 1.81764249825726
1111 1.81764249797552
1112 1.8176424977497
1113 1.81764249757399
1114 1.81764249744248
1115 1.81764249734941
1116 1.81764249728923
1117 1.81764249725672
1118 1.81764249724708
1119 1.81764249725595
1120 1.81764249727951
1121 1.81764249731446
1122 1.81764249735804
1123 1.81764249740806
1124 1.81764249746283
1125 1.81764249752118
1126 1.81764249758241
1127 1.81764249764625
1128 1.8176424977128
1129 1.81764249778249
1130 1.81764249785608
1131 1.81764249793457
1132 1.81764249801925
1133 1.81764249811161
1134 1.81764249821332
1135 1.81764249832611
1136 1.81764249845175
1137 1.81764249859188
1138 1.81764249874798
1139 1.81764249892124
1140 1.81764249911249
1141 1.8176424993221
1142 1.81764249954994
1143 1.81764249979533
1144 1.817642500057
1145 1.81764250033306
1146 1.81764250062103
1147 1.81764250091784
1148 1.8176425012199
1149 1.81764250152309
1150 1.81764250182286
1151 1.81764250211429
1152 1.81764250239219
1153 1.81764250265115
1154 1.81764250288566
1155 1.81764250309022
1156 1.81764250325939
1157 1.81764250338795
1158 1.81764250347094
1159 1.81764250350379
1160 1.81764250348241
1161 1.81764250340328
1162 1.8176425032635
1163 1.81764250306094
1164 1.81764250279426
1165 1.81764250246305
1166 1.8176425020679
1167 1.81764250161048
1168 1.81764250109363
1169 1.81764250052141
1170 1.81764249989914
1171 1.81764249923341
1172 1.81764249853195
1173 1.81764249780352
1174 1.81764249705772
1175 1.8176424963047
1176 1.81764249555496
1177 1.81764249481898
1178 1.81764249410698
1179 1.81764249342862
1180 1.81764249279398
1181 1.81764249221376
1182 1.817642491699
1183 1.81764249126062
1184 1.81764249090872
1185 1.817642490652
1186 1.8176424904972
1187 1.81764249044865
1188 1.81764249050805
1189 1.81764249067429
1190 1.81764249094353
1191 1.8176424913093
1192 1.81764249176284
1193 1.81764249229339
1194 1.81764249288865
1195 1.81764249353518
1196 1.81764249421888
1197 1.81764249492547
1198 1.81764249564082
1199 1.81764249635143
1200 1.81764249704468
