1 0.8
2 0.8
3 0.8
4 0.8
5 0.8
6 0.8
7 0.8
8 0.8
9 0.8
10 0.8
11 0.8
12 0.8
13 0.8
14 0.8
15 0.8
16 0.8
17 0.8
18 0.8
19 0.8
20 0.8
21 0.8
22 0.8
23 0.8
24 0.8
25 0.8
26 0.8
27 0.8
28 0.8
29 0.8
30 0.8
31 0.8
32 0.8
33 0.8
34 0.8
35 0.8
36 0.8
37 0.8
38 0.8
39 0.8
40 0.8
41 0.8
42 0.8
43 0.8
44 0.8
45 0.8
46 0.8
47 0.8
48 0.8
49 0.8
50 0.8
51 0.8
52 0.8
53 0.8
54 0.8
55 0.8
56 0.8
57 0.8
58 0.8
59 0.8
60 0.8
61 0.8
62 0.8
63 0.8
64 0.8
65 0.8
66 0.8
67 0.8
68 0.8
69 0.8
70 0.8
71 0.8
72 0.8
73 0.8
74 0.8
75 0.8
76 0.8
77 0.8
78 0.8
79 0.8
80 0.8
81 0.8
82 0.8
83 0.8
84 0.8
85 0.8
86 0.8
87 0.8
88 0.8
89 0.8
90 0.8
91 0.8
92 0.8
93 0.8
94 0.8
95 0.8
96 0.8
97 0.8
98 0.8
99 0.8
100 0.8
101 0.8
102 0.8
103 0.8
104 0.8
105 0.8
106 0.8
107 0.8
108 0.8
109 0.8
110 0.8
111 0.8
112 0.8
113 0.8
114 0.8
115 0.8
116 0.8
117 0.8
118 0.8
119 0.8
120 0.8
121 0.8
122 0.8
123 0.8
124 0.8
125 0.8
126 0.8
127 0.8
128 0.8
129 0.8
130 0.8
131 0.8
132 0.8
133 0.8
134 0.8
135 0.8
136 0.8
137 0.8
138 0.8
139 0.8
140 0.8
141 0.8
142 0.8
143 0.8
144 0.8
145 0.8
146 0.8
147 0.8
148 0.8
149 0.8
150 0.8
151 0.8
152 0.8
153 0.8
154 0.8
155 0.8
156 0.8
157 0.8
158 0.8
159 0.8
160 0.8
161 0.8
162 0.8
163 0.8
164 0.8
165 0.8
166 0.8
167 0.8
168 0.8
169 0.8
170 0.8
171 0.8
172 0.8
173 0.8
174 0.8
175 0.8
176 0.8
177 0.8
178 0.8
179 0.8
180 0.8
181 0.8
182 0.8
183 0.8
184 0.8
185 0.8
186 0.8
187 0.8
188 0.8
189 0.8
190 0.8
191 0.8
192 0.8
193 0.8
194 0.8
195 0.8
196 0.8
197 0.8
198 0.8
199 0.8
200 0.8
201 0.8
202 0.8
203 0.8
204 0.8
205 0.8
206 0.8
207 0.8
208 0.8
209 0.8
210 0.8
211 0.800778725
212 0.80360926925
213 0.809412565748
214 0.818215714898255
215 0.829286889816548
216 0.841918473471702
217 0.85556936539215
218 0.869827678611113
219 0.884381706727413
220 0.89899733176974
221 0.913500447983848
222 0.927763291690398
223 0.941574790308567
224 0.954586509299753
225 0.966429323155297
226 0.976804686803265
227 0.985526741292221
228 0.992531427869539
229 0.997865096107045
230 1.00166197575829
231 1.00411727009623
232 1.00546047721282
233 1.00593181936236
234 1.00576332177932
235 1.00516508975705
236 1.00431663979736
237 1.00336269818123
238 1.00241263885805
239 1.00154264469308
240 1.00079969857321
241 1.00020660597022
242 0.999767387026601
243 0.999472529442415
244 0.999303745183291
245 0.999238011884004
246 0.999250796346647
247 0.99931844931422
248 0.999419827397292
249 0.999537241465909
250 0.999656854178695
251 0.999768656492368
252 0.999866148040106
253 0.999945833045193
254 1.00000662535129
255 1.00004923601153
256 1.00007559684832
257 1.00008835500566
258 1.00009045772781
259 1.00008483389296
260 1.00007416930775
261 1.00006076625175
262 1.00004647388694
263 1.00003267445332
264 1.00002031015696
265 1.0000099368345
266 1.00000179240909
267 0.999995870466644
268 0.999991991683851
269 0.999989868117529
270 0.999989157373431
271 0.999989505333628
272 0.999990577404143
273 0.99999207915803
274 0.999993767828779
275 0.999995456405938
276 0.999997012158065
277 0.999998351316478
278 0.999999431452083
279 1.00000024281417
280 1.00000079961344
281 1.00000113195089
282 1.00000127883957
283 1.00000128255093
284 1.00000118434564
285 1.00000102152291
286 1.00000082563756
287 1.0000006216862
288 1.00000042804521
289 1.00000025694719
290 1.00000011530222
291 1.00000000569926
292 0.999999927456651
293 0.999999877624871
294 0.999999851876632
295 0.999999845246948
296 0.999999852708573
297 0.999999869585333
298 0.999999891817896
299 0.999999916103917
300 0.99999993993799
301 0.999999961577353
302 0.999999979957575
303 0.999999994579384
304 1.00000000538391
305 1.00000001262949
306 1.00000001677931
307 1.00000001840554
308 1.0000000181127
309 1.00000001648075
310 1.00000001402664
311 1.00000001118192
312 1.00000000828362
313 1.00000000557516
314 1.0000000032144
315 1.00000000128603
316 0.9999999998162
317 0.999999998787385
318 0.999999998152488
319 0.999999997847107
320 0.99999999779962
321 0.999999997938917
322 0.999999998199838
323 0.999999998526572
324 0.999999998874328
325 0.999999999209665
326 0.999999999509821
327 0.999999999761407
328 0.999999999958737
329 1.00000000010204
330 1.00000000019574
331 1.00000000024685
332 1.00000000026372
333 1.00000000025496
334 1.00000000022869
335 1.00000000019207
336 1.00000000015098
337 1.00000000010994
338 1.00000000007216
339 1.00000000003968
340 1.0000000000135
341 0.999999999993859
342 0.999999999980401
343 0.999999999972389
344 0.999999999968873
345 0.999999999968824
346 0.999999999971241
347 0.999999999975218
348 0.999999999979989
349 0.999999999984948
350 0.999999999989652
351 0.999999999993805
352 0.999999999997239
353 0.999999999999894
354 1.00000000000179
355 1.00000000000299
356 1.00000000000361
357 1.00000000000376
358 1.00000000000358
359 1.00000000000317
360 1.00000000000262
361 1.00000000000203
362 1.00000000000145
363 1.00000000000093
364 1.00000000000048
365 1.00000000000013
366 0.999999999999867
367 0.999999999999692
368 0.999999999999592
369 0.999999999999553
370 0.999999999999561
371 0.999999999999601
372 0.999999999999661
373 0.99999999999973
374 0.999999999999801
375 0.999999999999867
376 0.999999999457101
377 0.999999996390182
378 0.999999987059648
379 0.999999967013528
380 0.999999933446793
381 0.999999887876258
382 0.99999983834273
383 0.999999800727706
384 0.999999799022694
385 0.999999864539801
386 1.00000003413228
387 1.00000034753877
388 1.00000084409207
389 1.00000155905326
390 1.00000251977503
391 1.00000374203727
392 1.00000522720575
393 1.00000696098426
394 1.00000891412834
395 1.00001104482828
396 1.00001330203081
397 1.00001562899549
398 1.00001796666373
399 1.00002025665579
400 1.00002244386188
401 1.00002446607441
402 1.0000262410195
403 1.00002766669033
404 1.00002863894186
405 1.00002907626636
406 1.00002893404839
407 1.00002820819797
408 1.00002693188847
409 1.00002516828219
410 0.999244300888123
411 0.996411356811192
412 0.990605495740975
413 0.981176707720572
414 0.9679486025352
415 0.951585033772342
416 0.933075704696025
417 0.913177024404897
418 0.892464388667563
419 0.871372869175247
420 0.850228875260474
421 0.829274785258214
422 0.808688103126245
423 0.788596351993414
424 0.769088648390622
425 0.750224692232014
426 0.732041745060644
427 0.714560042455594
428 0.697786987872351
429 0.681720398367214
430 0.666418641852812
431 0.65209322804036
432 0.639051886114906
433 0.627575073804721
434 0.617852204505478
435 0.609958656497369
436 0.603858933007952
437 0.599424933838514
438 0.596461289848571
439 0.594732170183959
440 0.593985950237599
441 0.593975672746386
442 0.594474393319085
443 0.595285326240645
444 0.596247249961517
445 0.597235947776994
446 0.598162599223813
447 0.598970048875178
448 0.599627802972011
449 0.600126475487898
450 0.600472251575731
451 0.600681778830609
452 0.60077775008945
453 0.600785314779272
454 0.60072935383943
455 0.600632577211555
456 0.600514351530694
457 0.600390136028577
458 0.600271392926447
459 0.600165840572443
460 0.600077929195734
461 0.600009436739596
462 0.599960102712667
463 0.599928238935055
464 0.59991127568901
465 0.599906218957552
466 0.599910008519578
467 0.599919777460383
468 0.599933021263524
469 0.599947689401679
470 0.599962214697456
471 0.599975496192027
472 0.599986850351701
473 0.59999594363094
474 0.600002717099975
475 0.60000731136286
476 0.600009997582637
477 0.600011118262722
478 0.600011039608012
479 0.600010115849856
480 0.600008664867158
481 0.600006953741677
482 0.600005192499885
483 0.600003534157369
484 0.600002079233047
485 0.600000883080975
486 0.599999964645508
487 0.59999931553834
488 0.599998908630283
489 0.599998705623101
490 0.59999866330205
491 0.599998738360392
492 0.599998890831011
493 0.599999086259542
494 0.599999296813396
495 0.599999501548301
496 0.599999686055905
497 0.599999841699778
498 0.59999996461932
499 0.600000054647267
500 0.600000114250971
501 0.600000147573793
502 0.600000159622925
503 0.600000155625011
504 0.600000140551512
505 0.600000118801894
506 0.600000094023722
507 0.600000069044092
508 0.600000045885469
509 0.600000025840185
510 0.600000009580736
511 0.599999997286788
512 0.599999988774082
513 0.599999983614538
514 0.599999981240674
515 0.599999981030679
516 0.599999982373072
517 0.599999984711778
518 0.599999987573771
519 0.599999990582164
520 0.599999993457936
521 0.599999996013472
522 0.599999998140784
523 0.599999999796892
524 0.600000000988338
525 0.600000001756299
526 0.600000002163297
527 0.600000002282091
528 0.600000002186981
529 0.600000001947526
530 0.600000001624442
531 0.600000001267403
532 0.600000000914335
533 0.600000000591845
534 0.600000000316414
535 0.60000000009604
536 0.599999999932072
537 0.599999999821031
538 0.599999999756287
539 0.599999999729495
540 0.599999999731747
541 0.599999999754436
542 0.599999999789851
543 0.59999999983152
544 0.599999999874369
545 0.599999999914711
546 0.599999999950134
547 0.599999999979302
548 0.600000000001726
549 0.60000000001752
550 0.600000000027176
551 0.600000000031381
552 0.600000000030882
553 0.600000000026422
554 0.600000000018726
555 0.600000000008568
556 0.599999999996872
557 0.599999999984853
558 0.599999999974169
559 0.599999999967048
560 0.599999999966371
561 0.599999999975678
562 0.599999999999087
563 0.600000000041109
564 0.600000000106385
565 0.600000000199351
566 0.600000000323889
567 0.600000000483007
568 0.600000000678596
569 0.600000000911225
570 0.600000001179945
571 0.600000001482066
572 0.600000001812903
573 0.600000002165547
574 0.600000002530696
575 0.600000003439417
576 0.600000006858952
577 0.600000016512726
578 0.600000037269621
579 0.600000073425119
580 0.600000125798999
581 0.600000188410254
582 0.600000245810166
583 0.600000271641753
584 0.60000022865551
585 0.600000070203005
586 0.599999743105449
587 0.59999919171
588 0.599998362859161
589 0.59999721137089
590 0.599995705431802
591 0.599993831023004
592 0.599991594406715
593 0.599989022090775
594 0.59998615827142
595 0.599983060235289
596 0.599979792615403
597 0.599976421619961
598 0.599973010156801
599 0.59996961436316
600 0.599966294289405
601 0.599963128322323
602 0.599960215177053
603 0.599957669131904
604 0.599955608017067
605 0.59995413159109
606 0.599953303892555
607 0.599953148613567
608 0.599953652247636
609 0.599954771184467
610 0.599956440115277
611 0.599958580107966
612 0.599961105515154
613 0.599963929448234
614 0.599966967873382
615 0.599970142524039
616 0.599973382857154
617 0.599976627260269
618 0.59997982367621
619 0.599982929770868
620 0.599985911642445
621 0.599988740170655
622 0.599991387042612
623 0.599993822855626
624 0.599996017683641
625 0.599997943483852
626 0.59999957736249
627 0.600000904751671
628 0.60000192178322
629 0.600002636450386
630 0.600003068441814
631 0.600003247767784
632 0.600003212457231
633 0.600003005684602
634 0.600002672698587
635 0.600002257886642
636 0.600001802238185
637 0.600001341382318
638 0.600000904287301
639 0.600000512629161
640 0.600000180772643
641 0.59999991626235
642 0.59999972069588
643 0.599999590842143
644 0.599999519873933
645 0.599999498600161
646 0.599999516606257
647 0.599999563237291
648 0.599999628384441
649 0.599999703059126
650 0.599999779758961
651 0.599999852644822
652 0.599999917558458
653 0.599999971915672
654 0.60000001451156
655 0.600000045272594
656 0.600000064986264
657 0.600000075033523
658 0.600000077143061
659 0.600000073180304
660 0.600000064978277
661 0.600000054212644
662 0.600000042319311
663 0.60000003045019
664 0.60000001946094
665 0.60000000992361
666 0.600000002157008
667 0.599999996268071
668 0.599999992198376
669 0.599999989771012
670 0.599999988734226
671 0.599999988799412
672 0.599999989672031
673 0.599999991074989
674 0.599999992764648
675 0.599999994540181
676 0.599999996247294
677 0.599999997777502
678 0.59999999906416
679 0.60000000007641
680 0.600000000812036
681 0.600000001290052
682 0.600000001543652
683 0.60000000161396
684 0.600000001544839
685 0.600000001378868
686 0.600000001154492
687 0.600000000904231
688 0.600000000653822
689 0.600000000422099
690 0.600000000221423
691 0.600000000058491
692 0.599999999935351
693 0.599999999850501
694 0.599999999799956
695 0.599999999778223
696 0.59999999977912
697 0.599999999796429
698 0.599999999824382
699 0.599999999857968
700 0.599999999893115
701 0.599999999926739
702 0.599999999956709
703 0.599999999981756
704 0.600000000001325
705 0.600000000015433
706 0.600000000024503
707 0.600000000029226
708 0.600000000030436
709 0.600000000029004
710 0.600000000025763
711 0.600000000021457
712 0.600000000016705
713 0.600000000011991
714 0.600000000007664
715 0.600000000003946
716 0.600000000000954
717 0.599999999998714
718 0.599999999997191
719 0.599999999996303
720 0.599999999995942
721 0.59999999999599
722 0.599999999996331
723 0.599999999996857
724 0.599999999997478
725 0.599999999998119
726 0.599999999998726
727 0.599999999999262
728 0.599999999999706
729 0.600000000000048
730 0.600000000000292
731 0.600000000000445
732 0.600000000000521
733 0.600000000000535
734 0.600000000000504
735 0.600000000000442
736 0.600000000000364
737 0.600000000000281
738 0.600000000000201
739 0.600000000000131
740 0.600000000000075
741 0.600000000000033
742 0.6
743 0.599999999999963
744 0.599999999999902
745 0.599999999999796
746 0.599999999999638
747 0.599999999999458
748 0.599999999999344
749 0.599999999999475
750 0.600000000000128
751 0.600000000001668
752 0.600000000004508
753 0.600000000009024
754 0.600000000015428
755 0.600000000023603
756 0.600000000032913
757 0.600000000042
758 0.600000000048608
759 0.600000000049466
760 0.600000000040247
761 0.600000000015659
762 0.599999999969646
763 0.599999999895717
764 0.599999999787379
765 0.599999999638608
766 0.599999999444294
767 0.59999999920062
768 0.599999998905354
769 0.599999998558079
770 0.599999998160398
771 0.59999999771616
772 0.5999999972317
773 0.599999996716077
774 0.599999996181229
775 0.599999995642012
776 0.599999995116042
777 0.599999994623293
778 0.599999994185433
779 0.599999993824877
780 0.599999993563586
781 0.599999993421681
782 0.599999993415999
783 0.599999993558741
784 0.599999993856405
785 0.599999994309138
786 0.599999994910623
787 0.599999995648503
788 0.599999996505283
789 0.599999997459586
790 0.599999998487384
791 0.599999999562902
792 0.600000000659197
793 0.600000001748538
794 0.600000002802818
795 0.600000003794261
796 0.600000004696541
797 0.600000005486112
798 0.600000006143508
799 0.600000006654376
800 0.600000007010125
801 0.600000007208128
802 0.600000007251512
803 0.600000007148618
804 0.600000006912212
805 0.60000000655854
806 0.600000006106326
807 0.600000005575759
808 0.600000004987537
809 0.600000004361991
810 0.600778728716025
811 0.603609272311921
812 0.609207123137256
813 0.617544059295238
814 0.628014684471498
815 0.63976420920713
816 0.651906399656504
817 0.663656882411183
818 0.674403156730411
819 0.68372923223711
820 0.691409638413218
821 0.69738461028759
822 0.701725564436376
823 0.704597580022282
824 0.706223526278115
825 0.706852750957896
826 0.706735865675077
827 0.706106117813469
828 0.705167094481064
829 0.704086021409691
830 0.702991652979261
831 0.701975651560893
832 0.701096380083007
833 0.70038414058116
834 0.699847048979205
835 0.69947691469964
836 0.699254671953486
837 0.699155073113195
838 0.699150494405329
839 0.699213815865268
840 0.699320420247588
841 0.699449411135936
842 0.699584182271724
843 0.699712482453767
844 0.699826117875598
845 0.69992042092581
846 0.699993595271148
847 0.700046024812962
848 0.700079611468834
849 0.700097185573797
850 0.700102014247541
851 0.700097417995792
852 0.700086494310437
853 0.700071938969268
854 0.700055950746766
855 0.700040202831371
856 0.70002586384464
857 0.700013652419592
858 0.700003911311255
859 0.699996689546488
860 0.699991823822756
861 0.699989012975133
862 0.699987881669198
863 0.699988031439431
864 0.699989078733213
865 0.69999068074072
866 0.699992550524782
867 0.699994463366584
868 0.699996256377693
869 0.699997823363183
870 0.699999106717995
871 0.700000087854706
872 0.700000777341534
873 0.700001205610094
874 0.70000141479813
875 0.70000145203923
876 0.700001364307153
877 0.700001194768978
878 0.700000980495911
879 0.700000751317729
880 0.70000052957903
881 0.700000330554734
882 0.700000163300843
883 0.700000031747251
884 0.699999935876435
885 0.699999872870441
886 0.699999838145168
887 0.69999982622335
888 0.699999831424413
889 0.699999848370106
890 0.699999872319621
891 0.699999899357338
892 0.699999926461204
893 0.699999951481012
894 0.699999973054434
895 0.69999999048548
896 0.700000003605834
897 0.700000012634954
898 0.700000018050275
899 0.700000020474804
900 0.700000020585889
901 0.700000019046194
902 0.700000016455857
903 0.700000013323453
904 0.70000001005258
905 0.700000006940592
906 0.700000004186055
907 0.700000001901804
908 0.70000000013095
909 0.69999999886373
910 0.699999998053614
911 0.699999997631639
912 0.699999997518337
913 0.699999997633035
914 0.699999997900545
915 0.699999998255487
916 0.69999999864458
917 0.69999999902732
918 0.699999999375458
919 0.699999999671666
920 0.699999999907724
921 0.700000000082529
922 0.700000000200115
923 0.700000000267841
924 0.700000000294854
925 0.700000000290844
926 0.700000000265132
927 0.700000000226036
928 0.700000000180514
929 0.700000000134012
930 0.70000000009047
931 0.700000000052452
932 0.700000000021344
933 0.699999999997587
934 0.699999999980915
935 0.699999999970582
936 0.69999999996556
937 0.699999999964701
938 0.699999999966864
939 0.699999999970999
940 0.699999999976205
941 0.69999999998176
942 0.699999999987122
943 0.69999999999192
944 0.699999999995935
945 0.699999999999074
946 0.700000000001337
947 0.700000000002795
948 0.70000000000356
949 0.700000000003766
950 0.700000000003554
951 0.700000000003057
952 0.700000000002392
953 0.700000000001659
954 0.700000000000933
955 0.700000000000272
956 0.699999999999713
957 0.699999999999275
958 0.699999999998967
959 0.699999999998787
960 0.699999999998725
961 0.699999999998767
962 0.699999999998897
963 0.699999999999097
964 0.699999999999352
965 0.699999999999644
966 0.69999999999996
967 0.700000000000286
968 0.700000000000611
969 0.700000000000925
970 0.700000000001218
971 0.700000000001483
972 0.700000000001712
973 0.7000000000019
974 0.700000000002041
975 0.69999999945931
976 0.699999996392384
977 0.699999987205009
978 0.699999967772372
979 0.699999935624415
980 0.699999892559545
981 0.699999846949491
982 0.699999815148473
983 0.69999982165723
984 0.699999897926072
985 0.700000079870378
986 0.700000404312047
987 0.70000090466534
988 0.700001606277659
989 0.700002521938817
990 0.700003648208252
991 0.700004963396523
992 0.700006427992026
993 0.70000798775148
994 0.700009578929879
995 0.700011134663073
996 0.700012591417371
997 0.700013894589531
998 0.700015002635229
999 0.70001588942653
1000 0.700016532230933
1001 0.700016895820859
1002 0.700016932270977
1003 0.700016593633172
1004 0.700015848948151
1005 0.700014697182004
1006 0.700013172849896
1007 0.700011344264132
1008 0.700009306049501
1009 0.700007168243819
1010 0.70000504430285
1011 0.700003039936725
1012 0.700001244130774
1013 0.699999723096323
1014 0.69999851735279
1015 0.699997641714694
1016 0.699997087666253
1017 0.699996827448985
1018 0.699996819145995
1019 0.699997012094114
1020 0.699997352063094
1021 0.699997785782215
1022 0.699998264545718
1023 0.699998746771172
1024 0.699999199507019
1025 0.699999598980005
1026 0.699999930337562
1027 0.700000186775728
1028 0.700000368253393
1029 0.700000479983824
1030 0.700000530870215
1031 0.700000532019043
1032 0.700000495428367
1033 0.700000432911941
1034 0.700000355287162
1035 0.700000271827498
1036 0.700000189959021
1037 0.700000115166387
1038 0.700000051065452
1039 0.699999999597034
1040 0.699999961297853
1041 0.699999935609397
1042 0.699999921192064
1043 0.699999916219561
1044 0.699999918636189
1045 0.699999926366805
1046 0.69999993747543
1047 0.699999950273393
1048 0.699999963381565
1049 0.699999975753579
1050 0.699999986668199
1051 0.699999995699264
1052 0.700000002671215
1053 0.700000007607271
1054 0.700000010676057
1055 0.700000012141132
1056 0.700000012316485
1057 0.70000001152982
1058 0.700000010094394
1059 0.700000008289307
1060 0.700000006347538
1061 0.700000004450599
1062 0.700000002728485
1063 0.700000001263526
1064 0.700000000096827
1065 0.699999999236119
1066 0.699999998664052
1067 0.699999998346189
1068 0.699999998238161
1069 0.699999998291675
1070 0.699999998459215
1071 0.699999998697427
1072 0.699999998969283
1073 0.699999999245184
1074 0.699999999503209
1075 0.699999999728705
1076 0.69999999991344
1077 0.700000000054496
1078 0.700000000153056
1079 0.700000000213203
1080 0.700000000240824
1081 0.700000000242679
1082 0.700000000225644
1083 0.700000000196161
1084 0.700000000159863
1085 0.700000000121366
1086 0.700000000084197
1087 0.700000000050816
1088 0.700000000022725
1089 0.700000000000612
1090 0.699999999984522
1091 0.699999999974028
1092 0.699999999968395
1093 0.699999999966716
1094 0.699999999968034
1095 0.699999999971424
1096 0.699999999976058
1097 0.69999999998124
1098 0.699999999986423
1099 0.699999999991213
1100 0.699999999995351
1101 0.699999999998701
1102 0.700000000001224
1103 0.700000000002957
1104 0.700000000003984
1105 0.700000000004423
1106 0.700000000004402
1107 0.70000000000405
1108 0.700000000003486
1109 0.700000000002812
1110 0.700000000002109
1111 0.70000000000144
1112 0.700000000000847
1113 0.700000000000353
1114 0.69999999999997
1115 0.699999999999695
1116 0.69999999999952
1117 0.699999999999431
1118 0.69999999999941
1119 0.69999999999944
1120 0.699999999999505
1121 0.69999999999959
1122 0.699999999999682
1123 0.699999999999773
1124 0.699999999999856
1125 0.699999999999927
1126 0.699999999999984
1127 0.700000000000026
1128 0.700000000000054
1129 0.700000000000071
1130 0.700000000000077
1131 0.700000000000075
1132 0.700000000000069
1133 0.700000000000058
1134 0.700000000000046
1135 0.700000000000034
1136 0.700000000000023
1137 0.700000000000013
1138 0.700000000000005
1139 0.699999999999999
1140 0.699999999999995
1141 0.699999999999995
1142 0.700000000000006
1143 0.700000000000038
1144 0.700000000000108
1145 0.700000000000228
1146 0.700000000000394
1147 0.700000000000564
1148 0.70000000000064
1149 0.700000000000451
1150 0.699999999999753
1151 0.699999999998256
1152 0.699999999995671
1153 0.699999999991798
1154 0.699999999986639
1155 0.699999999980533
1156 0.6999999999743
1157 0.699999999969365
1158 0.699999999967836
1159 0.699999999972515
1160 0.699999999986817
1161 0.700000000014574
1162 0.700000000059759
1163 0.70000000012611
1164 0.700000000216727
1165 0.700000000333681
1166 0.700000000477715
1167 0.700000000648073
1168 0.700000000842435
1169 0.700000001056931
1170 0.700000001286173
1171 0.700000001523298
1172 0.70000000176001
1173 0.700000001986662
1174 0.700000002192414
1175 0.700000002365498
1176 0.700000002493641
1177 0.70000000256466
1178 0.700000002567218
1179 0.70000000249173
1180 0.700000002331349
1181 0.700000002082943
1182 0.70000000174792
1183 0.700000001332752
1184 0.700000000849066
1185 0.700000000313219
1186 0.699999999745363
1187 0.699999999168095
1188 0.699999998604817
1189 0.699999998078005
1190 0.699999997607786
1191 0.69999999721112
1192 0.699999996901523
1193 0.699999996689021
1194 0.699999996580069
1195 0.699999996577306
1196 0.699999996679215
1197 0.699999996879819
1198 0.6999999971686
1199 0.699999997530757
1200 0.699999997947879
