1 2
2 2
3 2
4 2
5 2
6 2
7 2
8 2
9 2
10 2
11 2
12 2
13 2
14 2
15 2
16 2
17 2
18 2
19 2
20 2
21 2
22 2
23 2
24 2
25 2
26 2
27 2
28 2
29 2
30 2
31 2
32 2
33 2
34 2
35 2
36 2
37 2
38 2
39 2
40 2
41 2
42 2
43 2
44 2
45 2
46 2
47 2
48 2
49 2
50 2
51 2
52 2
53 2
54 2
55 2
56 2
57 2
58 2
59 2
60 2
61 2
62 2
63 2
64 2
65 2
66 2
67 2
68 2
69 2
70 2
71 2
72 2
73 2
74 2
75 2
76 2
77 2
78 2
79 2
80 2
81 2
82 2
83 2
84 2
85 2
86 2
87 2
88 2
89 2
90 2
91 2
92 2
93 2
94 2
95 2
96 2
97 2
98 2
99 2
100 2
101 2
102 2
103 2
104 2
105 2
106 2
107 2
108 2
109 2
110 2
111 2
112 2
113 2
114 2
115 2
116 2
117 2
118 2
119 2
120 2
121 2
122 2
123 2
124 2
125 2
126 2
127 2
128 2
129 2
130 2
131 2
132 2
133 2
134 2
135 2
136 2
137 2
138 2
139 2
140 2
141 2
142 2
143 2
144 2
145 2
146 2
147 2
148 2
149 2
150 2
151 2
152 2
153 2
154 2
155 2
156 2
157 2
158 2
159 2
160 2
161 2
162 2
163 2
164 2
165 2
166 2
167 2
168 2
169 2
170 2
171 2
172 2
173 2
174 2
175 2
176 2
177 2
178 2
179 2
180 2
181 2
182 2
183 2
184 2
185 2
186 2
187 2
188 2
189 2
190 2
191 2
192 2
193 2
194 2
195 2
196 2
197 2
198 2
199 2
200 2
201 2.04121209554703
202 2.07929377697236
203 2.1144120190028
204 2.14672909312081
205 2.17640250405478
206 2.20358489951898
207 2.22842397030696
208 2.2510623528866
209 2.2716375428711
210 2.29028182488307
211 2.30712222217921
212 2.32228046780263
213 2.33587299785097
214 2.34801096659527
215 2.35880028258058
216 2.36834166442617
217 2.37673071477485
218 2.38405801068211
219 2.39040920865922
220 2.39586516256859
221 2.40050205259803
222 2.40439152360117
223 2.4076008311734
224 2.41019299392959
225 2.41222695055583
226 2.4137577203177
227 2.41483656581946
228 2.41551115691944
229 2.41582573481493
230 2.41582127541414
231 2.41553565121195
232 2.4150037909801
233 2.41425783667088
234 2.41332729701516
235 2.41223919737253
236 2.41101822546141
237 2.40968687266183
238 2.40826557064296
239 2.40677282312125
240 2.40522533260408
241 2.40363812201762
242 2.40202465115773
243 2.40039692793738
244 2.39876561443631
245 2.39714012778556
246 2.39552873594457
247 2.39393864844917
248 2.39237610222744
249 2.39084644259571
250 2.3893541995604
251 2.38790315956207
252 2.38649643280715
253 2.38513651633967
254 2.38382535301077
255 2.38256438650778
256 2.3813546126068
257 2.38019662681454
258 2.37909066856495
259 2.37803666213595
260 2.3770342544496
261 2.37608284991726
262 2.37518164248805
263 2.37432964505579
264 2.37352571637577
265 2.37276858563814
266 2.37205687484069
267 2.37138911909864
268 2.37076378502412
269 2.37017928730323
270 2.36963400359289
271 2.36912628785476
272 2.36865448223823
273 2.3682169276189
274 2.36781197289408
275 2.36743798313149
276 2.36709334666225
277 2.36677648120432
278 2.36648583909764
279 2.36621991172742
280 2.36597723320765
281 2.36575638339208
282 2.36555599027605
283 2.365374731848
284 2.36521133744585
285 2.36506458866953
286 2.36493331989713
287 2.36481641844901
288 2.36471282444058
289 2.36462153036164
290 2.36454158041687
291 2.36447206965959
292 2.36441214294795
293 2.36436099375046
294 2.36431786282531
295 2.36428203679564
296 2.36425284664107
297 2.36422966612367
298 2.36421191016481
299 2.36419903318774
300 2.36419052743901
301 2.36418592130052
302 2.36418477760269
303 2.36418669194776
304 2.36419129105144
305 2.36419823110969
306 2.36420719619681
307 2.36421789669991
308 2.36423006779393
309 2.36424346796109
310 2.36425787755735
311 2.36427309742845
312 2.36428894757717
313 2.36430526588301
314 2.3643219068753
315 2.36433874056003
316 2.36435565167257
317 2.36437253853971
318 2.36438931200329
319 2.36440589440397
320 2.36442221862362
321 2.3644382271846
322 2.36445387140401
323 2.36446911060114
324 2.364483911356
325 2.36449824681705
326 2.36451209605588
327 2.36452544346704
328 2.36453827821066
329 2.36455059369604
330 2.36456238710395
331 2.36457365894589
332 2.36458441265803
333 2.36459465422813
334 2.36460439185353
335 2.36461363562818
336 2.36462239725723
337 2.36463068979726
338 2.36463852742056
339 2.36464592520188
340 2.36465289892617
341 2.36465946491576
342 2.36466563987568
343 2.36467144075578
344 2.36467688462837
345 2.36468198858014
346 2.36468676961744
347 2.36469124458349
348 2.36469543008696
349 2.36469934244051
350 2.36470299760875
351 2.36470641116463
352 2.36470959825338
353 2.36471257356346
354 2.3647153513036
355 2.36471794518542
356 2.36472036841088
357 2.36472263366402
358 2.36472475310641
359 2.36472673837567
360 2.36472860058655
361 2.36473035033399
362 2.36473199769757
363 2.36473355224672
364 2.36473502304597
365 2.36473641865957
366 2.36473774715453
367 2.36473901610102
368 2.36474023256903
369 2.36474140312079
370 2.36474253379992
371 2.36474363011809
372 2.36474469704018
373 2.36474573896899
374 2.36474675973059
375 2.3647477625619
376 2.36474875010193
377 2.36474972438903
378 2.36475068686646
379 2.36475163839969
380 2.36475257930938
381 2.36475350942525
382 2.36475442816744
383 2.36475533463862
384 2.36475622770452
385 2.36475710606397
386 2.36475796830934
387 2.36475881297825
388 2.36475963859744
389 2.3647604437196
390 2.36476122695371
391 2.36476195294761
392 2.36476259328771
393 2.36476312570715
394 2.36476353335827
395 2.36476380414539
396 2.36476393011428
397 2.36476390689496
398 2.36476373319435
399 2.36476341033587
400 2.28233875074867
401 2.20617477911755
402 2.13593755282278
403 2.07130253691777
404 2.01195473087959
405 1.95758884889039
406 1.90790951944026
407 1.86263147995293
408 1.82147974968308
409 1.78418976984983
410 1.75050750426865
411 1.72018949694632
412 1.69300288546085
413 1.66872537065485
414 1.64714514437869
415 1.6280607778467
416 1.61128107370588
417 1.59662488523445
418 1.58392090624098
419 1.5730074352665
420 1.56373211763506
421 1.55595166877775
422 1.54953158209042
423 1.54434582439182
424 1.5402765218372
425 1.53721363892155
426 1.53505465298332
427 1.5337042263974
428 1.53307387843048
429 1.53308165852317
430 1.53365182256517
431 1.53471451354163
432 1.53620544775286
433 1.53806560764475
434 1.54024094213476
435 1.54268207517737
436 1.54534402318337
437 1.54818592178879
438 1.55117076236163
439 1.55426513853674
440 1.55743900298079
441 1.56066543451049
442 1.56392041561616
443 1.56718262038001
444 1.57043321272328
445 1.57365565486711
446 1.5768355258505
447 1.57996034991145
448 1.58301943450653
449 1.58600371771788
450 1.58890562477465
451 1.59171893339815
452 1.59443864766599
453 1.59706088007974
454 1.59958274151274
455 1.60200223870987
456 1.60431817900829
457 1.60653008194764
458 1.6086380974396
459 1.61064293016982
460 1.61254576990938
461 1.61434822741907
462 1.61605227563618
463 1.61766019584147
464 1.61917452851213
465 1.62059802857584
466 1.62193362479056
467 1.62318438298433
468 1.62435347290011
469 1.62544413840047
470 1.62645967079803
471 1.62740338508782
472 1.62827859886826
473 1.6290886137481
474 1.6298366990469
475 1.63052607760684
476 1.63115991354359
477 1.63174130177376
478 1.63227325916597
479 1.63275871717162
480 1.63320051580057
481 1.63360139881531
482 1.63396401002566
483 1.63429089057382
484 1.63458447710725
485 1.63484710074428
486 1.63508098674389
487 1.63528825479813
488 1.63547091987174
489 1.63563089351919
490 1.63576998561563
491 1.63588990644271
492 1.63599226907606
493 1.63607859202516
494 1.63615030208134
495 1.63620873733346
496 1.63625515031472
497 1.63629071124774
498 1.63631651135836
499 1.63633356623176
500 1.63634281918739
501 1.63634514465179
502 1.63634135151115
503 1.63633218642729
504 1.63631833710332
505 1.63630043548693
506 1.63627906090089
507 1.63625474309235
508 1.63622796519365
509 1.6361991665888
510 1.63616874568116
511 1.63613706255857
512 1.63610444155361
513 1.63607117369718
514 1.63603751906466
515 1.63600370827017
516 1.63596994474247
517 1.63593640687748
518 1.63590325007066
519 1.63587060863215
520 1.63583859758816
521 1.63580731437242
522 1.6357768404113
523 1.63574724260667
524 1.63571857472059
525 1.63569087866577
526 1.63566418570618
527 1.63563851757165
528 1.63561388749095
529 1.63559030114703
530 1.6355677575588
531 1.63554624989315
532 1.63552576621124
533 1.63550629015273
534 1.63548780156159
535 1.63547027705719
536 1.63545369055388
537 1.63543801373247
538 1.6354232164669
539 1.63540926720882
540 1.63539613333332
541 1.63538378144836
542 1.63537217767069
543 1.63536128787062
544 1.63535107788822
545 1.63534151372296
546 1.63533256169922
547 1.63532418860939
548 1.63531636183669
549 1.63530904945943
550 1.63530222033832
551 1.63529584418855
552 1.63528989163808
553 1.63528433427354
554 1.6352791446751
555 1.63527429644159
556 1.63526976420707
557 1.63526552365003
558 1.63526155149638
559 1.63525782551731
560 1.63525432452323
561 1.6352510283549
562 1.6352479178731
563 1.6352449749481
564 1.63524218245049
565 1.63523952424515
566 1.63523698519041
567 1.63523455114484
568 1.6352322089824
569 1.63522994661416
570 1.63522775301503
571 1.6352256182534
572 1.63522353352185
573 1.63522149116632
574 1.63521948471114
575 1.6352175088764
576 1.63521555958358
577 1.63521363394434
578 1.63521173022599
579 1.63520984778553
580 1.63520798696186
581 1.63520614891317
582 1.63520433543269
583 1.63520254878766
584 1.63520079157925
585 1.63519906662173
586 1.63519737683898
587 1.63519572517672
588 1.635194114529
589 1.6351925476773
590 1.63519109532554
591 1.63518981430056
592 1.6351887491358
593 1.63518793352635
594 1.63518739166345
595 1.63518713945537
596 1.635187185642
597 1.63518753280936
598 1.63518817831053
599 1.63518911509895
600 1.63519033247984
601 1.63519181678529
602 1.63519355197836
603 1.63519552019123
604 1.63519770220226
605 1.63520007785671
606 1.63520262643542
607 1.63520532697571
608 1.63520815854858
609 1.63521110049588
610 1.63521413263108
611 1.63521723540706
612 1.63522039005398
613 1.6352235786903
614 1.63522678440964
615 1.63522999134617
616 1.63523318472084
617 1.63523635087071
618 1.6352394772635
619 1.63524255249913
620 1.6352455663002
621 1.63524850949279
622 1.63525137397919
623 1.63525415270386
624 1.6352568396138
625 1.63525942961443
626 1.63526191852198
627 1.63526430301324
628 1.63526658057351
629 1.63526874944331
630 1.6352708085647
631 1.63527275752742
632 1.63527459651566
633 1.63527632625556
634 1.63527794796401
635 1.63527946329888
636 1.635280874311
637 1.63528218339808
638 1.63528339326063
639 1.63528450686017
640 1.63528552737963
641 1.6352864581861
642 1.63528730279598
643 1.6352880648424
644 1.6352887480451
645 1.63528935618253
646 1.63528989306627
647 1.63529036251771
648 1.63529076834677
649 1.6352911143328
650 1.63529140420742
651 1.63529164163926
652 1.63529183022054
653 1.6352919734553
654 1.63529207474933
655 1.63529213740158
656 1.63529216459693
657 1.63529215940041
658 1.63529212475252
659 1.63529206346579
660 1.63529197822226
661 1.63529187157206
662 1.63529174593272
663 1.63529160358933
664 1.63529144669543
665 1.63529127727445
666 1.63529109722179
667 1.63529090830735
668 1.63529071217847
669 1.63529051036329
670 1.63529030427439
671 1.63529009521268
672 1.63528988437154
673 1.63528967284109
674 1.63528946161262
675 1.63528925158309
676 1.63528904355969
677 1.63528883826441
678 1.63528863633867
679 1.63528843834781
680 1.63528824478567
681 1.63528805607897
682 1.63528787259168
683 1.63528769462929
684 1.63528752244289
685 1.63528735623324
686 1.63528719615459
687 1.63528704231846
688 1.63528689479717
689 1.63528675362731
690 1.63528661881302
691 1.63528649032907
692 1.63528636812385
693 1.63528625212217
694 1.63528614222788
695 1.63528603832642
696 1.63528594028706
697 1.63528584796521
698 1.63528576120435
699 1.63528567983799
700 1.63528560369143
701 1.63528553258336
702 1.6352854663274
703 1.63528540473344
704 1.63528534760892
705 1.63528529475998
706 1.63528524599247
707 1.63528520111296
708 1.6352851599295
709 1.63528512225244
710 1.63528508789507
711 1.6352850566742
712 1.63528502841069
713 1.63528500292988
714 1.63528498006199
715 1.63528495964238
716 1.63528494151185
717 1.63528492551685
718 1.63528491150962
719 1.63528489934829
720 1.63528488889698
721 1.63528488002583
722 1.63528487261099
723 1.6352848665346
724 1.63528486168476
725 1.63528485795541
726 1.63528485524627
727 1.63528485346272
728 1.63528485251566
729 1.63528485232135
730 1.63528485280129
731 1.63528485388205
732 1.63528485549506
733 1.63528485757647
734 1.63528486006696
735 1.63528486291154
736 1.63528486605939
737 1.63528486946363
738 1.63528487308117
739 1.6352848768725
740 1.63528488080152
741 1.63528488483536
742 1.63528488894417
743 1.635284893101
744 1.63528489728157
745 1.63528490146414
746 1.63528490562935
747 1.63528490976005
748 1.63528491384116
749 1.63528491785951
750 1.63528492180374
751 1.63528492566411
752 1.63528492943243
753 1.63528493310189
754 1.63528493666701
755 1.63528494012344
756 1.63528494346793
757 1.63528494669822
758 1.63528494981291
759 1.63528495281141
760 1.63528495569385
761 1.63528495846098
762 1.63528496111413
763 1.6352849636551
764 1.63528496608614
765 1.63528496840986
766 1.63528497062916
767 1.63528497274721
768 1.63528497476738
769 1.63528497669321
770 1.63528497852833
771 1.63528498027645
772 1.63528498194131
773 1.63528498352668
774 1.63528498503627
775 1.63528498647377
776 1.63528498784276
777 1.63528498914675
778 1.63528499038915
779 1.63528499157322
780 1.63528499270206
781 1.63528499377852
782 1.6352849948052
783 1.6352849957844
784 1.63528499671816
785 1.63528499760825
786 1.63528499845616
787 1.63528499926315
788 1.63528500003027
789 1.63528500075837
790 1.63528500144811
791 1.63528500210005
792 1.6352850027146
793 1.63528500329209
794 1.63528500383281
795 1.63528500433698
796 1.63528500480481
797 1.63528500523651
798 1.63528500563232
799 1.6352850059925
800 1.65589105409086
801 1.6749318950934
802 1.69249101636394
803 1.70864955364423
804 1.72348625929901
805 1.73707745718607
806 1.74949699270292
807 1.76081618408428
808 1.77110377913764
809 1.78042592017527
810 1.78884611882653
811 1.79642524161406
812 1.80322150658785
813 1.8092904908846
814 1.81468514877809
815 1.81945583957926
816 1.82365036461083
817 1.82731401240189
818 1.83048961120948
819 1.83321758796615
820 1.83553603276723
821 1.8374807680409
822 1.83908542158625
823 1.84038150271209
824 1.84139848076281
825 1.84216386537254
826 1.84270328784468
827 1.84304058310968
828 1.84319787176739
829 1.84319564177312
830 1.84305282937543
831 1.84278689896128
832 1.84241392150785
833 1.84194865138156
834 1.84140460126314
835 1.84079411501267
836 1.84012843832097
837 1.8394177870234
838 1.83867141297887
839 1.83789766744173
840 1.83710406187565
841 1.83629732617908
842 1.83548346430899
843 1.83466780730568
844 1.83385506373503
845 1.83304936757708
846 1.83225432360002
847 1.83147305026811
848 1.83070822023971
849 1.82996209851814
850 1.8292365783238
851 1.82853321475994
852 1.8278532563486
853 1.82719767451535
854 1.8265671911038
855 1.82596230400192
856 1.82538331096297
857 1.8248303317038
858 1.82430332836321
859 1.82380212440208
860 1.82332642202588
861 1.82287581820897
862 1.82244981939806
863 1.82204785497054
864 1.82166928952125
865 1.82131343404884
866 1.82097955611067
867 1.82066688901252
868 1.8203746400972
869 1.82010199819287
870 1.81984814028012
871 1.81961223743335
872 1.8193934600901
873 1.81919098269876
874 1.81900398779291
875 1.81883166953787
876 1.81867323679235
877 1.81852791572607
878 1.81839495203138
879 1.81827361276505
880 1.81816318785373
881 1.81806299129484
882 1.81797236208239
883 1.81789066488515
884 1.81781729050286
885 1.81775165612439
886 1.81769320540972
887 1.8176414084164
888 1.81759576138914
889 1.81755578643013
890 1.81752103106588
891 1.81749106772533
892 1.81746549314259
893 1.81744392769664
894 1.81742601469893
895 1.81741141963916
896 1.81739982939826
897 1.81739095143682
898 1.81738451296639
899 1.81738026011016
900 1.817377957059
901 1.81737738522806
902 1.8173783424184
903 1.81738064198781
904 1.81738411203423
905 1.81738859459477
906 1.81739394486294
907 1.81740003042618
908 1.81740673052556
909 1.81741393533905
910 1.8174215452895
911 1.81742947037827
912 1.8174376295451
913 1.81744595005464
914 1.81745436690989
915 1.81746282247852
916 1.81747126592394
917 1.81747965266705
918 1.81748794387818
919 1.81749610599829
920 1.81750411028855
921 1.81751193240752
922 1.81751955201486
923 1.81752695240058
924 1.81753412013891
925 1.81754104476568
926 1.81754771847817
927 1.81755413585645
928 1.81756029360519
929 1.8175661903148
930 1.81757182624102
931 1.81757720310197
932 1.81758232389154
933 1.81758719270842
934 1.81759181459959
935 1.81759619541764
936 1.81760034169089
937 1.81760426050549
938 1.81760795939883
939 1.8176114462634
940 1.81761472926037
941 1.81761781674229
942 1.81762071718409
943 1.81762343912193
944 1.81762599109917
945 1.817628381619
946 1.81763061910305
947 1.81763271185566
948 1.81763466803316
949 1.81763649561788
950 1.8176382023963
951 1.81763979594104
952 1.81764128359635
953 1.8176426724666
954 1.8176439694076
955 1.81764518102035
956 1.81764631364686
957 1.81764737336794
958 1.8176483660024
959 1.81764929710762
960 1.81765017198107
961 1.81765099566256
962 1.8176517729368
963 1.81765250833606
964 1.81765320614247
965 1.81765387038954
966 1.81765450486236
967 1.81765511309592
968 1.81765569837135
969 1.81765626371045
970 1.81765681186907
971 1.81765734532964
972 1.81765786629358
973 1.81765837667391
974 1.81765887808909
975 1.81765937185864
976 1.81765985900173
977 1.81766034023999
978 1.81766081600616
979 1.81766128646057
980 1.81766175151808
981 1.81766221088875
982 1.81766266412393
983 1.81766311065648
984 1.81766354983582
985 1.81766398095813
986 1.81766440329222
987 1.81766481610146
988 1.8176652186622
989 1.81766561027892
990 1.81766597327555
991 1.81766629344529
992 1.81766655965472
993 1.81766676347999
994 1.81766689887328
995 1.81766696185746
996 1.81766695024755
997 1.81766686339701
998 1.81766670196754
999 1.81766646772075
1000 1.81766616333032
1001 1.81766579221316
1002 1.81766535837849
1003 1.81766486629319
1004 1.81766432076261
1005 1.81766372682537
1006 1.81766308966119
1007 1.81766241451063
1008 1.81766170660584
1009 1.81766097111126
1010 1.8176602130734
1011 1.8176594373789
1012 1.8176586487201
1013 1.81765785156723
1014 1.81765705014674
1015 1.81765624842493
1016 1.8176554500964
1017 1.81765465857672
1018 1.81765387699878
1019 1.81765310821245
1020 1.81765235478689
1021 1.81765161901541
1022 1.81765090292226
1023 1.81765020827116
1024 1.81764953657518
1025 1.8176488891078
1026 1.8176482669148
1027 1.81764767082681
1028 1.81764710147236
1029 1.81764655929116
1030 1.81764604454754
1031 1.81764555734394
1032 1.81764509763416
1033 1.81764466523654
1034 1.81764425984675
1035 1.81764388105018
1036 1.81764352833402
1037 1.81764320109876
1038 1.81764289866916
1039 1.81764262030475
1040 1.81764236520973
1041 1.81764213254224
1042 1.81764192142312
1043 1.81764173094403
1044 1.81764156017497
1045 1.8176414081713
1046 1.81764127398008
1047 1.81764115664591
1048 1.81764105521631
1049 1.8176409687464
1050 1.81764089630326
1051 1.81764083696972
1052 1.81764078984773
1053 1.81764075406127
1054 1.81764072875889
1055 1.81764071311587
1056 1.81764070633598
1057 1.81764070765299
1058 1.81764071633178
1059 1.81764073166926
1060 1.81764075299491
1061 1.81764077967124
1062 1.81764081109389
1063 1.81764084669161
1064 1.81764088592604
1065 1.81764092829137
1066 1.81764097331377
1067 1.81764102055079
1068 1.81764106959065
1069 1.81764112005132
1070 1.81764117157971
1071 1.81764122385062
1072 1.81764127656573
1073 1.81764132945256
1074 1.81764138226331
1075 1.81764143477378
1076 1.81764148678219
1077 1.8176415381081
1078 1.81764158859116
1079 1.81764163809009
1080 1.81764168648144
1081 1.81764173365857
1082 1.81764177953051
1083 1.81764182402092
1084 1.81764186706705
1085 1.81764190861874
1086 1.81764194863744
1087 1.81764198709531
1088 1.81764202397428
1089 1.81764205926522
1090 1.81764209296712
1091 1.81764212508632
1092 1.81764215563572
1093 1.81764218463414
1094 1.81764221210564
1095 1.81764223807887
1096 1.81764226258652
1097 1.81764228566476
1098 1.81764230735273
1099 1.81764232769206
1100 1.81764234672643
1101 1.81764236450119
1102 1.81764238106293
1103 1.8176423964592
1104 1.81764241073813
1105 1.8176424239482
1106 1.81764243613796
1107 1.81764244735576
1108 1.81764245764959
1109 1.81764246706688
1110 1.8176424756543
1111 1.81764248345766
1112 1.81764249052173
1113 1.81764249689019
1114 1.81764250260549
1115 1.81764250770878
1116 1.81764251223987
1117 1.81764251623714
1118 1.81764251973753
1119 1.81764252277651
1120 1.81764252538805
1121 1.81764252760461
1122 1.81764252945717
1123 1.81764253097516
1124 1.81764253218659
1125 1.81764253311795
1126 1.81764253379431
1127 1.81764253423933
1128 1.81764253447529
1129 1.81764253452311
1130 1.81764253440241
1131 1.81764253413157
1132 1.8176425337277
1133 1.81764253320678
1134 1.81764253258364
1135 1.81764253187201
1136 1.81764253108461
1137 1.81764253023314
1138 1.81764252932839
1139 1.81764252838022
1140 1.81764252739766
1141 1.81764252638892
1142 1.81764252536147
1143 1.81764252432205
1144 1.81764252327671
1145 1.8176425222309
1146 1.81764252118945
1147 1.81764252015664
1148 1.81764251913626
1149 1.81764251813158
1150 1.81764251714545
1151 1.81764251618029
1152 1.81764251523817
1153 1.81764251432076
1154 1.81764251342946
1155 1.81764251256535
1156 1.81764251172922
1157 1.81764251092165
1158 1.81764251014299
1159 1.81764250939339
1160 1.81764250867281
1161 1.81764250798106
1162 1.81764250731781
1163 1.81764250668261
1164 1.81764250607489
1165 1.81764250549401
1166 1.81764250493924
1167 1.81764250440978
1168 1.81764250390479
1169 1.81764250342339
1170 1.81764250296467
1171 1.8176425025277
1172 1.81764250211154
1173 1.81764250171526
1174 1.81764250133792
1175 1.8176425009786
1176 1.81764250063641
1177 1.81764250031047
1178 1.81764249999993
1179 1.81764249970397
1180 1.81764249942181
1181 1.81764249915275
1182 1.81764249889613
1183 1.81764249865138
1184 1.81764249841799
1185 1.81764249819552
1186 1.81764249798359
1187 1.81764249778189
1188 1.81764249759015
1189 1.81764249740817
1190 1.81764249723578
1191 1.81764249707283
1192 1.81764249691923
1193 1.8176424967749
1194 1.81764249663975
1195 1.81764249651374
1196 1.81764249639682
1197 1.81764249628893
1198 1.81764249619
1199 1.81764249609999
1200 1.8176424960188
