1 0.8
2 0.8
3 0.8
4 0.8
5 0.8
6 0.8
7 0.8
8 0.8
9 0.8
10 0.8
11 0.8
12 0.8
13 0.8
14 0.8
15 0.8
16 0.8
17 0.8
18 0.8
19 0.8
20 0.8
21 0.8
22 0.8
23 0.8
24 0.8
25 0.8
26 0.8
27 0.8
28 0.8
29 0.8
30 0.8
31 0.8
32 0.8
33 0.8
34 0.8
35 0.8
36 0.8
37 0.8
38 0.8
39 0.8
40 0.8
41 0.8
42 0.8
43 0.8
44 0.8
45 0.8
46 0.8
47 0.8
48 0.8
49 0.8
50 0.8
51 0.8
52 0.8
53 0.8
54 0.8
55 0.8
56 0.8
57 0.8
58 0.8
59 0.8
60 0.8
61 0.8
62 0.8
63 0.8
64 0.8
65 0.8
66 0.8
67 0.8
68 0.8
69 0.8
70 0.8
71 0.8
72 0.8
73 0.8
74 0.8
75 0.8
76 0.8
77 0.8
78 0.8
79 0.8
80 0.8
81 0.8
82 0.8
83 0.8
84 0.8
85 0.8
86 0.8
87 0.8
88 0.8
89 0.8
90 0.8
91 0.8
92 0.8
93 0.8
94 0.8
95 0.8
96 0.8
97 0.8
98 0.8
99 0.8
100 0.8
101 0.8
102 0.8
103 0.8
104 0.8
105 0.8
106 0.8
107 0.8
108 0.8
109 0.8
110 0.8
111 0.8
112 0.8
113 0.8
114 0.8
115 0.8
116 0.8
117 0.8
118 0.8
119 0.8
120 0.8
121 0.8
122 0.8
123 0.8
124 0.8
125 0.8
126 0.8
127 0.8
128 0.8
129 0.8
130 0.8
131 0.8
132 0.8
133 0.8
134 0.8
135 0.8
136 0.8
137 0.8
138 0.8
139 0.8
140 0.8
141 0.8
142 0.8
143 0.8
144 0.8
145 0.8
146 0.8
147 0.8
148 0.8
149 0.8
150 0.8
151 0.8
152 0.8
153 0.8
154 0.8
155 0.8
156 0.8
157 0.8
158 0.8
159 0.8
160 0.8
161 0.8
162 0.8
163 0.8
164 0.8
165 0.8
166 0.8
167 0.8
168 0.8
169 0.8
170 0.8
171 0.8
172 0.8
173 0.8
174 0.8
175 0.8
176 0.8
177 0.8
178 0.8
179 0.8
180 0.8
181 0.8
182 0.8
183 0.8
184 0.8
185 0.8
186 0.8
187 0.8
188 0.8
189 0.8
190 0.8
191 0.8
192 0.8
193 0.8
194 0.8
195 0.8
196 0.8
197 0.8
198 0.8
199 0.8
200 0.8
201 0.8
202 0.8
203 0.8
204 0.8
205 0.8
206 0.8
207 0.8
208 0.8
209 0.8
210 0.8
211 0.800585095266623
212 0.802604634027573
213 0.806479171244026
214 0.812327861591348
215 0.820065531830265
216 0.829476012579826
217 0.840266890702213
218 0.852109743362653
219 0.86466905862248
220 0.877622378323277
221 0.890673673789039
222 0.903561550613671
223 0.916063550467109
224 0.92799755635711
225 0.939221098554592
226 0.949629190279959
227 0.959151186698732
228 0.967747051191199
229 0.9754033241317
230 0.982129017552518
231 0.987951600942955
232 0.992913196562833
233 0.997067065044532
234 1.00047443211232
235 1.00320168365044
236 1.00531793802006
237 1.00689299055925
238 1.00799561484372
239 1.00869219790061
240 1.00904568161163
241 1.0091147795538
242 1.00895343711271
243 1.00861050252929
244 1.00812957732337
245 1.00754901603298
246 1.00690204721732
247 1.0062169900235
248 1.00551754317469
249 1.00482312588648
250 1.00414925286958
251 1.00350792815935
252 1.00290804497306
253 1.00235578109504
254 1.00185498140218
255 1.00140752105013
256 1.00101364453841
257 1.00067227735757
258 1.00038130820059
259 1.00013784080099
260 0.999938415355428
261 0.999779200211963
262 0.999656155073624
263 0.999565167395682
264 0.999502163961869
265 0.999463199825278
266 0.999444526909877
267 0.999442644603298
268 0.999454334644564
269 0.999476682534215
270 0.999507087580339
271 0.999543263552165
272 0.99958323175201
273 0.999625308143877
274 0.999668085999322
275 0.999710415343396
276 0.999751380309939
277 0.999790275349374
278 0.999826581075972
279 0.999859940397158
280 0.999890135435779
281 0.999917065638203
282 0.999940727356596
283 0.999961195102763
284 0.999978604592962
285 0.999993137637427
286 1.00000500887418
287 1.00001445430308
288 1.00002172154201
289 1.00002706170131
290 1.00003072275465
291 1.00003294427252
292 1.00003395337835
293 1.00003396178546
294 1.00003316377507
295 1.00003173498034
296 1.00002983184855
297 1.00002759166254
298 1.00002513301203
299 1.0000225566164
300 1.0000199464109
301 1.00001737081962
302 1.00001488414858
303 1.00001252804258
304 1.00001033295903
305 1.0000083196204
306 1.00000650041511
307 1.00000488072363
308 1.00000346015295
309 1.00000223366792
310 1.00000119261276
311 1.0000003256198
312 0.999999619405917
313 0.999999059459557
314 0.999998630623337
315 0.999998317578749
316 0.999998105240468
317 0.999997979068511
318 0.999997925306798
319 0.999997931156782
320 0.999997984894639
321 0.999998075940221
322 0.999998194885499
323 0.999998333489713
324 0.999998484647795
325 0.999998642338021
326 0.999998801533764
327 0.999998958079977
328 0.999999108560212
329 0.999999250170137
330 0.999999380606465
331 0.999999497975328
332 0.999999600720841
333 0.999999687572536
334 0.999999757509119
335 0.999999809735453
336 0.99999984366952
337 0.999999858936276
338 0.99999985536565
339 0.99999983299237
340 0.999999792055797
341 0.999999732998381
342 0.999999656461842
343 0.999999563280538
344 0.999999454471836
345 0.999999331223565
346 0.999999194878834
347 0.999999046918674
348 0.99999888894302
349 0.999998722650642
350 0.999998549818613
351 0.999998372281898
352 0.999998191913615
353 0.999998010606426
354 0.999997830255478
355 0.999997652743219
356 0.999997479926331
357 0.99999731362495
358 0.999997155614277
359 0.9999970076186
360 0.999996871307714
361 0.999996748295659
362 0.999996640141679
363 0.999996548353267
364 0.999996474391161
365 0.999996419676149
366 0.999996385597568
367 0.999996373523373
368 0.999996384811737
369 0.999996420824166
370 0.999996482940172
371 0.999996572573675
372 0.999996691191363
373 0.999996840333413
374 0.999997021636891
375 0.999997236861549
376 0.999997487916682
377 0.999997776886553
378 0.999998106050813
379 0.999998477895557
380 0.999998895110179
381 0.999999360565088
382 0.99999987726566
383 1.00000044827851
384 1.00000107662734
385 1.00000176515708
386 1.00000251636732
387 1.00000333221826
388 1.00000421391595
389 1.0000051616871
390 1.00000617455872
391 1.00000725016363
392 1.00000838459986
393 1.00000957237211
394 1.00001080642887
395 1.00001207829215
396 1.00001337826653
397 1.00001469570864
398 1.00001601933637
399 1.00001733755725
400 1.00001863879724
401 1.00001990961121
402 1.00002113228173
403 1.00002228466992
404 1.00002334136554
405 1.00002427546613
406 1.00002506053028
407 1.0000256724108
408 1.00002609079251
409 1.0000263003458
410 0.9992475986437
411 0.996416939457803
412 0.990613426861148
413 0.981257512602816
414 0.968185222573101
415 0.95196942272562
416 0.933565404728717
417 0.913739442437087
418 0.893074592285033
419 0.872011870906864
420 0.850882297212276
421 0.829931819972015
422 0.809340705130788
423 0.789238609004595
424 0.769716292402958
425 0.750859806101499
426 0.732776459023739
427 0.715583798591729
428 0.699393215288644
429 0.68429961205439
430 0.67037556205691
431 0.65766872951128
432 0.646201604607928
433 0.635972821593142
434 0.626959501196619
435 0.619120194638306
436 0.612398113903919
437 0.606724417723139
438 0.602021389309537
439 0.598205394042401
440 0.595189545750782
441 0.59288604138102
442 0.591208147420639
443 0.590071838990417
444 0.589397105201261
445 0.589108943180787
446 0.589138068907047
447 0.589421376301474
448 0.589902177470916
449 0.590530256994995
450 0.591261772095527
451 0.592059028698727
452 0.592890161051874
453 0.593728739880544
454 0.594553331227314
455 0.595347025221282
456 0.596096951184965
457 0.596793792762345
458 0.597431314200639
459 0.598005906573536
460 0.598516160616843
461 0.598962470968973
462 0.599346674970322
463 0.599671727772117
464 0.599941414326428
465 0.600160097860608
466 0.60033250366468
467 0.600463536420805
468 0.600558128860692
469 0.600621119230469
470 0.600657154854064
471 0.600670618997473
472 0.600665578230415
473 0.600645747542908
474 0.600614470588035
475 0.600574712575762
476 0.600529063524741
477 0.600479749779908
478 0.600428651914927
479 0.600377327353127
480 0.60032703625297
481 0.600278769409448
482 0.600233277117936
483 0.600191098129019
484 0.600152587990185
485 0.600117946221666
486 0.600087241908844
487 0.600060437412352
488 0.600037409999712
489 0.600017971289759
490 0.600001884474094
491 0.599988879339427
492 0.599978665162181
493 0.599970941583274
494 0.599965407597886
495 0.599961768813523
496 0.599959743140887
497 0.59995906508728
498 0.59995948882237
499 0.599960790182244
500 0.599962767770591
501 0.599965243306378
502 0.599968061356224
503 0.599971088577373
504 0.599974212584329
505 0.599977340539143
506 0.599980397552453
507 0.599983324969958
508 0.599986078607181
509 0.599988626984412
510 0.599990949603618
511 0.599993035299987
512 0.599994880692675
513 0.599996488752184
514 0.599997867495654
515 0.59999902881612
516 0.599999987447457
517 0.600000760063155
518 0.600001364504277
519 0.600001819129798
520 0.600002142280919
521 0.600002351849917
522 0.600002464943417
523 0.600002497629731
524 0.600002464759896
525 0.600002379879494
526 0.600002255231896
527 0.60000210182119
528 0.600001929508732
529 0.600001747119389
530 0.60000156252733
531 0.60000138271078
532 0.600001213788316
533 0.600001061046652
534 0.600000928966439
535 0.600000821250009
536 0.600000740853193
537 0.600000690022038
538 0.600000670334379
539 0.600000682745683
540 0.600000727637329
541 0.600000804864945
542 0.600000913805275
543 0.600001053401
544 0.600001222203445
545 0.600001418413368
546 0.600001639920083
547 0.600001884339167
548 0.600002149048906
549 0.600002431225505
550 0.600002727877046
551 0.600003035876003
552 0.600003351990135
553 0.600003672911481
554 0.600003995283178
555 0.600004315723828
556 0.600004630849164
557 0.600004937290776
558 0.600005231711728
559 0.60000551081893
560 0.600005771372174
561 0.60000601018981
562 0.600006224151047
563 0.600006410194921
564 0.600006565315969
565 0.600006686556672
566 0.600006770996693
567 0.600006815738922
568 0.600006817892268
569 0.600006774551066
570 0.600006682770843
571 0.600006539540028
572 0.600006341747007
573 0.600006086141962
574 0.60000576929374
575 0.600005387543607
576 0.600004936959753
577 0.600004413298555
578 0.600003811980333
579 0.600003128088215
580 0.600002356398685
581 0.60000149145158
582 0.600000527665858
583 0.599999459505464
584 0.599998281696982
585 0.599996989497592
586 0.599995579007861
587 0.599994047519135
588 0.599992393879331
589 0.599990618853678
590 0.599988725447787
591 0.599986719149079
592 0.59998460804019
593 0.599982402755997
594 0.599980116282552
595 0.599977763620033
596 0.599975361351057
597 0.599972927163033
598 0.599970479365111
599 0.599968036427121
600 0.599965619489074
601 0.599963256099372
602 0.599960981655115
603 0.599958839032494
604 0.599956876514104
605 0.599955143207639
606 0.599953683922853
607 0.599952535895741
608 0.599951727036725
609 0.599951275279843
610 0.599951188707129
611 0.599951466198388
612 0.599952098416149
613 0.599953068982313
614 0.599954355739688
615 0.599955931925935
616 0.599957767155147
617 0.599959828266846
618 0.599962080112159
619 0.599964486310311
620 0.599967009984934
621 0.599969614475441
622 0.599972264011239
623 0.599974924333764
624 0.599977563251619
625 0.599980151116383
626 0.599982661209963
627 0.599985070038162
628 0.599987357528943
629 0.59998950713732
630 0.599991505861911
631 0.599993344180585
632 0.599995015914555
633 0.599996518031471
634 0.599997850398825
635 0.599999015499147
636 0.600000018118272
637 0.600000865017374
638 0.600001564598631
639 0.600002126573339
640 0.600002561640127
641 0.600002881179664
642 0.600003096971031
643 0.600003220933647
644 0.600003264897514
645 0.600003240403432
646 0.600003158533881
647 0.600003029774394
648 0.600002863904548
649 0.600002669917056
650 0.600002455963024
651 0.600002229321043
652 0.600001996387563
653 0.60000176268585
654 0.60000153289078
655 0.600001310866738
656 0.600001099715989
657 0.600000901835021
658 0.600000718976538
659 0.600000552315008
660 0.600000402513866
661 0.600000269792744
662 0.600000153993328
663 0.600000054642677
664 0.59999997101307
665 0.599999902177669
666 0.599999847061485
667 0.599999804487303
668 0.599999773216391
669 0.599999751983967
670 0.599999739529502
671 0.599999734622034
672 0.599999736080766
673 0.599999742791263
674 0.599999753717615
675 0.59999976791096
676 0.599999784514777
677 0.599999802767363
678 0.599999822001904
679 0.599999841644525
680 0.599999861210707
681 0.599999880300405
682 0.599999898592188
683 0.599999915836704
684 0.599999931849697
685 0.599999946504824
686 0.599999959726448
687 0.59999997148257
688 0.599999981778024
689 0.599999990648048
690 0.599999998152293
691 0.600000004369337
692 0.600000009391729
693 0.600000013321584
694 0.600000016266725
695 0.600000018337378
696 0.600000019643371
697 0.600000020291838
698 0.600000020385372
699 0.6000000200206
700 0.600000019287138
701 0.600000018266872
702 0.600000017033541
703 0.600000015652567
704 0.600000014181094
705 0.600000012668202
706 0.600000011155261
707 0.600000009676386
708 0.600000008258976
709 0.600000006924298
710 0.600000005688104
711 0.600000004561262
712 0.600000003550379
713 0.600000002658401
714 0.600000001885198
715 0.6000000012281
716 0.600000000682399
717 0.600000000241801
718 0.599999999898833
719 0.599999999645199
720 0.599999999472084
721 0.599999999370424
722 0.599999999331115
723 0.5999999993452
724 0.599999999404009
725 0.599999999499274
726 0.599999999623208
727 0.599999999768569
728 0.599999999928697
729 0.600000000097533
730 0.600000000269629
731 0.600000000440137
732 0.600000000604799
733 0.600000000759921
734 0.600000000902344
735 0.600000001029412
736 0.600000001138938
737 0.600000001229166
738 0.600000001298734
739 0.600000001346639
740 0.6000000013722
741 0.600000001375023
742 0.60000000135497
743 0.600000001312128
744 0.600000001246778
745 0.600000001159373
746 0.600000001050511
747 0.600000000920915
748 0.600000000771413
749 0.600000000602921
750 0.600000000416431
751 0.600000000212997
752 0.599999999993725
753 0.599999999759769
754 0.599999999512323
755 0.599999999252618
756 0.599999998981926
757 0.599999998701555
758 0.599999998412858
759 0.599999998117235
760 0.599999997816138
761 0.599999997511084
762 0.599999997203657
763 0.599999996895518
764 0.599999996588418
765 0.599999996284198
766 0.599999995984807
767 0.599999995692297
768 0.599999995408838
769 0.599999995136716
770 0.599999994878331
771 0.599999994636199
772 0.599999994412941
773 0.59999999421127
774 0.599999994033976
775 0.599999993883897
776 0.599999993763894
777 0.599999993676803
778 0.599999993625393
779 0.599999993612313
780 0.599999993640022
781 0.59999999371073
782 0.599999993826319
783 0.599999993988278
784 0.599999994197629
785 0.599999994454871
786 0.599999994759927
787 0.599999995112111
788 0.599999995510105
789 0.59999999595196
790 0.599999996435096
791 0.599999996956304
792 0.599999997511729
793 0.599999998096853
794 0.599999998706489
795 0.599999999334784
796 0.599999999975276
797 0.600000000620983
798 0.600000001264534
799 0.600000001898324
800 0.600000002514698
801 0.600000003106132
802 0.600000003665417
803 0.600000004185837
804 0.600000004661317
805 0.600000005086557
806 0.600000005457136
807 0.600000005769588
808 0.600000006021453
809 0.600000006211295
810 0.600292553972018
811 0.60130232341806
812 0.603239592031544
813 0.60616393715257
814 0.610032772164717
815 0.614738012381423
816 0.620133451238291
817 0.626054877322925
818 0.632334534671347
819 0.638811194209949
820 0.645336841606459
821 0.65178077966358
822 0.658031779221943
823 0.663998781790912
824 0.669610552511163
825 0.674814597997778
826 0.679575595837997
827 0.683873527725995
828 0.687701663852489
829 0.691064510236661
830 0.693975801625684
831 0.696456599151473
832 0.698533533131712
833 0.700237216429545
834 0.701600841987635
835 0.702658968986679
836 0.703446495095445
837 0.703997807101164
838 0.704346098516474
839 0.704522840281044
840 0.704557389182005
841 0.704476717910576
842 0.704305250585549
843 0.704064787965077
844 0.703774507316375
845 0.703451022917234
846 0.703108494339429
847 0.702758770942811
848 0.702411562333523
849 0.702074625865365
850 0.701753963554574
851 0.701454022008454
852 0.701177890117983
853 0.700927490320539
854 0.700703760193032
855 0.700506821984427
856 0.700336138439346
857 0.700190653903744
858 0.700068920243971
859 0.699969207558044
860 0.699889600019794
861 0.699828077480623
862 0.699782583668131
863 0.69975108197422
864 0.699731599925533
865 0.699722263484195
866 0.699721322344208
867 0.699727167375295
868 0.699738341327961
869 0.6997535438565
870 0.699771631845784
871 0.699791615947229
872 0.699812654143091
873 0.699834043069396
874 0.699855207738902
875 0.699875690218753
876 0.699895137734363
877 0.699913290593054
878 0.699929970248706
879 0.69994506776289
880 0.699958532858921
881 0.699970363712989
882 0.69998059758109
883 0.699989302321428
884 0.699996568839177
885 0.700002504453393
886 0.700007227164039
887 0.70001086078007
888 0.700013530856669
889 0.700015361380671
890 0.700016472137309
891 0.700016976688283
892 0.700016980890239
893 0.700016581883766
894 0.70001586748541
895 0.700014915918789
896 0.700013795825292
897 0.700012566499757
898 0.700011278301834
899 0.700009973199131
900 0.700008685403669
901 0.700007442068423
902 0.700006264015777
903 0.700005166474414
904 0.700004159805551
905 0.700003250203383
906 0.700002440358131
907 0.700001730073275
908 0.700001116831232
909 0.700000596304102
910 0.700000162808046
911 0.699999809701498
912 0.699999529728674
913 0.699999315310882
914 0.699999158788866
915 0.699999052619965
916 0.699998989534187
917 0.699998962653494
918 0.699998965578613
919 0.699998992447636
920 0.69999903797049
921 0.699999097443164
922 0.699999166745281
923 0.69999924232431
924 0.699999321169391
925 0.699999400767215
926 0.699999479040259
927 0.699999554280304
928 0.699999625085185
929 0.699999690303262
930 0.699999748987602
931 0.699999800360265
932 0.699999843786018
933 0.699999878754217
934 0.699999904867293
935 0.69999992183424
936 0.699999929467537
937 0.699999927682148
938 0.699999916495439
939 0.69999989602709
940 0.699999866498328
941 0.699999828230011
942 0.699999781639321
943 0.69999972723494
944 0.699999665610783
945 0.699999597438405
946 0.699999523458321
947 0.699999444470499
948 0.699999361324323
949 0.69999927490833
950 0.699999186140003
951 0.6999990959559
952 0.699999005302351
953 0.699998915126931
954 0.699998826370862
955 0.699998739962486
956 0.699998656811871
957 0.699998577806615
958 0.699998503808864
959 0.699998435653513
960 0.699998374147583
961 0.699998320070695
962 0.699998274176595
963 0.69999823719565
964 0.699998209838256
965 0.699998192799078
966 0.699998186762093
967 0.699998192406389
968 0.699998210412716
969 0.699998241470829
970 0.699998286287689
971 0.699998345596637
972 0.699998420167761
973 0.699998510819594
974 0.699998618432009
975 0.699998743959655
976 0.699998888444661
977 0.699999053026852
978 0.699999238949275
979 0.699999447556625
980 0.699999680284107
981 0.699999938634409
982 0.700000224140839
983 0.700000538315243
984 0.700000882580092
985 0.700001258185174
986 0.700001666110598
987 0.700002106959384
988 0.700002580844885
989 0.700003087280612
990 0.700003625082973
991 0.700004192300988
992 0.700004786187003
993 0.700005403215264
994 0.700006039146782
995 0.700006689133844
996 0.70000734785477
997 0.700008009668509
998 0.70000866877882
999 0.700009319398683
1000 0.700009954805548
1001 0.700010566140684
1002 0.700011142334667
1003 0.700011670682372
1004 0.700012137732568
1005 0.700012530264554
1006 0.700012836204735
1007 0.700013045395519
1008 0.700013150172105
1009 0.700013145733234
1010 0.700013030312752
1011 0.700012805172177
1012 0.700012474442184
1013 0.700012044844489
1014 0.700011525326248
1015 0.700010926637531
1016 0.700010260879619
1017 0.700009541048166
1018 0.700008780591171
1019 0.700007992997534
1020 0.70000719142796
1021 0.70000638839617
1022 0.700005595505098
1023 0.700004823239813
1024 0.700004080816508
1025 0.700003376084954
1026 0.700002715480331
1027 0.700002104019275
1028 0.700001545334311
1029 0.700001041740433
1030 0.70000059432757
1031 0.700000203072763
1032 0.699999866966241
1033 0.699999584146017
1034 0.699999352036204
1035 0.699999167484844
1036 0.699999026897706
1037 0.699998926365126
1038 0.69999886177964
1039 0.699998828942705
1040 0.699998823659376
1041 0.699998841820303
1042 0.699998879470832
1043 0.69999893286737
1044 0.699998998521482
1045 0.699999073232413
1046 0.699999154108959
1047 0.69999923858169
1048 0.699999324406647
1049 0.699999409661674
1050 0.699999492736539
1051 0.699999572317984
1052 0.699999647370782
1053 0.699999717115824
1054 0.69999978100616
1055 0.699999838701836
1056 0.699999890044254
1057 0.6999999350307
1058 0.699999973789555
1059 0.700000006556646
1060 0.700000033653048
1061 0.700000055464621
1062 0.700000072423421
1063 0.700000084991134
1064 0.700000093644526
1065 0.700000098862942
1066 0.70000010111777
1067 0.7000001008638
1068 0.700000098532348
1069 0.700000094526011
1070 0.700000089214905
1071 0.700000082934217
1072 0.700000075982924
1073 0.700000068623489
1074 0.700000061082406
1075 0.700000053551426
1076 0.700000046189326
1077 0.700000039124095
1078 0.700000032455415
1079 0.70000002625734
1080 0.700000020581076
1081 0.700000015457778
1082 0.700000010901319
1083 0.700000006910955
1084 0.700000003473852
1085 0.700000000567449
1086 0.699999998161624
1087 0.699999996220656
1088 0.699999994704968
1089 0.69999999357266
1090 0.699999992780819
1091 0.699999992286633
1092 0.699999992048308
1093 0.699999992025798
1094 0.699999992181377
1095 0.699999992480057
1096 0.699999992889873
1097 0.699999993382053
1098 0.699999993931086
1099 0.699999994514709
1100 0.69999999511382
1101 0.699999995712345
1102 0.699999996297052
1103 0.699999996857339
1104 0.699999997385007
1105 0.699999997874007
1106 0.699999998320198
1107 0.699999998721099
1108 0.699999999075645
1109 0.699999999383966
1110 0.699999999647165
1111 0.699999999867129
1112 0.700000000046342
1113 0.700000000187733
1114 0.700000000294527
1115 0.700000000370129
1116 0.700000000418016
1117 0.700000000441654
1118 0.700000000444427
1119 0.700000000429582
1120 0.700000000400187
1121 0.700000000359107
1122 0.700000000308979
1123 0.700000000252204
1124 0.700000000190947
1125 0.700000000127138
1126 0.700000000062476
1127 0.699999999998446
1128 0.699999999936326
1129 0.699999999877206
1130 0.699999999821998
1131 0.699999999771457
1132 0.699999999726192
1133 0.699999999686682
1134 0.699999999653291
1135 0.699999999626277
1136 0.699999999605811
1137 0.699999999591982
1138 0.699999999584809
1139 0.699999999584251
1140 0.699999999590215
1141 0.699999999602563
1142 0.699999999621119
1143 0.699999999645676
1144 0.699999999676
1145 0.699999999711834
1146 0.699999999752905
1147 0.699999999798925
1148 0.699999999849595
1149 0.699999999904608
1150 0.699999999963651
1151 0.700000000026404
1152 0.700000000092545
1153 0.700000000161748
1154 0.700000000233683
1155 0.700000000308017
1156 0.700000000384411
1157 0.700000000462518
1158 0.700000000541985
1159 0.700000000622446
1160 0.700000000703521
1161 0.700000000784815
1162 0.700000000865914
1163 0.700000000946378
1164 0.700000001025746
1165 0.700000001103527
1166 0.700000001179199
1167 0.700000001252209
1168 0.700000001321971
1169 0.700000001387863
1170 0.70000000144923
1171 0.700000001505388
1172 0.700000001555619
1173 0.700000001599183
1174 0.700000001635322
1175 0.700000001663265
1176 0.700000001682244
1177 0.7000000016915
1178 0.700000001690306
1179 0.700000001677974
1180 0.700000001653886
1181 0.700000001617502
1182 0.700000001568394
1183 0.700000001506256
1184 0.700000001430934
1185 0.700000001342434
1186 0.700000001240945
1187 0.700000001126839
1188 0.700000001000684
1189 0.700000000863236
1190 0.700000000715438
1191 0.700000000558422
1192 0.700000000393505
1193 0.700000000222193
1194 0.700000000046177
1195 0.699999999867317
1196 0.699999999687624
1197 0.699999999509228
1198 0.699999999334337
1199 0.699999999165189
1200 0.699999999004
