1 2
2 2
3 2
4 2
5 2
6 2
7 2
8 2
9 2
10 2
11 2
12 2
13 2
14 2
15 2
16 2
17 2
18 2
19 2
20 2
21 2
22 2
23 2
24 2
25 2
26 2
27 2
28 2
29 2
30 2
31 2
32 2
33 2
34 2
35 2
36 2
37 2
38 2
39 2
40 2
41 2
42 2
43 2
44 2
45 2
46 2
47 2
48 2
49 2
50 2
51 2
52 2
53 2
54 2
55 2
56 2
57 2
58 2
59 2
60 2
61 2
62 2
63 2
64 2
65 2
66 2
67 2
68 2
69 2
70 2
71 2
72 2
73 2
74 2
75 2
76 2
77 2
78 2
79 2
80 2
81 2
82 2
83 2
84 2
85 2
86 2
87 2
88 2
89 2
90 2
91 2
92 2
93 2
94 2
95 2
96 2
97 2
98 2
99 2
100 2
101 2
102 2
103 2
104 2
105 2
106 2
107 2
108 2
109 2
110 2
111 2
112 2
113 2
114 2
115 2
116 2
117 2
118 2
119 2
120 2
121 2
122 2
123 2
124 2
125 2
126 2
127 2
128 2
129 2
130 2
131 2
132 2
133 2
134 2
135 2
136 2
137 2
138 2
139 2
140 2
141 2
142 2
143 2
144 2
145 2
146 2
147 2
148 2
149 2
150 2
151 2
152 2
153 2
154 2
155 2
156 2
157 2
158 2
159 2
160 2
161 2
162 2
163 2
164 2
165 2
166 2
167 2
168 2
169 2
170 2
171 2
172 2
173 2
174 2
175 2
176 2
177 2
178 2
179 2
180 2
181 2
182 2
183 2
184 2
185 2
186 2
187 2
188 2
189 2
190 2
191 2
192 2
193 2
194 2
195 2
196 2
197 2
198 2
199 2
200 2
201 2.04375528492624
202 2.08423020805551
203 2.12157861867687
204 2.15595329263021
205 2.18750545816456
206 2.21638432125396
207 2.24273660767715
208 2.2667061338307
209 2.28843341417592
210 2.30805531013627
211 2.32570472294226
212 2.34151033119438
213 2.35559637264673
214 2.36808246880152
215 2.37908349026466
216 2.38870946038321
217 2.39706549441672
218 2.40425177134725
219 2.41036353537846
220 2.41549112418787
221 2.41972002106135
222 2.42313092813988
223 2.42579985813543
224 2.42779824201675
225 2.42919305032039
226 2.43004692590235
227 2.43041832610772
228 2.43036167249654
229 2.42992750642153
230 2.42916264890642
231 2.42811036341992
232 2.42681052028085
233 2.42529976156227
234 2.42361166548775
235 2.42177690943039
236 2.4198234307345
237 2.41777658468232
238 2.41565929902214
239 2.41349222456168
240 2.41129388141072
241 2.4090808005303
242 2.40686766031295
243 2.40466741797912
244 2.40249143563045
245 2.40034960084974
246 2.39825044178249
247 2.39620123667436
248 2.39420811787428
249 2.39227617034411
250 2.39040952474304
251 2.38861144517837
252 2.38688441173518
253 2.38523019791412
254 2.38364994312174
255 2.3821442203693
256 2.38071309934612
257 2.37935620504069
258 2.37807277208891
259 2.3768616950325
260 2.37572157467319
261 2.37465076070929
262 2.37364739084125
263 2.37270942653144
264 2.37183468560138
265 2.37102087184645
266 2.3702656018447
267 2.36956642913194
268 2.36892086591045
269 2.36832640245369
270 2.36778052436346
271 2.36728072783065
272 2.36682453304417
273 2.36640949588696
274 2.36603321805142
275 2.36569335570052
276 2.36538762679434
277 2.36511381719589
278 2.36486978566341
279 2.36465346783075
280 2.364462879271
281 2.36429611773316
282 2.36415136463561
283 2.36402688589485
284 2.36392103216264
285 2.36383223853942
286 2.36375902382735
287 2.36369998938102
288 2.36365381760997
289 2.36361927018257
290 2.36359518597673
291 2.36358047881915
292 2.36357413505116
293 2.36357521095578
294 2.36358283007714
295 2.36359618046083
296 2.36361451184039
297 2.36363713279284
298 2.36366340788344
299 2.36369275481777
300 2.36372464161675
301 2.36375858382868
302 2.36379414179005
303 2.36383091794552
304 2.3638685542359
305 2.36390672956125
306 2.36394515732528
307 2.3639835830659
308 2.36402178217548
309 2.36405955771395
310 2.36409673831633
311 2.36413317619612
312 2.36416874524482
313 2.36420333922751
314 2.36423687007373
315 2.36426926626256
316 2.36430047130022
317 2.3643304422883
318 2.36435914858033
319 2.36438657052425
320 2.36441269828798
321 2.36443753076533
322 2.36446107455908
323 2.36448334303828
324 2.36450435546647
325 2.36452413619772
326 2.36454271393705
327 2.36456012106224
328 2.36457639300365
329 2.36459156767888
330 2.3646056849792
331 2.36461878630469
332 2.36463091414499
333 2.36464211170297
334 2.36465242255821
335 2.36466189036787
336 2.36467055860212
337 2.3646784703117
338 2.3646856679252
339 2.36469219307379
340 2.36469808644107
341 2.3647033889586
342 2.36470814142983
343 2.36471238420412
344 2.36471615689663
345 2.36471949815023
346 2.36472244543579
347 2.3647250348874
348 2.36472730116918
349 2.36472927737075
350 2.36473099492828
351 2.36473248356858
352 2.3647337712736
353 2.36473488426306
354 2.3647358469929
355 2.36473668216763
356 2.36473741076464
357 2.36473805206873
358 2.36473862371527
359 2.36473914174052
360 2.36473962063776
361 2.36474007341798
362 2.36474051167406
363 2.36474094564728
364 2.36474138429538
365 2.36474183536115
366 2.36474230544076
367 2.36474280005121
368 2.36474332369592
369 2.36474387992793
370 2.3647444714099
371 2.36474509997019
372 2.36474576665408
373 2.36474647176933
374 2.36474721492623
375 2.36474799507395
376 2.36474881053533
377 2.36474965904258
378 2.36475053777694
379 2.36475144341613
380 2.36475237219412
381 2.36475331997909
382 2.36475428237697
383 2.36475525484297
384 2.36475623277779
385 2.36475721160983
386 2.36475818686463
387 2.36475915422267
388 2.36476010956674
389 2.36476104901989
390 2.36476196897489
391 2.36476282774289
392 2.36476359157403
393 2.36476423380781
394 2.3647647340824
395 2.36476507760084
396 2.36476525445176
397 2.36476525898248
398 2.36476508922232
399 2.36476474635382
400 2.27725366437712
401 2.19630314282163
402 2.12160549102405
403 2.05285516669144
404 1.9897497238616
405 1.93199076198246
406 1.87928484149603
407 1.83134434198568
408 1.7878882470834
409 1.74864284650215
410 1.7133423501969
411 1.68172941311169
412 1.6535555715052
413 1.62858159367305
414 1.60657774916454
415 1.58732400145065
416 1.57061012953793
417 1.55623578431705
418 1.54401048554421
419 1.53375356532547
420 1.5252940638453
421 1.51847058287775
422 1.51313110236575
423 1.50913276506598
424 1.50634163394776
425 1.50463242671458
426 1.50388823149256
427 1.50400020740908
428 1.50486727346926
429 1.50639578883285
430 1.50849922730043
431 1.51109784853792
432 1.51411836830318
433 1.51749362968789
434 1.5211622771537
435 1.52506843492201
436 1.52916139107305
437 1.53339528852078
438 1.53772882385609
439 1.54212495489019
440 1.54655061758337
441 1.55097645291021
442 1.55537654409072
443 1.55972816450644
444 1.56401153652134
445 1.56820960133807
446 1.57230779994088
447 1.57629386510557
448 1.58015762439493
449 1.58389081400326
450 1.58748690326658
451 1.59094092961396
452 1.59424934370109
453 1.59740986443767
454 1.60042134359662
455 1.60328363967329
456 1.60599750064784
457 1.60856445529266
458 1.61098671265845
459 1.61326706936802
460 1.61540882434445
461 1.61741570060068
462 1.61929177371999
463 1.62104140666112
464 1.62266919052778
465 1.6241798909496
466 1.62557839973017
467 1.62686969142733
468 1.62805878454141
469 1.62915070699806
470 1.6301504656239
471 1.63106301932546
472 1.631893255694
473 1.63264597077122
474 1.63332585172371
475 1.63393746218627
476 1.6344852300469
477 1.63497343745863
478 1.63540621287537
479 1.63578752492113
480 1.6361211779134
481 1.63641080887287
482 1.63665988586273
483 1.63687170751137
484 1.63704940358233
485 1.63719593646556
486 1.63731410347303
487 1.63740653983107
488 1.63747572227012
489 1.63752397312086
490 1.63755346483343
491 1.63756622484356
492 1.63756414071651
493 1.63754896550621
494 1.63752232327289
495 1.63748571470838
496 1.63744052282356
497 1.63738801865735
498 1.6373293669714
499 1.63726563189862
500 1.63719778251826
501 1.63712669833316
502 1.63705317462888
503 1.63697792769706
504 1.63690159990839
505 1.6368247646232
506 1.63674793092992
507 1.6366715482039
508 1.63659601048097
509 1.63652166064188
510 1.63644879440535
511 1.63637766412875
512 1.63630848241678
513 1.63624142553949
514 1.63617663666216
515 1.63611422888995
516 1.63605428813145
517 1.63599687578557
518 1.63594203125661
519 1.6358897743032
520 1.63584010722661
521 1.63579301690465
522 1.63574847667722
523 1.63570644808997
524 1.63566688250249
525 1.63562972256749
526 1.63559490358746
527 1.63556235475517
528 1.63553200028457
529 1.63550376043804
530 1.63547755245643
531 1.63545329139759
532 1.63543089088939
533 1.63541026380281
534 1.63539132285049
535 1.63537398111599
536 1.63535815251886
537 1.63534375222024
538 1.63533069697367
539 1.63531890542537
540 1.63530829572357
541 1.63529878627063
542 1.63529029637524
543 1.63528274681276
544 1.63527606030157
545 1.63527016190257
546 1.63526497934896
547 1.63526044331264
548 1.6352564876135
549 1.63525304937735
550 1.6352500691479
551 1.63524749095778
552 1.63524526236351
553 1.63524333444857
554 1.63524166179884
555 1.63524020245405
556 1.6352389178388
557 1.63523777267628
558 1.63523673488774
559 1.63523577548023
560 1.6352348684253
561 1.63523399053072
562 1.63523312130744
563 1.63523224283356
564 1.6352313396172
565 1.63523039845976
566 1.6352294083212
567 1.63522836018879
568 1.63522724695076
569 1.63522606327626
570 1.63522480550336
571 1.63522347153645
572 1.63522206075524
573 1.63522057393467
574 1.63521901317214
575 1.63521738181798
576 1.63521568440409
577 1.63521392656452
578 1.63521211494065
579 1.63521025706165
580 1.63520836118846
581 1.63520643610684
582 1.63520449090428
583 1.63520253477757
584 1.63520057686839
585 1.63519862612445
586 1.63519669118384
587 1.63519478028022
588 1.63519290116703
589 1.63519106105844
590 1.63518934333204
591 1.63518781548758
592 1.63518653084624
593 1.63518553013192
594 1.6351848429389
595 1.63518448909034
596 1.63518447989202
597 1.63518481928575
598 1.63518550490692
599 1.63518652905075
600 1.63518787955166
601 1.63518954058041
602 1.63519149336359
603 1.63519371682982
604 1.63519618818733
605 1.63519888343718
606 1.63520177782651
607 1.63520484624608
608 1.6352080635761
609 1.63521140498441
610 1.63521484618082
611 1.63521836363127
612 1.63522193473534
613 1.63522553797044
614 1.6352291530059
615 1.63523276078994
616 1.63523634361237
617 1.63523988514567
618 1.63524337046697
619 1.63524678606321
620 1.63525011982169
621 1.63525336100798
622 1.63525650023305
623 1.63525952941131
624 1.63526244171111
625 1.63526523149906
626 1.63526789427964
627 1.63527042663095
628 1.63527282613797
629 1.63527509132397
630 1.63527722158116
631 1.63527921710104
632 1.6352810788053
633 1.63528280827777
634 1.63528440769775
635 1.63528587977539
636 1.63528722768914
637 1.6352884550259
638 1.63528956572368
639 1.63529056401738
640 1.63529145438743
641 1.63529224151164
642 1.63529293022014
643 1.63529352545358
644 1.63529403222441
645 1.63529445558135
646 1.63529480057694
647 1.63529507223803
648 1.63529527553923
649 1.63529541537917
650 1.63529549655941
651 1.63529552376597
652 1.63529550155328
653 1.63529543433044
654 1.63529532634962
655 1.6352951816966
656 1.63529500428308
657 1.63529479784086
658 1.63529456591757
659 1.63529431187396
660 1.6352940388825
661 1.63529374992727
662 1.63529344780491
663 1.63529313512667
664 1.63529281432122
665 1.63529248763839
666 1.63529215715349
667 1.63529182477229
668 1.63529149223642
669 1.63529116112933
670 1.63529083288246
671 1.63529050878174
672 1.63529018997433
673 1.63528987747542
674 1.6352895721752
675 1.63528927484585
676 1.63528898614848
677 1.63528870664011
678 1.63528843678045
679 1.63528817693871
680 1.63528792740013
681 1.63528768837244
682 1.63528745999204
683 1.63528724233011
684 1.63528703539833
685 1.63528683915451
686 1.63528665350789
687 1.63528647832423
688 1.63528631343063
689 1.63528615862012
690 1.63528601365596
691 1.63528587827569
692 1.63528575219495
693 1.63528563511101
694 1.63528552670609
695 1.63528542665046
696 1.63528533460519
697 1.63528525022484
698 1.6352851731598
699 1.6352851030585
700 1.63528503956933
701 1.63528498234251
702 1.63528493103159
703 1.63528488529495
704 1.63528484479705
705 1.6352848092095
706 1.63528477821204
707 1.63528475149338
708 1.63528472875186
709 1.63528470969607
710 1.63528469404526
711 1.63528468152978
712 1.63528467189126
713 1.63528466488287
714 1.63528466026939
715 1.63528465782727
716 1.63528465734457
717 1.6352846586209
718 1.63528466146729
719 1.63528466570597
720 1.6352846711702
721 1.63528467770397
722 1.63528468516173
723 1.6352846934081
724 1.63528470231751
725 1.63528471177384
726 1.63528472167009
727 1.63528473190801
728 1.63528474239766
729 1.6352847530571
730 1.63528476381196
731 1.63528477459505
732 1.63528478534604
733 1.63528479601104
734 1.63528480654222
735 1.63528481689753
736 1.63528482704025
737 1.6352848369387
738 1.63528484656592
739 1.63528485589929
740 1.63528486492024
741 1.63528487361396
742 1.63528488196905
743 1.63528488997731
744 1.63528489763339
745 1.63528490493458
746 1.63528491188052
747 1.635284918473
748 1.6352849247157
749 1.63528493061399
750 1.63528493617472
751 1.63528494140603
752 1.63528494631717
753 1.63528495091834
754 1.6352849552205
755 1.63528495923527
756 1.63528496297478
757 1.63528496645151
758 1.63528496967822
759 1.63528497266782
760 1.63528497543329
761 1.63528497798756
762 1.63528498034349
763 1.63528498251372
764 1.6352849845107
765 1.63528498634654
766 1.63528498803304
767 1.63528498958159
768 1.63528499100317
769 1.63528499230829
770 1.63528499350699
771 1.63528499460881
772 1.63528499562277
773 1.63528499655734
774 1.6352849974205
775 1.63528499821965
776 1.63528499896168
777 1.63528499965295
778 1.6352850002993
779 1.63528500090608
780 1.63528500147806
781 1.63528500201943
782 1.63528500253381
783 1.63528500302422
784 1.6352850034931
785 1.63528500394239
786 1.63528500437352
787 1.63528500478746
788 1.63528500518479
789 1.63528500556574
790 1.63528500593024
791 1.63528500627795
792 1.63528500660834
793 1.63528500692071
794 1.63528500721428
795 1.63528500748814
796 1.6352850077414
797 1.63528500797313
798 1.63528500818244
799 1.63528500836849
800 1.65716265099365
801 1.67740011269566
802 1.69607431811847
803 1.71326165518161
804 1.72903773800929
805 1.74347716958837
806 1.75665331280821
807 1.76863807586721
808 1.77950171599628
809 1.78931266390757
810 1.79813737021686
811 1.80604017422505
812 1.81308319480998
813 1.81932624272364
814 1.82482675326998
815 1.82963973812362
816 1.83381775491549
817 1.83741089313787
818 1.84046677489385
819 1.84303056902356
820 1.8451450171713
821 1.84685047040897
822 1.84818493509396
823 1.84918412671209
824 1.84988153053305
825 1.85030846798625
826 1.85049416774564
827 1.85046584059258
828 1.85024875720477
829 1.84986632809537
830 1.84934018499997
831 1.84869026307917
832 1.84793488337064
833 1.84709083498723
834 1.84617345661651
835 1.84519671693158
836 1.84417329357445
837 1.84311465042006
838 1.84203111287301
839 1.84093194098889
840 1.8398254002488
841 1.83871882984955
842 1.83761870840184
843 1.83653071695689
844 1.83545979930644
845 1.83441021952351
846 1.83338561673115
847 1.83238905710399
848 1.83142308312307
849 1.83048976011801
850 1.8295907201425
851 1.82872720323901
852 1.82790009615779
853 1.82710996860198
854 1.82635710707707
855 1.82564154642749
856 1.82496309914728
857 1.82432138255412
858 1.82371584391861
859 1.82314578364129
860 1.82261037657101
861 1.82210869155764
862 1.82163970933204
863 1.82120233880459
864 1.82079543187261
865 1.82041779682476
866 1.82006821042855
867 1.81974542878475
868 1.81944819702969
869 1.81917525796391
870 1.81892535968246
871 1.81869726227943
872 1.81848974369591
873 1.81830160477776
874 1.81813167360609
875 1.81797880916061
876 1.81784190437248
877 1.81771988862051
878 1.81761172972131
879 1.81751643546112
880 1.81743305471416
881 1.81736067818935
882 1.81729843884467
883 1.81724551200576
884 1.8172011152226
885 1.81716450789605
886 1.8171349907032
887 1.81711190484862
888 1.81709463116632
889 1.81708258909508
890 1.8170752355481
891 1.8170720636959
892 1.81707260167985
893 1.8170764112719
894 1.81708308649474
895 1.81709225221503
896 1.8171035627212
897 1.81711670029581
898 1.81713137379155
899 1.81714731721885
900 1.8171642883518
901 1.81718206735859
902 1.81720045546153
903 1.81721927363098
904 1.81723836131696
905 1.8172575752213
906 1.81727678811295
907 1.81729588768809
908 1.81731477547667
909 1.81733336579622
910 1.8173515847535
911 1.81736936929426
912 1.81738666630106
913 1.81740343173869
914 1.81741962984671
915 1.81743523237825
916 1.81745021788412
917 1.81746457104113
918 1.81747828202327
919 1.81749134591452
920 1.81750376216184
921 1.81751553406662
922 1.81752666831343
923 1.81753717453408
924 1.81754706490563
925 1.81755635378062
926 1.81756505734797
927 1.8175731933229
928 1.81758078066423
929 1.81758783931763
930 1.81759438998317
931 1.8176004539057
932 1.81760605268668
933 1.81761120811594
934 1.81761594202207
935 1.81762027614019
936 1.8176242319957
937 1.8176278308029
938 1.81763109337741
939 1.81763404006106
940 1.81763669131964
941 1.81763906755489
942 1.81764118894152
943 1.81764307528713
944 1.81764474591315
945 1.81764621955505
946 1.81764751427988
947 1.81764864741973
948 1.8176496355194
949 1.81765049429701
950 1.81765123861595
951 1.81765188246722
952 1.81765243896069
953 1.81765292032433
954 1.81765333791042
955 1.81765370220764
956 1.81765402285841
957 1.81765430868042
958 1.8176545676918
959 1.81765480713919
960 1.8176550335281
961 1.81765525265496
962 1.81765546964043
963 1.81765568896337
964 1.81765591449517
965 1.81765614953394
966 1.81765639683816
967 1.81765665865955
968 1.81765693677463
969 1.81765723251473
970 1.81765754679402
971 1.81765788013516
972 1.81765823269201
973 1.81765860426972
974 1.81765899434289
975 1.81765940207292
976 1.81765982632591
977 1.8176602656925
978 1.81766071851154
979 1.8176611829
980 1.81766165679199
981 1.81766213799047
982 1.81766262422303
983 1.81766311319003
984 1.81766360260566
985 1.8176640902327
986 1.81766457391138
987 1.8176650515831
988 1.81766552130938
989 1.8176659812866
990 1.81766641067034
991 1.81766679258567
992 1.81766711370234
993 1.81766736383943
994 1.81766753559846
995 1.81766762402373
996 1.81766762628893
997 1.8176675414087
998 1.8176673699743
999 1.81766711391206
1000 1.81766677626346
1001 1.81766636098592
1002 1.81766587277286
1003 1.8176653168922
1004 1.81766469904193
1005 1.81766402522183
1006 1.81766330162013
1007 1.81766253451415
1008 1.81766173018382
1009 1.81766089483714
1010 1.8176600345466
1011 1.81765915519567
1012 1.81765826243435
1013 1.8176573616432
1014 1.81765645790478
1015 1.81765555598191
1016 1.81765466030199
1017 1.81765377494677
1018 1.8176529036468
1019 1.81765204978019
1020 1.81765121637494
1021 1.8176504061145
1022 1.81764962134594
1023 1.81764886409048
1024 1.81764813605586
1025 1.81764743865025
1026 1.81764677299734
1027 1.81764613995245
1028 1.81764554011915
1029 1.81764497386646
1030 1.81764444134617
1031 1.81764394251025
1032 1.81764347712812
1033 1.81764304480369
1034 1.81764264499199
1035 1.81764227701537
1036 1.81764194007909
1037 1.81764163328632
1038 1.81764135565244
1039 1.81764110611866
1040 1.81764088356476
1041 1.81764068682123
1042 1.81764051468047
1043 1.81764036590725
1044 1.8176402392484
1045 1.81764013344172
1046 1.81764004722402
1047 1.81763997933857
1048 1.8176399285417
1049 1.81763989360874
1050 1.81763987333928
1051 1.81763986656182
1052 1.81763987213776
1053 1.81763988896485
1054 1.81763991598004
1055 1.81763995216191
1056 1.81763999653257
1057 1.8176400481591
1058 1.81764010615461
1059 1.81764016967896
1060 1.81764023793906
1061 1.81764031018894
1062 1.81764038572947
1063 1.81764046390789
1064 1.81764054411708
1065 1.81764062579463
1066 1.81764070842175
1067 1.81764079152205
1068 1.81764087466017
1069 1.81764095744029
1070 1.81764103950461
1071 1.81764112053169
1072 1.81764120023478
1073 1.81764127836014
1074 1.81764135468525
1075 1.81764142901713
1076 1.81764150119054
1077 1.81764157106625
1078 1.81764163852939
1079 1.8176417034877
1080 1.81764176586989
1081 1.81764182562407
1082 1.81764188271618
1083 1.81764193712846
1084 1.81764198885801
1085 1.81764203791541
1086 1.81764208432339
1087 1.81764212811552
1088 1.81764216933505
1089 1.81764220803375
1090 1.81764224427084
1091 1.81764227811193
1092 1.81764230962814
1093 1.81764233889517
1094 1.81764236599248
1095 1.81764239100251
1096 1.81764241401001
1097 1.81764243510136
1098 1.81764245436395
1099 1.8176424718857
1100 1.81764248775452
1101 1.81764250205785
1102 1.81764251488231
1103 1.81764252631332
1104 1.81764253643476
1105 1.81764254532873
1106 1.8176425530753
1107 1.8176425597523
1108 1.81764256543513
1109 1.81764257019666
1110 1.81764257410706
1111 1.81764257723376
1112 1.81764257964133
1113 1.81764258139149
1114 1.81764258254304
1115 1.81764258315187
1116 1.81764258327096
1117 1.81764258295039
1118 1.81764258223742
1119 1.81764258117647
1120 1.81764257980924
1121 1.81764257817471
1122 1.81764257630928
1123 1.81764257424678
1124 1.81764257201861
1125 1.81764256965379
1126 1.81764256717905
1127 1.81764256461898
1128 1.81764256199604
1129 1.81764255933071
1130 1.81764255664159
1131 1.81764255394546
1132 1.81764255125742
1133 1.81764254859092
1134 1.81764254595791
1135 1.81764254336892
1136 1.81764254083312
1137 1.81764253835841
1138 1.81764253595155
1139 1.81764253361818
1140 1.81764253136294
1141 1.81764252918953
1142 1.8176425271008
1143 1.8176425250988
1144 1.81764252318487
1145 1.81764252135966
1146 1.81764251962329
1147 1.81764251797529
1148 1.81764251641474
1149 1.81764251494031
1150 1.81764251355027
1151 1.81764251224259
1152 1.81764251101496
1153 1.81764250986483
1154 1.81764250878945
1155 1.81764250778592
1156 1.8176425068512
1157 1.81764250598218
1158 1.81764250517566
1159 1.81764250442841
1160 1.8176425037372
1161 1.81764250309878
1162 1.81764250250995
1163 1.81764250196753
1164 1.81764250146843
1165 1.8176425010096
1166 1.8176425005881
1167 1.81764250020109
1168 1.81764249984582
1169 1.81764249951965
1170 1.81764249922009
1171 1.81764249894474
1172 1.81764249869135
1173 1.81764249845781
1174 1.81764249824211
1175 1.81764249804241
1176 1.81764249785699
1177 1.81764249768425
1178 1.81764249752273
1179 1.81764249737111
1180 1.81764249722818
1181 1.8176424970929
1182 1.81764249696436
1183 1.81764249684181
1184 1.81764249672464
1185 1.81764249661237
1186 1.81764249650463
1187 1.81764249640119
1188 1.8176424963019
1189 1.8176424962067
1190 1.81764249611561
1191 1.81764249602871
1192 1.81764249594615
1193 1.81764249586808
1194 1.81764249579471
1195 1.81764249572627
1196 1.81764249566298
1197 1.81764249560507
1198 1.81764249555276
1199 1.81764249550627
1200 1.81764249546577
