1 2
2 2
3 2
4 2
5 2
6 2
7 2
8 2
9 2
10 2
11 2
12 2
13 2
14 2
15 2
16 2
17 2
18 2
19 2
20 2
21 2
22 2
23 2
24 2
25 2
26 2
27 2
28 2
29 2
30 2
31 2
32 2
33 2
34 2
35 2
36 2
37 2
38 2
39 2
40 2
41 2
42 2
43 2
44 2
45 2
46 2
47 2
48 2
49 2
50 2
51 2
52 2
53 2
54 2
55 2
56 2
57 2
58 2
59 2
60 2
61 2
62 2
63 2
64 2
65 2
66 2
67 2
68 2
69 2
70 2
71 2
72 2
73 2
74 2
75 2
76 2
77 2
78 2
79 2
80 2
81 2
82 2
83 2
84 2
85 2
86 2
87 2
88 2
89 2
90 2
91 2
92 2
93 2
94 2
95 2
96 2
97 2
98 2
99 2
100 2
101 2
102 2
103 2
104 2
105 2
106 2
107 2
108 2
109 2
110 2
111 2
112 2
113 2
114 2
115 2
116 2
117 2
118 2
119 2
120 2
121 2
122 2
123 2
124 2
125 2
126 2
127 2
128 2
129 2
130 2
131 2
132 2
133 2
134 2
135 2
136 2
137 2
138 2
139 2
140 2
141 2
142 2
143 2
144 2
145 2
146 2
147 2
148 2
149 2
150 2
151 2
152 2
153 2
154 2
155 2
156 2
157 2
158 2
159 2
160 2
161 2
162 2
163 2
164 2
165 2
166 2
167 2
168 2
169 2
170 2
171 2
172 2
173 2
174 2
175 2
176 2
177 2
178 2
179 2
180 2
181 2
182 2
183 2
184 2
185 2
186 2
187 2
188 2
189 2
190 2
191 2
192 2
193 2
194 2
195 2
196 2
197 2
198 2
199 2
200 2
201 2.01443688937748
202 2.02868076078591
203 2.04271736091962
204 2.05653330240473
205 2.07011612338252
206 2.08345432280826
207 2.0965373770471
208 2.10935574211979
209 2.12190084499444
210 2.13416506657451
211 2.14614171845248
212 2.15782501504515
213 2.16921004237329
214 2.18029272447255
215 2.191069788207
216 2.2015387270885
217 2.21169776457357
218 2.22154581720608
219 2.23108245789362
220 2.24030787954183
221 2.24922285922114
222 2.25782872300106
223 2.26612731155622
224 2.27412094662369
225 2.28181239837152
226 2.28920485372323
227 2.29630188567002
228 2.3031074235929
229 2.30962572460852
230 2.31586134594636
231 2.32181911835897
232 2.32750412056315
233 2.3329216547061
234 2.3380772228474
235 2.34297650444553
236 2.34762533483533
237 2.35202968468104
238 2.35619564038822
239 2.3601293854565
240 2.36383718275403
241 2.3673253576938
242 2.37060028229103
243 2.37366836008045
244 2.37653601187152
245 2.37920966231953
246 2.38169572729
247 2.38400060199363
248 2.38613064986881
249 2.38809219218876
250 2.38989149837015
251 2.39153477696002
252 2.39302816727825
253 2.39437773169223
254 2.39558944850141
255 2.39666920540864
256 2.39762279355626
257 2.39845590210456
258 2.39917411333082
259 2.39978289822729
260 2.40028761257677
261 2.40069349348507
262 2.40100565634956
263 2.40122909224373
264 2.40136866569804
265 2.4014291128576
266 2.40141503999774
267 2.40133092237914
268 2.4011811034242
269 2.40096979419735
270 2.40070107317187
271 2.40037888626687
272 2.40000704713799
273 2.39958923770626
274 2.39912900890978
275 2.39862978166357
276 2.39809484801324
277 2.39752737246871
278 2.39693039350464
279 2.39630682521474
280 2.39565945910757
281 2.39499096603193
282 2.39430389822034
283 2.39360069143971
284 2.39288366723848
285 2.39215503528038
286 2.39141689575486
287 2.39067124185516
288 2.38991996231512
289 2.38916484399628
290 2.38840757451737
291 2.38764974491852
292 2.38689285235296
293 2.38613830279943
294 2.38538741378873
295 2.38464141713842
296 2.3839014616898
297 2.38316861604177
298 2.38244387127659
299 2.38172814367248
300 2.38102227739901
301 2.38032704719067
302 2.37964316099512
303 2.37897126259225
304 2.37831193418097
305 2.37766569893039
306 2.37703302349286
307 2.37641432047611
308 2.37580995087221
309 2.37522022644124
310 2.37464541204783
311 2.3740857279487
312 2.37354135202992
313 2.37301242199239
314 2.37249903748456
315 2.37200126218125
316 2.37151912580796
317 2.37105262610987
318 2.37060173076507
319 2.37016637924174
320 2.36974648459884
321 2.36934193523044
322 2.36895259655349
323 2.36857831263931
324 2.36821890778881
325 2.36787418805198
326 2.36754394269188
327 2.36722794559369
328 2.36692595661929
329 2.36663772290822
330 2.36636298012535
331 2.36610145365647
332 2.36585285975214
333 2.36561690662112
334 2.36539329547389
335 2.36518172151753
336 2.36498187490272
337 2.36479344162406
338 2.36461610437456
339 2.36444954335568
340 2.36429343704364
341 2.36414746291347
342 2.36401129812166
343 2.3638846201488
344 2.36376710740311
345 2.36365843978625
346 2.36355829922241
347 2.36346637015196
348 2.36338233999075
349 2.36330589955621
350 2.36323674346154
351 2.36317457047895
352 2.36311908387325
353 2.36306999170676
354 2.36302700711691
355 2.36298984856727
356 2.36295824007349
357 2.36293191140491
358 2.36291059826308
359 2.36289404243815
360 2.36288199194416
361 2.36287420113422
362 2.36287043079666
363 2.36287044823285
364 2.36287402731795
365 2.36288094854527
366 2.36289099958729
367 2.36290397523773
368 2.3629196773418
369 2.36293791471586
370 2.36295850305715
371 2.36298126484462
372 2.36300602923171
373 2.36303263193211
374 2.36306091509949
375 2.36309072720217
376 2.36312192289411
377 2.36315436288333
378 2.36318791379944
379 2.363222448062
380 2.36325784375181
381 2.36329398448772
382 2.36333075931216
383 2.36336806258045
384 2.36340579384665
385 2.36344385774642
386 2.36348216387722
387 2.36352062667637
388 2.36355916529709
389 2.36359770348313
390 2.36363616944212
391 2.36367449154057
392 2.36371260266936
393 2.36375044010734
394 2.36378794538455
395 2.3638250641454
396 2.36386174601198
397 2.36389794444779
398 2.36393361662201
399 2.36396872327454
400 2.33512944982718
401 2.30667557845386
402 2.27863558641954
403 2.25103622216845
404 2.22390238602938
405 2.19725705949163
406 2.17112127188897
407 2.14551409578595
408 2.12045266427454
409 2.09595220488037
410 2.07202608594025
411 2.04868587221881
412 2.02594138723901
413 2.00380078035288
414 1.98227059700958
415 1.96135585101455
416 1.94106009783654
417 1.9213855082257
418 1.90233294156716
419 1.88390201852163
420 1.86609119260395
421 1.84889782042942
422 1.83231823041952
423 1.81634778980802
424 1.80098096982721
425 1.78621140898536
426 1.77203197437145
427 1.75843482094277
428 1.74541144876784
429 1.73295275820959
430 1.72104910304477
431 1.70969034152431
432 1.69886588538636
433 1.68856474684013
434 1.67877558354313
435 1.66948674159913
436 1.6606862966072
437 1.6523620927954
438 1.64450178027519
439 1.63709285045444
440 1.63012266964915
441 1.62357851093492
442 1.61744758428094
443 1.61171706500984
444 1.60637412062785
445 1.6014059360703
446 1.59679973740778
447 1.59254281405882
448 1.58862253955526
449 1.5850263909061
450 1.58174196660633
451 1.57875700333639
452 1.57605939139836
453 1.57363718893415
454 1.57147863497115
455 1.56957216133986
456 1.56790640350791
457 1.56647021037417
458 1.56525265306613
459 1.56424303278291
460 1.5634308877259
461 1.5628059991579
462 1.56235839663125
463 1.56207836242428
464 1.5619564352249
465 1.5619834130991
466 1.56215035578124
467 1.56244858632234
468 1.56286969213134
469 1.56340552544367
470 1.56404820325039
471 1.56479010672012
472 1.56562388014536
473 1.56654242944342
474 1.56753892024155
475 1.56860677557479
476 1.56973967322406
477 1.5709315427211
478 1.57217656204599
479 1.57346915404191
480 1.574803982571
481 1.57617594843418
482 1.57758018507681
483 1.57901205410148
484 1.58046714060788
485 1.58194124837917
486 1.58343039493339
487 1.58493080645736
488 1.58643891263997
489 1.58795134142089
490 1.58946491366973
491 1.59097663781023
492 1.5924837044031
493 1.5939834807004
494 1.59547350518373
495 1.59695148209768
496 1.59841527598951
497 1.59986290626502
498 1.60129254177044
499 1.60270249540895
500 1.60409121880041
501 1.60545729699186
502 1.60679944322615
503 1.6081164937751
504 1.60940740284357
505 1.61067123754984
506 1.61190717298759
507 1.61311448737407
508 1.61429255728869
509 1.61544085300585
510 1.61655893392539
511 1.61764644410366
512 1.61870310788784
513 1.61972872565578
514 1.62072316966324
515 1.62168638000026
516 1.62261836065777
517 1.62351917570572
518 1.62438894558314
519 1.62522784350085
520 1.62603609195702
521 1.62681395936542
522 1.62756175679631
523 1.62827983482946
524 1.62896858051874
525 1.62962841446737
526 1.63025978801305
527 1.63086318052167
528 1.63143909678845
529 1.63198806454512
530 1.63251063207155
531 1.63300736591031
532 1.63347884868228
533 1.63392567700175
534 1.63434845948876
535 1.63474781487702
536 1.63512437021522
537 1.63547875915958
538 1.63581162035563
539 1.63612359590689
540 1.63641532992834
541 1.63668746718225
542 1.6369406517943
543 1.63717552604748
544 1.63739272925158
545 1.6375928966859
546 1.63777665861284
547 1.63794463936007
548 1.63809745646895
549 1.63823571990687
550 1.63836003134127
551 1.63847098347297
552 1.63856915942667
553 1.63865513219629
554 1.63872946414298
555 1.63879270654368
556 1.63884539918794
557 1.63888807002112
558 1.63892123483164
559 1.63894539698044
560 1.63896104717061
561 1.63896866325516
562 1.63896871008113
563 1.63896163936809
564 1.63894788961929
565 1.63892788499933
566 1.63890203544996
567 1.6388707368292
568 1.63883437107189
569 1.6387933063699
570 1.63874789737019
571 1.63869848538888
572 1.63864539863946
573 1.63858895247296
574 1.63852944962821
575 1.63846718048959
576 1.63840242334969
577 1.63833544467388
578 1.63826649936327
579 1.63819583101163
580 1.63812367215138
581 1.6380502444821
582 1.63797575909155
583 1.63790041668348
584 1.63782440781153
585 1.63774791311831
586 1.63767110357903
587 1.6375941407488
588 1.63751717701309
589 1.63744035584054
590 1.63736382039259
591 1.637287704792
592 1.63721213439535
593 1.63713722606615
594 1.63706308844806
595 1.63698982223788
596 1.63691752045775
597 1.63684626872622
598 1.63677614552772
599 1.63670722248002
600 1.63663956459935
601 1.63657323056275
602 1.63650827296742
603 1.63644473858659
604 1.63638266862176
605 1.636322098951
606 1.63626306037301
607 1.63620557884675
608 1.63614967572646
609 1.63609536799185
610 1.63604266847323
611 1.63599158607163
612 1.63594212597351
613 1.63589428986021
614 1.63584807611182
615 1.63580348000562
616 1.63576049390877
617 1.63571910746547
618 1.63567930777829
619 1.63564107958395
620 1.63560440542317
621 1.63556926580501
622 1.63553563936533
623 1.63550350301967
624 1.63547283211047
625 1.63544360054863
626 1.63541578094961
627 1.63538934476393
628 1.63536426240236
629 1.63534050335566
630 1.63531803630913
631 1.63529682925193
632 1.63527684958131
633 1.63525806420187
634 1.63524043961988
635 1.63522394203286
636 1.63520853741444
637 1.63519419159464
638 1.6351808703357
639 1.63516853940355
640 1.63515716463507
641 1.6351467120012
642 1.63513714766608
643 1.63512843804228
644 1.63512054984234
645 1.63511345012659
646 1.63510710634755
647 1.63510148639081
648 1.63509655861276
649 1.63509229187511
650 1.63508865557634
651 1.63508561968032
652 1.63508315474203
653 1.63508123193066
654 1.6350798230501
655 1.63507890055699
656 1.6350784375764
657 1.63507840791529
658 1.63507878607378
659 1.63507954725447
660 1.63508066736973
661 1.63508212304726
662 1.63508389163381
663 1.63508595119734
664 1.63508828052764
665 1.63509085913539
666 1.63509366724998
667 1.63509668581596
668 1.63509989648833
669 1.63510328162669
670 1.63510682428838
671 1.63511050822059
672 1.63511431785164
673 1.63511823828142
674 1.63512225527102
675 1.63512635523175
676 1.63513052521349
677 1.63513475289246
678 1.63513902655847
679 1.63514333510179
680 1.63514766799951
681 1.63515201530164
682 1.63515636761682
683 1.63516071609789
684 1.63516505242707
685 1.63516936880116
686 1.6351736579165
687 1.63517791295378
688 1.63518212756298
689 1.63518629584806
690 1.6351904123518
691 1.63519447204064
692 1.63519847028958
693 1.63520240286713
694 1.63520626592043
695 1.63521005596047
696 1.63521376984751
697 1.63521740477658
698 1.63522095826331
699 1.63522442812984
700 1.63522781249103
701 1.63523110974092
702 1.63523431853937
703 1.63523743779905
704 1.63524046667261
705 1.63524340454025
706 1.63524625099747
707 1.63524900584314
708 1.63525166906798
709 1.63525424084315
710 1.63525672150937
711 1.63525911156617
712 1.63526141166159
713 1.63526362258211
714 1.63526574524296
715 1.63526778067872
716 1.63526973003424
717 1.6352715945559
718 1.63527337558316
719 1.63527507454044
720 1.63527669292932
721 1.63527823232103
722 1.63527969434924
723 1.63528108070322
724 1.63528239312116
725 1.63528363338397
726 1.63528480330917
727 1.63528590474523
728 1.63528693956606
729 1.6352879096659
730 1.6352888169543
731 1.63528966335158
732 1.63529045078434
733 1.63529118118134
734 1.63529185646959
735 1.63529247857065
736 1.6352930493972
737 1.63529357084979
738 1.63529404481383
739 1.63529447315678
740 1.63529485772556
741 1.63529520034409
742 1.63529550281111
743 1.63529576689812
744 1.63529599434749
745 1.63529618687077
746 1.63529634614717
747 1.63529647382212
748 1.63529657150608
749 1.63529664077341
750 1.63529668316143
751 1.63529670016956
752 1.63529669325864
753 1.63529666385033
754 1.63529661332661
755 1.63529654302943
756 1.63529645426045
757 1.63529634828081
758 1.63529622631112
759 1.63529608953139
760 1.63529593908116
761 1.63529577605963
762 1.63529560152588
763 1.63529541649918
764 1.63529522195932
765 1.63529501884705
766 1.63529480806449
767 1.63529459047569
768 1.63529436690716
769 1.63529413814845
770 1.63529390495281
771 1.63529366803785
772 1.6352934280862
773 1.63529318574629
774 1.63529294163305
775 1.63529269632872
776 1.63529245038359
777 1.63529220431683
778 1.63529195861732
779 1.63529171374446
780 1.63529147012899
781 1.63529122817387
782 1.6352909882551
783 1.63529075072256
784 1.63529051590089
785 1.63529028409032
786 1.63529005556753
787 1.63528983058647
788 1.63528960937924
789 1.63528939215687
790 1.6352891791102
791 1.63528897041064
792 1.63528876621104
793 1.63528856664641
794 1.63528837183477
795 1.63528818187788
796 1.63528799686201
797 1.63528781685867
798 1.63528764192538
799 1.6352874721063
800 1.64250575212178
801 1.64962752831817
802 1.65664567405102
803 1.66355349563115
804 1.67034476211695
805 1.67701372296443
806 1.68355511632576
807 1.6899641701727
808 1.69623659794302
809 1.70236859003508
810 1.70835680218514
811 1.71419834153554
812 1.71989075102503
813 1.72543199259464
814 1.73082042959496
815 1.73605480869624
816 1.74113424153721
817 1.74605818629687
818 1.75082642933304
819 1.7554390669999
820 1.75989648773168
821 1.76419935446018
822 1.7683485874181
823 1.77234534736796
824 1.77619101928672
825 1.77988719652828
826 1.7834356654798
827 1.78683839072305
828 1.79009750070758
829 1.79321527393946
830 1.79619412568668
831 1.79903659519987
832 1.80174533344559
833 1.80432309134748
834 1.80677270852968
835 1.80909710255569
836 1.81129925865502
837 1.81338221992931
838 1.81534907802877
839 1.81720296428954
840 1.81894704132194
841 1.82058449503925
842 1.82211852711639
843 1.82355234786766
844 1.82488916953232
845 1.82613219995684
846 1.8272846366624
847 1.82834966128625
848 1.82933043438522
849 1.83023009059014
850 1.83105173409928
851 1.83179843449959
852 1.83247322290409
853 1.83307908839406
854 1.83361897475483
855 1.83409577749372
856 1.83451234112931
857 1.83487145674093
858 1.83517585976764
859 1.835428228046
860 1.83563118007626
861 1.83578727350664
862 1.83589900382556
863 1.83596880325203
864 1.83599903981446
865 1.83599201660844
866 1.8359499712242
867 1.83587507533483
868 1.83576943443633
869 1.83563508773103
870 1.835474008146
871 1.83528810247839
872 1.83507921165975
873 1.83484911113192
874 1.83459951132681
875 1.83433205824326
876 1.83404833411381
877 1.83374985815491
878 1.83343808739396
879 1.83311441756722
880 1.83278018408246
881 1.83243666304059
882 1.832085072311
883 1.8317265726551
884 1.83136226889309
885 1.83099321110916
886 1.83062039589051
887 1.83024476759565
888 1.82986721964795
889 1.82948859585033
890 1.82910969171731
891 1.82873125582083
892 1.82835399114641
893 1.82797855645637
894 1.82760556765716
895 1.82723559916782
896 1.82686918528684
897 1.82650682155501
898 1.82614896611171
899 1.82579604104254
900 1.82544843371608
901 1.82510649810799
902 1.82477055611051
903 1.82444089882579
904 1.82411778784151
905 1.82380145648729
906 1.82349211107082
907 1.82318993209224
908 1.82289507543601
909 1.82260767353908
910 1.82232783653471
911 1.82205565337105
912 1.82179119290384
913 1.82153450496275
914 1.8212856213908
915 1.82104455705648
916 1.8208113108382
917 1.82058586658096
918 1.82036819402483
919 1.82015824970536
920 1.81995597782568
921 1.81976131110041
922 1.81957417157134
923 1.81939447139507
924 1.81922211360273
925 1.81905699283196
926 1.81889899603143
927 1.81874800313811
928 1.81860388772776
929 1.81846651763874
930 1.81833575556978
931 1.81821145965195
932 1.81809348399532
933 1.81798167921073
934 1.81787589290724
935 1.81777597016559
936 1.81768175398838
937 1.81759308572733
938 1.81750980548822
939 1.81743175251415
940 1.81735876554746
941 1.81729068317114
942 1.81722734413007
943 1.81716858763284
944 1.81711425363463
945 1.81706418310176
946 1.81701821825851
947 1.81697620281674
948 1.81693798218903
949 1.81690340368568
950 1.81687231669635
951 1.81684457285691
952 1.81682002620184
953 1.81679853330304
954 1.81677995339538
955 1.81676414848961
956 1.81675098347323
957 1.81674032619972
958 1.81673204756673
959 1.81672602158375
960 1.8167221254297
961 1.81672023950095
962 1.81672024745035
963 1.81672203621748
964 1.81672549605091
965 1.81673052078869
966 1.8167370078294
967 1.81674485809724
968 1.81675397600193
969 1.81676426939349
970 1.81677564951274
971 1.81678803093765
972 1.81680133152622
973 1.81681547235635
974 1.81683037766323
975 1.81684597477475
976 1.81686219404576
977 1.81687896879185
978 1.81689623522351
979 1.81691393238179
980 1.81693200207668
981 1.81695038882992
982 1.81696903981964
983 1.81698790482327
984 1.81700693615899
985 1.81702608862583
986 1.81704531944271
987 1.81706458818645
988 1.81708385672908
989 1.81710308917454
990 1.81712224970616
991 1.81714130476945
992 1.81716022300383
993 1.81717897517429
994 1.81719753410299
995 1.81721587460091
996 1.81723397339966
997 1.81725180908372
998 1.81726936202287
999 1.81728661430531
1000 1.81730354967129
1001 1.81732015344737
1002 1.81733641248158
1003 1.81735231507933
1004 1.81736785094027
1005 1.81738301109616
1006 1.81739778784974
1007 1.8174121747148
1008 1.8174261663573
1009 1.81743975853782
1010 1.81745294805513
1011 1.81746573269117
1012 1.81747811115726
1013 1.8174900830417
1014 1.81750164875875
1015 1.81751280949895
1016 1.81752356718089
1017 1.81753392440439
1018 1.81754388440509
1019 1.8175534510105
1020 1.81756262859742
1021 1.81757142205092
1022 1.81757983672456
1023 1.81758787840223
1024 1.81759555326125
1025 1.81760286783697
1026 1.81760982898872
1027 1.81761644386711
1028 1.81762271988275
1029 1.81762866467626
1030 1.8176342860896
1031 1.81763959213875
1032 1.8176445909876
1033 1.8176492909231
1034 1.8176537003317
1035 1.8176578276769
1036 1.81766168147803
1037 1.81766527029018
1038 1.8176686026852
1039 1.81767168723382
1040 1.81767453248884
1041 1.81767714696934
1042 1.81767953914587
1043 1.81768171742664
1044 1.81768369014462
1045 1.8176854655456
1046 1.81768705177705
1047 1.81768845687791
1048 1.81768968876918
1049 1.81769075524523
1050 1.81769166396598
1051 1.81769242244972
1052 1.81769303806669
1053 1.81769351803329
1054 1.81769386940698
1055 1.81769409908173
1056 1.81769421378414
1057 1.81769422007007
1058 1.81769412432178
1059 1.81769393274566
1060 1.81769365137038
1061 1.81769328604551
1062 1.81769284244058
1063 1.81769232604457
1064 1.81769174216574
1065 1.81769109593185
1066 1.81769039229077
1067 1.8176896360113
1068 1.81768883168441
1069 1.81768798372467
1070 1.81768709637198
1071 1.81768617369358
1072 1.81768521958616
1073 1.81768423777834
1074 1.81768323183322
1075 1.81768220515115
1076 1.81768116097261
1077 1.81768010238134
1078 1.81767903230746
1079 1.81767795353084
1080 1.81767686868443
1081 1.8176757802578
1082 1.81767469060069
1083 1.81767360192665
1084 1.81767251631671
1085 1.81767143572313
1086 1.81767036197315
1087 1.81766929677276
1088 1.81766824171053
1089 1.81766719826138
1090 1.81766616779045
1091 1.81766515155681
1092 1.81766415071731
1093 1.81766316633032
1094 1.81766219935943
1095 1.81766125067721
1096 1.81766032106881
1097 1.81765941123559
1098 1.81765852179871
1099 1.81765765330262
1100 1.81765680621851
1101 1.81765598094772
1102 1.81765517782508
1103 1.81765439712214
1104 1.81765363905042
1105 1.8176529037645
1106 1.8176521913651
1107 1.81765150190202
1108 1.81765083537711
1109 1.81765019174703
1110 1.81764957092604
1111 1.81764897278867
1112 1.81764839717229
1113 1.81764784387963
1114 1.81764731268122
1115 1.81764680331774
1116 1.81764631550227
1117 1.81764584892251
1118 1.81764540324286
1119 1.8176449781065
1120 1.81764457313728
1121 1.81764418794166
1122 1.81764382211045
1123 1.81764347522061
1124 1.81764314683683
1125 1.81764283651312
1126 1.81764254379437
1127 1.81764226821771
1128 1.81764200931391
1129 1.8176417666087
1130 1.81764153962395
1131 1.81764132787887
1132 1.81764113089111
1133 1.81764094817776
1134 1.81764077925639
1135 1.81764062364594
1136 1.81764048086757
1137 1.81764035044549
1138 1.81764023190771
1139 1.81764012478674
1140 1.81764002862025
1141 1.81763994295165
1142 1.81763986733068
1143 1.8176398013139
1144 1.81763974446517
1145 1.81763969635606
1146 1.81763965656626
1147 1.81763962468389
1148 1.81763960030587
1149 1.81763958303812
1150 1.81763957249586
1151 1.81763956830379
1152 1.81763957009628
1153 1.81763957751752
1154 1.81763959022159
1155 1.81763960787265
1156 1.81763963014491
1157 1.81763965672274
1158 1.81763968730066
1159 1.81763972158334
1160 1.81763975928559
1161 1.81763980013232
1162 1.81763984385849
1163 1.81763989020902
1164 1.8176399389387
1165 1.81763998981213
1166 1.81764004260353
1167 1.81764009709669
1168 1.81764015308477
1169 1.81764021037022
1170 1.81764026876453
1171 1.81764032808814
1172 1.81764038817023
1173 1.81764044884856
1174 1.81764050996925
1175 1.81764057138663
1176 1.81764063296301
1177 1.81764069456848
1178 1.81764075608074
1179 1.81764081738484
1180 1.81764087837302
1181 1.81764093894447
1182 1.81764099900511
1183 1.81764105846743
1184 1.81764111725021
1185 1.81764117527835
1186 1.81764123248265
1187 1.81764128879957
1188 1.81764134417108
1189 1.81764139854439
1190 1.81764145187177
1191 1.81764150411037
1192 1.81764155522196
1193 1.8176416051728
1194 1.81764165393336
1195 1.81764170147824
1196 1.81764174778585
1197 1.81764179283834
1198 1.81764183662135
1199 1.81764187912385
1200 1.81764192033797
