1 2
2 2
3 2
4 2
5 2
6 2
7 2
8 2
9 2
10 2
11 2
12 2
13 2
14 2
15 2
16 2
17 2
18 2
19 2
20 2
21 2
22 2
23 2
24 2
25 2
26 2
27 2
28 2
29 2
30 2
31 2
32 2
33 2
34 2
35 2
36 2
37 2
38 2
39 2
40 2
41 2
42 2
43 2
44 2
45 2
46 2
47 2
48 2
49 2
50 2
51 2
52 2
53 2
54 2
55 2
56 2
57 2
58 2
59 2
60 2
61 2
62 2
63 2
64 2
65 2
66 2
67 2
68 2
69 2
70 2
71 2
72 2
73 2
74 2
75 2
76 2
77 2
78 2
79 2
80 2
81 2
82 2
83 2
84 2
85 2
86 2
87 2
88 2
89 2
90 2
91 2
92 2
93 2
94 2
95 2
96 2
97 2
98 2
99 2
100 2
101 2
102 2
103 2
104 2
105 2
106 2
107 2
108 2
109 2
110 2
111 2
112 2
113 2
114 2
115 2
116 2
117 2
118 2
119 2
120 2
121 2
122 2
123 2
124 2
125 2
126 2
127 2
128 2
129 2
130 2
131 2
132 2
133 2
134 2
135 2
136 2
137 2
138 2
139 2
140 2
141 2
142 2
143 2
144 2
145 2
146 2
147 2
148 2
149 2
150 2
151 2
152 2
153 2
154 2
155 2
156 2
157 2
158 2
159 2
160 2
161 2
162 2
163 2
164 2
165 2
166 2
167 2
168 2
169 2
170 2
171 2
172 2
173 2
174 2
175 2
176 2
177 2
178 2
179 2
180 2
181 2
182 2
183 2
184 2
185 2
186 2
187 2
188 2
189 2
190 2
191 2
192 2
193 2
194 2
195 2
196 2
197 2
198 2
199 2
200 2
201 2.25
202 2.5
203 2.75
204 2.8
205 2.8
206 2.8
207 2.8
208 2.8
209 2.8
210 2.8
211 2.8
212 2.8
213 2.7590684488321
214 2.69050189632955
215 2.61049489959685
216 2.53057444568769
217 2.4583043143519
218 2.3980232234677
219 2.3515701845426
220 2.31895858673715
221 2.29897132318778
222 2.2896604929209
223 2.288745406023
224 2.29391098185571
225 2.30301482896525
226 2.31421533345346
227 2.32603517766298
228 2.33737520148365
229 2.34749279151416
230 2.3559574228232
231 2.36259393110586
232 2.36742184971482
233 2.37059693118524
234 2.3723589459629
235 2.37298811186502
236 2.37277110542928
237 2.37197654971354
238 2.37083914196956
239 2.36955113934265
240 2.36825971117054
241 2.36706863880624
242 2.36604294606814
243 2.36521522857026
244 2.36459267882715
245 2.36416404497916
246 2.36390599136275
247 2.36378853371881
248 2.36377939193629
249 2.36384723552697
250 2.36396389218312
251 2.36410565120412
252 2.36425382638571
253 2.36439475300583
254 2.36451938675335
255 2.36462265434625
256 2.36470268095858
257 2.36475999230651
258 2.36479676228048
259 2.36481615240161
260 2.36482176838389
261 2.36481724229614
262 2.36480593632653
263 2.36479075567753
264 2.36477405314341
265 2.36475760580681
266 2.36474264435434
267 2.3647299171055
268 2.36471977339308
269 2.36471225394432
270 2.36470717901238
271 2.36470422792526
272 2.36470300627537
273 2.36470309907298
274 2.36470410979765
275 2.36470568642132
276 2.36470753619356
277 2.36470943134173
278 2.36471120792318
279 2.36471275994794
280 2.36471403063895
281 2.36471500237138
282 2.36471568648105
283 2.36471611379017
284 2.36471632639039
285 2.36471637096359
286 2.3647162937155
287 2.36471613684714
288 2.36471593638887
289 2.36471572116582
290 2.36471551264183
291 2.36471532539418
292 2.3647151679947
293 2.36471504410699
294 2.36471495364857
295 2.36471489390649
296 2.36471486053156
297 2.36471484836815
298 2.36471485210243
299 2.36471486673121
300 2.36471488786729
301 2.36471491190557
302 2.36471493607773
303 2.36471495842445
304 2.36471497771142
305 2.36471499331277
306 2.36471500508062
307 2.36471501321534
308 2.36471501814649
309 2.36471502043089
310 2.36471502067071
311 2.36471501945221
312 2.36471501730392
313 2.36471501467171
314 2.3647150119079
315 2.36471500927095
316 2.36471501857363
317 2.36471505750761
318 2.36471514548797
319 2.36471529148667
320 2.36471549447495
321 2.36471574696729
322 2.36471603785914
323 2.36471635459318
324 2.36471668471596
325 2.36471701690634
326 2.36471734156751
327 2.36471765107641
328 2.36471793787454
329 2.36471819393702
330 2.36471841127262
331 2.36471858279217
332 2.36471870313176
333 2.36471876921015
334 2.36471878043961
335 2.3647187386034
336 2.36471864746841
337 2.36471851222654
338 2.36471833886125
339 2.36471813352454
340 2.36471790198953
341 2.36471764922153
342 2.36471737908826
343 2.36471709421115
344 2.36471679594526
345 2.36471648446564
346 2.36471615893346
347 2.36471581771388
348 2.3647154586204
349 2.36471507916431
350 2.364714676794
351 2.36471424911466
352 2.36471379408532
353 2.36471331019554
354 2.36471279662923
355 2.36471225342714
356 2.36471168166334
357 2.36471108365445
358 2.36471046322347
359 2.36470982604404
360 2.3647091800952
361 2.36470853626306
362 2.36470790913309
363 2.36470731802785
364 2.36470678939349
365 2.36470636213177
366 2.36470609619312
367 2.36470608285125
368 2.36470645361609
369 2.3647073849886
370 2.36470909686492
371 2.36471184299497
372 2.36471589254697
373 2.36472150259622
374 2.36472888232363
375 2.36473815095697
376 2.36474929292046
377 2.36476211548126
378 2.36477621676311
379 2.3647909752396
380 2.36480557559316
381 2.36481909004426
382 2.36483063888554
383 2.36483956373609
384 2.36484551549954
385 2.36484843311166
386 2.36484845505685
387 2.36484584148573
388 2.36484092222615
389 2.36483406761308
390 2.36482567723118
391 2.36481209645542
392 2.36479157660601
393 2.36476378802281
394 2.3647326450894
395 2.36470196707396
396 2.36467435140133
397 2.36465136015817
398 2.36463371414195
399 2.36462148543564
400 2.11462148543564
401 1.86462148543564
402 1.61462148543564
403 1.36462148543564
404 1.2
405 1.2
406 1.2
407 1.2
408 1.2
409 1.2
410 1.2
411 1.2
412 1.2
413 1.2
414 1.2
415 1.2
416 1.2
417 1.2
418 1.2
419 1.2
420 1.22443817364308
421 1.28497992837419
422 1.36286798062315
423 1.44451323033992
424 1.52074174692806
425 1.5860060275037
426 1.63760574456569
427 1.6749575836878
428 1.69894407824408
429 1.71136034432473
430 1.71446711618621
431 1.71064954878455
432 1.70217439999843
433 1.69103354454849
434 1.67885915376332
435 1.66689499283352
436 1.65600875858715
437 1.64673181112876
438 1.63931467453152
439 1.6337889803991
440 1.63002885359369
441 1.62780690925576
442 1.62684192522692
443 1.62683680990566
444 1.62750668264213
445 1.62859773555495
446 1.62989808836084
447 1.6312421309979
448 1.63250992763551
449 1.63362318490141
450 1.63453911711039
451 1.6352433151144
452 1.63574247787536
453 1.63605762309779
454 1.63621817321207
455 1.63625712648321
456 1.63620737496365
457 1.63609912181496
458 1.63595827737935
459 1.63580567143846
460 1.63565690245851
461 1.63552264712374
462 1.63540926924383
463 1.63531959100345
464 1.63525371721103
465 1.63520983137575
466 1.63518490871627
467 1.63517531405892
468 1.63517727121409
469 1.63518720459929
470 1.63520196379703
471 1.63521894786962
472 1.6352361492342
473 1.63525213742751
474 1.63526600184518
475 1.63527727014849
476 1.63528581602213
477 1.63529176676119
478 1.63529541807695
479 1.63529716075019
480 1.63529742144947
481 1.63529661822061
482 1.63529512983892
483 1.63529327735379
484 1.6352913156818
485 1.63528943294085
486 1.63528775528663
487 1.6352863552381
488 1.63528526179787
489 1.63528447103243
490 1.63528395613568
491 1.63528367632958
492 1.63528358423926
493 1.63528363160853
494 1.63528377339325
495 1.63528397038754
496 1.63528419060887
497 1.63528440969922
498 1.63528461060203
499 1.6352847827548
500 1.63528492100509
501 1.63528502441775
502 1.63528509510043
503 1.63528513713517
504 1.63528515566957
505 1.63528515619236
506 1.63528514399613
507 1.63528512381446
508 1.63528509961097
509 1.63528507449231
510 1.63528505071543
511 1.63528502976023
512 1.63528501244266
513 1.63528499904694
514 1.63528498946091
515 1.63528497166211
516 1.63528492751528
517 1.63528483703244
518 1.63528468131047
519 1.63528444834861
520 1.63528413974376
521 1.63528376583779
522 1.63528334184526
523 1.63528288490762
524 1.63528241198402
525 1.63528193846412
526 1.63528147737554
527 1.63528103905626
528 1.63528063116901
529 1.63528025894723
530 1.63527992557927
531 1.63527963265546
532 1.63527938062166
533 1.63527916919932
534 1.6352789977477
535 1.63527886669359
536 1.63527877887489
537 1.63527873926839
538 1.63527875397542
539 1.63527882904256
540 1.63527896945981
541 1.63527917850099
542 1.63527945744636
543 1.63527980564694
544 1.63528022084624
545 1.6352806996586
546 1.63528123810674
547 1.63528183213572
548 1.63528247804206
549 1.63528317277886
550 1.63528391411845
551 1.63528470067068
552 1.63528553176646
553 1.63528640722263
554 1.63528732700586
555 1.63528829081044
556 1.63528929755884
557 1.6352903448251
558 1.63529142817057
559 1.63529254036911
560 1.63529367048513
561 1.6352948027523
562 1.63529591518277
563 1.63529697678096
564 1.63529794173563
565 1.6352987402374
566 1.63529926662744
567 1.63529936680184
568 1.63529882832944
569 1.63529737712531
570 1.63529468362061
571 1.63529038044405
572 1.63528409259632
573 1.63527547985617
574 1.63526428959256
575 1.63525041615767
576 1.63523396050079
577 1.63521528049636
578 1.63519501867599
579 1.63517408957107
580 1.63515360369987
581 1.63513469941707
582 1.63511834228854
583 1.63510518152806
584 1.63509547678186
585 1.63508911632308
586 1.63508572453921
587 1.63508479268204
588 1.63508577946065
589 1.6350881833006
590 1.63509567229785
591 1.63511015137804
592 1.63513225006557
593 1.63516173054785
594 1.63519642018977
595 1.63523180582842
596 1.63526496851832
597 1.63529423753263
598 1.63531886063876
599 1.63533870866159
600 1.63535403008706
601 1.63536526927088
602 1.6353729509925
603 1.63537761622069
604 1.63537978932291
605 1.63537996298285
606 1.63537859189859
607 1.63537608998048
608 1.63537282837125
609 1.63536913332468
610 1.63536488480928
611 1.63535950730049
612 1.63535249872932
613 1.63534367244801
614 1.63533320942962
615 1.63532159810678
616 1.63530952034888
617 1.63529772488477
618 1.63528691465215
619 1.63527766248391
620 1.63527036033976
621 1.63526520082961
622 1.63526218574627
623 1.63526115430818
624 1.6352618233415
625 1.63526383224209
626 1.63526678683319
627 1.63527029782324
628 1.63527401119909
629 1.63527762937232
630 1.63528092311389
631 1.63528373521096
632 1.63528597735408
633 1.63528762204345
634 1.63528869133908
635 1.6352892441339
636 1.63528936336203
637 1.63528914422421
638 1.63528868416546
639 1.63528807501411
640 1.63528739740882
641 1.63528671741802
642 1.63528608509635
643 1.63528553462507
644 1.63528508564011
645 1.63528474535198
646 1.63528451109566
647 1.63528437300382
648 1.63528431656343
649 1.6352843248853
650 1.63528438058192
651 1.6352844672066
652 1.6352845702536
653 1.63528467775366
654 1.63528478052245
655 1.63528487213203
656 1.63528494867902
657 1.63528500842015
658 1.63528505133773
659 1.63528507868704
660 1.63528509256518
661 1.63528509552909
662 1.63528509027932
663 1.63528507941648
664 1.63528506527004
665 1.6352850497934
666 1.63528503451582
667 1.63528502053964
668 1.63528500857095
669 1.63528499897249
670 1.63528499182853
671 1.63528498701376
672 1.63528498425956
673 1.63528498321344
674 1.63528498348872
675 1.63528498470349
676 1.63528498650848
677 1.63528498860493
678 1.63528499075367
679 1.63528499277715
680 1.63528499455613
681 1.63528499602286
682 1.63528499715204
683 1.63528499795111
684 1.63528499845053
685 1.63528499869505
686 1.63528499873619
687 1.63528499862625
688 1.63528499841393
689 1.63528499814142
690 1.63528499784275
691 1.63528499754334
692 1.63528499726032
693 1.63528499700344
694 1.63528499677649
695 1.63528499657876
696 1.63528499640658
697 1.63528499625476
698 1.63528499611768
699 1.63528499599023
700 1.63528499586827
701 1.635284995749
702 1.63528499563091
703 1.63528499551374
704 1.63528499539817
705 1.63528499528603
706 1.63528499518035
707 1.63528499508544
708 1.6352849950067
709 1.63528499495016
710 1.63528499492177
711 1.6352849949265
712 1.6352849949679
713 1.63528499504767
714 1.63528499516572
715 1.63528499532032
716 1.63528499550839
717 1.63528499572597
718 1.63528499596855
719 1.63528499623152
720 1.63528499651043
721 1.63528499680127
722 1.63528499710059
723 1.63528499740561
724 1.63528499771421
725 1.63528499802488
726 1.63528499833647
727 1.63528499864802
728 1.63528499895846
729 1.63528499926649
730 1.63528499957042
731 1.6352849998681
732 1.63528500015691
733 1.63528500043359
734 1.63528500069421
735 1.63528500093387
736 1.63528500114644
737 1.63528500132406
738 1.63528500145669
739 1.63528500153152
740 1.63528500153242
741 1.63528500143956
742 1.63528500122913
743 1.63528500087351
744 1.63528500034187
745 1.63528499960133
746 1.63528499861883
747 1.63528499736362
748 1.63528499581036
749 1.6352849939426
750 1.63528499175633
751 1.63528498926324
752 1.63528498649324
753 1.63528498349586
754 1.63528498034025
755 1.63528497711382
756 1.63528497391959
757 1.63528497087256
758 1.63528496809572
759 1.63528496571571
760 1.63528496385892
761 1.63528496264782
762 1.63528496219758
763 1.63528496261262
764 1.63528496398241
765 1.63528496637574
766 1.63528496983309
767 1.63528497435678
768 1.63528497989985
769 1.63528498635532
770 1.63528499354909
771 1.63528500124104
772 1.63528500913787
773 1.6352850169167
774 1.6352850242559
775 1.63528503086715
776 1.63528503652182
777 1.63528504106731
778 1.63528504443204
779 1.63528504662063
780 1.63528504763476
781 1.63528504745086
782 1.63528504602741
783 1.6352850433241
784 1.63528503934443
785 1.63528503419625
786 1.6352850280944
787 1.63528502133208
788 1.6352850142407
789 1.63528500715085
790 1.63528500036167
791 1.63528499412109
792 1.63528498861627
793 1.63528498397195
794 1.63528498025408
795 1.63528497747649
796 1.63528497560902
797 1.6352849745861
798 1.63528497431513
799 1.63528497468446
800 1.88528497468446
801 2.13528497468446
802 2.31974577395733
803 2.39242215285655
804 2.38590259290868
805 2.32781411063909
806 2.24058503813059
807 2.14154234957658
808 2.04328198274433
809 1.95423337922269
810 1.87933778910637
811 1.82076800907371
812 1.77863071325881
813 1.7516081162555
814 1.73751109171534
815 1.7337295958498
816 1.73757750584357
817 1.74653746975499
818 1.75841712372444
819 1.77143134437635
820 1.78422648202191
821 1.79586223063218
822 1.8057653970548
823 1.81366775570301
824 1.81953777159138
825 1.8235135239249
826 1.8258418675933
827 1.82682686317295
828 1.82678885880665
829 1.82603434214535
830 1.82483578347736
831 1.82342012359869
832 1.82196426879798
833 1.82059588140356
834 1.81939783891907
835 1.8184149240028
836 1.81766155526951
837 1.8171296380175
838 1.81679587672901
839 1.81662812853125
840 1.81659057737672
841 1.81664766743751
842 1.81676685087218
843 1.81692028289361
844 1.81708564127371
845 1.81724626448472
846 1.81739079927506
847 1.81751253093636
848 1.81760854341443
849 1.81767882635816
850 1.81772541574309
851 1.81775162638713
852 1.8177614101105
853 1.81775885331936
854 1.8177478126392
855 1.81773167666636
856 1.81771323542201
857 1.81769463599096
858 1.81767740235349
859 1.81766249883048
860 1.81765041919177
861 1.81764128675301
862 1.81763495425861
863 1.81763109568165
864 1.81762928504322
865 1.81762905983467
866 1.81762996856422
867 1.81763160335209
868 1.81763361941198
869 1.81763574375409
870 1.81763777560961
871 1.81763958099389
872 1.8176410835753
873 1.81764225366876
874 1.81764309678323
875 1.81764364276473
876 1.81764393622088
877 1.81764402860798
878 1.8176439721168
879 1.8176438153103
880 1.81764360034086
881 1.81764336150052
882 1.81764312482468
883 1.81764290846889
884 1.81764272359982
885 1.81764257557754
886 1.81764246524894
887 1.81764239021663
888 1.8176423459898
889 1.81764232696068
890 1.81764232718057
891 1.8176423409332
892 1.8176423631199
893 1.81764238948168
894 1.81764241668888
895 1.81764244233048
896 1.81764246483358
897 1.81764248334021
898 1.81764249756381
899 1.81764250764278
900 1.81764251400375
901 1.81764251724227
902 1.81764251802557
903 1.81764251701835
904 1.81764251483069
905 1.81764251198581
906 1.81764250890422
907 1.81764250590074
908 1.81764250319077
909 1.81764250090263
910 1.81764249909316
911 1.81764249776434
912 1.8176424968794
913 1.8176424963772
914 1.81764249618429
915 1.81764250786534
916 1.81764254894255
917 1.81764263567866
918 1.81764277649657
919 1.8176429701355
920 1.81764320672565
921 1.81764347037585
922 1.81764374225235
923 1.81764400346699
924 1.81764423737718
925 1.81764443112258
926 1.81764457638617
927 1.81764466947387
928 1.81764471086654
929 1.8176447044199
930 1.81764465638229
931 1.81764457437666
932 1.81764446645962
933 1.81764434033419
934 1.81764420275769
935 1.817644059157
936 1.81764391343949
937 1.81764376797258
938 1.81764362369521
939 1.81764348032139
940 1.81764333659748
941 1.81764319057919
942 1.81764303990121
943 1.81764288201974
944 1.81764271441567
945 1.81764253475293
946 1.81764234099231
947 1.81764213146527
948 1.81764190491554
949 1.81764166051812
950 1.81764139788634
951 1.81764111707777
952 1.81764081860992
953 1.81764050349594
954 1.81764017331083
955 1.8176398302986
956 1.81763947753167
957 1.81763911913559
958 1.81763876059466
959 1.81763840915796
960 1.81763807437072
961 1.81763776876329
962 1.81763750873958
963 1.817637316754
964 1.81763722635714
965 1.81763729013406
966 1.81763758889981
967 1.81763823943551
968 1.8176393978439
969 1.81764125598267
970 1.81764402918326
971 1.81764793444793
972 1.81765315946905
973 1.81765982411601
974 1.81766793750437
975 1.8176773554343
976 1.81768774489413
977 1.81769856449307
978 1.81770907211376
979 1.81771837374393
980 1.81772553033004
981 1.81772974258834
982 1.81773054175125
983 1.81772788074165
984 1.81772211716658
985 1.81771391909666
986 1.81770413800415
987 1.81769368022948
988 1.81768339691534
989 1.81767400291465
990 1.817661944436
991 1.81764533767059
992 1.81762456314345
993 1.81760213631836
994 1.8175811508015
995 1.81756432051877
996 1.81755348644286
997 1.81754946144235
998 1.81755210080663
999 1.81756050410931
1000 1.81757327416164
1001 1.81758877889202
1002 1.81760538049181
1003 1.81762161201656
1004 1.81763629424979
1005 1.8176485948776
1006 1.81765803807586
1007 1.81766447589209
1008 1.81766803385505
1009 1.817669042652
1010 1.81766796603868
1011 1.81766533288649
1012 1.81766167882743
1013 1.81765750062948
1014 1.81765322442337
1015 1.81764918731556
1016 1.81764563079882
1017 1.81764270369241
1018 1.81764047205271
1019 1.81763893351428
1020 1.81763803376707
1021 1.81763768326346
1022 1.81763777270642
1023 1.81763818633836
1024 1.81763881248264
1025 1.81763955115961
1026 1.81764031888821
1027 1.81764105099008
1028 1.81764170183887
1029 1.81764224355379
1030 1.81764266363605
1031 1.81764296200548
1032 1.81764314782595
1033 1.81764323642504
1034 1.81764324652735
1035 1.8176431979385
1036 1.81764310974563
1037 1.81764299904156
1038 1.81764288013638
1039 1.81764276419082
1040 1.81764265918968
1041 1.81764257016797
1042 1.81764249960552
1043 1.81764244791482
1044 1.81764241395924
1045 1.81764239555329
1046 1.81764238991059
1047 1.81764239401868
1048 1.81764240493101
1049 1.81764241997553
1050 1.81764243688605
1051 1.81764245386687
1052 1.81764246960365
1053 1.81764248323411
1054 1.8176424942918
1055 1.81764250263444
1056 1.8176425083667
1057 1.81764251176487
1058 1.81764251320877
1059 1.81764251312422
1060 1.81764251193767
1061 1.81764251004314
1062 1.81764250778079
1063 1.81764250542544
1064 1.81764250318337
1065 1.81764250119524
1066 1.81764249954334
1067 1.81764249826134
1068 1.81764249734508
1069 1.81764249676338
1070 1.8176424964679
1071 1.81764249640163
1072 1.81764249650571
1073 1.81764249672448
1074 1.81764249700889
1075 1.81764249731849
1076 1.81764249762213
1077 1.81764249789781
1078 1.81764249813185
1079 1.8176424983176
1080 1.81764249845404
1081 1.81764249854432
1082 1.81764249859433
1083 1.81764249861155
1084 1.81764249860408
1085 1.81764249857991
1086 1.81764249854639
1087 1.81764249850995
1088 1.81764249847595
1089 1.81764249844865
1090 1.81764249843123
1091 1.81764249842594
1092 1.81764249843408
1093 1.81764249845615
1094 1.81764249849186
1095 1.81764249854013
1096 1.81764249859916
1097 1.81764249866643
1098 1.81764249873888
1099 1.81764249881305
1100 1.81764249888533
1101 1.8176424989522
1102 1.81764249901052
1103 1.81764249905771
1104 1.81764249909192
1105 1.81764249911176
1106 1.81764249911587
1107 1.81764249910271
1108 1.81764249907072
1109 1.81764249901866
1110 1.81764249894609
1111 1.81764249885375
1112 1.81764249874373
1113 1.81764249861944
1114 1.81764249848537
1115 1.81764249834663
1116 1.8176424982085
1117 1.81764249807589
1118 1.81764249795292
1119 1.81764249784257
1120 1.81764249774653
1121 1.81764249766514
1122 1.81764249759752
1123 1.81764249754178
1124 1.81764249749529
1125 1.81764249745504
1126 1.81764249741794
1127 1.81764249738116
1128 1.81764249734237
1129 1.81764249729993
1130 1.81764249725312
1131 1.81764249720215
1132 1.81764249714829
1133 1.81764249709388
1134 1.8176424970424
1135 1.81764249699849
1136 1.81764249696806
1137 1.81764249695837
1138 1.8176424969782
1139 1.81764249703791
1140 1.81764249714958
1141 1.81764249732691
1142 1.81764249758504
1143 1.81764249793999
1144 1.81764249840789
1145 1.81764249900365
1146 1.81764249973933
1147 1.8176425006221
1148 1.81764250165199
1149 1.81764250281969
1150 1.81764250410465
1151 1.81764250547382
1152 1.81764250688143
1153 1.81764250826994
1154 1.81764250957229
1155 1.81764251071524
1156 1.81764251162339
1157 1.81764251222359
1158 1.81764251244914
1159 1.81764251224335
1160 1.81764251156237
1161 1.81764251037694
1162 1.81764250867347
1163 1.81764250645479
1164 1.81764250374132
1165 1.81764250057318
1166 1.81764249701371
1167 1.81764249315414
1168 1.81764248911855
1169 1.81764248506726
1170 1.81764248119584
1171 1.81764247772573
1172 1.81764247488453
1173 1.81764247287895
1174 1.81764247186628
1175 1.817642471931
1176 1.81764247307111
1177 1.81764247519636
1178 1.81764247813801
1179 1.81764248166771
1180 1.81764248558903
1181 1.81764248976961
1182 1.81764249412305
1183 1.81764249856174
1184 1.81764250296011
1185 1.81764250714255
1186 1.81764251089528
1187 1.81764251399452
1188 1.81764251624073
1189 1.81764251749009
1190 1.81764251767665
1191 1.81764251682223
1192 1.81764251503347
1193 1.81764251248808
1194 1.81764250941342
1195 1.81764250606137
1196 1.81764250268289
1197 1.81764249950562
1198 1.81764249671647
1199 1.81764249445038
1200 1.81764249278564
