1 2
2 2
3 2
4 2
5 2
6 2
7 2
8 2
9 2
10 2
11 2
12 2
13 2
14 2
15 2
16 2
17 2
18 2
19 2
20 2
21 2
22 2
23 2
24 2
25 2
26 2
27 2
28 2
29 2
30 2.25
31 2.27871
32 2.30771
33 2.33671
34 2.36571
35 2.39471
36 2.42371
37 2.45271
38 2.48171
39 2.51071
40 2.53852326203625
41 2.56414832112871
42 2.58770095271241
43 2.60926236909462
44 2.62888933016349
45 2.64661986563884
46 2.66247771807561
47 2.67647578891685
48 2.68861880869946
49 2.69890540360523
50 2.70733532584031
51 2.71391954636191
52 2.7186824444124
53 2.72165901252487
54 2.72289285604544
55 2.72243475281129
56 2.72034161623853
57 2.7166757471924
58 2.71150429118029
59 2.70489884039308
60 2.69693511027728
61 2.68769259788148
62 2.67725417120134
63 2.66570560512322
64 2.65313509405273
65 2.6396327597259
66 2.6252901651117
67 2.61019984037882
68 2.59445482377058
69 2.57814821831699
70 2.56137276432802
71 2.54422042753179
72 2.52678200328016
73 2.50914673783517
74 2.49140196801962
75 2.47363278051586
76 2.45592169196493
77 2.43834835083149
78 2.42098926180484
79 2.40391753332447
80 2.38720264866132
81 2.37091026085119
82 2.35510201165971
83 2.3398353746484
84 2.32516352230544
85 2.31113521709893
86 2.29779472620684
87 2.28518175957675
88 2.27333143087063
89 2.26227424075794
90 2.25203608193321
91 2.24263826515309
92 2.23409756551326
93 2.22642628811666
94 2.21963235222196
95 2.21371939290478
96 2.20868687921411
97 2.20453024776222
98 2.20124105064894
99 2.19880711658967
100 2.19721272409104
101 2.19643878549948
102 2.19646304073434
103 2.1972602595104
104 2.19880245085304
105 2.20105907871315
106 2.20399728249881
107 2.20758210135485
108 2.21177670104132
109 2.21654260228583
110 2.22183990951343
111 2.22762753889042
112 2.2338634446552
113 2.2405048427491
114 2.24750843080421
115 2.25483060359091
116 2.26242766307757
117 2.27025602230588
118 2.27827240233902
119 2.28643402159494
120 2.29469877693382
121 2.3030254159265
122 2.31137369978911
123 2.31970455652861
124 2.32798022390283
125 2.33616438185831
126 2.34422227416803
127 2.35212081904945
128 2.3598287086012
129 2.36731649695275
130 2.3745566770772
131 2.38152374627047
132 2.3881942603527
133 2.39454687669736
134 2.40056238624185
135 2.40622373467917
136 2.41151603307368
137 2.41642655818493
138 2.42094474282204
139 2.42506215658659
140 2.42877247739531
141 2.43207145420335
142 2.43495686137684
143 2.43742844518709
144 2.43948786292056
145 2.44113861511693
146 2.44238597146326
147 2.44323689088452
148 2.4436999363807
149 2.44378518516751
150 2.44350413468156
151 2.44286960501254
152 2.44189563832351
153 2.44059739581651
154 2.43899105279473
155 2.43709369236358
156 2.43492319830239
157 2.43249814762543
158 2.42983770333622
159 2.4269615078621
160 2.42388957763776
161 2.42064219928638
162 2.41723982782551
163 2.41370298730202
164 2.41005217423676
165 2.40630776423435
166 2.4024899220882
167 2.39861851568386
168 2.39471303397737
169 2.3907925092974
170 2.38687544419246
171 2.38297974301655
172 2.3791226484187
173 2.37532068287421
174 2.37158959536778
175 2.36794431331149
176 2.36439889975416
177 2.36096651591221
178 2.35765938902691
179 2.35448878552825
180 2.35146498946176
181 2.34859728611189
182 2.34589395073375
183 2.34336224228427
184 2.34100840202414
185 2.33883765684395
186 2.33685422715021
187 2.33506133913181
188 2.33346124121243
189 2.33205522448164
190 2.33084364688537
191 2.32982596094648
192 2.32900074477647
193 2.32836573613251
194 2.32791786926707
195 2.32765331431299
196 2.32756751894297
197 2.32765525204033
198 2.32791064911699
199 2.32832725921477
200 2.32889809302764
201 2.32961567198519
202 2.33047207804145
203 2.33145900391775
204 2.33256780355439
205 2.3337895425325
206 2.33511504823517
207 2.33653495952535
208 2.33803977572733
209 2.3396199047084
210 2.34126570986799
211 2.34296755585245
212 2.34471585282549
213 2.34650109913608
214 2.34831392223799
215 2.35014511772793
216 2.35198568638185
217 2.35382686908214
218 2.35566017954157
219 2.35747743474258
220 2.3592707830242
221 2.36103272976106
222 2.36275616059253
223 2.36443436217206
224 2.36606104041942
225 2.36763033627045
226 2.36913683893067
227 2.37057559665041
228 2.37194212504978
229 2.3732324130324
230 2.37444292633656
231 2.37557060878186
232 2.37661288127801
233 2.37756763867092
234 2.37843324450854
235 2.37920852381601
236 2.37989275397608
237 2.3804856538162
238 2.38098737100906
239 2.38139846789747
240 2.38171990585849
241 2.38195302832453
242 2.38209954258191
243 2.38216150046895
244 2.38214127809704
245 2.38204155471868
246 2.38186529086651
247 2.38161570588681
248 2.38129625498981
249 2.38091060593766
250 2.38046261548847
251 2.37995630571269
252 2.37939584029443
253 2.37878550092755
254 2.37812966391174
255 2.37743277705017
256 2.37669933694531
257 2.37593386678486
258 2.37514089470455
259 2.37432493280906
260 2.37349045692695
261 2.37264188716947
262 2.37178356935746
263 2.37091975737438
264 2.3700545964975
265 2.36919210775309
266 2.36833617333534
267 2.36749052312265
268 2.3666587223186
269 2.36584416023931
270 2.36505004026233
271 2.36427937094706
272 2.36353495833042
273 2.36281939939637
274 2.36213507671228
275 2.36148415422012
276 2.36086857416551
277 2.36029005514293
278 2.35975009123085
279 2.3592499521867
280 2.35879068466713
281 2.35837311443595
282 2.35799784951832
283 2.35766528425699
284 2.35737560422359
285 2.35712879193536
286 2.35692463332579
287 2.35676272491564
288 2.3566424816293
289 2.35656314520031
290 2.35652379310875
291 2.35652334799276
292 2.3565605874759
293 2.35663415435212
294 2.35674256707025
295 2.35688423046035
296 2.35705744664498
297 2.35726042607942
298 2.35749129866596
299 2.35774812488895
300 2.35802890691848
301 2.35833159963298
302 2.35865412151228
303 2.35899436535526
304 2.35935020877841
305 2.35971952445365
306 2.36010019004683
307 2.36049009782048
308 2.36088716386711
309 2.36128933694253
310 2.36169460687083
311 2.36210101249607
312 2.36250664915823
313 2.36290967567419
314 2.36330832080701
315 2.36370088920996
316 2.36408576683459
317 2.36446142579465
318 2.36482642868072
319 2.36517943232305
320 2.36551919100253
321 2.36584455911249
322 2.36615449327639
323 2.36644805392869
324 2.3667244063686
325 2.36698282129842
326 2.36722267486026
327 2.36744344818669
328 2.36764472648273
329 2.36782619765811
330 2.36798765053033
331 2.36812897262014
332 2.36825014756263
333 2.36835125215764
334 2.36843245308467
335 2.36849400330782
336 2.36853623819708
337 2.3685595713927
338 2.3685644904398
339 2.36855155222052
340 2.368521378211
341 2.36847464959063
342 2.36841210223067
343 2.36833452158902
344 2.36824273753768
345 2.36813761914868
346 2.36802006946393
347 2.36789102027334
348 2.36775142692514
349 2.36760226319119
350 2.36744451620911
351 2.36727918152218
352 2.36710725823661
353 2.36692974431491
354 2.36674763202257
355 2.36656190354426
356 2.36637352678438
357 2.36618345136537
358 2.36599260483612
359 2.36580188910109
360 2.36561217707987
361 2.36542430960508
362 2.36523909256542
363 2.36505729429944
364 2.36487964324389
365 2.36470682583963
366 2.36453948469659
367 2.36437821701796
368 2.36422357328288
369 2.36407605618539
370 2.36393611982652
371 2.36380416915533
372 2.36368055965347
373 2.36356559725724
374 2.36345953850992
375 2.36336259093644
376 2.36327491363165
377 2.36319661805284
378 2.36312776900639
379 2.36306838581781
380 2.36301844367425
381 2.36297787512762
382 2.36294657174653
383 2.36292438590467
384 2.36291113269322
385 2.36290659194446
386 2.36291051035384
387 2.36292260368771
388 2.36294255906376
389 2.36297003729142
390 2.36300467525965
391 2.36304608835954
392 2.36309387292952
393 2.3631476087113
394 2.36320686130475
395 2.36327118461067
396 2.36334012325036
397 2.36341321495181
398 2.36348999289248
399 2.36356998798922
400 2.11356998798922
401 2.05623501217785
402 1.99832185463497
403 1.94041005878024
404 1.88249917614022
405 1.82458876815563
406 1.76667840788609
407 1.70876768160783
408 1.65085619030037
409 1.5929435510187
410 1.53621652888985
411 1.48181281308465
412 1.42985320261089
413 1.38045359320662
414 1.33372195556504
415 1.28975922651037
416 1.24866004321856
417 1.21051335556433
418 1.2
419 1.2
420 1.2
421 1.2
422 1.2
423 1.2
424 1.2
425 1.2
426 1.2
427 1.2
428 1.2
429 1.2
430 1.20173182624837
431 1.20555150737495
432 1.21125107860263
433 1.21865613505431
434 1.22761902075883
435 1.23801349350713
436 1.24973054077404
437 1.26267509364442
438 1.2767634415539
439 1.29192119417986
440 1.30807344982866
441 1.32513583535074
442 1.34301568975288
443 1.36161523416018
444 1.38083386604886
445 1.40056981109271
446 1.42072130336606
447 1.44118742037019
448 1.46186866632672
449 1.48266737259617
450 1.50348800483978
451 1.52423747890294
452 1.54482551701549
453 1.56516501745655
454 1.58517241140596
455 1.60476799213682
456 1.62387620915837
457 1.64242592466499
458 1.66035063255475
459 1.67758864195958
460 1.69408322791725
461 1.70978275154439
462 1.72464075129129
463 1.7386160062352
464 1.75167257211453
465 1.76377979079282
466 1.7749122739414
467 1.7850498618653
468 1.79417755853006
469 1.80228544395535
470 1.8093685652198
471 1.81542680737302
472 1.82046474558414
473 1.82449147988146
474 1.8275204538581
475 1.82956925873669
476 1.83065942420075
477 1.83081619741081
478 1.83006831162826
479 1.82844774586946
480 1.82598947700531
481 1.82273122570892
482 1.81871319763471
483 1.81397782118821
484 1.8085694832161
485 1.80253426391159
486 1.79591967219132
487 1.78877438275648
488 1.78114797600376
489 1.77309068190054
490 1.7646531288847
491 1.7558860987917
492 1.74684028875178
493 1.73756608093755
494 1.72811332097802
495 1.71853110578878
496 1.70886758150098
497 1.69916975210313
498 1.68948329934119
499 1.67985241435267
500 1.67031964144181
501 1.66092573433354
502 1.6517095251761
503 1.64270780649457
504 1.63395522623181
505 1.62548419594842
506 1.61732481219053
507 1.60950479097351
508 1.60204941527043
509 1.59498149533832
510 1.58832134166092
511 1.5820867502358
512 1.57629299988536
513 1.57095286122591
514 1.56607661688714
515 1.56167209253499
516 1.55774469821556
517 1.55429747950533
518 1.55133117792393
519 1.54884430004036
520 1.54683319468134
521 1.5452921376319
522 1.54421342320296
523 1.54358746202884
524 1.54340288444893
525 1.54364664882241
526 1.54430415412282
527 1.54535935615991
528 1.54679488678031
529 1.54859217540512
530 1.55073157227192
531 1.55319247276097
532 1.55595344219965
533 1.55899234055628
534 1.56228644645327
535 1.56581257995087
536 1.56954722357553
537 1.57346664109152
538 1.57754699354072
539 1.58176445210287
540 1.58609530735741
541 1.59051607455763
542 1.59500359455857
543 1.59953513007132
544 1.60408845694811
545 1.60864195023481
546 1.61317466475988
547 1.61766641006096
548 1.62209781948284
549 1.6264504133125
550 1.63070665584842
551 1.63485000633277
552 1.6388649637053
553 1.64273710516757
554 1.64645311857498
555 1.65000082870192
556 1.65336921745199
557 1.65654843811099
558 1.65952982376456
559 1.66230589002542
560 1.66487033223672
561 1.66721801733827
562 1.66934497060097
563 1.67124835745186
564 1.67292646062813
565 1.67437865291179
566 1.67560536570981
567 1.67660805375469
568 1.67738915621009
569 1.67795205447338
570 1.67830102697315
571 1.67844120126419
572 1.67837850372514
573 1.67811960716572
574 1.67767187665024
575 1.67704331384254
576 1.67624250017502
577 1.67527853913995
578 1.67416099799617
579 1.67289984917758
580 1.67150541168228
581 1.66998829271253
582 1.66835932982594
583 1.66662953384789
584 1.66481003278368
585 1.66291201695705
586 1.66094668558846
587 1.65892519501384
588 1.65685860873002
589 1.6547578494392
590 1.65263365325017
591 1.65049652617879
592 1.64835670307565
593 1.64622410909319
594 1.64410832378979
595 1.64201854795264
596 1.63996357320673
597 1.63795175446167
598 1.63599098523407
599 1.63408867586825
600 1.63225173466431
601 1.63048655190888
602 1.62879898679053
603 1.62719435716934
604 1.62567743215778
605 1.62425242745863
606 1.62292300339449
607 1.62169226555333
608 1.62056276796477
609 1.61953651871284
610 1.61861498788264
611 1.61779911773111
612 1.61708933496489
613 1.61648556500273
614 1.61598724809424
615 1.61559335716252
616 1.61530241723438
617 1.6151125263187
618 1.61502137759161
619 1.61502628274499
620 1.61512419635462
621 1.61531174112369
622 1.61558523385799
623 1.61594071203043
624 1.61637396079405
625 1.61688054030536
626 1.61745581322232
627 1.61809497224532
628 1.61879306757292
629 1.61954503414889
630 1.62034571858177
631 1.62118990562352
632 1.6220723440993
633 1.6229877721864
634 1.62393094194669
635 1.62489664302311
636 1.62587972541757
637 1.62687512127451
638 1.62787786560117
639 1.62888311586267
640 1.62988617039739
641 1.63088248560488
642 1.63186769186611
643 1.63283760816249
644 1.63378825536757
645 1.63471586819207
646 1.6356169057695
647 1.63648806087674
648 1.63732626778989
649 1.6381287087824
650 1.63889281927818
651 1.63961629167842
652 1.64029707788626
653 1.64093339055857
654 1.64152370311931
655 1.64206674857321
656 1.64256151716308
657 1.64300725291799
658 1.64340344914285
659 1.64374984290373
660 1.64404640856567
661 1.64429335044267
662 1.64449109462152
663 1.644640280023
664 1.64474174876577
665 1.64479653589898
666 1.64480585857081
667 1.64477110470049
668 1.64469382122146
669 1.64457570196332
670 1.64441857523956
671 1.64422439120754
672 1.64399520906587
673 1.64373318415326
674 1.64344055501133
675 1.64311963047188
676 1.64277277682727
677 1.64240240514037
678 1.64201095874795
679 1.64160090100897
680 1.64117470334628
681 1.64073483362769
682 1.64028374492893
683 1.63982386471834
684 1.63935758449966
685 1.63888724994613
686 1.63841515155591
687 1.63794351585521
688 1.63747449717251
689 1.63701017000369
690 1.63655252198445
691 1.63610344748344
692 1.63566474182586
693 1.63523809615435
694 1.63482509293067
695 1.63442720207876
696 1.63404577776667
697 1.63368205582216
698 1.63333715177375
699 1.63301205950667
700 1.63270765052052
701 1.63242467377307
702 1.63216375609255
703 1.63192540313853
704 1.63171000088983
705 1.63151781763593
706 1.631349006447
707 1.63120360809593
708 1.63108155440493
709 1.63098267198777
710 1.6309066863581
711 1.6308532263734
712 1.63082182898353
713 1.63081194425257
714 1.63082294062205
715 1.63085411038406
716 1.63090467533216
717 1.63097379255871
718 1.63106056036735
719 1.63116402426962
720 1.63128318303579
721 1.63141699477008
722 1.63156438298183
723 1.63172424262457
724 1.63189544607642
725 1.63207684903614
726 1.63226729631022
727 1.63246562746806
728 1.63267068234317
729 1.63288130636005
730 1.63309635566777
731 1.63331470206262
732 1.63353523768389
733 1.63375687946836
734 1.6339785733505
735 1.63419929819725
736 1.63441806946738
737 1.63463394258753
738 1.63484601603817
739 1.63505343414443
740 1.63525538956831
741 1.63545112550017
742 1.63563993754884
743 1.6358211753313
744 1.63599424376383
745 1.63615860405836
746 1.63631377442846
747 1.63645933051108
748 1.63659490551089
749 1.63672019007534
750 1.63683493190955
751 1.63693893514084
752 1.63703205944389
753 1.63711421893792
754 1.63718538086824
755 1.63724556408493
756 1.6372948373322
757 1.63733331736199
758 1.63736116688629
759 1.63737859238246
760 1.63738584176643
761 1.63738320194849
762 1.63737099628673
763 1.637349581953
764 1.63731934722628
765 1.63728070872811
766 1.63723410861478
767 1.63718001174041
768 1.63711890280491
769 1.63705128350048
770 1.63697766966973
771 1.63689858848818
772 1.63681457568331
773 1.6367261728018
774 1.63663392453602
775 1.63653837612017
776 1.63644007080587
777 1.63633954742637
778 1.63623733805763
779 1.63613396578422
780 1.63602994257671
781 1.63592576728714
782 1.63582192376775
783 1.63571887911802
784 1.63561708206382
785 1.63551696147212
786 1.63541892500375
787 1.63532335790605
788 1.63523062194667
789 1.63514105448879
790 1.63505496770774
791 1.63497264794812
792 1.63489435521987
793 1.63482032283135
794 1.63475075715674
795 1.63468583753467
796 1.63462571629428
797 1.63457051890472
798 1.63452034424348
799 1.63447526497855
800 1.78683032805902
801 1.80115055530863
802 1.81562094411605
803 1.83009646821595
804 1.84457707855411
805 1.85906270423024
806 1.87355325351153
807 1.88804861491006
808 1.90254865831726
809 1.91705323618817
810 1.93083877304082
811 1.94330955126161
812 1.95456192541465
813 1.96466683908591
814 1.97367676684344
815 1.98162992882092
816 1.98855356803576
817 1.99446649731765
818 1.99938107759982
819 2.00330475355312
820 2.00624467868061
821 2.00821396880473
822 2.00923299824385
823 2.00932763309664
824 2.00852799111349
825 2.00686757109458
826 2.00438264583392
827 2.00111184152046
828 1.9970958478092
829 1.99237721842414
830 1.98700021730775
831 1.98101065279381
832 1.9744556691619
833 1.96738350601028
834 1.95984324441731
835 1.95188455134398
836 1.9435574288464
837 1.93491197152825
838 1.92599813370364
839 1.91686550656815
840 1.90756310509445
841 1.89813916435019
842 1.88864094530387
843 1.87911455056204
844 1.86960475065358
845 1.86015482148076
846 1.85080639347932
847 1.84159931292044
848 1.83257151567469
849 1.8237589136552
850 1.81519529407063
851 1.80691223154698
852 1.79893901311646
853 1.79130257601577
854 1.78402745818278
855 1.77713576128726
856 1.77064712607927
857 1.76457871978858
858 1.75894523525991
859 1.753758901464
860 1.74902950498204
861 1.74476442202292
862 1.74096866049712
863 1.73764491164002
864 1.73479361064851
865 1.73241300577071
866 1.73049923526648
867 1.72904641163874
868 1.72804671252082
869 1.72749047759349
870 1.72736631089722
871 1.72766118790035
872 1.72836056668179
873 1.7294485025882
874 1.73090776572957
875 1.73271996068408
876 1.73486564779267
877 1.73732446543584
878 1.74007525269989
879 1.74309617185639
880 1.74636483009797
881 1.74985839999401
882 1.75355373815296
883 1.7574275016021
884 1.7614562614216
885 1.76561661319678
886 1.76988528388096
887 1.77423923469048
888 1.77865575968368
889 1.78311257970641
890 1.78758793141797
891 1.79206065114288
892 1.7965102533258
893 1.80091700339876
894 1.80526198490134
895 1.80952716072619
896 1.81369542839309
897 1.81775066928525
898 1.82167779181158
899 1.82546276848752
900 1.82909266695537
901 1.83255567499218
902 1.83584111957939
903 1.83893948013354
904 1.84184239602078
905 1.84454266850074
906 1.84703425726595
907 1.84931227176291
908 1.85137295749896
909 1.85321367755567
910 1.85483288954462
911 1.85623011825509
912 1.85740592425485
913 1.85836186871591
914 1.85910047474585
915 1.85962518551233
916 1.8599403194545
917 1.86005102287876
918 1.85996322023937
919 1.8596835624052
920 1.85921937321412
921 1.85857859461451
922 1.8577697306908
923 1.85680179086541
924 1.85568423256427
925 1.85442690362658
926 1.85303998473142
927 1.85153393210577
928 1.84991942076826
929 1.84820728855299
930 1.84640848114621
931 1.84453399835673
932 1.84259484182835
933 1.84060196438935
934 1.83856622122047
935 1.83649832300876
936 1.83440879124006
937 1.83230791576866
938 1.83020571478733
939 1.82811189730652
940 1.82603582823603
941 1.82398649614814
942 1.82197248378575
943 1.82000194136504
944 1.81808256270727
945 1.81622156422052
946 1.81442566673844
947 1.81270108020938
948 1.81105349121686
949 1.80948805329952
950 1.80800938002696
951 1.80662154077664
952 1.80532805914627
953 1.80413191392596
954 1.80303554254519
955 1.80204084690081
956 1.80114920146439
957 1.80036146355986
958 1.79967798569586
959 1.79909862983151
960 1.79862278344907
961 1.79824937730272
962 1.79797690470912
963 1.79780344224256
964 1.79772667169522
965 1.79774390316177
966 1.79785209910691
967 1.79804789927397
968 1.79832764629384
969 1.79868741185421
970 1.79912302329125
971 1.79963009046813
972 1.80020403280773
973 1.80084010635036
974 1.80153343071139
975 1.80227901581778
976 1.80307178830763
977 1.80390661748201
978 1.80477834070369
979 1.80568178814341
980 1.80661180678049
981 1.80756328357085
982 1.80853116770198
983 1.80951049186148
984 1.81049639245219
985 1.81148412869424
986 1.81246910056109
987 1.81344686550393
988 1.81441315392548
989 1.81536388337155
990 1.81629517141529
991 1.81720334721623
992 1.81808496174242
993 1.81893679665089
994 1.81975587182787
995 1.82053945159601
996 1.82128504960231
997 1.82199043240566
998 1.82265362178832
999 1.82327289582111
1000 1.82384678871638
1001 1.82437408950778
1002 1.82485383959971
1003 1.8252853292333
1004 1.82566809291935
1005 1.82600190389166
1006 1.82628676763706
1007 1.82652291456113
1008 1.82671079185026
1009 1.82685105459301
1010 1.82694455622481
1011 1.82699233836119
1012 1.82699562008565
1013 1.82695578675849
1014 1.82687437841321
1015 1.82675307780674
1016 1.82659369818951
1017 1.82639817086016
1018 1.82616853256918
1019 1.82590691283394
1020 1.82561552122639
1021 1.82529663469259
1022 1.82495258496158
1023 1.82458574609844
1024 1.82419852225453
1025 1.82379333566476
1026 1.82337261493943
1027 1.82293878369534
1028 1.82249424956748
1029 1.82204139364016
1030 1.82158256033276
1031 1.82112004777242
1032 1.82065609868264
1033 1.82019289181326
1034 1.81973253393452
1035 1.81927705241392
1036 1.81882838839194
1037 1.81838839056903
1038 1.81795880961317
1039 1.8175412931943
1040 1.8171373816487
1041 1.8167485042733
1042 1.81637597624735
1043 1.81602099617571
1044 1.81568464424549
1045 1.81536788098539
1046 1.8150715466142
1047 1.8147963609632
1048 1.81454292395453
1049 1.81431171661595
1050 1.81410310261048
1051 1.81391733025752
1052 1.81375453502087
1053 1.8136147424374
1054 1.81349787145904
1055 1.81340373817983
1056 1.81333205991862
1057 1.8132824596275
1058 1.81325447059551
1059 1.81324754141663
1060 1.81326104119089
1061 1.81329426492739
1062 1.81334643911798
1063 1.81341672745064
1064 1.81350423663187
1065 1.81360802228785
1066 1.81372709491484
1067 1.81386042584979
1068 1.81400695323324
1069 1.81416558793708
1070 1.81433521943128
1071 1.81451472156433
1072 1.81470295823366
1073 1.81489878892336
1074 1.81510107408787
1075 1.81530868036186
1076 1.81552048557766
1077 1.81573538357333
1078 1.81595228877583
1079 1.81617014054521
1080 1.81638790726753
1081 1.81660459018537
1082 1.81681922695678
1083 1.81703089493477
1084 1.81723871416098
1085 1.81744185006889
1086 1.81763951589322
1087 1.81783097478361
1088 1.81801554162234
1089 1.81819258454687
1090 1.81836152617959
1091 1.81852184456833
1092 1.81867307384232
1093 1.81881480458972
1094 1.81894668396353
1095 1.8190684155241
1096 1.81917975882717
1097 1.81928052876742
1098 1.81937059468811
1099 1.81944987926843
1100 1.81951835720056
1101 1.81957605366916
1102 1.81962304264657
1103 1.81965944501719
1104 1.81968542654531
1105 1.81970119570034
1106 1.81970700135425
1107 1.81970313036557
1108 1.81968990506476
1109 1.81966768065563
1110 1.81963684254732
1111 1.81959780363136
1112 1.81955100151804
1113 1.8194968957461
1114 1.81943596497932
1115 1.81936870420349
1116 1.81929562193644
1117 1.81921723746373
1118 1.81913407811169
1119 1.81904667656946
1120 1.81895556827052
1121 1.81886128884408
1122 1.8187643716457
1123 1.8186653453762
1124 1.81856473179674
1125 1.81846304354791
1126 1.81836078207923
1127 1.8182584356954
1128 1.81815647772439
1129 1.8180553648121
1130 1.81795553534742
1131 1.81785740802077
1132 1.81776138051862
1133 1.81766782835565
1134 1.81757710384568
1135 1.81748953521162
1136 1.81740542583425
1137 1.81732505363885
1138 1.81724867061826
1139 1.81717650249012
1140 1.81710874848578
1141 1.81704558126765
1142 1.81698714697132
1143 1.81693356536832
1144 1.81688493014508
1145 1.81684130929295
1146 1.8168027456042
1147 1.81676925726828
1148 1.81674083856239
1149 1.81671746063036
1150 1.81669907234337
1151 1.81668560123598
1152 1.81667695451089
1153 1.81667302010551
1154 1.81667366781357
1155 1.81667875045492
1156 1.81668810508652
1157 1.81670155424784
1158 1.81671890723378
1159 1.81673996138851
1160 1.81676450341347
1161 1.81679231068324
1162 1.81682315256278
1163 1.81685679172016
1164 1.81689298542868
1165 1.8169314868529
1166 1.81697204631301
1167 1.8170144125226
1168 1.81705833379472
1169 1.81710355921198
1170 1.81714983975617
1171 1.81719692939365
1172 1.81724458611286
1173 1.81729257291064
1174 1.81734065872455
1175 1.81738861930846
1176 1.81743623804928
1177 1.81748330672285
1178 1.81752962618754
1179 1.81757500701414
1180 1.81761927005135
1181 1.81766224692619
1182 1.81770378047909
1183 1.81774372513372
1184 1.81778194720188
1185 1.81781832512423
1186 1.81785274964751
1187 1.81788512393977
1188 1.8179153636447
1189 1.81794339687694
1190 1.81796916416024
1191 1.81799261831038
1192 1.81801372426539
1193 1.81803245886522
1194 1.81804881058374
1195 1.81806277921561
1196 1.81807437552093
1197 1.81808362083069
1198 1.81809054661599
1199 1.81809519402422
1200 1.81809761338531
