1 0.8
2 0.8
3 0.8
4 0.8
5 0.8
6 0.8
7 0.8
8 0.8
9 0.8
10 0.8
11 0.8
12 0.8
13 0.8
14 0.8
15 0.8
16 0.8
17 0.8
18 0.8
19 0.8
20 0.8
21 0.8
22 0.8
23 0.8
24 0.8
25 0.8
26 0.8
27 0.8
28 0.8
29 0.8
30 0.8
31 0.8
32 0.8
33 0.8
34 0.8
35 0.8
36 0.8
37 0.8
38 0.8
39 0.8
40 0.8
41 0.8
42 0.8
43 0.8
44 0.8
45 0.8
46 0.8
47 0.8
48 0.8
49 0.8
50 0.8
51 0.8
52 0.8
53 0.8
54 0.8
55 0.8
56 0.8
57 0.8
58 0.8
59 0.8
60 0.8
61 0.8
62 0.8
63 0.8
64 0.8
65 0.8
66 0.8
67 0.8
68 0.8
69 0.8
70 0.8
71 0.8
72 0.8
73 0.8
74 0.8
75 0.8
76 0.8
77 0.8
78 0.8
79 0.8
80 0.8
81 0.8
82 0.8
83 0.8
84 0.8
85 0.8
86 0.8
87 0.8
88 0.8
89 0.8
90 0.8
91 0.8
92 0.8
93 0.8
94 0.8
95 0.8
96 0.8
97 0.8
98 0.8
99 0.8
100 0.8
101 0.8
102 0.8
103 0.8
104 0.8
105 0.8
106 0.8
107 0.8
108 0.8
109 0.8
110 0.8
111 0.8
112 0.8
113 0.8
114 0.8
115 0.8
116 0.8
117 0.8
118 0.8
119 0.8
120 0.8
121 0.8
122 0.8
123 0.8
124 0.8
125 0.8
126 0.8
127 0.8
128 0.8
129 0.8
130 0.8
131 0.8
132 0.8
133 0.8
134 0.8
135 0.8
136 0.8
137 0.8
138 0.8
139 0.8
140 0.8
141 0.8
142 0.8
143 0.8
144 0.8
145 0.8
146 0.8
147 0.8
148 0.8
149 0.8
150 0.8
151 0.8
152 0.8
153 0.8
154 0.8
155 0.8
156 0.8
157 0.8
158 0.8
159 0.8
160 0.8
161 0.8
162 0.8
163 0.8
164 0.8
165 0.8
166 0.8
167 0.8
168 0.8
169 0.8
170 0.8
171 0.8
172 0.8
173 0.8
174 0.8
175 0.8
176 0.8
177 0.8
178 0.8
179 0.8
180 0.8
181 0.8
182 0.8
183 0.8
184 0.8
185 0.8
186 0.8
187 0.8
188 0.8
189 0.8
190 0.8
191 0.8
192 0.8
193 0.8
194 0.8
195 0.8
196 0.8
197 0.8
198 0.8
199 0.8
200 0.8
201 0.8
202 0.8
203 0.8
204 0.8
205 0.8
206 0.8
207 0.8
208 0.8
209 0.8
210 0.8
211 0.800778725
212 0.80360926925
213 0.809412565748
214 0.818215714898255
215 0.829286889816548
216 0.841918473471702
217 0.85556936539215
218 0.869827678611113
219 0.884381706727413
220 0.89899733176974
221 0.913500447983848
222 0.927763291690398
223 0.941566315060261
224 0.954550402084082
225 0.966344848240078
226 0.976655924798791
227 0.98530615561264
228 0.992240940249207
229 0.997515254853348
230 1.00126988220783
231 1.00370389567041
232 1.00504789951641
233 1.00554076733735
234 1.00541127481813
235 1.00486504316962
236 1.00407654071028
237 1.00318547704011
238 1.00229671255374
239 1.00148274491879
240 1.00078787832468
241 1.00023329224319
242 0.999822372874721
243 0.99954582837804
244 0.999386261152284
245 0.999322005573277
246 0.999330151364527
247 0.999388758807192
248 0.999478332751262
249 0.999582660325718
250 0.999689135955266
251 0.999788700879062
252 0.999875516953581
253 0.999946479903435
254 1.00000065862039
255 1.0000387272202
256 1.00006243730505
257 1.00007416057881
258 1.00007651740724
259 1.00007209544465
260 1.00006325405471
261 1.00005200469039
262 1.00003995426729
263 1.00002829739349
264 1.00001784361959
265 1.00000906718443
266 1.00000216865099
267 0.999997140020961
268 0.99999382712938
269 0.999991985171102
270 0.999991324983903
271 0.999991549149914
272 0.999992378063251
273 0.999993566864582
274 0.999994914601923
275 0.999996267191819
276 0.999997515781316
277 0.999998592002538
278 0.999999461416781
279 1.00000011620483
280 1.00000056790722
281 1.00000084077625
282 1.00000096608653
283 1.00000097757233
284 1.00000090802025
285 1.000000786946
286 1.00000063921868
287 1.00000048446144
288 1.0000003370461
289 1.00000020650652
290 1.00000009821374
291 1.00000001418185
292 0.999999953901905
293 0.999999915129288
294 0.999999894575849
295 0.999999888479987
296 0.999999893045551
297 0.999999904753562
298 0.999999920559619
299 0.999999937995178
300 0.999999955193116
301 0.999999970857953
302 0.999999984199505
303 0.999999994846037
304 1.0000000027499
305 1.00000000809538
306 1.00000001121537
307 1.00000001252096
308 1.00000001244562
309 1.00000001140419
310 1.00000000976538
311 1.0000000078362
312 1.00000000585584
313 1.00000000399671
314 1.00000000237058
315 1.00000000103762
316 1.00000000001688
317 0.999999999296996
318 0.999999998846072
319 0.999999998620289
320 0.999999998570925
321 0.99999999864967
322 0.999999998812342
323 0.999999999021176
324 0.999999999245919
325 0.999999999464013
326 0.999999999696365
327 1.00000000008426
328 1.00000000096698
329 1.00000000290946
330 1.0000000066598
331 1.00000001306748
332 1.00000002299218
333 1.00000003722145
334 1.00000005640668
335 1.000000081021
336 1.00000011133853
337 1.00000014743223
338 1.00000018918018
339 1.00000023627117
340 1.00000028820955
341 1.00000034432382
342 1.0000004037828
343 1.00000046562125
344 1.00000052877461
345 1.00000059212008
346 1.00000065452069
347 1.00000071486801
348 1.00000077212008
349 1.00000082533141
350 1.00000087367359
351 1.00000091644561
352 1.00000095307449
353 1.00000098310735
354 1.0000010061968
355 1.0000010220817
356 1.00000103056557
357 1.00000103149441
358 1.00000102473603
359 1.00000101016186
360 1.00000098763244
361 1.00000095698712
362 1.00000091803818
363 1.00000087056941
364 1.00000081433904
365 1.00000074908681
366 1.00000067454503
367 1.00000059045366
368 1.00000049657955
369 1.00000039274049
370 1.00000027883476
371 1.00000015487783
372 1.0000000210479
373 0.999999877743089
374 0.999999725656981
375 0.999999565890251
376 0.999999400129631
377 0.999999230931039
378 0.999999062133549
379 0.999998899405725
380 0.999998750892544
381 0.999998627895611
382 0.999998545486368
383 0.99999852292537
384 0.999998583744297
385 0.999998755345306
386 0.999999067988919
387 0.99999955308153
388 1.00000024074357
389 1.00000115674825
390 1.00000231907794
391 1.00000373456099
392 1.00000539633354
393 1.00000728293234
394 1.00000935936775
395 1.00001157983401
396 1.0000138912674
397 1.00001623700219
398 1.00001856007795
399 1.00002080601539
400 1.00002292505125
401 1.00002486119687
402 1.00002653870994
403 1.00002786207832
404 1.00002873344112
405 1.0000290771857
406 1.00002885385479
407 1.00002806338926
408 1.00002674156549
409 1.00002495257657
410 0.999244077392599
411 0.996411138643106
412 0.990605292560272
413 0.981176526521369
414 0.967948443704168
415 0.95158489323065
416 0.933075579224102
417 0.913176911454567
418 0.892464286215602
419 0.871372775609219
420 0.850228789289706
421 0.82927470584437
422 0.80868802942916
423 0.788596283328821
424 0.76908858419715
425 0.750224632045412
426 0.73204168849363
427 0.714559989182099
428 0.697786937615179
429 0.681720350888378
430 0.666427090379897
431 0.6521296589834
432 0.639137906347012
433 0.62772784167682
434 0.618080541328125
435 0.610261657615423
436 0.604226577170246
437 0.599840054478356
438 0.59690227020724
439 0.595175808520938
440 0.594410071676983
441 0.594361209379179
442 0.594806791718041
443 0.595555257474238
444 0.596450684413239
445 0.597373713930898
446 0.598239574292862
447 0.598994134376927
448 0.59960882593381
449 0.600075131941588
450 0.600399178947977
451 0.600596812400527
452 0.600689389391298
453 0.600700401029815
454 0.600652940447199
455 0.600567962554254
456 0.600463236149863
457 0.60035286439571
458 0.600247241919847
459 0.600153321609395
460 0.600075077467724
461 0.600014068208317
462 0.599970026638732
463 0.599941420139001
464 0.599925946104405
465 0.599920942137727
466 0.599923703568469
467 0.599931710459858
468 0.599942772831005
469 0.599955106745524
470 0.599967355671508
471 0.599978571605596
472 0.5999881693628
473 0.599995865600166
474 0.600001611931922
475 0.600005529194022
476 0.600007847736144
477 0.600008856696993
478 0.600008863630688
479 0.600008164625347
480 0.600007024180158
481 0.600005663549605
482 0.600004255973493
483 0.600002927132813
484 0.600001759247971
485 0.600000797415445
486 0.600000057016879
487 0.599999531294634
488 0.599999198442857
489 0.599999027794322
490 0.599998984879387
491 0.599999035289201
492 0.59999914739036
493 0.599999294015457
494 0.599999453298453
495 0.59999960884171
496 0.599999749399284
497 0.599999868244852
498 0.599999962367829
499 0.60000003161239
500 0.600000077844671
501 0.600000104205958
502 0.600000114485699
503 0.600000112628678
504 0.600000102375748
505 0.600000087027136
506 0.600000069310809
507 0.600000051335259
508 0.600000034605467
509 0.600000020082056
510 0.600000008266168
511 0.599999999295693
512 0.599999993041857
513 0.59999998919838
514 0.599999987358339
515 0.599999987076262
516 0.599999987914889
517 0.599999989477445
518 0.599999991427121
519 0.599999993496028
520 0.599999995486019
521 0.599999997263727
522 0.599999998751932
523 0.599999999919029
524 0.600000000767999
525 0.60000000128965
526 0.600000001375492
527 0.600000000731277
528 0.599999998813107
529 0.599999994807365
530 0.599999987680574
531 0.599999976284277
532 0.599999959473804
533 0.599999936215952
534 0.599999905672415
535 0.599999867254075
536 0.59999982064675
537 0.599999765812252
538 0.59999970297028
539 0.599999632567096
540 0.599999555236663
541 0.599999471759074
542 0.599999383020112
543 0.599999289974657
544 0.599999193615671
545 0.5999990949531
546 0.599998995008596
547 0.599998894824921
548 0.599998795482231
549 0.599998698112726
550 0.599998603907497
551 0.599998514112635
552 0.599998430014712
553 0.599998352917951
554 0.599998284116687
555 0.599998224867013
556 0.599998176361175
557 0.599998139707376
558 0.599998115916602
559 0.599998105896954
560 0.599998110454958
561 0.599998130302558
562 0.599998166067923
563 0.599998218307907
564 0.599998287519888
565 0.599998374150754
566 0.599998478600936
567 0.599998601221523
568 0.599998742302588
569 0.599998902050842
570 0.599999080554579
571 0.599999277733471
572 0.599999493270223
573 0.599999726516893
574 0.599999976357547
575 0.60000024099506
576 0.600000517621232
577 0.600000801931412
578 0.600001087462876
579 0.600001364771601
580 0.600001620508059
581 0.600001836500675
582 0.600001988998697
583 0.600002048258503
584 0.600001978672822
585 0.600001739634624
586 0.600001287289004
587 0.600000577248744
588 0.59999956822264
589 0.599998226319496
590 0.599996529533653
591 0.599994471578453
592 0.599992064096304
593 0.599989336629539
594 0.599986334300043
595 0.599983113666924
596 0.599979737665344
597 0.599976270629654
598 0.599972774114677
599 0.599969303862105
600 0.599965920716079
601 0.599962704914591
602 0.599959757524746
603 0.599957194984276
604 0.599955136420113
605 0.599953681480824
606 0.599952892494243
607 0.599952790034675
608 0.599953356469893
609 0.599954543531747
610 0.599956281188577
611 0.599958486128101
612 0.599961068987981
613 0.599963940054924
614 0.599967013484423
615 0.599970210239465
616 0.599973459986317
617 0.599976702170673
618 0.599979886460906
619 0.599982972705446
620 0.599985929274421
621 0.599988729062226
622 0.599991345422192
623 0.599993750339491
624 0.599995915126498
625 0.599997812939061
626 0.599999422089761
627 0.600000729200119
628 0.600001731491706
629 0.600002437834438
630 0.600002868467025
631 0.600003053536127
632 0.600003030750678
633 0.600002842518119
634 0.600002532932573
635 0.600002144939217
636 0.600001717923218
637 0.600001285882675
638 0.600000876257049
639 0.600000509405387
640 0.600000198668367
641 0.59999995090718
642 0.599999767390475
643 0.59999964489554
644 0.599999576898454
645 0.599999554745903
646 0.599999568725028
647 0.599999608973418
648 0.599999666196441
649 0.599999732181337
650 0.599999800115682
651 0.599999864731234
652 0.599999922302844
653 0.599999970536375
654 0.600000008380137
655 0.600000035792054
656 0.600000053490466
657 0.60000006271103
658 0.600000064986249
659 0.600000061958445
660 0.600000055231761
661 0.600000046264463
662 0.600000036299432
663 0.600000026328373
664 0.600000017083838
665 0.600000009052561
666 0.600000002503626
667 0.599999997525535
668 0.599999994067083
669 0.599999991977984
670 0.599999991046247
671 0.599999991030336
672 0.59999999168506
673 0.599999992780887
674 0.599999994116954
675 0.599999995528458
676 0.599999996889367
677 0.599999998111474
678 0.599999999140858
679 0.599999999952699
680 0.600000000545289
681 0.60000000093391
682 0.600000001145072
683 0.600000001211462
684 0.600000001167793
685 0.600000001047623
686 0.600000000881125
687 0.600000000693726
688 0.600000000505472
689 0.600000000330982
690 0.60000000017982
691 0.600000000057159
692 0.59999999996459
693 0.599999999900987
694 0.599999999863338
695 0.599999999847494
696 0.599999999848792
697 0.599999999862549
698 0.599999999884415
699 0.599999999910604
700 0.599999999938015
701 0.59999999996426
702 0.599999999987632
703 0.600000000007024
704 0.600000000021827
705 0.600000000031815
706 0.600000000037035
707 0.600000000037706
708 0.600000000034147
709 0.600000000026708
710 0.600000000015737
711 0.600000000001552
712 0.599999999984436
713 0.599999999964637
714 0.599999999942372
715 0.599999999917848
716 0.59999999989127
717 0.599999999862865
718 0.5999999998329
719 0.599999999801706
720 0.599999999769691
721 0.59999999973735
722 0.599999999705258
723 0.599999999674064
724 0.599999999644465
725 0.599999999617183
726 0.599999999592932
727 0.599999999572399
728 0.599999999556211
729 0.599999999544918
730 0.599999999538986
731 0.59999999953878
732 0.599999999544571
733 0.599999999556535
734 0.599999999574765
735 0.599999999599276
736 0.599999999630021
737 0.599999999666902
738 0.599999999709772
739 0.599999999758452
740 0.599999999812723
741 0.599999999872332
742 0.599999999936991
743 0.600000000006366
744 0.600000000080075
745 0.60000000015768
746 0.600000000238669
747 0.600000000322439
748 0.600000000408279
749 0.600000000495329
750 0.600000000582549
751 0.600000000668662
752 0.600000000752108
753 0.600000000830974
754 0.600000000902935
755 0.600000000965197
756 0.600000001014453
757 0.600000001046862
758 0.600000001058062
759 0.600000001043235
760 0.600000000997213
761 0.600000000914649
762 0.600000000790255
763 0.600000000619072
764 0.600000000396804
765 0.60000000012015
766 0.599999999787157
767 0.599999999397536
768 0.599999998952941
769 0.599999998457191
770 0.599999997916416
771 0.599999997339132
772 0.599999996736231
773 0.5999999961209
774 0.599999995508455
775 0.59999999491609
776 0.599999994362525
777 0.599999993867529
778 0.599999993451294
779 0.599999993133642
780 0.599999992933062
781 0.599999992865616
782 0.599999992943806
783 0.599999993175527
784 0.599999993563266
785 0.59999999410367
786 0.599999994787571
787 0.599999995600475
788 0.599999996523442
789 0.599999997534262
790 0.599999998608554
791 0.59999999972053
792 0.600000000843439
793 0.600000001949865
794 0.600000003012093
795 0.600000004002832
796 0.600000004896374
797 0.60000000566998
798 0.600000006305217
799 0.600000006789002
800 0.600000007114224
801 0.600000007279886
802 0.600000007290814
803 0.600000007157013
804 0.60000000689277
805 0.600000006515621
806 0.600000006045265
807 0.600000005502498
808 0.600000004908234
809 0.600000004282635
810 0.600778728641634
811 0.603609272246158
812 0.609208420046006
813 0.617544304842023
814 0.628001955462695
815 0.639718985668738
816 0.651806778967152
817 0.663484087844726
818 0.674145730137262
819 0.683385263001639
820 0.690987021251176
821 0.69689970005772
822 0.701200767458863
823 0.704058446693718
824 0.705695841006507
825 0.706359995791729
826 0.706297296824106
827 0.705735563188034
828 0.704872470239259
829 0.703869483750774
830 0.702850249799165
831 0.701902314802083
832 0.701081098883709
833 0.700415171680975
834 0.699912048107237
835 0.699563905225724
836 0.699352800262247
837 0.699255130484277
838 0.69924521037767
839 0.699297946958902
840 0.699390670262206
841 0.699504225486251
842 0.699623459866808
843 0.699737245647445
844 0.699838175251736
845 0.699922050320732
846 0.699987266506687
847 0.700034173940951
848 0.700064471505538
849 0.700080673101767
850 0.700085667055061
851 0.700082376119642
852 0.700073515333704
853 0.700061438008724
854 0.700048056006917
855 0.700034818655517
856 0.700022734620112
857 0.700012422286784
858 0.700004176215191
859 0.699998039629622
860 0.699993875405097
861 0.699991430357706
862 0.699990389716553
863 0.699990420358642
864 0.699991202700304
865 0.699992452071009
866 0.699993930986106
867 0.699995454038404
868 0.699996887205443
869 0.699998143280827
870 0.699999174939988
871 0.699999966691476
872 0.700000526682945
873 0.700000879055633
874 0.700001057292145
875 0.70000109879179
876 0.700001040740855
877 0.700000917222425
878 0.700000757428309
879 0.70000058478879
880 0.700000416817584
881 0.700000265472582
882 0.700000137851025
883 0.700000037064884
884 0.699999963173589
885 0.699999914083033
886 0.699999886349456
887 0.699999875852515
888 0.699999878322826
889 0.69999988972515
890 0.699999906509547
891 0.69999992574963
892 0.699999945190362
893 0.699999963228394
894 0.699999978846458
895 0.699999991520647
896 0.700000001115955
897 0.700000007781866
898 0.700000011856256
899 0.700000013782783
900 0.700000014044336
901 0.700000013113072
902 0.700000011416092
903 0.700000009314863
904 0.700000007095941
905 0.700000004970395
906 0.700000003079386
907 0.70000000150366
908 0.700000000275017
909 0.699999999388279
910 0.699999998812645
911 0.699999998501729
912 0.699999998401852
913 0.699999998458469
914 0.699999998620754
915 0.699999998844536
916 0.699999999093838
917 0.699999999341308
918 0.699999999567835
919 0.699999999761632
920 0.699999999916999
921 0.700000000032977
922 0.700000000112017
923 0.700000000158779
924 0.700000000179107
925 0.700000000215474
926 0.700000000424203
927 0.700000001144314
928 0.700000002918575
929 0.700000006454635
930 0.700000012540336
931 0.700000021937088
932 0.700000035275028
933 0.700000052968302
934 0.700000075161494
935 0.700000101710958
936 0.700000132198924
937 0.700000165974115
938 0.700000202210403
939 0.700000239974428
940 0.700000278293822
941 0.700000316219196
942 0.700000352875035
943 0.70000038749673
944 0.700000419452861
945 0.700000448253463
946 0.700000473546129
947 0.700000495102559
948 0.700000512798463
949 0.700000526589702
950 0.70000053648728
951 0.700000542533346
952 0.700000544779818
953 0.700000543270697
954 0.700000538028626
955 0.700000529045808
956 0.70000051627904
957 0.700000499648411
958 0.700000479039069
959 0.700000454305406
960 0.700000425277076
961 0.700000391766338
962 0.700000353576374
963 0.700000310510379
964 0.700000262381456
965 0.700000209023494
966 0.700000150303474
967 0.700000086135844
968 0.70000001649985
969 0.699999941461007
970 0.699999861198192
971 0.699999776038264
972 0.699999686500584
973 0.699999593357683
974 0.69999949772908
975 0.699999401237596
976 0.699999306261291
977 0.699999216303529
978 0.699999136478809
979 0.699999074077442
980 0.699999039134234
981 0.699999044891439
982 0.699999108020438
983 0.699999248454984
984 0.699999488696225
985 0.699999852480346
986 0.700000362757924
987 0.700001039024242
988 0.700001894166364
989 0.700002931159999
990 0.700004140161294
991 0.700005496799512
992 0.700006962492853
993 0.700008487081268
994 0.700010013351272
995 0.700011482571983
996 0.700012840059085
997 0.700014039940752
998 0.700015048575707
999 0.700015846372951
1000 0.700016415307288
1001 0.700016722824302
1002 0.700016721834057
1003 0.700016363895858
1004 0.700015616818572
1005 0.700014477970319
1006 0.70001298002942
1007 0.700011189199911
1008 0.700009197646328
1009 0.700007112555444
1010 0.700005044193083
1011 0.700003094891305
1012 0.700001350295839
1013 0.699999873578612
1014 0.699998702771262
1015 0.699997850953304
1016 0.699997308749674
1017 0.699997048449983
1018 0.699997029034493
1019 0.699997201451335
1020 0.699997513605604
1021 0.699997914666206
1022 0.699998358447352
1023 0.699998805761387
1024 0.699999225756512
1025 0.699999596341222
1026 0.699999903855199
1027 0.700000142176127
1028 0.700000311457446
1029 0.700000416678948
1030 0.700000466166165
1031 0.700000470201138
1032 0.700000439811231
1033 0.700000385788021
1034 0.700000317957517
1035 0.700000244697912
1036 0.700000172682348
1037 0.700000106811871
1038 0.700000050297273
1039 0.70000000484699
1040 0.699999970920484
1041 0.699999948011499
1042 0.699999934932156
1043 0.699999930076038
1044 0.699999931645579
1045 0.699999937835517
1046 0.699999946969702
1047 0.69999995759281
1048 0.699999968521603
1049 0.699999978862309
1050 0.699999988001603
1051 0.699999995578739
1052 0.700000001445911
1053 0.700000005622932
1054 0.700000008251203
1055 0.700000009550653
1056 0.700000009782174
1057 0.700000009216937
1058 0.700000008113133
1059 0.700000006699908
1060 0.700000005167827
1061 0.700000003664829
1062 0.700000002296516
1063 0.700000001129598
1064 0.700000000197365
1065 0.699999999506229
1066 0.699999999042552
1067 0.699999998779138
1068 0.699999998681008
1069 0.699999998710193
1070 0.699999998829445
1071 0.699999999004884
1072 0.699999999207663
1073 0.699999999414789
1074 0.699999999609271
1075 0.699999999779771
1076 0.699999999919909
1077 0.700000000027391
1078 0.700000000103048
1079 0.700000000149918
1080 0.700000000172393
1081 0.700000000175513
1082 0.7000000001644
1083 0.700000000143836
1084 0.700000000117997
1085 0.700000000090295
1086 0.700000000063332
1087 0.700000000038921
1088 0.700000000018172
1089 0.700000000001598
1090 0.699999999989245
1091 0.699999999980818
1092 0.699999999975802
1093 0.699999999973561
1094 0.699999999973425
1095 0.699999999974755
1096 0.699999999976982
1097 0.699999999979643
1098 0.699999999982388
1099 0.699999999984984
1100 0.69999999998731
1101 0.699999999989347
1102 0.699999999991156
1103 0.69999999999287
1104 0.699999999994668
1105 0.699999999996759
1106 0.699999999999366
1107 0.700000000002701
1108 0.700000000006956
1109 0.700000000012281
1110 0.700000000018776
1111 0.700000000026478
1112 0.700000000035363
1113 0.700000000045338
1114 0.700000000056252
1115 0.700000000067903
1116 0.700000000080042
1117 0.700000000092382
1118 0.700000000104601
1119 0.700000000116345
1120 0.700000000127237
1121 0.700000000136889
1122 0.700000000144915
1123 0.700000000150951
1124 0.70000000015468
1125 0.700000000155851
1126 0.700000000154291
1127 0.700000000149923
1128 0.700000000142766
1129 0.700000000132929
1130 0.700000000120603
1131 0.700000000106043
1132 0.700000000089545
1133 0.700000000071425
1134 0.700000000051998
1135 0.700000000031557
1136 0.700000000010357
1137 0.699999999988604
1138 0.699999999966453
1139 0.699999999944005
1140 0.699999999921315
1141 0.6999999998984
1142 0.699999999875255
1143 0.699999999851868
1144 0.699999999828243
1145 0.699999999804413
1146 0.699999999780472
1147 0.699999999756591
1148 0.699999999733048
1149 0.699999999710252
1150 0.699999999688772
1151 0.699999999669366
1152 0.699999999653011
1153 0.699999999640925
1154 0.699999999634592
1155 0.699999999635763
1156 0.699999999646452
1157 0.699999999668898
1158 0.699999999705509
1159 0.699999999758757
1160 0.699999999831047
1161 0.699999999924548
1162 0.700000000040995
1163 0.700000000181473
1164 0.700000000346204
1165 0.700000000534351
1166 0.700000000743858
1167 0.700000000971353
1168 0.700000001212105
1169 0.70000000146007
1170 0.700000001707992
1171 0.700000001947589
1172 0.700000002169779
1173 0.700000002364956
1174 0.700000002523306
1175 0.700000002635143
1176 0.700000002691295
1177 0.700000002683532
1178 0.700000002605056
1179 0.70000000245105
1180 0.700000002219277
1181 0.700000001910681
1182 0.700000001529882
1183 0.700000001085457
1184 0.700000000589899
1185 0.70000000005917
1186 0.699999999511862
1187 0.699999998968027
1188 0.699999998447802
1189 0.699999997969982
1190 0.699999997550911
1191 0.699999997203969
1192 0.69999999693956
1193 0.699999996765251
1194 0.699999996685785
1195 0.699999996702867
1196 0.699999996814766
1197 0.699999997015926
1198 0.69999999729677
1199 0.699999997643827
1200 0.699999998040285
