1 2
2 2
3 2
4 2
5 2
6 2
7 2
8 2
9 2
10 2
11 2
12 2
13 2
14 2
15 2
16 2
17 2
18 2
19 2
20 2
21 2
22 2
23 2
24 2
25 2
26 2
27 2
28 2
29 2
30 2.25
31 2.28033333333333
32 2.31366666666667
33 2.347
34 2.38033333333333
35 2.41366666666667
36 2.447
37 2.48033333333333
38 2.51366666666667
39 2.547
40 2.57908867120833
41 2.60887338781092
42 2.63643609524083
43 2.66180732687522
44 2.68500057771781
45 2.70601644755612
46 2.72484597665384
47 2.74147322033263
48 2.75587723185074
49 2.76803358548163
50 2.77792173921878
51 2.78553571939546
52 2.79088645219237
53 2.79399893902602
54 2.79491031966157
55 2.79366842262947
56 2.79033067340433
57 2.78496326294123
58 2.77764050499432
59 2.7684443298068
60 2.75746384509908
61 2.74479486532601
62 2.73053935420281
63 2.71480479751353
64 2.69770353814625
65 2.67935209315897
66 2.65987046548817
67 2.63938145807845
68 2.61800999502839
69 2.59588245229559
70 2.57312599937115
71 2.54986795317891
72 2.52623514602412
73 2.502353310034
74 2.47834648080405
75 2.45433642294736
76 2.43044208008042
77 2.40677905154692
78 2.3834590979287
79 2.36058967714638
80 2.33827351272332
81 2.31660819557767
82 2.29568582051121
83 2.27559265837313
84 2.25640886468493
85 2.23820822531939
86 2.22105793963171
87 2.20501844124679
88 2.19014325651487
89 2.17647890045997
90 2.16406480986328
91 2.15293331294766
92 2.14310963496034
93 2.13461193878961
94 2.12745139959816
95 2.12163231231082
96 2.11715223065932
97 2.11400213636043
98 2.11216663688799
99 2.11162419019352
100 2.11234735463512
101 2.11430306229004
102 2.11745291375298
103 2.12175349246022
104 2.12715669652835
105 2.13361008605694
106 2.14105724381527
107 2.14943814721574
108 2.15868954946955
109 2.16874536782358
110 2.17953707679162
111 2.19099410431665
112 2.20304422883482
113 2.21561397525419
114 2.22862900791331
115 2.24201451864449
116 2.25569560813466
117 2.26959765885212
118 2.28364669788918
119 2.29776974815963
120 2.31189516648345
121 2.32595296719067
122 2.33987512997971
123 2.35359589087284
124 2.36705201522229
125 2.38018305183356
126 2.39293156738789
127 2.40524336046218
128 2.41706765456248
129 2.42835726970401
130 2.43906877218842
131 2.4491626023446
132 2.45860318011418
133 2.46735898847509
134 2.47540263480667
135 2.48271089040636
136 2.48926470847138
137 2.49504922095834
138 2.50005371482808
139 2.50427158827407
140 2.50770028761709
141 2.5103412256293
142 2.51219968212462
143 2.51328468772075
144 2.51360889174047
145 2.51318841527556
146 2.51204269048674
147 2.5101942872556
148 2.50766872834164
149 2.50449429422719
150 2.50070181885673
151 2.49632447749393
152 2.49139756793031
153 2.48595828628363
154 2.48004549862205
155 2.47369950964174
156 2.46696182961214
157 2.45987494078261
158 2.45248206441983
159 2.44482692961431
160 2.43695354495951
161 2.42890597416696
162 2.42072811663645
163 2.4124634939523
164 2.40415504322449
165 2.39584491813839
166 2.38757429851838
167 2.37938320914973
168 2.37131034854005
169 2.36339292823651
170 2.35566652324824
171 2.34816493405585
172 2.34092006062106
173 2.3339617887408
174 2.32731788902058
175 2.32101392867339
176 2.31507319628192
177 2.30951663959459
178 2.30436281635951
179 2.29962785813623
180 2.29532544696188
181 2.29146680468783
182 2.28806069474432
183 2.28511343603498
184 2.28262892860953
185 2.28060869071349
186 2.27905190676605
187 2.27795548577428
188 2.27731412965108
189 2.277120410868
190 2.27736485884109
191 2.27803605441846
192 2.27912073181311
193 2.28060388730294
194 2.28246889400208
195 2.28469762199389
196 2.28727056310599
197 2.29016695960146
198 2.29336493605778
199 2.29684163370646
200 2.30057334651081
201 2.3045356582678
202 2.3087035800314
203 2.31305168716942
204 2.31755425538408
205 2.32218539504686
206 2.32691918322204
207 2.33172979277895
208 2.33659161802183
209 2.34147939629631
210 2.34636832506418
211 2.35123417397263
212 2.35605339147957
213 2.36080320563413
214 2.36546171864945
215 2.37000799494443
216 2.37442214237043
217 2.37868538637985
218 2.38278013693373
219 2.38669004798626
220 2.3904000694248
221 2.39389649138396
222 2.39716698089201
223 2.40020061084693
224 2.40298788135732
225 2.40552073352038
226 2.40779255574505
227 2.40979818276256
228 2.41153388749982
229 2.41299736602207
230 2.41418771578084
231 2.41510540743089
232 2.41575225050553
233 2.41613135326329
234 2.41624707704055
235 2.41610498546413
236 2.41571178889504
237 2.41507528448952
238 2.41420429227623
239 2.41310858765889
240 2.4117988307618
241 2.41028649304152
242 2.40858378159193
243 2.40670356157087
244 2.40465927717641
245 2.40246487159764
246 2.4001347063602
247 2.39768348047994
248 2.39512614982947
249 2.39247784711174
250 2.38975380282279
251 2.38696926757184
252 2.38413943611171
253 2.38127937341581
254 2.37840394311993
255 2.3755277386281
256 2.37266501716145
257 2.36982963700802
258 2.36703499820955
259 2.36429398689894
260 2.36161892347877
261 2.35902151480791
262 2.35651281053974
263 2.35410316373117
264 2.35180219581812
265 2.34961876602903
266 2.34756094528454
267 2.34563599460784
268 2.34385034804769
269 2.34220960009339
270 2.3407184975393
271 2.33938093573567
272 2.33819995914199
273 2.33717776608
274 2.33631571756485
275 2.33561435007581
276 2.33507339211138
277 2.3346917843588
278 2.3344677032938
279 2.33439858801387
280 2.33448117009683
281 2.3347115062665
282 2.33508501363819
283 2.33559650730956
284 2.33624024005598
285 2.33700994388495
286 2.33789887320049
287 2.33889984932622
288 2.34000530613526
289 2.34120733653499
290 2.34249773955687
291 2.34386806780393
292 2.34530967501277
293 2.34681376349198
294 2.34837143120484
295 2.34997371827169
296 2.35161165267519
297 2.35327629496076
298 2.35495878173428
299 2.35665036776982
300 2.35834246655129
301 2.36002668908374
302 2.36169488082253
303 2.36333915658139
304 2.36495193329367
305 2.36652596051449
306 2.36805434856563
307 2.36953059423849
308 2.37094860398505
309 2.37230271454022
310 2.37358771093367
311 2.37479884186255
312 2.37593183241057
313 2.3769828941123
314 2.37794873237472
315 2.37882655128087
316 2.37961405581273
317 2.38030945154256
318 2.38091144185318
319 2.38141922275847
320 2.38183247540569
321 2.38215135635079
322 2.38237648570668
323 2.38250893327267
324 2.38255020276092
325 2.3825022142421
326 2.38236728493897
327 2.3821481085011
328 2.38184773289903
329 2.38146953707932
330 2.38101720652491
331 2.3804947078674
332 2.37990626269894
333 2.37925632073209
334 2.37854953245559
335 2.3777907214334
336 2.37698485639213
337 2.37613702324036
338 2.37525239715955
339 2.37433621490344
340 2.37339374743788
341 2.37243027304885
342 2.37145105104077
343 2.3704612961416
344 2.36946615372494
345 2.36847067595283
346 2.36747979893587
347 2.36649832099996
348 2.3655308821416
349 2.36458194474569
350 2.36365577563191
351 2.36275642948753
352 2.36188773373647
353 2.36105327488603
354 2.36025638638436
355 2.35950013801374
356 2.35878732683623
357 2.35812046970054
358 2.35750179731063
359 2.35693324984917
360 2.35641647414124
361 2.35595282233647
362 2.35554335208062
363 2.35518882814131
364 2.35488972544571
365 2.35464623348242
366 2.35445826201383
367 2.35432544804033
368 2.35424716395256
369 2.35422252680368
370 2.35425040862977
371 2.35432944774276
372 2.35445806091726
373 2.35463445639035
374 2.35485664759075
375 2.35512246751261
376 2.35542958364769
377 2.35577551338894
378 2.35615763981831
379 2.35657322779164
380 2.35701944023404
381 2.35749335456033
382 2.35799197913611
383 2.35851226969726
384 2.35905114564727
385 2.35960550615494
386 2.36017224597698
387 2.36074827093392
388 2.36133051297066
389 2.36191594473675
390 2.36250159362544
391 2.36308455521466
392 2.36366200605725
393 2.36423121577228
394 2.36478955839393
395 2.36533452293903
396 2.36586372315916
397 2.36637490644796
398 2.36686596187929
399 2.36733492735676
400 2.11733492735676
401 2.05708778560681
402 1.99081361848176
403 1.92451111251152
404 1.85817912512564
405 1.79181668632792
406 1.72542299947773
407 1.65899744119484
408 1.59253956040877
409 1.52604907657719
410 1.46077275506625
411 1.39792257632669
412 1.3376923286862
413 1.28029496701149
414 1.22592317224642
415 1.2
416 1.2
417 1.2
418 1.2
419 1.2
420 1.2
421 1.2
422 1.2
423 1.2
424 1.2
425 1.2
426 1.2
427 1.2
428 1.2
429 1.2
430 1.20183878763654
431 1.20583162659514
432 1.21180748066995
433 1.21961818659539
434 1.22913412896404
435 1.24024083543145
436 1.25283629052787
437 1.2668288108928
438 1.28213535941296
439 1.2986802027494
440 1.31638468310278
441 1.33515810541422
442 1.35489938022315
443 1.37550028361975
444 1.39684789186648
445 1.41882641564136
446 1.44131858145821
447 1.46420667150897
448 1.48737330574409
449 1.51070202930317
450 1.53407779837224
451 1.55738747453582
452 1.58052035971092
453 1.60336874246821
454 1.62582842887919
455 1.64779924209946
456 1.66918548212875
457 1.68989634195313
458 1.70984627932834
459 1.72895534534448
460 1.74714947177486
461 1.76436071901244
462 1.78052748562769
463 1.79559467998133
464 1.80951385411724
465 1.82224330020291
466 1.83374810994954
467 1.84400019765199
468 1.85297828769854
469 1.8606678675868
470 1.86706110763768
471 1.87215674872538
472 1.87595995944714
473 1.8784821642511
474 1.87974084412951
475 1.87975931156715
476 1.87856646151268
477 1.87619650020996
478 1.87268865378763
479 1.86808685855646
480 1.862439435005
481 1.85579874751445
482 1.84822085183387
483 1.83976513236652
484 1.83049393131796
485 1.82047217174664
486 1.80976697653809
487 1.79844728529524
488 1.7865834710998
489 1.7742469590531
490 1.76150984845084
491 1.74844454038372
492 1.73512337248645
493 1.7216182624817
494 1.70800036208251
495 1.69433972272899
496 1.6807049745412
497 1.66716301977232
498 1.65377874194424
499 1.64061473174184
500 1.62773103063441
501 1.61518489308172
502 1.60303056807028
503 1.59131910061202
504 1.58009815372388
505 1.56941185129331
506 1.55930064212161
507 1.54980118532538
508 1.54094625716634
509 1.53276467927192
510 1.52528126810388
511 1.51851680543065
512 1.51248802946021
513 1.5072076461964
514 1.50268436049154
515 1.49892292618272
516 1.49592421461923
517 1.49368530081346
518 1.49219956637822
519 1.49145681834997
520 1.4914434229395
521 1.4921424532004
522 1.49353384955979
523 1.49559459211723
524 1.49829888358439
525 1.50161834171218
526 1.50552220003148
527 1.50997751572012
528 1.51494938340096
529 1.52040115367449
530 1.52629465519372
531 1.53259041909949
532 1.53924790465007
533 1.54622572490024
534 1.55348187131135
535 1.5609739362055
536 1.56865933201258
537 1.57649550629955
538 1.58444015161575
539 1.59245140923606
540 1.60048806593549
541 1.60850974298336
542 1.61647707660271
543 1.6243518892004
544 1.63209735073527
545 1.63967812965513
546 1.64706053289858
547 1.65421263452314
548 1.66110439258804
549 1.66770775398654
550 1.67399674698977
551 1.67994756132993
552 1.68553861571708
553 1.69075061274772
554 1.69556658122729
555 1.69997190599028
556 1.70395434536159
557 1.70750403646053
558 1.71061348860479
559 1.71327756512385
560 1.71549345394237
561 1.71726062734044
562 1.71858079134236
563 1.71945782522609
564 1.71989771168286
565 1.71990845819083
566 1.71950001019648
567 1.71868415672459
568 1.71747442906049
569 1.71588599316748
570 1.71393553651815
571 1.71164115002988
572 1.70902220580317
573 1.70609923136583
574 1.70289378112704
575 1.69942830574267
576 1.69572602008724
577 1.69181077051868
578 1.68770690210938
579 1.68343912650173
580 1.67903239102776
581 1.67451174971133
582 1.66990223674773
583 1.66522874302923
584 1.66051589625697
585 1.65578794514914
586 1.65106864822323
587 1.64638116759641
588 1.64174796821286
589 1.63719072287057
590 1.63273022338252
591 1.62838629816931
592 1.62417773654119
593 1.62012221988867
594 1.61623625996121
595 1.61253514437456
596 1.60903288944797
597 1.60574220043414
598 1.60267443916638
599 1.59983959911046
600 1.59724628777207
601 1.59490171637563
602 1.59281169669613
603 1.59098064489302
604 1.58941159216402
605 1.58810620200722
606 1.58706479385201
607 1.58628637279355
608 1.58576866514121
609 1.58550815946973
610 1.58550015284148
611 1.58573880185055
612 1.58621717812378
613 1.58692732789983
614 1.58786033529658
615 1.58900638886756
616 1.59035485104136
617 1.59189433003296
618 1.59361275381351
619 1.59549744572439
620 1.59753520132271
621 1.59971236604938
622 1.60201491331591
623 1.60442852261365
624 1.60693865725824
625 1.60953064139289
626 1.61218973588655
627 1.61490121277697
628 1.61765042792393
629 1.62042289155484
630 1.62320433640232
631 1.62598078315281
632 1.62873860294456
633 1.63146457667464
634 1.6341459508954
635 1.63677049010342
636 1.63932652524583
637 1.6418029982923
638 1.64418950274345
639 1.64647631996995
640 1.64865445129956
641 1.6507156457922
642 1.65265242366617
643 1.65445809536075
644 1.65612677624254
645 1.65765339698422
646 1.65903370966513
647 1.66026428966321
648 1.66134253342701
649 1.66226665223464
650 1.66303566206428
651 1.66364936971682
652 1.66410835534672
653 1.66441395157131
654 1.66456821934155
655 1.66457392076925
656 1.66443448911626
657 1.66415399616007
658 1.66373711715884
659 1.66318909364499
660 1.6625156942822
661 1.66172317402488
662 1.66081823182157
663 1.65980796710586
664 1.65869983531826
665 1.65750160270203
666 1.65622130061343
667 1.65486717958409
668 1.65344766336856
669 1.65197130320503
670 1.65044673251054
671 1.64888262222495
672 1.6472876370096
673 1.64567039249755
674 1.64403941378266
675 1.64240309532402
676 1.6407696624313
677 1.63914713448492
678 1.63754329003259
679 1.63596563389143
680 1.63442136637169
681 1.63291735472506
682 1.63146010690712
683 1.63005574772981
684 1.6287099974664
685 1.62742815295768
686 1.6262150712546
687 1.62507515581937
688 1.62401234529357
689 1.62303010482917
690 1.6221314199656
691 1.62131879302392
692 1.62059424197725
693 1.61995930174537
694 1.61941502785063
695 1.61896200236196
696 1.6186003420444
697 1.61832970862224
698 1.61814932105585
699 1.61805796972444
700 1.61805403240012
701 1.61813549189253
702 1.61829995523759
703 1.61854467429963
704 1.61886656765175
705 1.61926224359644
706 1.61972802418588
707 1.62025997009975
708 1.62085390623733
709 1.62150544788065
710 1.62221002728573
711 1.62296292056047
712 1.62375927468924
713 1.62459413456717
714 1.62546246990986
715 1.62635920190841
716 1.62727922950358
717 1.62821745515792
718 1.62916881001005
719 1.63012827830084
720 1.63109092096763
721 1.63205189830899
722 1.63300649162952
723 1.63395012378127
724 1.6348783785258
725 1.63578701864853
726 1.63667200276471
727 1.63752950076434
728 1.63835590785135
729 1.63914785714009
730 1.6399022307806
731 1.64061616959179
732 1.6412870811895
733 1.64191264660444
734 1.64249082539228
735 1.64301985924585
736 1.64349827412632
737 1.64392488093754
738 1.64429877477384
739 1.64461933277856
740 1.64488621065604
741 1.64509933788588
742 1.64525891169329
743 1.6453653898344
744 1.64541948225989
745 1.64542214172428
746 1.64537455341203
747 1.64527812365455
748 1.64513446781539
749 1.64494539742276
750 1.64471290663074
751 1.64443915809177
752 1.64412646832423
753 1.64377729265901
754 1.64339420984982
755 1.64297990643083
756 1.64253716090535
757 1.64206882784751
758 1.64157782199773
759 1.64106710243097
760 1.64053965687429
761 1.63999848624799
762 1.63944658950161
763 1.63888694881299
764 1.63832251521522
765 1.63775619471264
766 1.63719083494327
767 1.63662921244095
768 1.63607402054628
769 1.63552785801105
770 1.6349932183365
771 1.63447247988108
772 1.63396789676862
773 1.63348159062352
774 1.63301554315433
775 1.63257158960293
776 1.63215141307136
777 1.63175653973405
778 1.63138833493856
779 1.63104800019326
780 1.63073657103642
781 1.63045491577654
782 1.63020373508998
783 1.62998356245784
784 1.62979476542036
785 1.6296375476237
786 1.62951195163031
787 1.62941786246138
788 1.62935501183666
789 1.62932298307442
790 1.62932121661199
791 1.62934901610498
792 1.62940555506157
793 1.6294898839666
794 1.62960093784858
795 1.62973754424219
796 1.62989843149722
797 1.6300822373851
798 1.63028751795327
799 1.63051275657782
800 1.79058970649834
801 1.80601673345265
802 1.82295882502955
803 1.83991426669227
804 1.8568813177594
805 1.87385822063168
806 1.89084320988743
807 1.90783452120485
808 1.92483040007106
809 1.94182911023953
810 1.95803318791488
811 1.97278475856078
812 1.98617305700642
813 1.99824996213865
814 2.00905128192194
815 2.01860047194165
816 2.02691158908765
817 2.03399158316693
818 2.03984207316589
819 2.04446072242545
820 2.04784626349066
821 2.05000547640073
822 2.0509546118659
823 2.05071746695934
824 2.04932408718537
825 2.04680982594379
826 2.04321466251545
827 2.03858270520695
828 2.03296182621061
829 2.02640338942999
830 2.01896202360635
831 2.01069537567664
832 2.00166380949172
833 1.99193006214993
834 1.98155887938416
835 1.97061664297534
836 1.95917099813325
837 1.94729048546442
838 1.93504418000788
839 1.92250133848077
840 1.90973105516957
841 1.89680192684209
842 1.88378172745725
843 1.87073709386837
844 1.85773322389776
845 1.84483358815125
846 1.8320996568377
847 1.81959064271359
848 1.80736326111848
849 1.79547150792004
850 1.78396645605461
851 1.77289607123178
852 1.76230504726329
853 1.75223466137367
854 1.74272264974666
855 1.73380310345798
856 1.72550638484168
857 1.71785906423405
858 1.71088387693921
859 1.70459970016218
860 1.69902154956155
861 1.6941605949844
862 1.69002419486035
863 1.68661594865156
864 1.68393576667982
865 1.68197995658146
866 1.68074132557597
867 1.68020929767452
868 1.68037004490108
869 1.68120663155071
870 1.6826991704679
871 1.68482499029173
872 1.68755881258481
873 1.6908729377394
874 1.69473743853605
875 1.69912036021861
876 1.70398792594358
877 1.70930474646169
878 1.71503403289519
879 1.7211378114856
880 1.72757713920298
881 1.73431231912929
882 1.74130311455512
883 1.74850896075969
884 1.75588917347997
885 1.76340315311391
886 1.77101058374632
887 1.77867162613286
888 1.78634710382741
889 1.79399868169133
890 1.80158903607821
891 1.80908201604571
892 1.81644279500547
893 1.82363801228298
894 1.83063590412185
895 1.83740642372988
896 1.84392135002782
897 1.85015438482576
898 1.85608123821576
899 1.86167970203238
900 1.86692971129557
901 1.87181339361171
902 1.87631510656874
903 1.88042146322014
904 1.88412134580894
905 1.8874059079379
906 1.8902685654444
907 1.89270497628819
908 1.89471300980783
909 1.89629270574539
910 1.89744622348105
911 1.89817778195665
912 1.89849359080288
913 1.89840177321572
914 1.89791228115647
915 1.89703680347386
916 1.89578866756801
917 1.89418273523369
918 1.89223529333398
919 1.88996393996607
920 1.88738746678791
921 1.88452573817745
922 1.88139956789687
923 1.87803059393018
924 1.87444115215665
925 1.87065414951242
926 1.86669293728033
927 1.86258118513205
928 1.85834275652882
929 1.8540015860658
930 1.84958155932204
931 1.84510639575257
932 1.84059953513138
933 1.8360840280249
934 1.83158243074412
935 1.82711670519118
936 1.82270812398225
937 1.81837718119332
938 1.81414350903992
939 1.81002580076494
940 1.80604173997164
941 1.80220793660155
942 1.79853986971945
943 1.79505183722997
944 1.79175691261337
945 1.78866690873103
946 1.78579234871519
947 1.78314244392202
948 1.78072507889249
949 1.77854680323235
950 1.77661283029009
951 1.77492704248111
952 1.77349200307693
953 1.77230897425027
954 1.77137794114112
955 1.77069764168423
956 1.77026560191619
957 1.77007817645956
958 1.77013059386312
959 1.77041700646049
960 1.77093054439515
961 1.77166337344717
962 1.77260675628699
963 1.77375111677297
964 1.77508610690353
965 1.77660067603068
966 1.77828314193941
967 1.78012126339771
968 1.78210231378377
969 1.78421315540068
970 1.78644031409483
971 1.78877005380133
972 1.79118845064934
973 1.79368146627048
974 1.79623501996612
975 1.7988350594027
976 1.80146762951957
977 1.80411893934968
978 1.80677542647108
979 1.80942381882523
980 1.81205119365759
981 1.8146450333555
982 1.81719327797951
983 1.81968437430481
984 1.8221073212116
985 1.82445171128446
986 1.82670776850338
987 1.8288663819306
988 1.83091913532018
989 1.83285833259829
990 1.83467701918456
991 1.83636899914583
992 1.83792884819424
993 1.83935192256249
994 1.84063436380802
995 1.84177309961753
996 1.84276584070074
997 1.8436110738801
998 1.84430805149918
999 1.84485677728801
1000 1.84525798883787
1001 1.84551313685123
1002 1.84562436134483
1003 1.84559446499463
1004 1.84542688382114
1005 1.84512565542229
1006 1.84469538496825
1007 1.84414120917869
1008 1.84346875850771
1009 1.84268411776567
1010 1.84179378540894
1011 1.84080463173053
1012 1.83972385618386
1013 1.83855894407133
1014 1.8373176228269
1015 1.83600781811847
1016 1.83463760999173
1017 1.83321518927148
1018 1.83174881443036
1019 1.83024676912763
1020 1.8287173206125
1021 1.82716867917801
1022 1.82560895884141
1023 1.8240461394174
1024 1.82248803013942
1025 1.82094223497299
1026 1.81941611975345
1027 1.81791678126835
1028 1.81645101839204
1029 1.81502530536777
1030 1.81364576731943
1031 1.81231815806219
1032 1.81104784026844
1033 1.80983976803217
1034 1.80869847186246
1035 1.8076280461235
1036 1.8066321389266
1037 1.80571394446689
1038 1.80487619778578
1039 1.80412117192856
1040 1.80345067745547
1041 1.80286606425377
1042 1.80236822558814
1043 1.80195760431747
1044 1.80163420119649
1045 1.80139758517275
1046 1.80124690558138
1047 1.80118090613321
1048 1.80119794058492
1049 1.80129598997481
1050 1.80147268130203
1051 1.80172530752348
1052 1.80205084873841
1053 1.80244599442842
1054 1.80290716661792
1055 1.80343054381914
1056 1.80401208562478
1057 1.80464755781142
1058 1.80533255781767
1059 1.80606254046196
1060 1.80683284376725
1061 1.8076387147623
1062 1.80847533513222
1063 1.80933784659485
1064 1.81022137588385
1065 1.81112105922378
1066 1.81203206618805
1067 1.81294962283575
1068 1.81386903402994
1069 1.81478570484566
1070 1.81569516098313
1071 1.8165930681081
1072 1.81747525004867
1073 1.81833770578516
1074 1.81917662517696
1075 1.819988403378
1076 1.8207696539
1077 1.82151722029031
1078 1.82222818639889
1079 1.82289988521631
1080 1.82352990627255
1081 1.82411610159325
1082 1.82465659021771
1083 1.82514976128971
1084 1.82559427573913
1085 1.8259890665788
1086 1.82633333784755
1087 1.82662656223598
1088 1.82686847743767
1089 1.82705908127338
1090 1.82719862564106
1091 1.82728760934897
1092 1.82732676989341
1093 1.82731707424635
1094 1.82725970872163
1095 1.82715606799142
1096 1.82700774332698
1097 1.82681651014022
1098 1.82658431490383
1099 1.82631326152931
1100 1.82600559728296
1101 1.82566369832029
1102 1.82529005491943
1103 1.82488725649358
1104 1.82445797646182
1105 1.82400495705659
1106 1.82353099414451
1107 1.82303892213521
1108 1.82253159905111
1109 1.82201189182802
1110 1.82148266191423
1111 1.82094675123219
1112 1.82040696856403
1113 1.81986607641824
1114 1.81932677843157
1115 1.81879170735584
1116 1.81826341367551
1117 1.81774435489789
1118 1.81723688555307
1119 1.81674324793662
1120 1.81626556362378
1121 1.81580582577879
1122 1.81536589227934
1123 1.81494747967082
1124 1.81455215796121
1125 1.81418134626268
1126 1.81383630928176
1127 1.81351815465573
1128 1.81322783112864
1129 1.81296612755651
1130 1.81273367272718
1131 1.81253093597687
1132 1.81235822858176
1133 1.81221570589966
1134 1.81210337023361
1135 1.8120210743866
1136 1.8119685258735
1137 1.81194529175421
1138 1.81195080404946
1139 1.81198436569905
1140 1.81204515702025
1141 1.81213224262282
1142 1.8122445787357
1143 1.81238102089964
1144 1.81254033197895
1145 1.81272119044555
1146 1.81292219888764
1147 1.81314189269593
1148 1.81337874888008
1149 1.8136311949688
1150 1.81389761794756
1151 1.81417637318868
1152 1.81446579332997
1153 1.81476419705901
1154 1.81506989776181
1155 1.81538121199626
1156 1.81569646775239
1157 1.8160140124636
1158 1.81633222073502
1159 1.8166495017572
1160 1.81696430637592
1161 1.81727513379104
1162 1.81758053785981
1163 1.81787913298289
1164 1.81816959955331
1165 1.81845068895189
1166 1.81872122807481
1167 1.81898012338179
1168 1.81922636445612
1169 1.8194590270702
1170 1.81967727575293
1171 1.8198803658579
1172 1.8200676451338
1173 1.82023855480072
1174 1.82039263013869
1175 1.82052950059685
1176 1.82064888943385
1177 1.82075061290221
1178 1.82083457899131
1179 1.82090078574551
1180 1.82094931917561
1181 1.82098035078349
1182 1.82099413472115
1183 1.82099100460684
1184 1.8209713700219
1185 1.82093571271313
1186 1.82088458252646
1187 1.82081859309817
1188 1.82073841733067
1189 1.82064478268032
1190 1.82053846628501
1191 1.82042028995915
1192 1.82029111508431
1193 1.82015183742282
1194 1.82000338188211
1195 1.81984669725674
1196 1.81968275097466
1197 1.81951252387362
1198 1.81933700503292
1199 1.81915718668476
1200 1.81897405922858
