1 2
2 2
3 2
4 2
5 2
6 2
7 2
8 2
9 2
10 2
11 2
12 2
13 2
14 2
15 2
16 2
17 2
18 2
19 2
20 2
21 2
22 2
23 2
24 2
25 2
26 2
27 2
28 2
29 2
30 2.25
31 2.232
32 2.262
33 2.292
34 2.322
35 2.352
36 2.382
37 2.412
38 2.442
39 2.472
40 2.500820231625
41 2.52786675403425
42 2.55350808346182
43 2.5776756576003
44 2.60034039897333
45 2.6214703267554
46 2.64103165529443
47 2.65898962744742
48 2.67530914244382
49 2.68995522473721
50 2.70289893739882
51 2.7141236398826
52 2.72362286364517
53 2.7313977758957
54 2.73745709860818
55 2.74181658831422
56 2.74449864729822
57 2.74553200194045
58 2.74495143034672
59 2.74279752614836
60 2.73911646260791
61 2.7339597065858
62 2.7273836821422
63 2.71944941420093
64 2.71022216130919
65 2.69977103855949
66 2.68816863443498
67 2.67549062375544
68 2.6618153783132
69 2.64722357636599
70 2.63179781199337
71 2.61562220553427
72 2.59878201664362
73 2.58136326159484
74 2.56345233638382
75 2.54513564711734
76 2.52649924909362
77 2.5076284958948
78 2.48860769972464
79 2.46951980413941
80 2.45044607023898
81 2.43146577730464
82 2.41265593878948
83 2.39409103448312
84 2.3758427595863
85 2.35797979134337
86 2.34056757379194
87 2.32366812110007
88 2.30733983987226
89 2.29163737071734
90 2.27661144928385
91 2.26230878688233
92 2.24877197072951
93 2.23603938376632
94 2.22414514392168
95 2.21311906261512
96 2.20298662221661
97 2.19376897210905
98 2.18548294292971
99 2.17814107850116
100 2.1717516848998
101 2.16631889605189
102 2.16184275519197
103 2.15831931146862
104 2.15574073093586
105 2.15409542112649
106 2.15336816836612
107 2.15354028695333
108 2.15458977930244
109 2.15649150612112
110 2.1592173656752
111 2.16273648117715
112 2.16701539532423
113 2.17201827100483
114 2.17770709718946
115 2.18404189902437
116 2.19098095115127
117 2.1984809932866
118 2.20649744710695
119 2.21498463350448
120 2.22389598929673
121 2.23318428249927
122 2.24280182529648
123 2.25270068387618
124 2.26283288432626
125 2.27315061382724
126 2.28360641641215
127 2.29415338260526
128 2.30474533229281
129 2.31533699022277
130 2.32588415357523
131 2.3363438510918
132 2.34667449329942
133 2.3568360134123
134 2.36678999854438
135 2.37649981091387
136 2.38593069877083
137 2.39504989682786
138 2.40382671602303
139 2.41223262249288
140 2.42024130568109
141 2.42782873555551
142 2.43497320895256
143 2.44165538511273
144 2.44785831051459
145 2.45356743315685
146 2.45877060647855
147 2.46345808314617
148 2.46762249897329
149 2.47125884727342
150 2.4743644439795
151 2.47693888389387
152 2.47898398846152
153 2.4805037454848
154 2.48150424122227
155 2.48199358533493
156 2.48198182916265
157 2.48148087782951
158 2.48050439669107
159 2.47906771264781
160 2.47718771085824
161 2.47488272739158
162 2.4721724383641
163 2.46907774610523
164 2.4656206628987
165 2.46182419284136
166 2.45771221235747
167 2.45330934989887
168 2.44864086535249
169 2.44373252966544
170 2.43861050518505
171 2.43330122719633
172 2.427831287123
173 2.42222731784029
174 2.41651588152822
175 2.41072336047336
176 2.40487585120508
177 2.39899906232931
178 2.39311821639878
179 2.38725795613377
180 2.38144225528191
181 2.37569433437939
182 2.3700365816491
183 2.36449047924449
184 2.3590765350204
185 2.35381421998493
186 2.34872191155903
187 2.34381684274325
188 2.33911505726396
189 2.33463137074488
190 2.3303793379235
191 2.32637122590597
192 2.32261799342947
193 2.31912927607637
194 2.31591337736107
195 2.3129772655878
196 2.31032657635595
197 2.30796562056885
198 2.30589739778238
199 2.30412361471132
200 2.30264470869416
201 2.30145987590114
202 2.30056710405554
203 2.29996320942487
204 2.2996438778265
205 2.29960370938159
206 2.29983626674191
207 2.30033412650596
208 2.30108893353442
209 2.30209145786957
210 2.3033316539595
211 2.30479872188538
212 2.30648117028879
213 2.30836688069632
214 2.31044317293981
215 2.31269687137324
216 2.31511437159112
217 2.31768170735787
218 2.32038461746407
219 2.32320861223195
220 2.32613903940114
221 2.32916114913406
222 2.33226015789067
223 2.33542131093254
224 2.33862994322785
225 2.34187153854104
226 2.3451317865032
227 2.34839663747293
228 2.35165235501091
229 2.35488556580564
230 2.35808330690214
231 2.36123307010053
232 2.36432284340582
233 2.36734114942596
234 2.37027708062989
235 2.37312033139277
236 2.37586122677069
237 2.37849074796209
238 2.38100055442796
239 2.3833830026577
240 2.38563116158144
241 2.38773882464414
242 2.38970051856969
243 2.39151150885709
244 2.39316780206282
245 2.39466614493615
246 2.39600402048516
247 2.39717964106289
248 2.39819193857259
249 2.39904055190141
250 2.39972581170044
251 2.40024872263738
252 2.40061094325577
253 2.40081476358153
254 2.4008630806234
255 2.4007593719196
256 2.40050766728713
257 2.40011251893438
258 2.39957897010032
259 2.39891252238613
260 2.39811910194662
261 2.39720502470937
262 2.39617696078998
263 2.39504189827075
264 2.39380710650928
265 2.39248009914108
266 2.39106859693788
267 2.38958049068024
268 2.38802380419886
269 2.38640665773506
270 2.38473723176569
271 2.38302373143253
272 2.38127435171036
273 2.37949724344157
274 2.37770048035859
275 2.37589202720848
276 2.37407970908655
277 2.37227118207846
278 2.37047390530242
279 2.36869511443494
280 2.36694179679573
281 2.3652206680586
282 2.36353815064733
283 2.3619003538667
284 2.36031305581057
285 2.35878168708047
286 2.35731131633996
287 2.35590663772133
288 2.35457196009373
289 2.35331119819321
290 2.35212786560773
291 2.35102506960265
292 2.35000550776448
293 2.34907146643423
294 2.34822482089421
295 2.34746703726627
296 2.34679917607294
297 2.34622189740729
298 2.34573546765185
299 2.34533976768199
300 2.34503430248418
301 2.34481821211581
302 2.3446902839288
303 2.34464896597622
304 2.34469238151801
305 2.34481834453909
306 2.34502437619131
307 2.34530772206862
308 2.34566537022371
309 2.34609406983337
310 2.34659035041926
311 2.34715054153082
312 2.34777079279707
313 2.34844709425512
314 2.34917529686367
315 2.34995113311184
316 2.35077023763475
317 2.35162816774992
318 2.35252042383032
319 2.3534424694333
320 2.35438975110671
321 2.35535771779762
322 2.35634183979161
323 2.35733762711509
324 2.35834064733614
325 2.3593465427042
326 2.36035104657233
327 2.3613499990508
328 2.3623393618446
329 2.36331523223244
330 2.36427385614905
331 2.36521164033751
332 2.36612516354281
333 2.36701118672266
334 2.3678666622561
335 2.36868874213533
336 2.36947478513041
337 2.37022236292146
338 2.37092926519706
339 2.37159350372196
340 2.37221331538172
341 2.37278716421561
342 2.37331374245325
343 2.37379197057424
344 2.37422099641375
345 2.37460019334017
346 2.37492915753458
347 2.37520770440454
348 2.37543586416766
349 2.37561387664307
350 2.37574218529121
351 2.37582143054468
352 2.3758524424747
353 2.3758362328395
354 2.37577398656252
355 2.37566705268942
356 2.37551693487403
357 2.375325281444
358 2.37509387509772
359 2.37482462228405
360 2.37451954231687
361 2.37418075627601
362 2.37381047574609
363 2.37341099144397
364 2.37298466178496
365 2.37253390143709
366 2.37206116991124
367 2.37156896023415
368 2.37105978774953
369 2.37053617909093
370 2.37000066136842
371 2.36945575160915
372 2.36890394648978
373 2.36834771239683
374 2.36778947584859
375 2.36723161431013
376 2.36667644743026
377 2.36612622872732
378 2.36558313774749
379 2.36504927271763
380 2.3645266437112
381 2.36401716634395
382 2.36352265601293
383 2.36304482269024
384 2.36258526627988
385 2.36214547254401
386 2.36172680960191
387 2.36133052500286
388 2.3609577433716
389 2.36060946462249
390 2.36028656273651
391 2.35998978509283
392 2.35971975234468
393 2.35947695882704
394 2.35926177348201
395 2.35907444128559
396 2.35891508515823
397 2.35878370833961
398 2.35868019720671
399 2.35860432451312
400 2.10860432451312
401 2.14458261102253
402 2.08458721069971
403 2.02461748177488
404 1.96467269050984
405 1.90475201643649
406 1.84485455783359
407 1.78497933741296
408 1.72512530818665
409 1.66529135948612
410 1.60665586226752
411 1.54972646264405
412 1.49422616202986
413 1.44047850137617
414 1.38869245868813
415 1.33905480206446
416 1.29173381006783
417 1.24688222925864
418 1.20463963462957
419 1.2
420 1.2
421 1.2
422 1.2
423 1.2
424 1.2
425 1.2
426 1.2
427 1.2
428 1.2
429 1.2
430 1.2
431 1.2
432 1.2
433 1.20059126327615
434 1.2030865649966
435 1.20735282531272
436 1.21327229423908
437 1.22073985251429
438 1.22966087536038
439 1.23994953636268
440 1.2515274557518
441 1.26432261845127
442 1.2782685036795
443 1.29330059047845
444 1.30934798347854
445 1.3263310962826
446 1.34416504514934
447 1.36276124006076
448 1.38202861877006
449 1.40187460646995
450 1.42220586417189
451 1.44292887398148
452 1.46395039809293
453 1.4851778528323
454 1.50651966370201
455 1.52788564270804
456 1.54918737134835
457 1.57033856877102
458 1.59125543980138
459 1.61185699921271
460 1.6320653705636
461 1.65180605920815
462 1.67100819990401
463 1.68960477988171
464 1.70753283821507
465 1.72473364195135
466 1.74115283914812
467 1.75674058890216
468 1.77145166849968
469 1.78524555788595
470 1.79808650173784
471 1.80994354951044
472 1.82079057391065
473 1.83060626832351
474 1.83937412378059
475 1.84708238611742
476 1.85372399402203
477 1.85929649872945
478 1.86380196616814
479 1.86724686241209
480 1.86964192333728
481 1.87100200942172
482 1.87134594666503
483 1.87069635463555
484 1.86907946268066
485 1.86652491535834
486 1.86306556816696
487 1.858737274663
488 1.853578666066
489 1.84763092445387
490 1.8409375506516
491 1.83354412791194
492 1.82549808247712
493 1.81684844209787
494 1.80764559356823
495 1.79794104031366
496 1.78778716104464
497 1.77723697045934
498 1.76634388294699
499 1.75516148020825
500 1.74374328367069
501 1.73214253253666
502 1.72041196825718
503 1.70860362618018
504 1.69676863507321
505 1.68495702517158
506 1.67321754535172
507 1.66159748997725
508 1.65014253591183
509 1.6388965901388
510 1.62790164837276
511 1.61719766499342
512 1.60682243457673
513 1.59681148524359
514 1.58719798399164
515 1.57801265412202
516 1.56928370481946
517 1.56103677289221
518 1.55329487662734
519 1.54607838166744
520 1.53940497876657
521 1.53328967323757
522 1.52774478585783
523 1.52277996495899
524 1.51840220938518
525 1.51461590196718
526 1.51142285312361
527 1.50882235416792
528 1.50681123986876
529 1.50538395978382
530 1.50453265786183
531 1.50424725978473
532 1.50451556750238
533 1.50532336039511
534 1.50665450248489
535 1.50849105510467
536 1.51081339442636
537 1.51360033324197
538 1.51682924638897
539 1.52047619921017
540 1.52451607843995
541 1.52892272491337
542 1.53366906750089
543 1.53872725768081
544 1.54406880417245
545 1.54966470706693
546 1.55548559090728
547 1.56150183618756
548 1.56768370875923
549 1.57400148665438
550 1.58042558385742
551 1.58692667058089
552 1.59347578962599
553 1.6000444684349
554 1.60660482646895
555 1.61312967757522
556 1.61959262703268
557 1.62596816299881
558 1.63223174210742
559 1.63835986899885
560 1.64433016959396
561 1.65012145795439
562 1.65571379660141
563 1.66108855019666
564 1.6662284325176
565 1.67111754669031
566 1.6757414186712
567 1.68008702399761
568 1.68414280785502
569 1.68789869853499
570 1.69134611438429
571 1.69447796437008
572 1.69728864240981
573 1.69977401563712
574 1.70193140679608
575 1.70375957097636
576 1.7052586669201
577 1.70643022314882
578 1.70727709917438
579 1.707803442072
580 1.70801463870651
581 1.70791726391407
582 1.70751902495121
583 1.70682870253158
584 1.70585608877704
585 1.70461192241529
586 1.70310782155952
587 1.70135621440796
588 1.69937026820177
589 1.69716381677901
590 1.69475128706028
591 1.69214762479824
592 1.68936821991824
593 1.68642883177139
594 1.6833455146142
595 1.68013454362047
596 1.67681234172149
597 1.67339540756065
598 1.66990024483647
599 1.66634329329635
600 1.66274086162993
601 1.65910906249724
602 1.6554637499123
603 1.65182045918782
604 1.64819434963109
605 1.64460015016514
606 1.64105210803292
607 1.63756394072566
608 1.63414879125988
609 1.6308191869103
610 1.62758700148934
611 1.6244634212466
612 1.62145891444507
613 1.61858320465405
614 1.61584524778232
615 1.61325321285896
616 1.61081446655329
617 1.60853556141016
618 1.60642222776179
619 1.60447936926282
620 1.60271106198168
621 1.60112055696769
622 1.59971028620115
623 1.59848187182144
624 1.59743613851702
625 1.59657312895093
626 1.59589212208547
627 1.59539165426097
628 1.59506954287563
629 1.59492291250591
630 1.59494822330079
631 1.59514130147755
632 1.59549737174201
633 1.59601109145249
634 1.59667658634351
635 1.59748748762331
636 1.5984369702578
637 1.59951779225302
638 1.60072233474862
639 1.6020426427358
640 1.60347046621484
641 1.60499730161028
642 1.60661443326451
643 1.60831297483496
644 1.61008391042419
645 1.61191813527768
646 1.61380649588952
647 1.61573982936276
648 1.61770900187765
649 1.61970494612833
650 1.62171869759622
651 1.62374142953604
652 1.62576448655906
653 1.62777941670652
654 1.62977800191502
655 1.63175228678492
656 1.63369460557156
657 1.63559760732903
658 1.63745427914487
659 1.63925796741426
660 1.64100239711097
661 1.64268168902223
662 1.64429037492369
663 1.64582341067985
664 1.64727618726439
665 1.64864453970363
666 1.64992475395483
667 1.65111357173966
668 1.65220819336088
669 1.65320627853824
670 1.65410594530705
671 1.65490576702975
672 1.65560476757765
673 1.65620241474624
674 1.65669861197336
675 1.65709368843497
676 1.65738838759811
677 1.65758385431557
678 1.65768162055046
679 1.65768358982269
680 1.65759202047263
681 1.65740950783968
682 1.6571389654559
683 1.65678360535645
684 1.65634691760985
685 1.65583264917217
686 1.65524478216921
687 1.65458751171087
688 1.65386522334156
689 1.65308247022917
690 1.65224395019409
691 1.65135448267795
692 1.65041898574971
693 1.64944245324395
694 1.64842993212399
695 1.64738650015877
696 1.64631724399925
697 1.64522723773658
698 1.64412152201989
699 1.64300508380783
700 1.64188283682324
701 1.64075960277596
702 1.63964009341399
703 1.63852889345829
704 1.63743044447155
705 1.63634902970619
706 1.63528875997163
707 1.63425356055574
708 1.63324715923002
709 1.63227307536318
710 1.63133461016198
711 1.63043483805369
712 1.62957659921904
713 1.62876249327951
714 1.62799487413811
715 1.6272758459679
716 1.62660726033776
717 1.62599071446051
718 1.62542755054423
719 1.62491885622328
720 1.62446546604169
721 1.62406796395797
722 1.62372668683643
723 1.62344172888743
724 1.62321294701531
725 1.62303996703037
726 1.62292219067841
727 1.62285880343926
728 1.62284878304342
729 1.62289090865443
730 1.62298377066271
731 1.62312578103571
732 1.62331518416786
733 1.62355006817327
734 1.62382837656358
735 1.62414792025304
736 1.62450638983311
737 1.62490136805871
738 1.62533034248933
739 1.62579071822829
740 1.62627983070478
741 1.62679495844432
742 1.62733333577456
743 1.627892165415
744 1.62846863090066
745 1.62905990879199
746 1.62966318062498
747 1.63027564455771
748 1.63089452667198
749 1.63151709189108
750 1.63214065447698
751 1.63276258807328
752 1.63338033526275
753 1.63399141661084
754 1.63459343916986
755 1.63518410442085
756 1.63576121563348
757 1.63632268462688
758 1.63686653791747
759 1.63739092224253
760 1.63789410945137
761 1.63837450075845
762 1.63883063035597
763 1.63926116838589
764 1.63966492327423
765 1.6400408434329
766 1.64038801833695
767 1.64070567898758
768 1.64099319777342
769 1.64125008774495
770 1.64147600131901
771 1.64167072843214
772 1.64183419416372
773 1.64196645585117
774 1.64206769972141
775 1.64213823706402
776 1.6421784999729
777 1.64218903668449
778 1.64217050654149
779 1.64212367461196
780 1.64204940599445
781 1.64194865984036
782 1.64182248312511
783 1.64167200420015
784 1.64149842615784
785 1.64130302004136
786 1.6410871179316
787 1.64085210594295
788 1.64059941715915
789 1.64033052454029
790 1.64004693383121
791 1.63975017650077
792 1.6394418027409
793 1.63912337455301
794 1.63879645894886
795 1.6384626212912
796 1.63812341879898
797 1.6377803942402
798 1.63743506983424
799 1.63708894138431
800 1.78824347265893
801 1.77890009004012
802 1.79356017745418
803 1.80822507159971
804 1.82289605748559
805 1.83757436429035
806 1.85226116155246
807 1.86695755569981
808 1.8816645869246
809 1.89638322640877
810 1.91039943426774
811 1.92334510461372
812 1.9354541347417
813 1.94671281238433
814 1.95712332139176
815 1.96668334928541
816 1.97538726266187
817 1.98322701329192
818 1.99019283498846
819 1.99627377801095
820 2.0014614912635
821 2.0057542153765
822 2.00915560031398
823 2.01167309920979
824 2.01331784925666
825 2.01410434611395
826 2.01405020878362
827 2.01317599529274
828 2.01150505485628
829 2.00906340612447
830 2.00587961809153
831 2.00198466174582
832 1.99741173154428
833 1.9921960555948
834 1.98637470088339
835 1.97998637447794
836 1.97307122295166
837 1.96567063125642
838 1.95782702185889
839 1.9495836546686
840 1.94098442818119
841 1.93207368239032
842 1.92289600422654
843 1.91349603634296
844 1.90391829002624
845 1.89420696296471
846 1.88440576255782
847 1.87455773539781
848 1.86470510350223
849 1.85488910782695
850 1.84514985954337
851 1.8355261995193
852 1.82605556639942
853 1.8167738736361
854 1.80771539577591
855 1.79891266426048
856 1.79039637295472
857 1.78219529356879
858 1.77433620109462
859 1.76684380933294
860 1.75974071654239
861 1.75304736119903
862 1.74678198781277
863 1.74096062270607
864 1.73559705962088
865 1.73070285498219
866 1.72628733260956
867 1.72235759763419
868 1.71891855934564
869 1.71597296266209
870 1.71352142788885
871 1.71156249840326
872 1.71009269587966
873 1.70910658264553
874 1.70859683074009
875 1.70855429722839
876 1.70896810530889
877 1.70982573073872
878 1.71111309309033
879 1.71281465134416
880 1.71491350331601
881 1.71739148841321
882 1.72022929321202
883 1.72340655934891
884 1.72690199322056
885 1.73069347699199
886 1.73475818041849
887 1.73907267299539
888 1.74361303595978
889 1.74835497368023
890 1.75327392398403
891 1.75834516698656
892 1.76354393200412
893 1.76884550214907
894 1.77422531622579
895 1.77965906756582
896 1.78512279946222
897 1.79059299688513
898 1.79604667418377
899 1.80146145850377
900 1.80681566867306
901 1.81208838933412
902 1.81725954012584
903 1.82230993974314
904 1.82722136472835
905 1.83197660287347
906 1.83655950113796
907 1.8409550080118
908 1.84514921027847
909 1.84912936415684
910 1.85288392082497
911 1.85640254635232
912 1.85967613608929
913 1.86269682358536
914 1.86545798412786
915 1.86795423301414
916 1.87018141868861
917 1.87213661089514
918 1.87381808401195
919 1.87522529575274
920 1.87635886143237
921 1.87722052400968
922 1.87781312013224
923 1.87814054241943
924 1.87820769823024
925 1.87802046517112
926 1.8775856436067
927 1.87691090644242
928 1.87600474645343
929 1.87487642143744
930 1.8735358974721
931 1.87199379055853
932 1.87026130693274
933 1.8683501823257
934 1.86627262045039
935 1.86404123099077
936 1.86166896736362
937 1.85916906451798
938 1.85655497703127
939 1.85384031775327
940 1.85103879724119
941 1.84816416421984
942 1.84523014729122
943 1.84225039810728
944 1.83923843620834
945 1.83620759571817
946 1.83317097407407
947 1.83014138295807
948 1.82713130158175
949 1.82415283246408
950 1.82121765982796
951 1.81833701072697
952 1.81552161900019
953 1.81278169213842
954 1.81012688113148
955 1.80756625335161
956 1.80510826851459
957 1.80276075774597
958 1.80053090576626
959 1.79842523619582
960 1.79644959996685
961 1.79460916681729
962 1.79290841982943
963 1.7913511529637
964 1.78994047152731
965 1.78867879550621
966 1.78756786567878
967 1.78660875241985
968 1.78580186709474
969 1.78514697593441
970 1.7846432162751
971 1.78428911503881
972 1.78408260932431
973 1.78402106897305
974 1.78410132096872
975 1.78431967552558
976 1.78467195371638
977 1.78515351648844
978 1.78575929491367
979 1.78648382151721
980 1.78732126252839
981 1.78826545089755
982 1.78930991992276
983 1.79044793733171
984 1.79167253966574
985 1.79297656681525
986 1.79435269655889
987 1.79579347896217
988 1.79729137049528
989 1.79883876773439
990 1.80042804051548
991 1.80205156441547
992 1.80370175244081
993 1.80537108581013
994 1.80705214372378
995 1.80873763202018
996 1.81042041062541
997 1.8120935197103
998 1.81375020447622
999 1.8153839384987
1000 1.81698844556546
1001 1.81855771995336
1002 1.82008604509661
1003 1.82156801060629
1004 1.82299852760926
1005 1.82437284238208
1006 1.82568654826347
1007 1.82693559583627
1008 1.82811630137736
1009 1.82922535358123
1010 1.83025981856996
1011 1.83121714320938
1012 1.83209515675743
1013 1.83289207087744
1014 1.833606478055
1015 1.83423734846262
1016 1.83478402532218
1017 1.83524621881996
1018 1.83562399863393
1019 1.83591778513735
1020 1.83612833934663
1021 1.8362567516852
1022 1.83630442963834
1023 1.83627308437655
1024 1.83616471642794
1025 1.83598160048178
1026 1.83572626940723
1027 1.8354014975726
1028 1.8350102835512
1029 1.83455583230052
1030 1.8340415369017
1031 1.83347095994572
1032 1.83284781465247
1033 1.83217594580786
1034 1.83145931060277
1035 1.83070195945615
1036 1.82990801690279
1037 1.82908166262382
1038 1.82822711269591
1039 1.82734860113222
1040 1.82645036178516
1041 1.82553661067805
1042 1.82461152882922
1043 1.8236792456286
1044 1.82274382282312
1045 1.82180923916337
1046 1.82087937575991
1047 1.81995800219367
1048 1.81904876342043
1049 1.81815516750537
1050 1.81728057421922
1051 1.81642818452314
1052 1.81560103096535
1053 1.81480196900787
1054 1.81403366929764
1055 1.81329861089195
1056 1.81259907544385
1057 1.81193714234906
1058 1.811314684852
1059 1.81073336710437
1060 1.81019464216607
1061 1.80969975093463
1062 1.80924972198538
1063 1.80884537230175
1064 1.80848730887144
1065 1.80817593112135
1066 1.80791143416126
1067 1.80769381280359
1068 1.80752286632413
1069 1.8073982039262
1070 1.80731925086904
1071 1.80728525521887
1072 1.80729529517985
1073 1.80734828696065
1074 1.80744299313103
1075 1.80757803142194
1076 1.80775188392209
1077 1.80796290662298
1078 1.80820933926451
1079 1.80848931543285
1080 1.80880087286244
1081 1.80914196389441
1082 1.80951046604394
1083 1.8099041926299
1084 1.81032090342099
1085 1.8107583152535
1086 1.81121411257703
1087 1.81168595788594
1088 1.81217150199553
1089 1.81266839412395
1090 1.81317429174217
1091 1.81368687015643
1092 1.81420383178961
1093 1.81472291512974
1094 1.8152419033163
1095 1.81575863233693
1096 1.81627099880968
1097 1.81677696732807
1098 1.81727457734855
1099 1.81776194960258
1100 1.8182372920178
1101 1.81869890513504
1102 1.8191451870107
1103 1.81957463759602
1104 1.8199858625875
1105 1.82037757674479
1106 1.82074860667489
1107 1.82109789308352
1108 1.82142449249715
1109 1.82172757846067
1110 1.82200644221838
1111 1.82226049288761
1112 1.82248925713615
1113 1.82269237837672
1114 1.82286961549314
1115 1.82302084111477
1116 1.82314603945689
1117 1.82324530374643
1118 1.82331883325369
1119 1.82336692995153
1120 1.82338999482502
1121 1.82338852385508
1122 1.82336310370064
1123 1.82331440710447
1124 1.82324318804839
1125 1.82315027668407
1126 1.82303657406569
1127 1.82290304671146
1128 1.82275072102044
1129 1.82258067757154
1130 1.82239404533131
1131 1.82219199579673
1132 1.82197573709911
1133 1.82174650809455
1134 1.82150557246602
1135 1.82125421286129
1136 1.82099372509045
1137 1.82072541240575
1138 1.82045057988576
1139 1.82017052894469
1140 1.819886551987
1141 1.81959992722605
1142 1.81931191368461
1143 1.81902374639368
1144 1.81873663180514
1145 1.81845174343216
1146 1.81817021773031
1147 1.81789315023072
1148 1.81762159193561
1149 1.81735654598496
1150 1.8170989646018
1151 1.81684974632232
1152 1.8166097335156
1153 1.81637971019645
1154 1.81616040013361
1155 1.81595246525416
1156 1.81575650434377
1157 1.81557305204131
1158 1.81540257812498
1159 1.81524548708605
1160 1.8151021179852
1161 1.81497274458534
1162 1.81485757575394
1163 1.81475675612656
1164 1.81467036702293
1165 1.81459842760552
1166 1.81454089627025
1167 1.81449767225788
1168 1.81446859747415
1169 1.81445345850627
1170 1.8144519888225
1171 1.81446387114149
1172 1.81448873995734
1173 1.81452618420621
1174 1.81457575006005
1175 1.81463694383262
1176 1.81470923498325
1177 1.81479205920328
1178 1.81488482157043
1179 1.81498689975636
1180 1.81509764727268
1181 1.81521639674104
1182 1.81534246317305
1183 1.81547514724606
1184 1.81561373856128
1185 1.81575751887111
1186 1.81590576526277
1187 1.81605775328612
1188 1.81621276001397
1189 1.81637006702345
1190 1.81652896328824
1191 1.81668874797132
1192 1.81684873310928
1193 1.81700824617921
1194 1.81716663254055
1195 1.81732325774449
1196 1.81747750970435
1197 1.81762880072144
1198 1.81777656936103
1199 1.81792028217444
1200 1.81805943526346
