1 2
2 2
3 2
4 2
5 2
6 2
7 2
8 2
9 2
10 2
11 2
12 2
13 2
14 2
15 2
16 2
17 2
18 2
19 2
20 2
21 2
22 2
23 2
24 2
25 2
26 2
27 2
28 2
29 2
30 2.25
31 2.5
32 2.75
33 2.8
34 2.8
35 2.8
36 2.8
37 2.8
38 2.8
39 2.8
40 2.8
41 2.8
42 2.8
43 2.8
44 2.8
45 2.8
46 2.8
47 2.8
48 2.8
49 2.8
50 2.8
51 2.8
52 2.8
53 2.8
54 2.8
55 2.8
56 2.8
57 2.77886766508739
58 2.73589639559607
59 2.67204591572606
60 2.5882531214155
61 2.48542785975553
62 2.36445009496492
63 2.22616813222012
64 2.0713976443838
65 1.90092130406755
66 1.71548886811935
67 1.51601507169211
68 1.30384390937203
69 1.2
70 1.2
71 1.2
72 1.2
73 1.2
74 1.2
75 1.2
76 1.2
77 1.2
78 1.2
79 1.2
80 1.2
81 1.20594406724645
82 1.26125411558684
83 1.36635845531821
84 1.52103561304194
85 1.72458513894422
86 1.97458513894422
87 2.22458513894422
88 2.47458513894422
89 2.72458513894422
90 2.8
91 2.8
92 2.8
93 2.8
94 2.8
95 2.8
96 2.8
97 2.8
98 2.8
99 2.8
100 2.8
101 2.8
102 2.8
103 2.8
104 2.8
105 2.8
106 2.8
107 2.8
108 2.8
109 2.8
110 2.8
111 2.8
112 2.8
113 2.8
114 2.8
115 2.8
116 2.8
117 2.8
118 2.8
119 2.78136843767263
120 2.74048731127502
121 2.67840015661054
122 2.59610949509884
123 2.49457661660216
124 2.374721864664
125 2.23742529085888
126 2.08352757550686
127 1.91383113575417
128 1.7291013604691
129 1.53024203208401
130 1.31855709804856
131 1.2
132 1.2
133 1.2
134 1.2
135 1.2
136 1.2
137 1.2
138 1.2
139 1.2
140 1.2
141 1.2
142 1.2
143 1.20201867282892
144 1.25336497124213
145 1.35452003429187
146 1.50530136857745
147 1.70503682308298
148 1.95269877131212
149 2.20269877131212
150 2.45269877131212
151 2.70269877131212
152 2.8
153 2.8
154 2.8
155 2.8
156 2.8
157 2.8
158 2.8
159 2.8
160 2.8
161 2.8
162 2.8
163 2.8
164 2.8
165 2.8
166 2.8
167 2.8
168 2.8
169 2.8
170 2.8
171 2.8
172 2.8
173 2.8
174 2.8
175 2.8
176 2.8
177 2.8
178 2.8
179 2.8
180 2.8
181 2.78359331653818
182 2.74483294728355
183 2.68476646771521
184 2.60440047481322
185 2.50470031648658
186 2.38659033744315
187 2.25095450498956
188 2.09863730951979
189 1.93044485875537
190 1.74714610368084
191 1.54962746431214
192 1.33914930302981
193 1.2
194 1.2
195 1.2
196 1.2
197 1.2
198 1.2
199 1.2
200 1.2
201 1.2
202 1.2
203 1.2
204 1.2
205 1.2
206 1.24681885482
207 1.34343398294562
208 1.48971525057518
209 1.68502886435631
210 1.92837476751233
211 2.17837476751233
212 2.42837476751233
213 2.67837476751233
214 2.8
215 2.8
216 2.8
217 2.8
218 2.8
219 2.8
220 2.8
221 2.8
222 2.8
223 2.8
224 2.8
225 2.8
226 2.8
227 2.8
228 2.8
229 2.8
230 2.8
231 2.8
232 2.8
233 2.8
234 2.8
235 2.8
236 2.8
237 2.8
238 2.8
239 2.8
240 2.8
241 2.8
242 2.8
243 2.78583531711447
244 2.74921237507214
245 2.69118272571416
246 2.61275700024865
247 2.51490458003071
248 2.39855379899302
249 2.26459253774368
250 2.11386910139066
251 1.94719329805867
252 1.76533765441337
253 1.56917108424357
254 1.35991001879921
255 1.2
256 1.2
257 1.2
258 1.2
259 1.2
260 1.2
261 1.2
262 1.2
263 1.2
264 1.2
265 1.2
266 1.2
267 1.2
268 1.24225523010483
269 1.33429411210056
270 1.47603929838692
271 1.66689566610224
272 1.90589095334509
273 2.15589095334509
274 2.40589095334509
275 2.65589095334509
276 2.8
277 2.8
278 2.8
279 2.8
280 2.8
281 2.8
282 2.8
283 2.8
284 2.8
285 2.8
286 2.8
287 2.8
288 2.8
289 2.8
290 2.8
291 2.8
292 2.8
293 2.8
294 2.8
295 2.8
296 2.8
297 2.8
298 2.8
299 2.8
300 2.8
301 2.8
302 2.8
303 2.8
304 2.8
305 2.78773571490882
306 2.75292485806736
307 2.6966222634129
308 2.61984191362597
309 2.52355655666649
310 2.40869786785575
311 2.27615701435589
312 2.1267855116459
313 1.96139628704739
314 1.78076488512959
315 1.58574537124374
316 1.37751692910975
317 1.2
318 1.2
319 1.2
320 1.2
321 1.2
322 1.2
323 1.2
324 1.2
325 1.2
326 1.2
327 1.2
328 1.2
329 1.2
330 1.23838568802784
331 1.32654429779606
332 1.4644432472903
333 1.65152020862685
334 1.88682649197475
335 2.13682649197475
336 2.38682649197475
337 2.63682649197475
338 2.8
339 2.8
340 2.8
341 2.8
342 2.8
343 2.8
344 2.8
345 2.8
346 2.8
347 2.8
348 2.8
349 2.8
350 2.8
351 2.8
352 2.8
353 2.8
354 2.8
355 2.8
356 2.8
357 2.8
358 2.8
359 2.8
360 2.8
361 2.8
362 2.8
363 2.8
364 2.8
365 2.8
366 2.8
367 2.78934707876912
368 2.75607270481458
369 2.70123449497949
370 2.62584927367778
371 2.53089264343586
372 2.41729911276207
373 2.28596263551223
374 2.13773744926377
375 1.97343912613015
376 1.79384576958558
377 1.59979885486035
378 1.39244598316749
379 1.2
380 1.2
381 1.2
382 1.2
383 1.2
384 1.2
385 1.2
386 1.2
387 1.2
388 1.2
389 1.2
390 1.2
391 1.2
392 1.23510466938926
393 1.31997316232638
394 1.45461085393064
395 1.63848322346835
396 1.87066156807431
397 2.12066156807431
398 2.37066156807431
399 2.62066156807431
400 2.37066156807431
401 2.12066156807431
402 1.87066156807431
403 1.62066156807431
404 1.37993700474715
405 1.2
406 1.2
407 1.2
408 1.2
409 1.2
410 1.2
411 1.2
412 1.2
413 1.2
414 1.2
415 1.2
416 1.2
417 1.2
418 1.2
419 1.2
420 1.2
421 1.2
422 1.2
423 1.2
424 1.2
425 1.2
426 1.21359170153092
427 1.24863587609199
428 1.30435873375451
429 1.37996329211233
430 1.47464401065782
431 1.58759772481887
432 1.71803172040462
433 1.86516960224318
434 2.02825546521405
435 2.20655676253001
436 2.39923916750725
437 2.60512892552775
438 2.8
439 2.8
440 2.8
441 2.8
442 2.8
443 2.8
444 2.8
445 2.8
446 2.8
447 2.8
448 2.8
449 2.8
450 2.8
451 2.76286785469084
452 2.67605555881251
453 2.53955708283094
454 2.3539055644154
455 2.12002779853319
456 1.87002779853319
457 1.62002779853319
458 1.37002779853319
459 1.2
460 1.2
461 1.2
462 1.2
463 1.2
464 1.2
465 1.2
466 1.2
467 1.2
468 1.2
469 1.2
470 1.2
471 1.2
472 1.2
473 1.2
474 1.2
475 1.2
476 1.2
477 1.2
478 1.2
479 1.2
480 1.2
481 1.2
482 1.2
483 1.2
484 1.2
485 1.2
486 1.2
487 1.2
488 1.21013733462267
489 1.24291994083108
490 1.29728934933646
491 1.37222785571945
492 1.46675896655307
493 1.57994728399659
494 1.71089797564611
495 1.85875594287128
496 2.02270477478302
497 2.20196555471058
498 2.39570083997755
499 2.60277313908312
500 2.8
501 2.8
502 2.8
503 2.8
504 2.8
505 2.8
506 2.8
507 2.8
508 2.8
509 2.8
510 2.8
511 2.8
512 2.8
513 2.76594569443645
514 2.68213049013314
515 2.548536857336
516 2.36569041224892
517 2.13451345729706
518 1.88451345729706
519 1.63451345729706
520 1.38451345729706
521 1.2
522 1.2
523 1.2
524 1.2
525 1.2
526 1.2
527 1.2
528 1.2
529 1.2
530 1.2
531 1.2
532 1.2
533 1.2
534 1.2
535 1.2
536 1.2
537 1.2
538 1.2
539 1.2
540 1.2
541 1.2
542 1.2
543 1.2
544 1.2
545 1.2
546 1.2
547 1.2
548 1.2
549 1.2
550 1.20884923757963
551 1.2404037460446
552 1.29360279350526
553 1.36742637465117
554 1.4608956916938
555 1.57307306479304
556 1.70306142080319
557 1.85000347516138
558 2.0130806953016
559 2.19151211343456
560 2.38447034710988
561 2.59084314706305
562 2.8
563 2.8
564 2.8
565 2.8
566 2.8
567 2.8
568 2.8
569 2.8
570 2.8
571 2.8
572 2.8
573 2.8
574 2.8
575 2.76856794605294
576 2.68738225264151
577 2.55639505724482
578 2.37610975460159
579 2.14743267512257
580 1.89743267512257
581 1.64743267512257
582 1.39743267512257
583 1.2
584 1.2
585 1.2
586 1.2
587 1.2
588 1.2
589 1.2
590 1.2
591 1.2
592 1.2
593 1.2
594 1.2
595 1.2
596 1.2
597 1.2
598 1.2
599 1.2
600 1.2
601 1.2
602 1.2
603 1.2
604 1.2
605 1.2
606 1.2
607 1.2
608 1.2
609 1.2
610 1.2
611 1.2
612 1.20775727248747
613 1.23827056010366
614 1.29047724507551
615 1.36335539634497
616 1.4559242816803
617 1.56724430128698
618 1.69641649357242
619 1.8425817293012
620 2.00491968362309
621 2.18264765466737
622 2.37494679186902
623 2.58072624832641
624 2.79840309458311
625 2.8
626 2.8
627 2.8
628 2.8
629 2.8
630 2.8
631 2.8
632 2.8
633 2.8
634 2.8
635 2.8
636 2.8
637 2.77084181292237
638 2.69194047696584
639 2.56322069391189
640 2.38516571693188
641 2.15866735643848
642 1.90866735643848
643 1.65866735643848
644 1.40866735643848
645 1.2
646 1.2
647 1.2
648 1.2
649 1.2
650 1.2
651 1.2
652 1.2
653 1.2
654 1.2
655 1.2
656 1.2
657 1.2
658 1.2
659 1.2
660 1.2
661 1.2
662 1.2
663 1.2
664 1.2
665 1.2
666 1.2
667 1.2
668 1.2
669 1.2
670 1.2
671 1.2
672 1.2
673 1.2
674 1.20681068421229
675 1.23642136543999
676 1.28776779288576
677 1.35982636749983
678 1.45161468120181
679 1.56219147066064
680 1.6906561378677
681 1.83614795496903
682 1.997845043794
683 2.17496319951619
684 2.36669096777151
685 2.57195605485736
686 2.78919885051198
687 2.8
688 2.8
689 2.8
690 2.8
691 2.8
692 2.8
693 2.8
694 2.8
695 2.8
696 2.8
697 2.8
698 2.8
699 2.77305995496391
700 2.69640703516071
701 2.5699337680648
702 2.3940995920375
703 2.16977895324025
704 1.91977895324025
705 1.66977895324025
706 1.41977895324025
707 1.2
708 1.2
709 1.2
710 1.2
711 1.2
712 1.2
713 1.2
714 1.2
715 1.2
716 1.2
717 1.2
718 1.2
719 1.2
720 1.2
721 1.2
722 1.2
723 1.2
724 1.2
725 1.2
726 1.2
727 1.2
728 1.2
729 1.2
730 1.2
731 1.2
732 1.2
733 1.2
734 1.2
735 1.2
736 1.20588873372018
737 1.23462026998756
738 1.28512877601554
739 1.35638903474634
740 1.44741701091499
741 1.55726982481379
742 1.68504528755346
743 1.82988111650058
744 1.99095392227229
745 2.16747803745675
746 2.35864921230407
747 2.56341322437072
748 2.7802331770045
749 2.8
750 2.8
751 2.8
752 2.8
753 2.8
754 2.8
755 2.8
756 2.8
757 2.8
758 2.8
759 2.8
760 2.8
761 2.77522051582042
762 2.70075764878113
763 2.57647258627306
764 2.40280156929417
765 2.18060212992789
766 1.93060212992789
767 1.68060212992789
768 1.43060212992789
769 1.2
770 1.2
771 1.2
772 1.2
773 1.2
774 1.2
775 1.2
776 1.2
777 1.2
778 1.2
779 1.2
780 1.2
781 1.2
782 1.2
783 1.2
784 1.2
785 1.2
786 1.2
787 1.2
788 1.2
789 1.2
790 1.2
791 1.2
792 1.2
793 1.2
794 1.2
795 1.2
796 1.2
797 1.2
798 1.20499071658698
799 1.23286593003761
800 1.48286593003761
801 1.73286593003761
802 1.98286593003761
803 2.23286593003761
804 2.48286593003761
805 2.73286593003761
806 2.8
807 2.8
808 2.8
809 2.8
810 2.8
811 2.8
812 2.8
813 2.8
814 2.8
815 2.8
816 2.8
817 2.8
818 2.8
819 2.8
820 2.8
821 2.8
822 2.8
823 2.77421247110394
824 2.70112767134553
825 2.58213744492027
826 2.41876959456158
827 2.21263611298143
828 1.96539392075048
829 1.71539392075048
830 1.46539392075048
831 1.21539392075048
832 1.2
833 1.2
834 1.2
835 1.2
836 1.2
837 1.2
838 1.2
839 1.2
840 1.2
841 1.2
842 1.2
843 1.2
844 1.2
845 1.2
846 1.2
847 1.2
848 1.2
849 1.2
850 1.2
851 1.2
852 1.2
853 1.2
854 1.2
855 1.21950398080888
856 1.27034877842192
857 1.35119077922966
858 1.46071003765935
859 1.59761842370433
860 1.76066531453226
861 1.94864140511473
862 2.16038108415927
863 2.394763721481
864 2.644763721481
865 2.8
866 2.8
867 2.8
868 2.8
869 2.8
870 2.8
871 2.8
872 2.8
873 2.8
874 2.8
875 2.8
876 2.8
877 2.8
878 2.8
879 2.8
880 2.8
881 2.77608701132795
882 2.70610394560641
883 2.59109102217618
884 2.43230607938969
885 2.23115456230467
886 1.98913605906266
887 1.73913605906266
888 1.48913605906266
889 1.23913605906266
890 1.2
891 1.2
892 1.2
893 1.2
894 1.2
895 1.2
896 1.2
897 1.2
898 1.2
899 1.2
900 1.2
901 1.2
902 1.2
903 1.2
904 1.2
905 1.2
906 1.2
907 1.2
908 1.2
909 1.2
910 1.2
911 1.2
912 1.2
913 1.21748362131768
914 1.26638513516032
915 1.34536197776355
916 1.45309413598221
917 1.58829258516318
918 1.7497052047947
919 1.936120761635
920 2.14637141809327
921 2.37933412094767
922 2.62933412094767
923 2.8
924 2.8
925 2.8
926 2.8
927 2.8
928 2.8
929 2.8
930 2.8
931 2.8
932 2.8
933 2.8
934 2.8
935 2.8
936 2.8
937 2.8
938 2.8
939 2.77887496009871
940 2.71162485782669
941 2.59927459295578
942 2.44307141549425
943 2.24441380170747
944 2.0047971277834
945 1.7547971277834
946 1.5047971277834
947 1.2547971277834
948 1.2
949 1.2
950 1.2
951 1.2
952 1.2
953 1.2
954 1.2
955 1.2
956 1.2
957 1.2
958 1.2
959 1.2
960 1.2
961 1.2
962 1.2
963 1.2
964 1.2
965 1.2
966 1.2
967 1.2
968 1.2
969 1.2
970 1.2
971 1.21533413260921
972 1.262176163095
973 1.33918248371586
974 1.44503134536547
975 1.57843149357695
976 1.73812823629554
977 1.92290754340068
978 2.13159864375178
979 2.36307548106956
980 2.61307548106956
981 2.8
982 2.8
983 2.8
984 2.8
985 2.8
986 2.8
987 2.8
988 2.8
989 2.8
990 2.8
991 2.8
992 2.8
993 2.8
994 2.8
995 2.8
996 2.8
997 2.78182639700737
998 2.71746922326463
999 2.6079372412587
1000 2.45446655384053
1001 2.25844830751674
1002 2.0213734560297
1003 1.7713734560297
1004 1.5213734560297
1005 1.2713734560297
1006 1.2
1007 1.2
1008 1.2
1009 1.2
1010 1.2
1011 1.2
1012 1.2
1013 1.2
1014 1.2
1015 1.2
1016 1.2
1017 1.2
1018 1.2
1019 1.2
1020 1.2
1021 1.2
1022 1.2
1023 1.2
1024 1.2
1025 1.2
1026 1.2
1027 1.2
1028 1.2
1029 1.21305873157706
1030 1.25772064047521
1031 1.33264101334209
1032 1.43649626305187
1033 1.56799277442254
1034 1.72587313300381
1035 1.90892034779577
1036 2.11596054214171
1037 2.34586448069798
1038 2.59586448069798
1039 2.8
1040 2.8
1041 2.8
1042 2.8
1043 2.8
1044 2.8
1045 2.8
1046 2.8
1047 2.8
1048 2.8
1049 2.8
1050 2.8
1051 2.8
1052 2.8
1053 2.8
1054 2.8
1055 2.78495071933801
1056 2.72365593225235
1057 2.61710731869418
1058 2.46652918140734
1059 2.27330490779727
1060 2.03892077011669
1061 1.78892077011669
1062 1.53892077011669
1063 1.28892077011669
1064 1.2
1065 1.2
1066 1.2
1067 1.2
1068 1.2
1069 1.2
1070 1.2
1071 1.2
1072 1.2
1073 1.2
1074 1.2
1075 1.2
1076 1.2
1077 1.2
1078 1.2
1079 1.2
1080 1.2
1081 1.2
1082 1.2
1083 1.2
1084 1.2
1085 1.2
1086 1.2
1087 1.21065004510114
1088 1.25300412812203
1089 1.32571636533636
1090 1.4274612239336
1091 1.55694258973372
1092 1.71290016642191
1093 1.89411382868044
1094 2.09940641242554
1095 2.32764531703022
1096 2.57764531703022
1097 2.8
1098 2.8
1099 2.8
1100 2.8
1101 2.8
1102 2.8
1103 2.8
1104 2.8
1105 2.8
1106 2.8
1107 2.8
1108 2.8
1109 2.8
1110 2.8
1111 2.8
1112 2.8
1113 2.78825805410506
1114 2.73020503812661
1115 2.62681454884176
1116 2.47929839767615
1117 2.28903175843163
1118 2.05749594764512
1119 1.80749594764512
1120 1.55749594764512
1121 1.30749594764512
1122 1.2
1123 1.2
1124 1.2
1125 1.2
1126 1.2
1127 1.2
1128 1.2
1129 1.2
1130 1.2
1131 1.2
1132 1.2
1133 1.2
1134 1.2
1135 1.2
1136 1.2
1137 1.2
1138 1.2
1139 1.2
1140 1.2
1141 1.2
1142 1.2
1143 1.2
1144 1.2
1145 1.20810026576288
1146 1.24801133812344
1147 1.31838609442474
1148 1.41789694219984
1149 1.54524512188764
1150 1.69916728649878
1151 1.87843999279974
1152 2.08188259671317
1153 2.30835893520153
1154 2.55677809095525
1155 2.8
1156 2.8
1157 2.8
1158 2.8
1159 2.8
1160 2.8
1161 2.8
1162 2.8
1163 2.8
1164 2.8
1165 2.8
1166 2.8
1167 2.8
1168 2.8
1169 2.8
1170 2.8
1171 2.79181755198526
1172 2.73725424569857
1173 2.63726400696089
1174 2.493045042508
1175 2.30596356266615
1176 2.07749545578574
1177 1.82749545578574
1178 1.57749545578574
1179 1.32749545578574
1180 1.2
1181 1.2
1182 1.2
1183 1.2
1184 1.2
1185 1.2
1186 1.2
1187 1.2
1188 1.2
1189 1.2
1190 1.2
1191 1.2
1192 1.2
1193 1.2
1194 1.2
1195 1.2
1196 1.2
1197 1.2
1198 1.2
1199 1.2
1200 1.2
