1 2
2 2
3 2
4 2
5 2
6 2
7 2
8 2
9 2
10 2
11 2
12 2
13 2
14 2
15 2
16 2
17 2
18 2
19 2
20 2
21 2
22 2
23 2
24 2
25 2
26 2
27 2
28 2
29 2
30 2.25
31 2.17
32 2.21
33 2.25
34 2.29
35 2.33
36 2.37
37 2.41
38 2.45
39 2.49
40 2.5285204225
41 2.565406920725
42 2.6013347710578
43 2.6358583729185
44 2.66881827525396
45 2.70006580556388
46 2.72946188495186
47 2.75687604648889
48 2.78218561481575
49 2.8
50 2.8
51 2.8
52 2.8
53 2.8
54 2.8
55 2.8
56 2.8
57 2.8
58 2.8
59 2.79770683817474
60 2.79300160702785
61 2.78607395919392
62 2.77705831377945
63 2.76607684328074
64 2.75324132575394
65 2.73865462940742
66 2.72241190882214
67 2.70460157459704
68 2.6853060846516
69 2.66461616648919
70 2.6426378189838
71 2.61948541691208
72 2.59527938896915
73 2.57014502828615
74 2.54421141752798
75 2.5176105213355
76 2.49047641484667
77 2.46294462380464
78 2.43515155698063
79 2.407233935346
80 2.37932813353369
81 2.35156948972322
82 2.32409163539549
83 2.29702584204064
84 2.27050038763214
85 2.24463994660299
86 2.21956500581374
87 2.19539130821585
88 2.17222932531328
89 2.15018375953985
90 2.12935307841833
91 2.10982908275902
92 2.09169651084752
93 2.07503268026004
94 2.05990716875531
95 2.04638153547731
96 2.03450908348186
97 2.02433466438326
98 2.01589452570793
99 2.0092162013395
100 2.00431844523733
101 2.00121120840445
102 1.99989565887264
103 2.00036424426652
104 2.00260079630625
105 2.00658067640987
106 2.01227096136392
107 2.01963066784441
108 2.02861101439159
109 2.039155719271
110 2.05120133249164
111 2.06467760009966
112 2.07950785872396
113 2.09560945821897
114 2.1128942101303
115 2.13126885960087
116 2.15063557824034
117 2.17089247539751
118 2.19193412520632
119 2.21365210671974
120 2.23593555440306
121 2.25867171622917
122 2.28174651660284
123 2.30504512133921
124 2.32845250193315
125 2.35185399638148
126 2.37513586385773
127 2.39818583059025
128 2.42089362435795
129 2.44315149509322
130 2.46485471916882
131 2.48590208504376
132 2.50619635805179
133 2.52564472223491
134 2.54415919725225
135 2.56165702853112
136 2.57806104897146
137 2.59330001066645
138 2.60730888525961
139 2.62002913172217
140 2.63140893050225
141 2.64140338316912
142 2.64997467685038
143 2.65709221293652
144 2.66273269970522
145 2.66688020869601
146 2.66952619484307
147 2.67066948055064
148 2.67031620406904
149 2.66847973270023
150 2.66518054152866
151 2.66044605853555
152 2.65431047711119
153 2.6468145371309
154 2.63800527590364
155 2.62793575043896
156 2.61666473260579
157 2.60425637887648
158 2.59077987645977
159 2.57630906772694
160 2.56092205492648
161 2.54470078726261
162 2.52773063248281
163 2.51009993517796
164 2.49189956404622
165 2.47322245040808
166 2.45416312028433
167 2.43481722236254
168 2.41528105417904
169 2.39565108883434
170 2.37602350453893
171 2.35649371925516
172 2.33715593265807
173 2.31810267758554
174 2.29942438308476
175 2.28120895108941
176 2.26354134867989
177 2.24650321778778
178 2.23017250410651
179 2.21462310686311
180 2.19992455099173
181 2.18614168312825
182 2.17333439271907
183 2.16155735940451
184 2.15085982770049
185 2.14128540986186
186 2.13287191766626
187 2.12565122371156
188 2.11964915267134
189 2.1148854028042
190 2.11137349786285
191 2.10912076940025
192 2.10812836932231
193 2.10839131239046
194 2.10989854823453
195 2.11263306229587
196 2.1165720049848
197 2.1216868482048
198 2.12794356826913
199 2.13530285411523
200 2.14372033960757
201 2.15314685861166
202 2.16352872142198
203 2.17480801103338
204 2.18692289766089
205 2.19980796983662
206 2.21339458034482
207 2.22761120519746
208 2.24238381380341
209 2.25763624844418
210 2.27329061113859
211 2.28926765595782
212 2.30548718484081
213 2.32186844495817
214 2.3383305256804
215 2.35479275322338
216 2.37117508107008
217 2.38739847430333
218 2.40338528602798
219 2.41905962411384
220 2.43434770655161
221 2.44917820378233
222 2.46348256643747
223 2.47719533700946
224 2.4902544440624
225 2.50260147768819
226 2.51418194501482
227 2.52494550467966
228 2.53484617929142
229 2.54384254501894
230 2.55189789756327
231 2.55898039388954
232 2.56506316921846
233 2.57012442890086
234 2.57414751492443
235 2.57712094692639
236 2.57903843771138
237 2.57989888339739
238 2.57970632843534
239 2.5784699058678
240 2.57620375331011
241 2.57292690525162
242 2.56866316238467
243 2.56344093877593
244 2.55729308779528
245 2.55025670781434
246 2.54237292877662
247 2.53368668082615
248 2.52424644625911
249 2.51410399613451
250 2.50331411294398
251 2.49193430079764
252 2.48002448463242
253 2.46764669999092
254 2.45486477495253
255 2.44174400582442
256 2.42835082821808
257 2.41475248514649
258 2.40101669377896
259 2.3872113124846
260 2.37340400978094
261 2.35966193678269
262 2.346051404716
263 2.33263756902693
264 2.31948412156857
265 2.30665299230093
266 2.2942040618797
267 2.28219488644678
268 2.27068043586578
269 2.25971284657052
270 2.24934119011462
271 2.23961125842525
272 2.23056536667536
273 2.22224217459554
274 2.21467652695097
275 2.20789931380992
276 2.20193735112904
277 2.19681328207813
278 2.19254549942252
279 2.18914808917678
280 2.18663079563794
281 2.18499900780197
282 2.18425376706309
283 2.18439179599266
284 2.18540554789391
285 2.18728327672955
286 2.1900091269238
287 2.19356324244752
288 2.19792189450579
289 2.20305762706241
290 2.20893941935478
291 2.21553286447676
292 2.22280036303606
293 2.23070133082719
294 2.23919241940112
295 2.24822774835873
296 2.25775914814731
297 2.26773641209776
298 2.27810755640517
299 2.28881908672663
300 2.29981627004866
301 2.3110434104612
302 2.32244412746689
303 2.33396163545266
304 2.34553902295563
305 2.35711953036713
306 2.36864682473664
307 2.38006527036197
308 2.3913201938829
309 2.40235814263204
310 2.41312713503905
311 2.42357690193282
312 2.4336591176389
313 2.44332761982798
314 2.4525386171342
315 2.46125088362867
316 2.46942593930515
317 2.47702821580914
318 2.48402520671933
319 2.49038760177099
320 2.49608940449368
321 2.50110803282039
322 2.50542440231137
323 2.50902299172342
324 2.51189189074326
325 2.51402282979155
326 2.51541119189247
327 2.51605600669049
328 2.51595992678261
329 2.51512918661863
330 2.51357354430512
331 2.51130620672909
332 2.50834373849526
333 2.50470595524572
334 2.50041580200235
335 2.49549921723992
336 2.48998498346216
337 2.48390456511219
338 2.4772919347041
339 2.47018338811281
340 2.4626173500048
341 2.45463417043233
342 2.44627591364911
343 2.43758614023488
344 2.42860968364017
345 2.41939242228139
346 2.40998104832898
347 2.40042283433854
348 2.39076539887653
349 2.38105647228798
350 2.37134366374396
351 2.36167423069161
352 2.35209485180906
353 2.34265140454182
354 2.33338874826686
355 2.32435051409473
356 2.31557890228021
357 2.30711448816731
358 2.29899603754571
359 2.29126033224327
360 2.28394200672289
361 2.27707339639256
362 2.27068439827512
363 2.26480234461885
364 2.25945188996283
365 2.25465491210136
366 2.25043042732087
367 2.24679452021031
368 2.24376028827297
369 2.24133780149364
370 2.23953407694152
371 2.23835306841517
372 2.23779567106278
373 2.23785974083883
374 2.2385401285869
375 2.23982872846912
376 2.24171454039517
377 2.24418374603816
378 2.24721979796213
379 2.25080352132567
380 2.25491322756926
381 2.25952483944029
382 2.26461202665953
383 2.27014635148661
384 2.27609742339959
385 2.2824330620657
386 2.28911946774609
387 2.29612139824835
388 2.30340235151525
389 2.31092475291821
390 2.31865014630794
391 2.32653938786426
392 2.33455284178068
393 2.3426505768179
394 2.35079256276377
395 2.35893886584532
396 2.36704984215065
397 2.37508632813578
398 2.38300982731287
399 2.39078269224173
400 2.14078269224173
401 2.30814561841668
402 2.23525179419678
403 2.1620686653521
404 2.08856533776633
405 2.01471271473267
406 1.94048362444125
407 1.86585293711461
408 1.7907976713023
409 1.71529708890207
410 1.64085725001752
411 1.567162072708
412 1.49353698058598
413 1.42097764468813
414 1.34989343384532
415 1.2806613945302
416 1.21363115662674
417 1.2
418 1.2
419 1.2
420 1.2
421 1.2
422 1.2
423 1.2
424 1.2
425 1.2
426 1.2
427 1.2
428 1.2
429 1.2
430 1.2
431 1.2
432 1.2
433 1.2
434 1.2
435 1.2
436 1.20169385088802
437 1.20567372233467
438 1.21182060532252
439 1.2200228885264
440 1.23017564861404
441 1.24218005212256
442 1.25594284646419
443 1.27137592246801
444 1.28839593465046
445 1.30692396836095
446 1.32687522052044
447 1.34815097835484
448 1.37064241798883
449 1.39423384073971
450 1.41880401358531
451 1.44422730352411
452 1.4703746433064
453 1.4971143582349
454 1.52431287765828
455 1.5518353500315
456 1.5795462360268
457 1.60730996302196
458 1.63499161799296
459 1.6624576295393
460 1.68957643166973
461 1.71621910830287
462 1.7422600149651
463 1.76757737514705
464 1.79205384953422
465 1.81557707691182
466 1.83804018564815
467 1.85934227409725
468 1.87938885780732
469 1.8980922815621
470 1.91537209456942
471 1.93115538730832
472 1.94537708874217
473 1.95798022281573
474 1.96891612336304
475 1.97814460675818
476 1.98563410184019
477 1.99136173684261
478 1.99531338326015
479 1.99748365679078
480 1.99787587569569
481 1.99650197712139
482 1.9933823921268
483 1.98854588035158
484 1.98202932544969
485 1.97387749259324
486 1.96414274952482
487 1.95288475280167
488 1.94017010103075
489 1.92607195703971
490 1.91066964106438
491 1.8940481971579
492 1.87629793513911
493 1.85751395049879
494 1.83779562477037
495 1.81724610894724
496 1.79597179259074
497 1.77408176132209
498 1.75168724542682
499 1.72890106232219
500 1.7058370556466
501 1.68260953372457
502 1.65933271014297
503 1.636120149142
504 1.61308421848046
505 1.59033555237743
506 1.56798252706338
507 1.54613075139273
508 1.52488257487741
509 1.50433661539792
510 1.48458730873536
511 1.46572448194469
512 1.44783295245829
513 1.43099215466866
514 1.41527579559223
515 1.40075154106202
516 1.38748073373754
517 1.37551814405527
518 1.36491175507438
519 1.35570258199984
520 1.34792452699081
521 1.3416042696853
522 1.33676119369562
523 1.33340734915194
524 1.33154745119546
525 1.33117891414875
526 1.33229192091927
527 1.33486952702452
528 1.33888779846337
529 1.34431598249971
530 1.35111671027199
531 1.35924622999551
532 1.3686546693856
533 1.37928632579812
534 1.39107998246082
535 1.40396924905474
536 1.41788292480018
537 1.43274538210656
538 1.44847696876063
539 1.46499442655314
540 1.48221132418051
541 1.50003850220551
542 1.51838452781934
543 1.53715615711788
544 1.55625880258551
545 1.57559700347324
546 1.59507489676118
547 1.614596686411
548 1.63406710863991
549 1.65339189098488
550 1.67247820297317
551 1.69123509627334
552 1.70957393226835
553 1.72740879506966
554 1.74465688807745
555 1.76123891228682
556 1.77707942464256
557 1.79210717485543
558 1.80625541920976
559 1.81946221001579
560 1.83167065948873
561 1.84282917697068
562 1.85289167854936
563 1.86181776826937
564 1.86957289027588
565 1.8761284513773
566 1.88146191366129
567 1.88555685694683
568 1.88840301100346
569 1.88999625761643
570 1.8903386027225
571 1.88943811898464
572 1.88730885931519
573 1.883970741994
574 1.87944940816124
575 1.8737760525929
576 1.86698722878977
577 1.85912462952751
578 1.85023484412598
579 1.84036909379924
580 1.82958294654365
581 1.81793601310973
582 1.80549162568322
583 1.79231650097245
584 1.77848038946149
585 1.76405571264221
586 1.74911719008285
587 1.73374145822545
588 1.71800668283008
589 1.7019921669998
590 1.68577795672664
591 1.66944444589592
592 1.65307198267364
593 1.63674047918024
594 1.62052902632288
595 1.60451551561898
596 1.58877626979546
597 1.57338568389152
598 1.55841587852821
599 1.54393636693614
600 1.53001373725317
601 1.516711351518
602 1.5040890626934
603 1.49220295095454
604 1.4811050803748
605 1.47084327703333
606 1.46146092945659
607 1.45299681219025
608 1.44548493317928
609 1.43895440551314
610 1.43342934396975
611 1.42892878666853
612 1.42546664201784
613 1.42305166101786
614 1.42168743485642
615 1.42137241761225
616 1.42209997376022
617 1.4238584500541
618 1.42663127124792
619 1.4303970590047
620 1.43512977323399
621 1.44079887499633
622 1.44736951001474
623 1.45480271174035
624 1.46305562283288
625 1.47208173383532
626 1.4818311377488
627 1.49225079914582
628 1.50328483640022
629 1.51487481555947
630 1.5269600543398
631 1.53947793468706
632 1.55236422231711
633 1.56555339162743
634 1.57897895435848
635 1.59257379037746
636 1.60627047895957
637 1.62000162895214
638 1.63370020622487
639 1.64729985683514
640 1.66073522437049
641 1.67394225997039
642 1.686858523577
643 1.69942347501835
644 1.71157875358772
645 1.72326844484929
646 1.73443933347242
647 1.74504114097359
648 1.75502674732782
649 1.76435239549738
650 1.77297787801636
651 1.78086670486346
652 1.78798625195255
653 1.79430788966962
654 1.79980709098673
655 1.80446351878597
656 1.80826109213092
657 1.81118803132703
658 1.81323688171709
659 1.81440451626155
660 1.81469211705622
661 1.81410513604138
662 1.81265323525509
663 1.81035020708053
664 1.80721387503104
665 1.80326597570646
666 1.79853202264159
667 1.79304115284966
668 1.78682595694158
669 1.779922293775
670 1.77236909065466
671 1.76420813016828
672 1.75548382479814
673 1.74624298049975
674 1.73653455048289
675 1.72640938046852
676 1.71591994672658
677 1.70512008822467
678 1.69406473423575
679 1.68280962876476
680 1.67141105315884
681 1.65992554826405
682 1.64840963748308
683 1.63691955207358
684 1.62551096000532
685 1.61423869966687
686 1.603156519679
687 1.59231682603208
688 1.58177043772037
689 1.57156635199494
690 1.5617515203019
691 1.55237063591232
692 1.54346593418519
693 1.53507700633661
694 1.52724062751532
695 1.5199905999093
696 1.51335761152931
697 1.50736911123395
698 1.50204920047742
699 1.49741854217637
700 1.49349428700547
701 1.49029001734459
702 1.48781570901259
703 1.48607771083545
704 1.4850787420092
705 1.48481790713199
706 1.48529072869459
707 1.48648919673554
708 1.48840183528584
709 1.49101378514941
710 1.49430690248965
711 1.49825987261973
712 1.50284833832495
713 1.50804504198004
714 1.51381998066316
715 1.52014057341093
716 1.5269718397071
717 1.53427658824914
718 1.54201561499521
719 1.55014790945612
720 1.55863086816507
721 1.5674205142314
722 1.57647172186326
723 1.58573844472907
724 1.59517394701727
725 1.60473103604999
726 1.61436229530746
727 1.6240203167269
728 1.63365793115207
729 1.64322843582722
730 1.65268581785248
731 1.6619849725454
732 1.67108191568668
733 1.67993398866561
734 1.6885000555831
735 1.6967406914163
736 1.70461836039974
737 1.71209758383158
738 1.7191450965714
739 1.72572999155675
740 1.73182385172879
741 1.73740086882374
742 1.74243794855473
743 1.74691480177853
744 1.75081402131296
745 1.75412114414325
746 1.75682469882847
747 1.7589162379929
748 1.7603903558603
749 1.76124469086235
750 1.76147991342475
751 1.76109969910569
752 1.76011068733139
753 1.75852242604142
754 1.75634730262269
755 1.75360046157461
756 1.75029970940903
757 1.74646540734689
758 1.74212035242806
759 1.73728964770297
760 1.73200056222186
761 1.72628238158217
762 1.72016624983398
763 1.71368500357971
764 1.70687299913534
765 1.69976593364772
766 1.69240066108464
767 1.68481500403244
768 1.67704756224884
769 1.66913751892711
770 1.6611244456315
771 1.65304810686262
772 1.64494826520608
773 1.63686448800711
774 1.62883595649944
775 1.62090127829743
776 1.61309830413682
777 1.60546394972235
778 1.59803402350852
779 1.59084306120491
780 1.58392416775815
781 1.57730886752094
782 1.5710269632728
783 1.56510640470906
784 1.55957316696406
785 1.55445113968088
786 1.54976202708508
787 1.54552525946248
788 1.54175791638288
789 1.53847466195135
790 1.53568769230846
791 1.53340669553931
792 1.53163882408974
793 1.53038867972644
794 1.52965831101646
795 1.52944722324099
796 1.5297524005983
797 1.53056834049227
798 1.53188709964574
799 1.53369835172242
800 1.72598945608749
801 1.68874553728597
802 1.71194957476895
803 1.73558250235149
804 1.75962331684314
805 1.7840491952511
806 1.80883561991968
807 1.83395651093576
808 1.85938436509974
809 1.88509040073535
810 1.9099202286886
811 1.93360255995045
812 1.95662821985959
813 1.9787730263213
814 1.99995094297007
815 2.02007741965447
816 2.03906964141023
817 2.05684673434541
818 2.07332993823375
819 2.08844275322693
820 2.10211772126272
821 2.11430078290285
822 2.12494568711298
823 2.13401268073584
824 2.14147029419083
825 2.14729505514807
826 2.15147150922154
827 2.15399223277405
828 2.15485783623442
829 2.15407695681715
830 2.15166620051642
831 2.14764999106368
832 2.14206036751601
833 2.13493676817485
834 2.12632578281294
835 2.11628086853404
836 2.10486203600938
837 2.09213550702829
838 2.07817334495122
839 2.06305305960785
840 2.04685718838368
841 2.02967285579389
842 2.0115913141497
843 1.99270746776562
844 1.97311938309665
845 1.95292778730626
846 1.93223555780807
847 1.91114720533019
848 1.88976835306081
849 1.86820521443352
850 1.84656407210121
851 1.82495076062433
852 1.80347015536219
853 1.78222567000463
854 1.7613187651207
855 1.74084847002854
856 1.72091092020798
857 1.70159891238417
858 1.68300147930831
859 1.66520348614952
860 1.6482852502925
861 1.63232218620725
862 1.61738447692281
863 1.60353677349517
864 1.59083792371297
865 1.57934073113238
866 1.56909174537693
867 1.56013108447849
868 1.55249228987382
869 1.54620221450765
870 1.54128094432864
871 1.53774175329995
872 1.5355910918824
873 1.53482860878559
874 1.53544720562232
875 1.53743312394437
876 1.5407660639844
877 1.54541933427991
878 1.55136003121112
879 1.55854924734717
880 1.56694230736315
881 1.57648903016639
882 1.58713401575331
883 1.59881695520954
884 1.61147296216596
885 1.62503292393176
886 1.63942387044421
887 1.65456935910234
888 1.67038987348984
889 1.68680323394011
890 1.7037250178552
891 1.72106898765878
892 1.73874752424296
893 1.75667206375858
894 1.77475353559912
895 1.79290279943924
896 1.81103107921043
897 1.82905039192723
898 1.84687396931923
899 1.86441667027455
900 1.88159538216091
901 1.89832940915963
902 1.91454084582523
903 1.93015493416938
904 1.94510040266115
905 1.959309785636
906 1.9727197217129
907 1.98527122993195
908 1.99690996244332
909 2.00758643270133
910 2.01725621824474
911 2.02588013727518
912 2.03342439837901
913 2.03986072287368
914 2.04516643939682
915 2.04932455049422
916 2.05232377110077
917 2.05415853894621
918 2.05482899705356
919 2.05434094863248
920 2.05270578480195
921 2.04994038570504
922 2.0460669957038
923 2.0411130734629
924 2.03511111784634
925 2.02809847066216
926 2.02011709739445
927 2.01121334716017
928 2.00143769321974
929 1.99084445545435
930 1.97949150630001
931 1.96743996169673
932 1.95475385867241
933 1.94149982123301
934 1.92774671627471
935 1.91356530126874
936 1.89902786549607
937 1.88420786662652
938 1.86917956444573
939 1.85401765353309
940 1.83879689668483
941 1.82359176085894
942 1.80847605739242
943 1.79352258820706
944 1.77880279967733
945 1.76438644578382
946 1.75034126211783
947 1.73673265223764
948 1.72362338780551
949 1.71107332385614
950 1.69913913046313
951 1.68787404198082
952 1.67732762494363
953 1.66754556560652
954 1.6585694780066
955 1.65043673331937
956 1.64318031117374
957 1.63682867347764
958 1.63140566119271
959 1.62693041438116
960 1.62341731573255
961 1.62087595766227
962 1.6193111329581
963 1.61872284883728
964 1.61910636416319
965 1.62045224946067
966 1.62274646926056
967 1.62597048619927
968 1.63010138619786
969 1.63511202394795
970 1.64097118783887
971 1.64764378337282
972 1.65509103403239
973 1.66327069848774
974 1.67213730296019
975 1.68164238749444
976 1.69173476483354
977 1.70236079054003
978 1.71346464296192
979 1.72498861160592
980 1.7368733924501
981 1.74905838870604
982 1.76148201552583
983 1.7740820071413
984 1.78679572492347
985 1.79956046485683
986 1.81231376293826
987 1.82499369703153
988 1.83753918373739
989 1.84989026887451
990 1.86198841020858
991 1.8737767511152
992 1.88520038391647
993 1.89620660169122
994 1.9067451374242
995 1.91676838942998
996 1.9262316320623
997 1.93509321079888
998 1.94331472087467
999 1.9508611687231
1000 1.95770111557418
1001 1.96380680265002
1002 1.96915425749237
1003 1.97372338105203
1004 1.97749801526634
1005 1.98046599094818
1006 1.98261915590681
1007 1.98395338331767
1008 1.98446856045426
1009 1.9841685579897
1010 1.98306118016854
1011 1.98115809623988
1012 1.97847475363134
1013 1.9750302734278
1014 1.9708473288013
1015 1.96595200711554
1016 1.96037365650283
1017 1.95414471778029
1018 1.9473005426366
1019 1.93987919908035
1020 1.93192126519509
1021 1.92346961229487
1022 1.91456917861731
1023 1.90526673472803
1024 1.89561064184189
1025 1.88565060429109
1026 1.87543741738945
1027 1.86502271195458
1028 1.8544586967562
1029 1.84379790015915
1030 1.8330929122234
1031 1.82239612851176
1032 1.81175949683742
1033 1.80123426816009
1034 1.79087075280952
1035 1.7807180831803
1036 1.7708239840015
1037 1.7612345512391
1038 1.75199404063916
1039 1.74314466686485
1040 1.73472641412148
1041 1.72677685910104
1042 1.71933100701111
1043 1.7124211413837
1044 1.70607668828697
1045 1.70032409548801
1046 1.6951867270378
1047 1.69068477367092
1048 1.68683517933255
1049 1.68365158406446
1050 1.68114428340041
1051 1.67932020433981
1052 1.67818289788747
1053 1.67773254806673
1054 1.67796599723394
1055 1.67887678744432
1056 1.680455217543
1057 1.68268841558144
1058 1.68556042608764
1059 1.68905231165023
1060 1.69314226821116
1061 1.6978057533995
1062 1.70301562718108
1063 1.70874230404394
1064 1.71495391589006
1065 1.72161648475778
1066 1.72869410445872
1067 1.73614913017651
1068 1.74394237504347
1069 1.75203331268516
1070 1.76038028470144
1071 1.76894071203674
1072 1.77767130918161
1073 1.78652830014187
1074 1.79546763511153
1075 1.80444520679052
1076 1.813417065298
1077 1.82233963064746
1078 1.83116990176913
1079 1.83986566109061
1080 1.84838567371518
1081 1.85668988027166
1082 1.86473958254718
1083 1.87249762105651
1084 1.87992854374731
1085 1.88699876509002
1086 1.89367671485355
1087 1.89993297592383
1088 1.90574041058027
1089 1.91107427470607
1090 1.9159123194708
1091 1.92023488008862
1092 1.9240249513209
1093 1.92726824945944
1094 1.92995326059419
1095 1.9320712750374
1096 1.93361640784467
1097 1.93458560544134
1098 1.93497863843013
1099 1.93479808072259
1100 1.93404927520227
1101 1.93274028619143
1102 1.93088183905514
1103 1.92848724733651
1104 1.92557232787449
1105 1.92215530441044
1106 1.91825670024181
1107 1.91389922053019
1108 1.90910762491636
1109 1.90390859113747
1110 1.89833057037917
1111 1.89240363513073
1112 1.88615932034101
1113 1.8796304586999
1114 1.87285101089194
1115 1.86585589168644
1116 1.85868079274237
1117 1.85136200301494
1118 1.84393622765597
1119 1.83644040630025
1120 1.82891153162627
1121 1.82138646907133
1122 1.81390177856882
1123 1.80649353915853
1124 1.79919717730051
1125 1.7920472996985
1126 1.78507753141061
1127 1.7783203599933
1128 1.77180698638957
1129 1.76556718323377
1130 1.75962916120444
1131 1.75401944401222
1132 1.74876275256359
1133 1.74388189879214
1134 1.73939768959847
1135 1.73532884128695
1136 1.73169190483388
1137 1.72850120226592
1138 1.72576877437172
1139 1.72350433991288
1140 1.72171526644284
1141 1.72040655278544
1142 1.71958082316751
1143 1.71923833294322
1144 1.71937698579224
1145 1.71999236221877
1146 1.72107775912477
1147 1.72262424017891
1148 1.72462069665221
1149 1.72705391834316
1150 1.72990867416882
1151 1.73316780195484
1152 1.73681230691631
1153 1.74082146828269
1154 1.74517295348524
1155 1.74984293929269
1156 1.75480623925214
1157 1.76003643676639
1158 1.76550602311681
1159 1.77118653972205
1160 1.77704872390805
1161 1.78306265745306
1162 1.7891979171639
1163 1.79542372673547
1164 1.80170910914508
1165 1.80802303883653
1166 1.81433459295545
1167 1.82061310090817
1168 1.82682829152964
1169 1.83295043716371
1170 1.83895049397911
1171 1.84480023786812
1172 1.85047239530162
1173 1.8559407685435
1174 1.86118035465943
1175 1.86616745778967
1176 1.87087979419254
1177 1.87529658960386
1178 1.87939866849897
1179 1.88316853488623
1180 1.88659044430512
1181 1.88965046674727
1182 1.89233654026522
1183 1.89463851508066
1184 1.89654818805163
1185 1.89805932740621
1186 1.89916768769813
1187 1.8998710149877
1188 1.90016904229904
1189 1.90006347545125
1190 1.89955796940749
1191 1.89865809533064
1192 1.89737129857821
1193 1.8957068479112
1194 1.89367577623218
1195 1.89129081320693
1196 1.88856631016013
1197 1.88551815767069
1198 1.88216369632406
1199 1.87852162110882
1200 1.87461187997184
