1 2
2 2
3 2
4 2
5 2
6 2
7 2
8 2
9 2
10 2
11 2
12 2
13 2
14 2
15 2
16 2
17 2
18 2
19 2
20 2
21 2
22 2
23 2
24 2
25 2
26 2
27 2
28 2
29 2
30 2.25
31 2.27445538461538
32 2.29907076923077
33 2.32368615384615
34 2.34830153846154
35 2.37291692307692
36 2.39753230769231
37 2.42214769230769
38 2.44676307692308
39 2.47137846153846
40 2.49469934163539
41 2.51568205767491
42 2.53453856371789
43 2.55142970711483
44 2.56647793664013
45 2.57977592937854
46 2.59139330418567
47 2.60138184464375
48 2.60977956130946
49 2.61661385013243
50 2.62191065009277
51 2.62570650244121
52 2.62805053970479
53 2.62900048912301
54 2.62861992471148
55 2.62697639938986
56 2.62414019889116
57 2.62018353048642
58 2.61518001196628
59 2.60920436468973
60 2.60233220777884
61 2.5946398283926
62 2.58620386645655
63 2.57710094233306
64 2.56740727153533
65 2.55719829131978
66 2.54654831175791
67 2.53553019632229
68 2.52421507255084
69 2.51267207089771
70 2.50096808888036
71 2.4891675779442
72 2.47733235160319
73 2.46552141445475
74 2.45379081213188
75 2.44219350228841
76 2.43077924655511
77 2.41959452318977
78 2.40868245994161
79 2.39808278649096
80 2.38783180571671
81 2.37796238297892
82 2.3685039525666
83 2.35948254043535
84 2.35092080233592
85 2.34283807641113
86 2.33525044931577
87 2.32817083489362
88 2.32160906442949
89 2.31557198748384
90 2.31006358231227
91 2.30508507487361
92 2.30063506543607
93 2.2967096618023
94 2.29330261818932
95 2.2904054788185
96 2.28800772529363
97 2.28609692687115
98 2.28465889275564
99 2.28367782558567
100 2.28313647530951
101 2.28301629268669
102 2.28329758169009
103 2.28395965012348
104 2.28498095781104
105 2.28633926175797
106 2.28801175772525
107 2.2899752177054
108 2.29220612283087
109 2.29468079129138
110 2.29737550088096
111 2.3002666058397
112 2.30333064769925
113 2.30654445988375
114 2.30988526586038
115 2.31333077067479
116 2.31685924574648
117 2.32044960683815
118 2.32408148514996
119 2.32773529152545
120 2.33139227378981
121 2.33503456727362
122 2.33864523860518
123 2.34220832288381
124 2.3457088543725
125 2.34913289087349
126 2.35246753197274
127 2.35570093136032
128 2.35882230345209
129 2.36182192455515
130 2.36469112883407
131 2.36742229934776
132 2.37000885443776
133 2.37244522975777
134 2.37472685624115
135 2.37685013430893
136 2.37881240462401
137 2.38061191569973
138 2.38224778867096
139 2.38371997953512
140 2.38502923916768
141 2.38617707141306
142 2.38716568954656
143 2.38799797139659
144 2.38867741340905
145 2.38920808392734
146 2.38959457595205
147 2.38984195963401
148 2.38995573474391
149 2.38994178334959
150 2.3898063229203
151 2.38955586006449
152 2.38919714509472
153 2.38873712759979
154 2.38818291319097
155 2.38754172157514
156 2.38682084609407
157 2.38602761485517
158 2.38516935356543
159 2.38425335016644
160 2.38328682135513
161 2.38227688106153
162 2.38123051094207
163 2.38015453293417
164 2.3790555839059
165 2.37794009242262
166 2.37681425764102
167 2.37568403033063
168 2.37455509601204
169 2.37343286019173
170 2.37232243566396
171 2.37122863184181
172 2.37015594607124
173 2.36910855687485
174 2.368090319065
175 2.36710476066022
176 2.36615508153265
177 2.36524415371009
178 2.36437452325125
179 2.36354841360949
180 2.36276773039709
181 2.36203406745954
182 2.36134871416729
183 2.36071266383109
184 2.36012662314607
185 2.35959102256925
186 2.35910602753524
187 2.35867155041559
188 2.35828726312787
189 2.35795261030231
190 2.35766682291523
191 2.35742893230087
192 2.3572377844555
193 2.35709205455037
194 2.35699026157335
195 2.35693078302192
196 2.35691186957409
197 2.35693165966704
198 2.35698819391757
199 2.35707942932185
200 2.35720325317657
201 2.35735749666736
202 2.35753994807462
203 2.35774836555144
204 2.35798048943208
205 2.35823405403418
206 2.35850679892181
207 2.35879647960082
208 2.35910087762203
209 2.35941781007174
210 2.3597451384333
211 2.36008077680685
212 2.36042269947855
213 2.36076894783378
214 2.36111763661258
215 2.3614669595085
216 2.36181519411563
217 2.36216070623094
218 2.36250195352237
219 2.36283748857528
220 2.36316596133256
221 2.36348612094567
222 2.36379681705612
223 2.36409700052845
224 2.36438572365779
225 2.36466213987605
226 2.36492550298248
227 2.36517516592518
228 2.36541057916103
229 2.36563128862238
230 2.36583693331915
231 2.36602724260564
232 2.36620203314139
233 2.36636120557545
234 2.36650474098361
235 2.36663269708756
236 2.36674520428491
237 2.36684246151841
238 2.36692473201196
239 2.36699233890076
240 2.36704566078154
241 2.3670851272085
242 2.36711121415935
243 2.3671244394947
244 2.36712535843336
245 2.36711455906443
246 2.36709265791639
247 2.36706029560172
248 2.36701813255462
249 2.36696684487792
250 2.36690712031411
251 2.36683965435395
252 2.36676514649491
253 2.36668429666044
254 2.36659780178944
255 2.36650635260456
256 2.3664106305661
257 2.36631130501745
258 2.36620903052669
259 2.36610444442778
260 2.36599816456351
261 2.36589078723161
262 2.36578288533406
263 2.36567500672889
264 2.3655676727825
265 2.36546137712013
266 2.36535658457079
267 2.36525373030243
268 2.36515321914247
269 2.36505542507797
270 2.36496069092921
271 2.36486932818996
272 2.36478161702717
273 2.36469780643241
274 2.36461811451695
275 2.36454272894225
276 2.36447180747722
277 2.36440547867333
278 2.36434384264887
279 2.36428697197297
280 2.36423491264069
281 2.3641876851297
282 2.36414528552975
283 2.36410768673588
284 2.36407483969649
285 2.36404667470758
286 2.36402310274481
287 2.36400401682487
288 2.36398929338834
289 2.36397879369627
290 2.36397236523301
291 2.36396984310819
292 2.36397105145121
293 2.36397580479168
294 2.36398390941994
295 2.36399516472197
296 2.36400936448345
297 2.3640262981582
298 2.36404575209643
299 2.36406751072899
300 2.36409135770385
301 2.36411707697162
302 2.36414445381742
303 2.36417327583648
304 2.36420333385172
305 2.36423442277142
306 2.36426634238582
307 2.36429889810174
308 2.36433190161465
309 2.36436517151784
310 2.36439853384895
311 2.36443182257406
312 2.3644648800101
313 2.36449755718647
314 2.36452971414706
315 2.36456122019406
316 2.36459195407516
317 2.36462180411608
318 2.36465066830022
319 2.36467845429776
320 2.36470507944644
321 2.36473047068644
322 2.36475456445187
323 2.36477730652153
324 2.36479865183156
325 2.3648185642528
326 2.36483701633559
327 2.36485398902476
328 2.3648694713478
329 2.36488346007877
330 2.36489595938099
331 2.36490698043103
332 2.36491654102696
333 2.36492466518329
334 2.36493138271536
335 2.36493672881562
336 2.36494074362432
337 2.3649434717968
338 2.36494496206988
339 2.36494526682926
340 2.3649444416801
341 2.36494254502273
342 2.3649396376352
343 2.36493578226441
344 2.36493104322744
345 2.36492548602442
346 2.36491917696435
347 2.36491218280498
348 2.36490457040788
349 2.36489640640961
350 2.36488775690985
351 2.36487868717703
352 2.36486926137234
353 2.36485954229219
354 2.36484959112986
355 2.36483946725628
356 2.36482922802022
357 2.36481892856788
358 2.36480862168193
359 2.36479835763955
360 2.36478818408967
361 2.36477814594867
362 2.36476828531445
363 2.36475864139819
364 2.3647492504735
365 2.36474014584213
366 2.36473135781576
367 2.36472291371322
368 2.36471483787223
369 2.36470715167506
370 2.36469987358731
371 2.36469301920887
372 2.36468660133636
373 2.36468063003615
374 2.36467511272703
375 2.36467005427178
376 2.36466545707665
377 2.36466132119804
378 2.36465764445535
379 2.3646544225492
380 2.36465164918437
381 2.36464931619628
382 2.36464741368062
383 2.36464593012504
384 2.36464485254238
385 2.36464416660451
386 2.36464385677636
387 2.36464390644923
388 2.36464429807297
389 2.36464501328625
390 2.36464603304459
391 2.36464733774549
392 2.36464890735022
393 2.36465072150187
394 2.36465275963932
395 2.36465500110657
396 2.36465742525744
397 2.36466001155502
398 2.36466273966591
399 2.36466558954893
400 2.11466558954893
401 2.0657578551997
402 2.01653018505291
403 1.9673025610075
404 1.91807496561066
405 1.8688473821112
406 1.81961979450682
407 1.77039218758562
408 1.72116454696169
409 1.671936859105
410 1.62400363116968
411 1.57853515219576
412 1.53553661632269
413 1.49502293631324
414 1.45701422182218
415 1.42153421574236
416 1.38860909579069
417 1.35826656035872
418 1.33053513484203
419 1.30544364880963
420 1.28301414234399
421 1.26325076931515
422 1.24613749001314
423 1.23164157765647
424 1.21971631407189
425 1.21030308208496
426 1.20333299866416
427 1.2
428 1.2
429 1.2
430 1.20194814695541
431 1.20587810783186
432 1.21167965198781
433 1.21923832770318
434 1.2284362669676
435 1.23915297500564
436 1.25126609111896
437 1.26464552840969
438 1.27915062536286
439 1.29465055407366
440 1.31102755050912
441 1.32816475131148
442 1.34594620676597
443 1.36425760248748
444 1.38298689561381
445 1.40202487601183
446 1.42126566041682
447 1.44060715995061
448 1.45995156866252
449 1.47920577674374
450 1.49828161106499
451 1.51709598467032
452 1.53557102922713
453 1.55363420892918
454 1.57121841180933
455 1.58826201600755
456 1.60470892970895
457 1.62050860415238
458 1.63561601922172
459 1.64999164149744
460 1.66360135589439
461 1.67641637305031
462 1.68841311470435
463 1.69957307903553
464 1.70988268775173
465 1.71933311661387
466 1.72792011101916
467 1.73564378823241
468 1.74250842783623
469 1.74852225196321
470 1.75369719686534
471 1.75804867735661
472 1.7615953456303
473 1.76435884590712
474 1.76636356631786
475 1.76763638936642
476 1.76820644225915
477 1.76810484832265
478 1.76736448066707
479 1.76601971918498
480 1.76410621190652
481 1.76166064166138
482 1.75872049892635
483 1.75532386166449
484 1.75150918288909
485 1.74731508661247
486 1.74278017276682
487 1.73794283161258
488 1.7328410680784
489 1.72751233640734
490 1.72199338541574
491 1.7163201146047
492 1.71052744130007
493 1.70464917893474
494 1.6987179265273
495 1.69276496935445
496 1.68682019076017
497 1.68091199499338
498 1.67506724091769
499 1.66931118639133
500 1.6636674430737
501 1.65815794137584
502 1.65280290523671
503 1.64762083637479
504 1.64262850763541
505 1.63784096502859
506 1.63327153802925
507 1.62893185769244
508 1.62483188211994
509 1.62097992880095
510 1.61738271333971
511 1.61404539407499
512 1.61097162209191
513 1.60816359612438
514 1.60562212184686
515 1.60334667505722
516 1.6013354682572
517 1.59958552014478
518 1.59809272754161
519 1.59685193928999
520 1.59585703166681
521 1.59510098487621
522 1.59457596019847
523 1.59427337739022
524 1.59418399194869
525 1.59429797187272
526 1.59460497357276
527 1.5950942166034
528 1.59575455691307
529 1.59657455832766
530 1.59754256200691
531 1.59864675363465
532 1.59987522812688
533 1.60121605166352
534 1.60265732087252
535 1.60418721901663
536 1.60579406905516
537 1.60746638347416
538 1.60919291079925
539 1.61096267872566
540 1.61276503381937
541 1.61458967776228
542 1.61642670013211
543 1.61826660772535
544 1.62010035044752
545 1.62191934381063
546 1.62371548809239
547 1.62548118422494
548 1.62720934649377
549 1.6288934121388
550 1.63052734796033
551 1.63210565404208
552 1.63362336471213
553 1.63507604687001
554 1.63645979581496
555 1.63777122871582
556 1.63900747586777
557 1.64016616988479
558 1.64124543297965
559 1.64224386248498
560 1.64316051477042
561 1.64399488771086
562 1.64474690186041
563 1.64541688048573
564 1.64600552861021
565 1.64651391121827
566 1.64694343076555
567 1.64729580413766
568 1.64757303919531
569 1.64777741103959
570 1.64791143812562
571 1.6479778583478
572 1.64797960521358
573 1.64791978421711
574 1.64780164951744
575 1.64762858101967
576 1.64740406195052
577 1.64713165701322
578 1.64681499119966
579 1.64645772933058
580 1.64606355638814
581 1.64563615869768
582 1.64517920600908
583 1.64469633452123
584 1.64419113088624
585 1.6436671172239
586 1.64312773717017
587 1.64257634297754
588 1.6420161836791
589 1.64145039432246
590 1.64088198627403
591 1.64031383858923
592 1.63974869043899
593 1.63918913457844
594 1.63863761183921
595 1.6380964066227
596 1.637567643368
597 1.63705328396462
598 1.63655512607709
599 1.63607480234558
600 1.63561378042429
601 1.63517336381708
602 1.63475469346785
603 1.63435875006173
604 1.63398635699162
605 1.6336381839437
606 1.63331475105474
607 1.6330164335936
608 1.63274346711891
609 1.63249595306509
610 1.63227386470902
611 1.63207705347009
612 1.63190525549716
613 1.6317580984966
614 1.63163510875683
615 1.63153571832577
616 1.63145927229924
617 1.63140503617944
618 1.63137220326473
619 1.63135990203325
620 1.63136720348496
621 1.63139312840864
622 1.63143665454202
623 1.63149672359584
624 1.63157224811407
625 1.63166211814515
626 1.63176520770095
627 1.6318803809824
628 1.63200649835288
629 1.6321424220426
630 1.63228702156928
631 1.63243917886249
632 1.63259779308121
633 1.63276178511593
634 1.63293010176877
635 1.63310171960679
636 1.63327564848563
637 1.63345093474227
638 1.63362666405736
639 1.63380196398917
640 1.63397600618277
641 1.63414800825918
642 1.63431723539106
643 1.63448300157207
644 1.63464467058875
645 1.63480165670443
646 1.63495342506566
647 1.63509949184279
648 1.63523942411646
649 1.63537283952315
650 1.63549940567282
651 1.63561883935264
652 1.63573090553084
653 1.63583541617515
654 1.63593222890053
655 1.63602124546092
656 1.63610241009984
657 1.6361757077746
658 1.6362411622688
659 1.63629883420775
660 1.63634881899093
661 1.63639124465559
662 1.63642626968516
663 1.63645408077573
664 1.63647489057342
665 1.63648893539497
666 1.63649647294351
667 1.6364977800307
668 1.63649315031596
669 1.63648289207301
670 1.63646732599314
671 1.63644678303413
672 1.63642160232298
673 1.63639212912011
674 1.6363587128518
675 1.63632170521728
676 1.63628145837587
677 1.63623832321924
678 1.63619264773296
679 1.63614477545105
680 1.63609504400644
681 1.63604378377988
682 1.635991316649
683 1.63593795483873
684 1.63588399987393
685 1.63582974163416
686 1.63577545751046
687 1.63572141166314
688 1.63566785437944
689 1.63561502152927
690 1.63556313411702
691 1.63551239792691
692 1.63546300325918
693 1.6354151247539
694 1.63536892129923
695 1.63532453602022
696 1.63528209634469
697 1.63524171414177
698 1.63520348592929
699 1.63516749314544
700 1.6351338024804
701 1.63510246626345
702 1.63507352290099
703 1.63504699736088
704 1.63502290169859
705 1.6350012356205
706 1.63498198707997
707 1.6349651329015
708 1.63495063942889
709 1.63493846319285
710 1.63492855159402
711 1.63492084359736
712 1.63491527043389
713 1.63491175630614
714 1.63491021909372
715 1.63491057105545
716 1.63491271952496
717 1.63491656759666
718 1.63492201479917
719 1.63492895775366
720 1.63493729081449
721 1.63494690669006
722 1.6349576970417
723 1.63496955305878
724 1.63498236600846
725 1.63499602775858
726 1.6350104312724
727 1.63502547107435
728 1.63504104368562
729 1.63505704802927
730 1.63507338580409
731 1.63508996182706
732 1.63510668434421
733 1.63512346530993
734 1.63514022063481
735 1.63515687040244
736 1.63517333905556
737 1.63518955555208
738 1.6352054534918
739 1.63522097121448
740 1.63523605187024
741 1.63525064346333
742 1.6352646988702
743 1.63527817583315
744 1.63529103693072
745 1.6353032495261
746 1.63531478569475
747 1.63532562213284
748 1.63533574004757
749 1.63534512503101
750 1.6353537669188
751 1.63536165963496
752 1.63536880102456
753 1.63537519267531
754 1.63538083972967
755 1.63538575068883
756 1.63538993720974
757 1.63539341389677
758 1.63539619808905
759 1.63539830964478
760 1.63539977072382
761 1.63540060556947
762 1.6354008402908
763 1.63540050264634
764 1.63539962183018
765 1.63539822826151
766 1.63539635337829
767 1.63539402943591
768 1.63539128931162
769 1.63538816631536
770 1.63538469400761
771 1.63538090602474
772 1.6353768359125
773 1.63537251696786
774 1.63536798208977
775 1.63536326363893
776 1.63535839330704
777 1.63535340199545
778 1.6353483197036
779 1.63534317542714
780 1.6353379970658
781 1.63533281134107
782 1.63532764372348
783 1.63532251836949
784 1.63531745806775
785 1.63531248419461
786 1.63530761667855
787 1.63530287397341
788 1.63529827304001
789 1.63529382933585
790 1.63528955681269
791 1.63528546792145
792 1.63528157362414
793 1.63527788341252
794 1.63527440533284
795 1.63527114601657
796 1.6352681107163
797 1.63526530334676
798 1.63526272653025
799 1.63526038164616
800 1.80149211503802
801 1.81371792576213
802 1.8260239656467
803 1.83833023166109
804 1.85063671982533
805 1.86294342527519
806 1.87525034232822
807 1.88755746455076
808 1.89986478482521
809 1.91217229541743
810 1.92361922618407
811 1.9335324880395
812 1.94208882560055
813 1.94942417377922
814 1.95564345820162
815 1.9608274965993
816 1.96503837253726
817 1.96832361909453
818 1.9707194756661
819 1.97225342287597
820 1.97295061231293
821 1.97284204397586
822 1.97196583637743
823 1.97036448829817
824 1.96808304300647
825 1.96516788331393
826 1.96166596688194
827 1.95762436468219
828 1.95309000466767
829 1.94810955125087
830 1.94272934881375
831 1.93699534474993
832 1.93095295188659
833 1.9246468709782
834 1.91812090372369
835 1.91141777312116
836 1.90457895940383
837 1.89764455457716
838 1.89065313555393
839 1.8836416542786
840 1.87664534263354
841 1.86969763020177
842 1.86283007377957
843 1.85607229826229
844 1.84945194885281
845 1.84299465457212
846 1.83672400295352
847 1.83066152566719
848 1.82482669469893
849 1.81923692861398
850 1.81390760837958
851 1.80885210219151
852 1.80408179873993
853 1.7996061483464
854 1.79543271140142
855 1.79156721352782
856 1.78801360689164
857 1.78477413707846
858 1.78184941495276
859 1.77923849291928
860 1.77693894501093
861 1.7749469502357
862 1.77325737862611
863 1.77186387944802
864 1.77075897104123
865 1.76993413178137
866 1.76937989167161
867 1.76908592409305
868 1.76904113726419
869 1.76923376498284
870 1.76965145624743
871 1.77028136337948
872 1.77111022829412
873 1.7721244665915
874 1.7733102491679
875 1.77465358107207
876 1.77614037735832
877 1.77775653571478
878 1.77948800567098
879 1.7813208542152
880 1.78324132767717
881 1.78523590975708
882 1.7872913756057
883 1.78939484188454
884 1.79153381275747
885 1.7936962217874
886 1.79587046973265
887 1.79804545825773
888 1.80021061959217
889 1.80235594218923
890 1.80447199245305
891 1.80654993261845
892 1.80858153488231
893 1.81055919189869
894 1.81247592376213
895 1.81432538161457
896 1.816101848021
897 1.8178002342679
898 1.81941607474564
899 1.82094551858273
900 1.82238531870462
901 1.82373281849436
902 1.82498593623511
903 1.82614314751674
904 1.82720346578984
905 1.82816642125058
906 1.82903203823904
907 1.82980081133217
908 1.83047368031002
909 1.83105200417074
910 1.83153753436607
911 1.83193238742454
912 1.83223901712441
913 1.83246018637283
914 1.83259893894168
915 1.83265857120377
916 1.83264260400636
917 1.83255475481163
918 1.83239891022616
919 1.8321790990338
920 1.83189946583819
921 1.83156424541346
922 1.83117773785299
923 1.83074428459841
924 1.83026824542236
925 1.82975397643072
926 1.82920580914172
927 1.82862803069142
928 1.8280248652071
929 1.82740045638276
930 1.82675885128305
931 1.82610398539499
932 1.82543966893984
933 1.82476957445073
934 1.82409722561518
935 1.82342598737582
936 1.82275905727651
937 1.82209945803592
938 1.82145003132537
939 1.82081343272314
940 1.82019212781302
941 1.81958838939085
942 1.81900429573933
943 1.818441729928
944 1.81790238009228
945 1.81738774064331
946 1.81689911435775
947 1.81643761529507
948 1.81600417248841
949 1.81559953435388
950 1.81522427376229
951 1.81487879371694
952 1.81456333358069
953 1.81427797579582
954 1.81402265304033
955 1.81379715576498
956 1.81360114005632
957 1.8134341357719
958 1.81329555489507
959 1.81318470005848
960 1.81310077318676
961 1.81304288421083
962 1.81301005980817
963 1.81300125212549
964 1.81301534744237
965 1.81305117473678
966 1.81310751411572
967 1.81318310507656
968 1.81327665456741
969 1.81338684481693
970 1.8135123409069
971 1.81365179806324
972 1.81380386864373
973 1.81396720880308
974 1.81414048481881
975 1.81432237906342
976 1.81451159561114
977 1.81470686546951
978 1.81490695142873
979 1.8151106525235
980 1.81531680810455
981 1.81552430151879
982 1.81573206339925
983 1.81593907456757
984 1.81614436855365
985 1.81634703373868
986 1.8165462151294
987 1.81674111577256
988 1.81693099782031
989 1.81711518325788
990 1.81729305430657
991 1.81746405351549
992 1.81762768355677
993 1.81778350673938
994 1.81793114425757
995 1.81807027519026
996 1.81820063526828
997 1.81832201542657
998 1.81843426015874
999 1.81853726569141
1000 1.81863097799595
1001 1.818715390655
1002 1.81879054260112
1003 1.81885651574466
1004 1.81891343250773
1005 1.81896145328067
1006 1.8190007738171
1007 1.81903162258313
1008 1.81905425807573
1009 1.81906896612487
1010 1.81907605719302
1011 1.81907586368551
1012 1.81906873728408
1013 1.8190550463154
1014 1.81903517316576
1015 1.81900951175205
1016 1.8189784650588
1017 1.81894244274975
1018 1.81890185886212
1019 1.81885712959079
1020 1.81880867116859
1021 1.81875689784859
1022 1.81870221999302
1023 1.81864504227315
1024 1.81858576198334
1025 1.81852476747201
1026 1.81846243669151
1027 1.81839913586813
1028 1.81833521829296
1029 1.81827102323363
1030 1.81820687496631
1031 1.818143081927
1032 1.81807993598038
1033 1.81801771180408
1034 1.81795666638589
1035 1.81789703863085
1036 1.81783904907482
1037 1.81778289970079
1038 1.81772877385398
1039 1.81767683625116
1040 1.81762723307987
1041 1.81758009218252
1042 1.81753552332056
1043 1.81749361851337
1044 1.81745445244694
1045 1.81741808294664
1046 1.81738455150904
1047 1.81735388388711
1048 1.81732609072353
1049 1.81730116822673
1050 1.81727909888416
1051 1.81725985220787
1052 1.81724338550681
1053 1.81722964468127
1054 1.81721856503413
1055 1.81721007209451
1056 1.81720408244902
1057 1.81720050457635
1058 1.81719923968094
1059 1.81720018252165
1060 1.81720322223192
1061 1.8172082431275
1062 1.81721512549877
1063 1.81722374638431
1064 1.81723398032304
1065 1.81724570008219
1066 1.81725877735884
1067 1.81727308345288
1068 1.81728848990943
1069 1.81730486912919
1070 1.81732209494528
1071 1.81734004316526
1072 1.81735859207766
1073 1.8173776229219
1074 1.8173970203215
1075 1.81741667267988
1076 1.81743647253887
1077 1.81745631689992
1078 1.81747610750821
1079 1.81749575110012
1080 1.81751515961461
1081 1.81753425036925
1082 1.81755294620168
1083 1.81757117557754
1084 1.81758887266597
1085 1.81760597738383
1086 1.81762243540991
1087 1.81763819817066
1088 1.81765322279866
1089 1.8176674720655
1090 1.81768091429058
1091 1.81769352322744
1092 1.81770527792921
1093 1.8177161625949
1094 1.81772616639817
1095 1.81773528330023
1096 1.81774351184858
1097 1.8177508549632
1098 1.81775731971191
1099 1.8177629170764
1100 1.8177676617106
1101 1.8177715716929
1102 1.81777466827369
1103 1.81777697561973
1104 1.81777852055666
1105 1.81777933231109
1106 1.8177794422534
1107 1.81777888364261
1108 1.81777769137434
1109 1.81777590173304
1110 1.81777355214934
1111 1.81777068096358
1112 1.81776732719635
1113 1.81776353032671
1114 1.81775933007894
1115 1.81775476621828
1116 1.81774987835645
1117 1.81774470576709
1118 1.81773928721193
1119 1.8177336607776
1120 1.81772786372375
1121 1.81772193234236
1122 1.8177159018286
1123 1.81770980616314
1124 1.81770367800607
1125 1.8176975486023
1126 1.81769144769837
1127 1.81768540347052
1128 1.81767944246383
1129 1.81767358954222
1130 1.81766786784893
1131 1.81766229877729
1132 1.81765690195141
1133 1.81765169521626
1134 1.81764669463691
1135 1.81764191450648
1136 1.81763736736217
1137 1.81763306400911
1138 1.81762901355141
1139 1.81762522343001
1140 1.81762169946666
1141 1.81761844591373
1142 1.81761546550917
1143 1.81761275953616
1144 1.81761032788693
1145 1.81760816913029
1146 1.81760628058224
1147 1.81760465837933
1148 1.81760329755414
1149 1.81760219211247
1150 1.81760133511188
1151 1.81760071874089
1152 1.81760033439872
1153 1.81760017277491
1154 1.81760022392859
1155 1.81760047736702
1156 1.81760092212291
1157 1.81760154683046
1158 1.81760233979954
1159 1.81760328908796
1160 1.81760438257142
1161 1.81760560801103
1162 1.81760695311807
1163 1.81760840561593
1164 1.81760995329898
1165 1.81761158408828
1166 1.81761328608395
1167 1.81761504761422
1168 1.81761685728094
1169 1.81761870400165
1170 1.81762057704803
1171 1.81762246608081
1172 1.81762436118111
1173 1.81762625287826
1174 1.81762813217407
1175 1.81762999056367
1176 1.81763182005294
1177 1.81763361317264
1178 1.81763536298933
1179 1.81763706311311
1180 1.81763870770245
1181 1.81764029146604
1182 1.81764180966194
1183 1.81764325809408
1184 1.81764463310635
1185 1.81764593157423
1186 1.81764715089439
1187 1.81764828897219
1188 1.81764934420731
1189 1.81765031547771
1190 1.81765120212207
1191 1.81765200392075
1192 1.81765272107564
1193 1.81765335418885
1194 1.81765390424055
1195 1.81765437256599
1196 1.81765476083196
1197 1.81765507101276
1198 1.81765530536581
1199 1.81765546640709
1200 1.81765555688652
