1 2
2 2
3 2
4 2
5 2
6 2
7 2
8 2
9 2
10 2
11 2
12 2
13 2
14 2
15 2
16 2
17 2
18 2
19 2
20 2
21 2
22 2
23 2
24 2
25 2
26 2
27 2
28 2
29 2
30 2.25
31 2.27972972972973
32 2.30945945945946
33 2.33918918918919
34 2.36891891891892
35 2.39864864864865
36 2.42837837837838
37 2.45810810810811
38 2.48783783783784
39 2.51756756756757
40 2.54509792533784
41 2.56865534869604
42 2.58860385730603
43 2.60522595129221
44 2.61874068282239
45 2.62931773040473
46 2.6370883596314
47 2.64215395874441
48 2.64459268522648
49 2.64446464108526
50 2.64183525111569
51 2.63680730449192
52 2.62952383525551
53 2.62015409654957
54 2.6088838101508
55 2.59590848458506
56 2.5814289197893
57 2.56564825637949
58 2.54877010462857
59 2.53099741839514
60 2.51253170433637
61 2.49357202517787
62 2.47431356126704
63 2.45494592663087
64 2.43565148981455
65 2.41660383422083
66 2.39796641976012
67 2.37989146330971
68 2.36251903003301
69 2.34597631434255
70 2.33037708516283
71 2.31582127492093
72 2.30239470178748
73 2.29016892272418
74 2.27920121740657
75 2.26953470187454
76 2.26119856819178
77 2.25420844373309
78 2.24856686156015
79 2.24426383190052
80 2.24127750399732
81 2.23957490738656
82 2.23911276174228
83 2.2398383445918
84 2.24169040634145
85 2.24460012216426
86 2.24849207042294
87 2.25328522747682
88 2.25889396897897
89 2.26522906812137
90 2.27219868173095
91 2.27970931564432
92 2.28766676137901
93 2.29597699675803
94 2.30454704381959
95 2.31328577804653
96 2.32210468367136
97 2.33091855054876
98 2.33964610882948
99 2.34821059841385
100 2.35654027090111
101 2.3645688224775
102 2.37223575689409
103 2.3794866783691
104 2.38627351490422
105 2.39255467312369
106 2.3982951263266
107 2.40346643798178
108 2.40804672338866
109 2.41202055267352
110 2.4153787986877
111 2.41811843371964
112 2.42024227922682
113 2.42175871303557
114 2.42268133864607
115 2.42302862141844
116 2.42282349650382
117 2.42209295342316
118 2.42086760218863
119 2.41918122581001
120 2.41707032393308
121 2.41457365222282
122 2.4117317619334
123 2.40858654390259
124 2.40518078097471
125 2.40155771259594
126 2.3977606150429
127 2.39383240044381
128 2.38981523743399
129 2.38575019595883
130 2.38167691839977
131 2.37763331885713
132 2.37365531208055
133 2.36977657319602
134 2.36602832904251
135 2.36243918160242
136 2.35903496369193
137 2.35583862677252
138 2.35287016045455
139 2.35014654299151
140 2.34768172180928
141 2.34548662288148
142 2.34356918754997
143 2.34193443520043
144 2.34058455003664
145 2.33951899005516
146 2.33873461620349
147 2.33822583961091
148 2.33798478471023
149 2.33800146602197
150 2.3382639763476
151 2.33875868411626
152 2.33947043764742
153 2.34038277413026
154 2.34147813117733
155 2.34273805888358
156 2.34414343041191
157 2.34567464922975
158 2.34731185123774
159 2.34903510015874
160 2.350824574692
161 2.35266074608129
162 2.35452454489581
163 2.35639751597703
164 2.35826196066128
165 2.36010106554592
166 2.36189901722455
167 2.36364110257197
168 2.36531379431233
169 2.36690482175164
170 2.36840322669801
171 2.36979940472877
172 2.37108513209122
173 2.37225357864354
174 2.37329930735233
175 2.37421826096398
176 2.37500773655699
177 2.37566634876225
178 2.37619398250663
179 2.37659173619312
180 2.37686185627732
181 2.37700766423557
182 2.37703347694514
183 2.37694452151079
184 2.3767468455765
185 2.37644722415516
186 2.37605306399434
187 2.37557230647243
188 2.37501332998767
189 2.37438485276368
190 2.37369583694884
191 2.37295539483517
192 2.37217269796515
193 2.37135688983329
194 2.37051700282387
195 2.36966187995788
196 2.36880010195207
197 2.3679399200206
198 2.36708919477767
199 2.36625534152662
200 2.36544528214915
201 2.36466540373779
202 2.3639215240459
203 2.36321886376327
204 2.36256202556208
205 2.36195497979809
206 2.36140105669556
207 2.36090294479285
208 2.3604626953775
209 2.36008173259728
210 2.35976086889514
211 2.35950032538322
212 2.35929975674302
213 2.35915828021572
214 2.35907450822903
215 2.35904658419383
216 2.35907222099615
217 2.35914874170647
218 2.35927312202997
219 2.35944203402683
220 2.35965189064139
221 2.35989889059265
222 2.36017906319559
223 2.360488312703
224 2.3608224617807
225 2.36117729375461
226 2.36154859329598
227 2.3619321852406
228 2.36232397126901
229 2.36271996420681
230 2.36311631973713
231 2.36350936535059
232 2.36389562639167
233 2.36427184909351
234 2.36463502052582
235 2.36498238541259
236 2.36531145980709
237 2.36562004164121
238 2.36590621819419
239 2.36616837055222
240 2.36640517515498
241 2.36661560254733
242 2.36679891347529
243 2.36695465248303
244 2.367082639184
245 2.36718295739259
246 2.36725594231396
247 2.36730216599886
248 2.36732242127643
249 2.36731770438269
250 2.36728919650431
251 2.36723824445722
252 2.36716634071793
253 2.36707510302093
254 2.36696625373043
255 2.36684159918673
256 2.36670300921904
257 2.36655239700612
258 2.36639169945452
259 2.36622285825208
260 2.36604780174034
261 2.36586842773611
262 2.3656865874171
263 2.36550407037204
264 2.36532259089983
265 2.36514377562752
266 2.36496915250092
267 2.36480014118712
268 2.36463804491293
269 2.36448404374922
270 2.36433918933712
271 2.36420440103916
272 2.36408046348583
273 2.36396802547666
274 2.36386760018422
275 2.36377956659983
276 2.36370417215105
277 2.36364153641345
278 2.36359165583248
279 2.36355440936601
280 2.36352956495343
281 2.36351678671405
282 2.3635156427751
283 2.36352561362858
284 2.36354610091564
285 2.36357643653803
286 2.36361589199778
287 2.36366368786838
288 2.36371900330427
289 2.36378098549914
290 2.363848759008
291 2.36392143485351
292 2.36399811934214
293 2.3640779225222
294 2.36415996622202
295 2.36424339161327
296 2.36432736625126
297 2.36441109055112
298 2.3644938036659
299 2.36457478873951
300 2.36465337751455
301 2.36472895428203
302 2.36480095916642
303 2.364868890746
304 2.36493230801469
305 2.3649908316973
306 2.36504414493541
307 2.36509199336626
308 2.3651341846217
309 2.36517058727805
310 2.36520112929173
311 2.36522579595843
312 2.36524462743639
313 2.36525771587648
314 2.36526520220345
315 2.36526727259398
316 2.36526415469777
317 2.36525611364825
318 2.36524344790937
319 2.36522648500407
320 2.36520557716944
321 2.36518109698176
322 2.36515343299337
323 2.36512298542084
324 2.36509016192216
325 2.3650553734975
326 2.36501903054602
327 2.36498153910788
328 2.36494329731757
329 2.36490469209184
330 2.36486609607196
331 2.36482786483696
332 2.36479033440122
333 2.3647538190065
334 2.36471860921544
335 2.36468497031029
336 2.36465314099776
337 2.36462333241805
338 2.36459572745328
339 2.36457048032802
340 2.3645477164924
341 2.36452753277597
342 2.36450999779848
343 2.36449515262218
344 2.3644830116286
345 2.36447356360143
346 2.3644667729962
347 2.36446258137656
348 2.36446090899614
349 2.36446165650507
350 2.36446470675941
351 2.36446992671238
352 2.36447716936607
353 2.36448627576288
354 2.36449707699662
355 2.36450939622369
356 2.36452305065586
357 2.36453785351708
358 2.36455361594794
359 2.3645701488426
360 2.36458726460421
361 2.36460477880659
362 2.36462251175078
363 2.36464028990725
364 2.36465794723534
365 2.36467532637361
366 2.3646922796959
367 2.36470867022942
368 2.36472437243281
369 2.36473927283326
370 2.36475327052336
371 2.36476627751934
372 2.36477821898379
373 2.36478903331704
374 2.36479867212222
375 2.36480710005014
376 2.36481429453088
377 2.36482024539979
378 2.36482495442603
379 2.36482843475257
380 2.36483071025678
381 2.36483181484113
382 2.36483179166376
383 2.3648306923187
384 2.36482857597563
385 2.36482550848904
386 2.36482156148615
387 2.36481681144334
388 2.36481133875976
389 2.36480522683705
390 2.36479856117326
391 2.36479142847879
392 2.36478391582127
393 2.36477610980627
394 2.36476809579949
395 2.36475995719589
396 2.36475177474022
397 2.36474362590302
398 2.36473558431524
399 2.36472771926398
400 2.11472771926398
401 2.05526093617068
402 1.99579450732219
403 1.93632848086297
404 1.87686289903253
405 1.81739779804482
406 1.75793320802875
407 1.69846915302753
408 1.63900565105411
409 1.57954271419985
410 1.52227965367999
411 1.46925153354116
412 1.42053570832241
413 1.37619526747887
414 1.33628204888877
415 1.30083899312194
416 1.26990198386503
417 1.24350128777355
418 1.22166268199717
419 1.20440833813105
420 1.2
421 1.2
422 1.2
423 1.20054213020946
424 1.20514934198508
425 1.21359472670593
426 1.22562656424498
427 1.24097296604701
428 1.25934558819774
429 1.28044260302832
430 1.3038785665329
431 1.32921085571231
432 1.35605780334707
433 1.38411550473921
434 1.41310539177831
435 1.44274252321167
436 1.47274085997393
437 1.50281777169486
438 1.5326978749958
439 1.56211629560046
440 1.59082207477284
441 1.618582015882
442 1.64518362716961
443 1.67043627060533
444 1.6941712352301
445 1.71624166492868
446 1.73652257748892
447 1.75491087262091
448 1.77132526095129
449 1.78570607120655
450 1.79801490540469
451 1.80823411337628
452 1.81636606856364
453 1.82243225387737
454 1.82647218814664
455 1.8285422268369
456 1.82871426369965
457 1.82707435357202
458 1.82372127292851
459 1.81876503288766
460 1.8123253585063
461 1.80453014801338
462 1.7955139258883
463 1.78541630395977
464 1.77438046458144
465 1.76255167931369
466 1.75007587555357
467 1.73709826239757
468 1.72376202581275
469 1.71020710198821
470 1.69656903655988
471 1.68297793625067
472 1.66955751833694
473 1.65642426223148
474 1.6436866663591
475 1.63144461239728
476 1.61978883787258
477 1.60880051705575
478 1.59855094909705
479 1.58910135139777
480 1.58050275533123
481 1.57279600061324
482 1.56601182388028
483 1.56017103636803
484 1.55528478499432
485 1.55135489064126
486 1.54837425700215
487 1.5463273430099
488 1.54519069159519
489 1.54493350733325
490 1.5455182754257
491 1.54690141442692
492 1.54903395515859
493 1.55186223835885
494 1.55532862377915
495 1.55937220366827
496 1.56392951386411
497 1.56893523604457
498 1.57432288506444
499 1.58002547571895
500 1.58597616372262
501 1.5921088561668
502 1.59835878721698
503 1.60466305532426
504 1.61096111875023
505 1.61719524673482
506 1.62331092416737
507 1.62925720814735
508 1.63498703533876
509 1.64045747952555
510 1.64562995926204
511 1.65047039597722
512 1.65494932333259
513 1.65904194904613
514 1.66272817077847
515 1.66599254802794
516 1.6688242322986
517 1.67121685808665
518 1.6731683974765
519 1.67468098134568
520 1.67576069034975
521 1.67641731899193
522 1.67666411618042
523 1.67651750573787
524 1.67599679035458
525 1.67512384247078
526 1.67392278553479
527 1.67241966901596
528 1.67064214045462
529 1.66861911770922
530 1.666380464415
531 1.66395667150148
532 1.66137854743067
533 1.65867691961583
534 1.65588234926579
535 1.65302486167336
536 1.65013369373216
537 1.64723706022608
538 1.64436194019157
539 1.6415338844093
540 1.63877684483803
541 1.63611302656451
542 1.63356276260929
543 1.63114441170186
544 1.62887427892182
545 1.62676655889624
546 1.62483330104966
547 1.62308439622266
548 1.62152758380877
549 1.62016847840948
550 1.619010614872
551 1.61805551045713
552 1.61730274278337
553 1.61675004210957
554 1.61639339645192
555 1.61622716798076
556 1.61624421911001
557 1.61643604667454
558 1.61679292258933
559 1.61730403939801
560 1.61795765914532
561 1.61874126404902
562 1.61964170749962
563 1.62064536398014
564 1.62173827657231
565 1.62290630079883
566 1.62413524364162
567 1.62541099667377
568 1.62671966234542
569 1.62804767257057
570 1.6293818988719
571 1.63070975345227
572 1.63201928067392
573 1.63329923853885
574 1.6345391698742
575 1.63572946303518
576 1.63686140204317
577 1.63792720617798
578 1.63892005913946
579 1.6398341279847
580 1.64066457213215
581 1.64140754280187
582 1.64206017333313
583 1.6426205608841
584 1.64308774007508
585 1.64346164918554
586 1.64374308955591
587 1.64393367887822
588 1.64403579908487
589 1.6440525395623
590 1.64398763642627
591 1.64384540859843
592 1.64363069141942
593 1.64334876852312
594 1.64300530267965
595 1.64260626629196
596 1.64215787220294
597 1.64166650543705
598 1.64113865646359
599 1.64058085652768
600 1.63999961555151
601 1.63940136306123
602 1.63879239254677
603 1.63817880961126
604 1.63756648421569
605 1.63696100727275
606 1.63636765179199
607 1.63579133872747
608 1.6352366076285
609 1.63470759214548
610 1.6342080003956
611 1.63374110014791
612 1.63330970874505
613 1.63291618763871
614 1.63256244137897
615 1.63224992086401
616 1.63197963062617
617 1.63175213990305
618 1.63156759721935
619 1.63142574818478
620 1.63132595619757
621 1.63126722573
622 1.63124822786375
623 1.63126732773695
624 1.63132261356263
625 1.6314119268794
626 1.63153289369916
627 1.63168295622365
628 1.63185940481145
629 1.6320594098891
630 1.63228005351455
631 1.63251836031773
632 1.63277132756109
633 1.6330359540831
634 1.63330926790848
635 1.63358835233133
636 1.63387037030017
637 1.63415258695721
638 1.63443239020818
639 1.63470730922266
640 1.63497503078855
641 1.63523341346758
642 1.63548049952158
643 1.63571452460086
644 1.63593392520758
645 1.63613734396635
646 1.63632363275356
647 1.63649185375403
648 1.63664127852969
649 1.63677138519947
650 1.63688185384238
651 1.6369725602473
652 1.63704356814225
653 1.63709512004426
654 1.63712762687695
655 1.63714165650784
656 1.63713792136029
657 1.63711726525642
658 1.63708064964755
659 1.63702913938694
660 1.63696388819701
661 1.63688612397891
662 1.63679713410719
663 1.63669825084592
664 1.63659083701509
665 1.63647627202832
666 1.63635593841351
667 1.63623120891899
668 1.63610343429722
669 1.63597393184797
670 1.63584397479207
671 1.63571478253576
672 1.63558751187507
673 1.63546324917834
674 1.63534300357452
675 1.6352277011643
676 1.63511818026071
677 1.63501518765639
678 1.63491937590496
679 1.63483130159561
680 1.63475142459134
681 1.63468010819413
682 1.63461762019326
683 1.63456413474677
684 1.63451973504092
685 1.63448441666755
686 1.63445809165546
687 1.63444059308898
688 1.63443168024421
689 1.63443104417207
690 1.63443831365628
691 1.63445306147421
692 1.63447481088911
693 1.63450304230323
694 1.63453720000317
695 1.63457669893109
696 1.63462093141795
697 1.63466927381873
698 1.63472109299259
699 1.63477575257539
700 1.63483261899621
701 1.634891067194
702 1.63495048599521
703 1.63501028311845
704 1.63506988977675
705 1.63512876485355
706 1.63518639863312
707 1.63524231607147
708 1.63529607959836
709 1.63534729144607
710 1.63539559550492
711 1.63544067870999
712 1.63548227196765
713 1.63552015063431
714 1.63555413456333
715 1.63558408773942
716 1.63560991752256
717 1.63563157352635
718 1.63564904615775
719 1.63566236484694
720 1.63567159599811
721 1.63567684069236
722 1.63567823217551
723 1.6356759331637
724 1.63567013299988
725 1.63566104469424
726 1.63564890188122
727 1.63563395572489
728 1.63561647180363
729 1.63559672700385
730 1.6355750064508
731 1.6355516005034
732 1.6355268018375
733 1.63550090264085
734 1.63547419194023
735 1.63544695307958
736 1.63541946136542
737 1.63539198189367
738 1.63536476756969
739 1.63533805733094
740 1.63531207457945
741 1.63528702582903
742 1.63526309956983
743 1.63524046535094
744 1.63521927307946
745 1.63519965253266
746 1.63518171307807
747 1.63516554359456
748 1.635151212586
749 1.63513876847767
750 1.63512824008438
751 1.63511963723813
752 1.63511295156226
753 1.63510815737831
754 1.63510521273111
755 1.63510406051733
756 1.63510462970237
757 1.63510683661017
758 1.63511058627106
759 1.6351157738122
760 1.63512228587609
761 1.63513000205271
762 1.63513879631148
763 1.63514853841976
764 1.63515909533556
765 1.63517033256265
766 1.63518211545738
767 1.63519431047732
768 1.63520678636282
769 1.63521941524376
770 1.63523207366449
771 1.63524464352149
772 1.63525701290889
773 1.63526907686822
774 1.63528073804008
775 1.63529190721592
776 1.63530250378949
777 1.63531245610847
778 1.63532170172739
779 1.63533018756419
780 1.63533786996319
781 1.63534471466834
782 1.63535069671094
783 1.63535580021679
784 1.63536001813831
785 1.63536335191735
786 1.6353658110852
787 1.63536741280603
788 1.6353681813709
789 1.63536814764897
790 1.63536734850308
791 1.63536582617667
792 1.63536362765902
793 1.63536080403558
794 1.63535740983019
795 1.63535350234548
796 1.63534914100775
797 1.6353443867221
798 1.63533930124324
799 1.63533394656721
800 1.88533394656721
801 1.90019310243065
802 1.91505217085692
803 1.92991120929435
804 1.94477027285055
805 1.95962941389078
806 1.97448868167985
807 1.98934812206902
808 2.00420777722856
809 2.0190676854265
810 2.03172845996044
811 2.04054730818855
812 2.04610897047822
813 2.04886877228562
814 2.04918123839934
815 2.04732238160082
816 2.04350706405137
817 2.03790252061466
818 2.03063889254946
819 2.02181743245762
820 2.01153624465905
821 1.99992301817804
822 1.98713661062906
823 1.97335170843731
824 1.95874875272345
825 1.94350755212949
826 1.92780344453649
827 1.9118051926166
828 1.89567403396652
829 1.87956347795021
830 1.863619395069
831 1.84797984276545
832 1.8327744109768
833 1.81812331450683
834 1.8041364980056
835 1.79091288706184
836 1.77853983813485
837 1.76709279314557
838 1.75663511944674
839 1.74721810444471
840 1.7388810724106
841 1.73165159814387
842 1.72554580403634
843 1.72056873609541
844 1.71671481738061
845 1.71396837627985
846 1.71230424471812
847 1.71168841909182
848 1.71207877504149
849 1.71342582627907
850 1.71567351750842
851 1.7187600418142
852 1.7226186734715
853 1.72717860772097
854 1.73236579956229
855 1.73810379404695
856 1.74431454094644
857 1.75091918708082
858 1.75783884004474
859 1.76499529757705
860 1.77231173738151
861 1.77971336280803
862 1.7871280004305
863 1.79448664619241
864 1.80172395742682
865 1.80877868868277
866 1.81559406990381
867 1.82211812610075
868 1.82830393823728
869 1.83410984560057
870 1.83949959045532
871 1.84444240627535
872 1.84891305130849
873 1.85289178965517
874 1.85636432242632
875 1.85932167188982
876 1.86176002181594
877 1.86368051749019
878 1.86508902907547
879 1.86599588217622
880 1.86641555958367
881 1.86636637826627
882 1.86587014571229
883 1.86495179973491
884 1.86363903581568
885 1.86196192599111
886 1.85995253318309
887 1.85764452473781
888 1.8550727887739
889 1.85227305675045
890 1.84928153545272
891 1.84613455136099
892 1.84286821011854
893 1.83951807355177
894 1.83611885642183
895 1.83270414480583
896 1.82930613771977
897 1.8259554133075
898 1.82268072063291
899 1.81950879782952
900 1.81646421708379
901 1.81356925665945
902 1.81084379991138
903 1.80830526099063
904 1.80596853671002
905 1.80384598382229
906 1.80194742076257
907 1.80028015272459
908 1.79884901877612
909 1.79765645957508
910 1.79670260412301
911 1.7959853738885
912 1.79550060254863
913 1.79524216953264
914 1.79520214550694
915 1.7953709479157
916 1.79573750468413
917 1.79628942420262
918 1.79701316973771
919 1.79789423645938
920 1.7989173293328
921 1.80006654019408
922 1.80132552241405
923 1.80267766164893
924 1.80410624128105
925 1.80559460126565
926 1.80712628921906
927 1.80868520270803
928 1.81025572182868
929 1.81182283129464
930 1.81337223138617
931 1.81489043724434
932 1.81636486612558
933 1.81778391236
934 1.81913700988262
935 1.82041468232668
936 1.82160858078372
937 1.82271150944406
938 1.82371743943325
939 1.82462151125482
940 1.82542002633565
941 1.82611042824867
942 1.82669127425612
943 1.82716219787713
944 1.82752386323349
945 1.8277779119696
946 1.82792690357426
947 1.82797424995551
948 1.82792414513376
949 1.82778149092412
950 1.82755181947613
951 1.82724121352852
952 1.82685622521872
953 1.82640379426172
954 1.82589116628188
955 1.82532581204381
956 1.82471534828647
957 1.82406746081764
958 1.82338983047514
959 1.82269006250697
960 1.82197561986624
961 1.82125376085757
962 1.82053148151189
963 1.81981546300589
964 1.81911202438102
965 1.81842708075695
966 1.81776610717439
967 1.81713410814446
968 1.81653559292534
969 1.81597455649349
970 1.81545446612533
971 1.81497825345764
972 1.8145483118503
973 1.8141664988341
974 1.81383414338936
975 1.81355205776816
976 1.81332055354414
977 1.81313946154912
978 1.81300815533579
979 1.81292557778914
980 1.81289027049791
981 1.81290040548936
982 1.81295381892691
983 1.81304804637046
984 1.813180359203
985 1.81334780183429
986 1.81354722930309
987 1.81377534491302
988 1.81402873755328
989 1.81430391837437
990 1.81459735650992
991 1.81490551355868
992 1.81522487656494
993 1.81555198926174
994 1.81588348136773
995 1.8162160957562
996 1.8165467133426
997 1.81687237556496
998 1.81719030435942
999 1.8174979195609
1000 1.81779285368561
1001 1.8180729640784
1002 1.81833634243287
1003 1.81858132171619
1004 1.8188064805531
1005 1.81901064514411
1006 1.81919288881292
1007 1.81935252929496
1008 1.81948912389511
1009 1.81960246265632
1010 1.81969255969272
1011 1.81975964285089
1012 1.81980414187065
1013 1.81982667522315
1014 1.81982803580768
1015 1.81980917569137
1016 1.81977119007593
1017 1.81971530067469
1018 1.81964283868001
1019 1.81955522749695
1020 1.81945396541297
1021 1.81934060836656
1022 1.8192167529691
1023 1.81908401992517
1024 1.8189440379859
1025 1.81879842855923
1026 1.81864879108906
1027 1.81849668930307
1028 1.81834363841655
1029 1.81819109336668
1030 1.81804043813882
1031 1.81789297623353
1032 1.81774992231034
1033 1.81761239503155
1034 1.81748141111763
1035 1.8173578806137
1036 1.81724260335553
1037 1.81713626661326
1038 1.81703944388056
1039 1.81695259476852
1040 1.81687606595475
1041 1.81681009313093
1042 1.81675480388528
1043 1.81671022145088
1044 1.81667626924576
1045 1.81665277612676
1046 1.81663948227629
1047 1.81663604563874
1048 1.81664204882229
1049 1.81665700638103
1050 1.81668037239312
1051 1.81671154825146
1052 1.81674989058539
1053 1.81679471923438
1054 1.81684532519773
1055 1.81690097848818
1056 1.81696093582121
1057 1.81702444807673
1058 1.81709076747458
1059 1.81715915441085
1060 1.81722888390723
1061 1.81729925163168
1062 1.81736957945438
1063 1.81743922050882
1064 1.81750756373397
1065 1.81757403787929
1066 1.81763811496
1067 1.81769931315592
1068 1.8177571991524
1069 1.8178113899272
1070 1.81786155399209
1071 1.81790741210253
1072 1.81794873745315
1073 1.81798535538065
1074 1.81801714259924
1075 1.81804402599712
1076 1.81806598102486
1077 1.81808302970945
1078 1.81809523832904
1079 1.81810271478562
1080 1.81810560571336
1081 1.81810409336149
1082 1.81809839229067
1083 1.81808874592186
1084 1.81807542297623
1085 1.81805871384384
1086 1.81803892691797
1087 1.81801638493037
1088 1.8179914213212
1089 1.81796437667563
1090 1.81793559525682
1091 1.817905421663
1092 1.81787419763369
1093 1.81784225902787
1094 1.81780993299399
1095 1.81777753534932
1096 1.81774536818317
1097 1.81771371769594
1098 1.81768285228318
1099 1.81765302087117
1100 1.81762445150789
1101 1.81759735021079
1102 1.81757190007025
1103 1.81754826060531
1104 1.81752656736627
1105 1.81750693177636
1106 1.81748944120325
1107 1.81747415924916
1108 1.81746112624693
1109 1.81745035994817
1110 1.81744185638828
1111 1.81743559091242
1112 1.81743151934556
1113 1.81742957928927
1114 1.81742969152749
1115 1.81743176152343
1116 1.81743568098952
1117 1.81744132951275
1118 1.81744857621771
1119 1.81745728145045
1120 1.8174672984665
1121 1.81747847510752
1122 1.81749065545135
1123 1.81750368142168
1124 1.81751739434427
1125 1.81753163643776
1126 1.8175462522283
1127 1.81756108987845
1128 1.81757600242208
1129 1.81759084889794
1130 1.8176054953763
1131 1.81761981587393
1132 1.81763369315409
1133 1.8176470194094
1134 1.81765969682663
1135 1.81767163803357
1136 1.81768276642925
1137 1.81769301639974
1138 1.8177023334228
1139 1.81771067406544
1140 1.81771800587932
1141 1.81772430719958
1142 1.81772956685339
1143 1.81773378378497
1144 1.81773696660445
1145 1.81773913306803
1146 1.81774030949752
1147 1.81774053014733
1148 1.81773983652709
1149 1.81773827668827
1150 1.81773590448286
1151 1.81773277880245
1152 1.81772896280538
1153 1.81772452313983
1154 1.81771952917005
1155 1.81771405221285
1156 1.81770816479082
1157 1.81770193990847
1158 1.81769545035688
1159 1.81768876805207
1160 1.81768196341148
1161 1.81767510477276
1162 1.81766825785822
1163 1.81766148528771
1164 1.81765484614246
1165 1.81764839558129
1166 1.81764218451057
1167 1.81763625930841
1168 1.81763066160318
1169 1.81762542810595
1170 1.8176205904959
1171 1.81761617535734
1172 1.81761220416671
1173 1.81760869332708
1174 1.81760565424811
1175 1.81760309346821
1176 1.81760101281623
1177 1.81759940960914
1178 1.81759827688231
1179 1.81759760364885
1180 1.81759737518417
1181 1.81759757333213
1182 1.81759817682881
1183 1.81759916164022
1184 1.81760050131024
1185 1.81760216731494
1186 1.81760412941991
1187 1.81760635603706
1188 1.81760881457766
1189 1.81761147179848
1190 1.81761429413831
1191 1.81761724804193
1192 1.81762030026937
1193 1.81762341818817
1194 1.81762657004664
1195 1.81762972522665
1196 1.81763285447437
1197 1.81763593010797
1198 1.8176389262013
1199 1.81764181874303
1200 1.81764458577095
