1 2
2 2
3 2
4 2
5 2
6 2
7 2
8 2
9 2
10 2
11 2
12 2
13 2
14 2
15 2
16 2
17 2
18 2
19 2
20 2
21 2
22 2
23 2
24 2
25 2
26 2
27 2
28 2
29 2
30 2.25
31 2.27807142857143
32 2.30664285714286
33 2.33521428571429
34 2.36378571428571
35 2.39235714285714
36 2.42092857142857
37 2.4495
38 2.47807142857143
39 2.50664285714286
40 2.5332099031875
41 2.55616573242815
42 2.57585192268426
43 2.59252769531267
44 2.60639344496165
45 2.61760381448395
46 2.62627787965156
47 2.63250707903181
48 2.63636138763279
49 2.63789412269904
50 2.63716175437536
51 2.63425077771527
52 2.62928030066053
53 2.62239064666446
54 2.61373551104896
55 2.60347660459027
56 2.59178006545272
57 2.57881411692867
58 2.56474759316666
59 2.54974906133914
60 2.53398621760131
61 2.51762513874207
62 2.50082920504921
63 2.48375783747007
64 2.46656523379037
65 2.44939920297391
66 2.43240014341286
67 2.41570017839098
68 2.39942244342601
69 2.38368051043192
70 2.36857793053766
71 2.35420788062176
72 2.34065290563247
73 2.32798475443317
74 2.31626430883346
75 2.30554160483618
76 2.295855943546
77 2.28723608749891
78 2.27970053678682
79 2.27325787841467
80 2.26790720183773
81 2.26363857348316
82 2.26043356310935
83 2.2582658149617
84 2.25710165677641
85 2.25690073975871
86 2.2576167027413
87 2.25919785383573
88 2.26158786304372
89 2.26472645950281
90 2.26855012730314
91 2.27299279412116
92 2.27798650726431
93 2.28346209209831
94 2.28934978822871
95 2.29557985922539
96 2.30208317210847
97 2.3087917432527
98 2.31563924781216
99 2.3225614902137
100 2.3294968337131
101 2.33638658744827
102 2.34317534985595
103 2.34981130773873
104 2.35624649067434
105 2.3624369808476
106 2.36834307875315
107 2.37392942556344
108 2.37916508327854
109 2.3840235740719
110 2.38848288051641
111 2.39252540861865
112 2.39613791580415
113 2.39931140618349
114 2.40204099558659
115 2.40432574898251
116 2.40616849300292
117 2.40757560636109
118 2.40855679100493
119 2.40912482686316
120 2.40929531303948
121 2.40908639828176
122 2.40851850350322
123 2.40761403906185
124 2.4063971194145
125 2.40489327765462
126 2.40312918232024
127 2.40113235872148
128 2.39893091688866
129 2.3965532880829
130 2.39402797164379
131 2.39138329377518
132 2.38864717969126
133 2.38584694036351
134 2.38300907492635
135 2.38015908961605
136 2.37732133393683
137 2.37451885456984
138 2.37177326736735
139 2.36910464760692
140 2.36653143851897
141 2.36407037794864
142 2.3617364428679
143 2.35954281131941
144 2.35750084124879
145 2.35562006556767
146 2.35390820268748
147 2.35237118167187
148 2.35101318107621
149 2.34983668047424
150 2.34884252361553
151 2.34802999211255
152 2.34739688852273
153 2.34693962766843
154 2.34665333502631
155 2.34653195101628
156 2.34656834002855
157 2.34675440304547
158 2.34708119274105
159 2.3475390299757
160 2.34811762064532
161 2.34880617189269
162 2.3495935067429
163 2.35046817628459
164 2.35141856858208
165 2.35243301357137
166 2.35349988326321
167 2.35460768664894
168 2.355745158779
169 2.35690134355861
170 2.35806566988022
171 2.35922802078644
172 2.36037879543072
173 2.36150896367435
174 2.36261011322789
175 2.36367448931191
176 2.36469502687535
177 2.36566537547041
178 2.3665799169386
179 2.36743377611576
180 2.36822282481103
181 2.36894367935877
182 2.36959369208113
183 2.37017093703315
184 2.37067419043137
185 2.37110290619187
186 2.37145718702315
187 2.37173775153433
188 2.37194589782999
189 2.37208346406845
190 2.37215278646267
191 2.37215665520027
192 2.37209826875304
193 2.3719811870366
194 2.37180928386774
195 2.37158669915068
196 2.37131779120437
197 2.37100708962167
198 2.37065924902726
199 2.37027900407572
200 2.36987112600389
201 2.36944038102315
202 2.36899149080799
203 2.36852909530681
204 2.36805771807059
205 2.36758173426435
206 2.3671053414957
207 2.36663253356485
208 2.36616707721068
209 2.36571249189904
210 2.3652720326716
211 2.36484867604729
212 2.3644451089431
213 2.36406372055772
214 2.36370659713945
215 2.36337551953943
216 2.36307196343334
217 2.36279710207779
218 2.36255181145341
219 2.36233667763373
220 2.36215200620864
221 2.36199783358237
222 2.36187393995911
223 2.36177986382468
224 2.36171491772967
225 2.36167820517791
226 2.36166863842513
227 2.36168495699415
228 2.36172574671683
229 2.36178945911808
230 2.36187443096313
231 2.36197890379713
232 2.36210104331427
233 2.36223895840352
234 2.36239071972784
235 2.362554377705
236 2.36272797976969
237 2.36290958680811
238 2.36309728866919
239 2.36328921866822
240 2.36348356701203
241 2.36367859308674
242 2.36387263656175
243 2.36406412727594
244 2.36425159388354
245 2.36443367124895
246 2.36460910659043
247 2.36477676438337
248 2.36493563004328
249 2.36508481241819
250 2.36522354512829
251 2.36535118679872
252 2.36546722023809
253 2.36557125062164
254 2.36566300274339
255 2.36574231740617
256 2.3658091470221
257 2.36586355049937
258 2.36590568749297
259 2.36593581209908
260 2.36595426607275
261 2.36596147164939
262 2.36595792404922
263 2.36594418374304
264 2.36592086855547
265 2.36588864567969
266 2.3658482236746
267 2.365800344512
268 2.36574577573768
269 2.36568530280623
270 2.3656197216449
271 2.36554983149711
272 2.36547642809183
273 2.36540029717928
274 2.36532220846917
275 2.36524291000197
276 2.36516312297881
277 2.36508353707052
278 2.36500480622132
279 2.36492754495762
280 2.36485232520799
281 2.36477967363531
282 2.36471006947839
283 2.36464394289558
284 2.36458167379972
285 2.3645235911696
286 2.36446997282042
287 2.36442104561227
288 2.36437698607341
289 2.36433792141263
290 2.36430393089303
291 2.3642750475379
292 2.36425126013816
293 2.36423251552956
294 2.36421872110756
295 2.3642097475469
296 2.36420543169336
297 2.36420557959483
298 2.36420996963972
299 2.36421835577106
300 2.36423047074596
301 2.36424602941075
302 2.3642647319639
303 2.36428626718006
304 2.36431031557011
305 2.36433655245428
306 2.36436465092672
307 2.36439428469236
308 2.36442513075858
309 2.36445687196644
310 2.36448919934832
311 2.36452181430078
312 2.36455443056374
313 2.36458677599895
314 2.36461859416288
315 2.364649645671
316 2.36467970935246
317 2.36470858319578
318 2.36473608508808
319 2.36476205335177
320 2.36478634708431
321 2.36480884630794
322 2.36482945193736
323 2.36484808557487
324 2.36486468914292
325 2.36487922436538
326 2.36489167210927
327 2.36490203159916
328 2.36491031951743
329 2.36491656900313
330 2.3649208285631
331 2.36492316090867
332 2.3649236417312
333 2.3649223584299
334 2.36491940880478
335 2.36491489972727
336 2.36490894580096
337 2.36490166802384
338 2.36489319246327
339 2.36488364895414
340 2.36487316982978
341 2.36486188869478
342 2.36484993924771
343 2.36483745416124
344 2.36482456402605
345 2.36481139636432
346 2.36479807471743
347 2.36478471781202
348 2.36477143880723
349 2.36475834462574
350 2.36474553536966
351 2.36473310382232
352 2.36472113503557
353 2.36470970600208
354 2.36469888541093
355 2.36468873348461
356 2.36467930189462
357 2.36467063375268
358 2.36466276367364
359 2.36465571790625
360 2.36464951452726
361 2.36464416369406
362 2.36463966795094
363 2.36463602258372
364 2.36463321601743
365 2.36463123025159
366 2.3646300413276
367 2.36462961982272
368 2.36462993136528
369 2.36463093716575
370 2.36463259455839
371 2.36463485754853
372 2.36463767736061
373 2.3646410029823
374 2.3646447817005
375 2.36464895962499
376 2.36465348219612
377 2.3646582946729
378 2.36466334259867
379 2.36466857224125
380 2.36467393100544
381 2.36467936781558
382 2.36468483346661
383 2.36469028094213
384 2.36469566569861
385 2.36470094591478
386 2.36470608270617
387 2.36471104030442
388 2.36471578620185
389 2.36472029126161
390 2.36472452979433
391 2.36472847960221
392 2.36473212199179
393 2.36473544175688
394 2.36473842713327
395 2.36474106972687
396 2.36474336441739
397 2.36474530923942
398 2.36474690524306
399 2.36474815633626
400 2.11474815633626
401 2.05860588273886
402 2.00146329129843
403 1.94432039549056
404 1.88717721066448
405 1.83003375382252
406 1.77289004339664
407 1.71574609902412
408 1.65860194132426
409 1.60145759167785
410 1.54631746185627
411 1.49501347696753
412 1.4475883043426
413 1.40408823451127
414 1.36455352411462
415 1.32901953124137
416 1.2975176024267
417 1.27007577312867
418 1.24671932244821
419 1.22747121387034
420 1.21233637654536
421 1.20127622117565
422 1.2
423 1.2
424 1.20049802231188
425 1.20452146476077
426 1.21186816507093
427 1.22231898168737
428 1.23564072978563
429 1.2515885242548
430 1.26990778297856
431 1.29033628397399
432 1.31256001896258
433 1.33625085514991
434 1.36113717249828
435 1.38697272747964
436 1.41351064738011
437 1.4405066095892
438 1.46772156108472
439 1.49492406352137
440 1.52189231342605
441 1.54841587787932
442 1.57429754699884
443 1.5993552970104
444 1.62342350156438
445 1.64635329157564
446 1.66801268097066
447 1.68828667046534
448 1.70707728803641
449 1.72430354019779
450 1.73990125904405
451 1.75382283783837
452 1.76603685053748
453 1.7765275498379
454 1.78529424465285
455 1.79235056994416
456 1.79772366704264
457 1.80145329052467
458 1.8035908549116
459 1.8041984327848
460 1.80334771491751
461 1.80111894242406
462 1.79759982055429
463 1.79288442355472
464 1.78707209989517
465 1.78026638696083
466 1.77257394392122
467 1.7641035109284
468 1.75496490214067
469 1.74526803936792
470 1.73512203241974
471 1.72463431152141
472 1.71390981645239
473 1.70305024635978
474 1.6921533735045
475 1.68131242351136
476 1.6706155240177
477 1.6601452229533
478 1.6499780770421
479 1.64018431050018
480 1.63082754331827
481 1.62196458796546
482 1.61364531283663
483 1.60591257029157
484 1.59880218670128
485 1.59234301152686
486 1.58655702211138
487 1.58145948056355
488 1.57705913885642
489 1.57335848805337
490 1.57035404740687
491 1.56803668895298
492 1.56639199314415
493 1.56540063102412
494 1.56503876844869
495 1.56527848789477
496 1.56608822347249
497 1.56743320486219
498 1.56927590603421
499 1.57157649477418
500 1.57429327922586
501 1.57738314787561
502 1.58080199963333
503 1.58450516091293
504 1.58844778687606
505 1.59258524427538
506 1.59687347361334
507 1.60126932861772
508 1.60573089132318
509 1.61021776133572
510 1.61469131814264
511 1.61911495561159
512 1.62345428809628
513 1.62767732783232
514 1.63175463356145
515 1.63565943056542
516 1.63936770252068
517 1.64285825579909
518 1.6461127570395
519 1.64911574499677
520 1.65185461783983
521 1.65431959721737
522 1.65650367053819
523 1.65840251302382
524 1.66001439118253
525 1.66134004942749
526 1.66238258161751
527 1.66314728933656
528 1.66364152874915
529 1.66387454787358
530 1.66385731610356
531 1.66360234778342
532 1.66312352160223
533 1.66243589752017
534 1.66155553287624
535 1.66049929925183
536 1.65928470158087
537 1.65792970090455
538 1.65645254206938
539 1.65487158756215
540 1.65320515856473
541 1.65147138419863
542 1.64968805981227
543 1.64787251504717
544 1.64604149230057
545 1.64421103608532
546 1.64239639367208
547 1.6406119272856
548 1.63887103801722
549 1.63718610151004
550 1.63556841537188
551 1.634028158176
552 1.63257435981944
553 1.6312148829255
554 1.62995641490056
555 1.62880447018522
556 1.627763402178
557 1.62683642425454
558 1.62602563925795
559 1.62533207679616
560 1.62475573764987
561 1.62429564456935
562 1.62394989872137
563 1.62371574103616
564 1.62358961770096
565 1.62356724904912
566 1.62364370110245
567 1.62381345903911
568 1.62407050187914
569 1.62440837770455
570 1.62482027876016
571 1.62529911581462
572 1.6258375911978
573 1.6264282699708
574 1.62706364872701
575 1.62773622156728
576 1.62843854283847
577 1.62916328627176
578 1.62990330020522
579 1.63065165862331
580 1.63140170779408
581 1.63214710833239
582 1.63288187256414
583 1.63360039711184
584 1.63429749066551
585 1.63496839694513
586 1.63560881290044
587 1.63621490223136
588 1.63678330434731
589 1.63731113891599
590 1.63779600618122
591 1.63823598325624
592 1.63862961662212
593 1.63897591108098
594 1.63927431543154
595 1.63952470514796
596 1.63972736235475
597 1.63988295339799
598 1.63999250431884
599 1.64005737453737
600 1.64007922905471
601 1.64006000947842
602 1.64000190417098
603 1.63990731781362
604 1.63977884066841
605 1.63961921780962
606 1.6394313185829
607 1.63921810653545
608 1.638982610045
609 1.63872789385798
610 1.6384570317295
611 1.63817308033887
612 1.63787905463535
613 1.63757790474917
614 1.63727249458313
615 1.63696558218038
616 1.63665980194448
617 1.63635764876857
618 1.6360614641119
619 1.63577342404349
620 1.63549552925586
621 1.63522959703453
622 1.63497725515403
623 1.63473993765599
624 1.63451888245171
625 1.63431513067924
626 1.63412952773339
627 1.63396272587794
628 1.6338151883397
629 1.63368719477744
630 1.63357884801202
631 1.63349008189934
632 1.6334206702241
633 1.63337023648966
634 1.6333382644782
635 1.63332410945498
636 1.63332700989152
637 1.63334609958421
638 1.63338042004782
639 1.63342893306686
640 1.63349053329241
641 1.633564060777
642 1.63364831334608
643 1.63374205871096
644 1.63384404623494
645 1.63395301827155
646 1.63406772100152
647 1.63418691470279
648 1.63430938339589
649 1.63443394381509
650 1.63455945366369
651 1.63468481912008
652 1.63480900156876
653 1.63493102353867
654 1.63504997383815
655 1.63516501188358
656 1.63527537122535
657 1.63538036228131
658 1.63547937429404
659 1.63557187653403
660 1.63565741877586
661 1.63573563107929
662 1.63580622291153
663 1.63586898165042
664 1.63592377051154
665 1.63597052594515
666 1.63600925455069
667 1.63604002955846
668 1.63606298692918
669 1.63607832112286
670 1.63608628058858
671 1.63608716302655
672 1.63608131047328
673 1.63606910425958
674 1.63605095988961
675 1.63602732188783
676 1.63599865865816
677 1.63596545739779
678 1.63592821910539
679 1.6358874537205
680 1.63584367542847
681 1.63579739816165
682 1.63574913132489
683 1.63569937576973
684 1.63564862003885
685 1.63559733689846
686 1.63554598017354
687 1.63549498189738
688 1.63544474978355
689 1.63539566502558
690 1.63534808042647
691 1.63530231885744
692 1.63525867204231
693 1.6352173996619
694 1.63517872876977
695 1.63514285350906
696 1.63510993511783
697 1.63508010220859
698 1.63505345130622
699 1.63503004762692
700 1.63500992607998
701 1.63499309247281
702 1.63497952489924
703 1.63496917529055
704 1.63496197110805
705 1.63495781715624
706 1.63495659749553
707 1.63495817743347
708 1.63496240557415
709 1.63496911590574
710 1.63497812990691
711 1.63498925865357
712 1.6350023049084
713 1.63501706517657
714 1.63503333171214
715 1.63505089446091
716 1.63506954292654
717 1.63508906794828
718 1.63510926337978
719 1.63512992765988
720 1.63515086526754
721 1.63517188805467
722 1.63519281645154
723 1.63521348054119
724 1.63523372100026
725 1.635253389905
726 1.63527235140236
727 1.63529048224735
728 1.63530767220862
729 1.63532382434546
730 1.63533885516031
731 1.63535269463156
732 1.63536528613237
733 1.63537658624165
734 1.63538656445438
735 1.63539520279834
736 1.63540249536531
737 1.63540844776476
738 1.63541307650838
739 1.63541640833416
740 1.63541847947841
741 1.63541933490465
742 1.63541902749755
743 1.63541761723085
744 1.63541517031697
745 1.63541175834678
746 1.63540745742682
747 1.63540234732154
748 1.63539651060731
749 1.6353900318448
750 1.63538299677564
751 1.63537549154888
752 1.63536760198223
753 1.63535941286261
754 1.63535100728973
755 1.63534246606622
756 1.63533386713702
757 1.63532528508027
758 1.6353167906514
759 1.63530845038167
760 1.63530032623177
761 1.63529247530052
762 1.63528494958871
763 1.63527779581696
764 1.63527105529668
765 1.63526476385253
766 1.63525895179448
767 1.63525364393721
768 1.63524885966443
769 1.63524461303533
770 1.63524091293015
771 1.6352377632318
772 1.63523516304021
773 1.63523310691595
774 1.63523158514973
775 1.63523058405416
776 1.6352300862744
777 1.6352300711139
778 1.63523051487208
779 1.63523139119036
780 1.63523267140317
781 1.63523432489108
782 1.6352363194326
783 1.63523862155207
784 1.63524119686084
785 1.63524401038918
786 1.63524702690669
787 1.63525021122904
788 1.63525352850919
789 1.63525694451143
790 1.63526042586676
791 1.63526394030847
792 1.63526745688687
793 1.63527094616245
794 1.63527438037686
795 1.63527773360153
796 1.63528098186354
797 1.6352841032491
798 1.63528707798465
799 1.63528988849618
800 1.88528988849618
801 1.89932804109091
802 1.91361599021492
803 1.9279037272714
804 1.94219124585697
805 1.95647854170676
806 1.97076561262448
807 1.98505245839853
808 1.99933908070585
809 2.01362548300468
810 2.02590730898467
811 2.03469027733427
812 2.04050807900745
813 2.04377268456604
814 2.04480480989261
815 2.043854095934
816 2.04111482902365
817 2.0367381857195
818 2.03084177044414
819 2.02351704438114
820 2.01485118181968
821 2.00495463577813
822 1.99396280938816
823 1.98202367142603
824 1.96928967549613
825 1.95591264677861
826 1.94204071884103
827 1.9278166636182
828 1.91337714792612
829 1.89885258811955
830 1.88436724558736
831 1.8700391327208
832 1.85597955785152
833 1.84229247455426
834 1.82907383197003
835 1.81641102532853
836 1.8043824866763
837 1.7930574213481
838 1.78249567717308
839 1.77274772484564
840 1.76385472638372
841 1.7558486734196
842 1.7487525853174
843 1.74258076348107
844 1.73733910043102
845 1.73302544174245
846 1.72962999751647
847 1.72713579860168
848 1.7255191917015
849 1.72475036691435
850 1.72479391112553
851 1.72560938087576
852 1.72715188869863
853 1.72937269730316
854 1.73221981631162
855 1.73563859654565
856 1.73957231711296
857 1.74396276080875
858 1.74875077363102
859 1.75387680452367
860 1.75928142180666
861 1.76490580312039
862 1.77069219609347
863 1.77658434733157
864 1.78252789771245
865 1.78847074235553
866 1.79436335401032
867 1.80015906897451
868 1.805814335008
869 1.81128892105174
870 1.8165460888873
871 1.82155272718422
872 1.82627944867335
873 1.83070065145608
874 1.83479454570854
875 1.83854314726668
876 1.841932239781
877 1.84495130730847
878 1.84759343936366
879 1.84985521058079
880 1.85173653724425
881 1.85324051302625
882 1.85437322632851
883 1.85514356165992
884 1.85556298749515
885 1.85564533305141
886 1.85540655639248
887 1.85486450622269
888 1.85403867966937
889 1.85294997827251
890 1.85162046430547
891 1.8500731194432
892 1.84833160767519
893 1.84642004423132
894 1.84436277215135
895 1.8421841479844
896 1.83990833795541
897 1.83755912578211
898 1.83515973317047
899 1.83273265386007
900 1.83029950193474
901 1.82788087495968
902 1.82549623235459
903 1.82316378926526
904 1.82090042605385
905 1.81872161339157
906 1.81664135280855
907 1.81467213243352
908 1.81282489754276
909 1.81110903543269
910 1.80953237403526
911 1.80810119360923
912 1.8068202507641
913 1.80569281400766
914 1.80472070995158
915 1.80390437926339
916 1.80324294141714
917 1.80273426726795
918 1.80237505845912
919 1.80216093266176
920 1.80208651364824
921 1.80214552520927
922 1.80233088794157
923 1.80263481795689
924 1.80304892659429
925 1.80356432025429
926 1.80417169951613
927 1.80486145674676
928 1.80562377146172
929 1.80644870275355
930 1.80732627816146
931 1.8082465784166
932 1.8091998175597
933 1.8101764179912
934 1.81116708007804
935 1.81216284600523
936 1.81315515762363
937 1.81413590810793
938 1.81509748729941
939 1.81603282066708
940 1.81693540187722
941 1.81779931901532
942 1.8186192745549
943 1.81939059921542
944 1.82010925989549
945 1.8207718619075
946 1.8213756457766
947 1.82191847889888
948 1.82239884238233
949 1.822815813418
950 1.82316904354922
951 1.82345873322264
952 1.82368560301684
953 1.82385086195275
954 1.82395617329406
955 1.82400361824697
956 1.82399565796577
957 1.82393509426481
958 1.82382502942843
959 1.82366882549872
960 1.82347006340634
961 1.8232325022933
962 1.82296003935728
963 1.82265667052691
964 1.82232645225486
965 1.82197346469245
966 1.82160177648454
967 1.82121541139854
968 1.82081831697526
969 1.82041433536342
970 1.82000717647306
971 1.81960039355758
972 1.81919736130803
973 1.81880125651837
974 1.81841504135608
975 1.81804144924906
976 1.81768297337737
977 1.81734185773712
978 1.81702009072422
979 1.81671940116697
980 1.81644125671978
981 1.81618686451478
982 1.81595717395446
983 1.81575288151626
984 1.8155744374299
985 1.81542205407901
986 1.81529571597206
987 1.8151951911219
988 1.81512004366935
989 1.81506964758425
990 1.81504320127637
991 1.81503974294947
992 1.81505816653368
993 1.81509723803478
994 1.81515561214345
995 1.81523184895296
996 1.81532443064073
997 1.81543177797617
998 1.81555226652581
999 1.8156842424354
1000 1.81582603767833
1001 1.8159759846694
1002 1.8161324301534
1003 1.81629374828857
1004 1.81645835285532
1005 1.81662470853178
1006 1.8167913411881
1007 1.816956847162
1008 1.81711990148867
1009 1.81727926506782
1010 1.81743379076066
1011 1.81758242841873
1012 1.81772422885551
1013 1.81785834677959
1014 1.81798404271651
1015 1.81810068395298
1016 1.8182077445439
1017 1.81830480442846
1018 1.8183915477066
1019 1.81846776013168
1020 1.818533325879
1021 1.81858822365288
1022 1.81863252219732
1023 1.81866637527734
1024 1.81869001619882
1025 1.81870375193534
1026 1.81870795693057
1027 1.81870306664379
1028 1.81868957090505
1029 1.81866800714492
1030 1.81863895356137
1031 1.81860302228397
1032 1.8185608525925
1033 1.81851310424392
1034 1.81846045095792
1035 1.81840357410767
1036 1.81834315665821
1037 1.81827987739077
1038 1.81821440544723
1039 1.81814739522425
1040 1.81807948164249
1041 1.8180112758119
1042 1.81794336110959
1043 1.81787628968267
1044 1.8178105793843
1045 1.81774671114703
1046 1.81768512679382
1047 1.81762622728336
1048 1.81757037138291
1049 1.81751787475856
1050 1.81746900947004
1051 1.81742400385407
1052 1.81738304277837
1053 1.81734626824553
1054 1.81731378032483
1055 1.81728563838772
1056 1.81726186262181
1057 1.81724243579703
1058 1.81722730525665
1059 1.81721638510553
1060 1.81720955856769
1061 1.81720668048492
1062 1.81720757992892
1063 1.81721206289942
1064 1.81721991508147
1065 1.81723090463618
1066 1.81724478499975
1067 1.81726129766723
1068 1.81728017493839
1069 1.81730114260475
1070 1.81732392255826
1071 1.81734823530369
1072 1.81737380235855
1073 1.81740034852611
1074 1.81742760402879
1075 1.81745530649095
1076 1.81748320276216
1077 1.81751105057338
1078 1.81753862002071
1079 1.81756569487267
1080 1.81759207369893
1081 1.8176175708198
1082 1.81764201707755
1083 1.81766526043171
1084 1.81768716638227
1085 1.81770761822568
1086 1.8177265171497
1087 1.81774378217437
1088 1.81775934994714
1089 1.81777317440105
1090 1.81778522628561
1091 1.81779549258059
1092 1.81780397580329
1093 1.81781069322049
1094 1.81781567597622
1095 1.81781896814684
1096 1.81782062573489
1097 1.81782071561316
1098 1.81781931443018
1099 1.81781650748822
1100 1.81781238760447
1101 1.81780705396582
1102 1.81780061098698
1103 1.81779316718137
1104 1.81778483405365
1105 1.81777572502184
1106 1.81776595437679
1107 1.81775563628574
1108 1.81774488384604
1109 1.8177338081946
1110 1.81772251767756
1111 1.81771111708432
1112 1.81769970694902
1113 1.817688382922
1114 1.81767723521303
1115 1.81766634810741
1116 1.81765579955541
1117 1.81764566083476
1118 1.81763599628554
1119 1.81762686311597
1120 1.81761831127731
1121 1.81761038340545
1122 1.81760311482644
1123 1.81759653362269
1124 1.81759066075632
1125 1.81758551024587
1126 1.81758108939213
1127 1.81757739904893
1128 1.81757443393429
1129 1.81757218297739
1130 1.81757062969674
1131 1.81756975260479
1132 1.81756952563432
1133 1.81756991858194
1134 1.81757089756432
1135 1.81757242548245
1136 1.81757446248987
1137 1.81757696646072
1138 1.81757989345369
1139 1.81758319816812
1140 1.81758683438907
1141 1.81759075541794
1142 1.81759491448586
1143 1.81759926514734
1144 1.8176037616517
1145 1.81760835929042
1146 1.81761301471862
1147 1.81761768624932
1148 1.81762233411931
1149 1.81762692072586
1150 1.81763141083374
1151 1.81763577175226
1152 1.81763997348233
1153 1.81764398883379
1154 1.81764779351359
1155 1.81765136618539
1156 1.81765468850153
1157 1.81765774510858
1158 1.81766052362756
1159 1.81766301461034
1160 1.81766521147378
1161 1.81766711041318
1162 1.81766871029688
1163 1.81767001254367
1164 1.8176710209851
1165 1.81767174171436
1166 1.81767218292381
1167 1.81767235473301
1168 1.81767226900916
1169 1.81767193918181
1170 1.81767138005371
1171 1.81767060760955
1172 1.81766963882425
1173 1.81766849147249
1174 1.81766718394093
1175 1.81766573504465
1176 1.81766416384904
1177 1.8176624894984
1178 1.81766073105234
1179 1.81765890733101
1180 1.81765703676989
1181 1.81765513728501
1182 1.81765322614918
1183 1.81765131987961
1184 1.81764943413746
1185 1.81764758363947
1186 1.81764578208183
1187 1.81764404207626
1188 1.81764237509844
1189 1.81764079144829
1190 1.81763930022214
1191 1.81763790929626
1192 1.81763662532141
1193 1.81763545372784
1194 1.81763439874027
1195 1.81763346340215
1196 1.81763264960862
1197 1.81763195814735
1198 1.8176313887467
1199 1.81763094013022
1200 1.81763061007698
