1 2
2 2
3 2
4 2
5 2
6 2
7 2
8 2
9 2
10 2
11 2
12 2
13 2
14 2
15 2
16 2
17 2
18 2
19 2
20 2
21 2
22 2
23 2
24 2
25 2
26 2
27 2
28 2
29 2
30 2.25
31 2.27976
32 2.30976
33 2.33976
34 2.36976
35 2.39976
36 2.42976
37 2.45976
38 2.48976
39 2.51976
40 2.548766191155
41 2.57591348214324
42 2.60125277551749
43 2.6248131373357
44 2.64660864886609
45 2.66664213717391
46 2.68490806139688
47 2.70139474149683
48 2.71608607578928
49 2.72896286116597
50 2.7400077553236
51 2.74921245639357
52 2.75657964113187
53 2.76212141979795
54 2.76585819545627
55 2.76781780883636
56 2.76803489073112
57 2.76655036460032
58 2.76341105741066
59 2.75866938811989
60 2.75238309590602
61 2.74461495485621
62 2.73543244321493
63 2.72490737279805
64 2.71311549395063
65 2.70013608629139
66 2.68605154201789
67 2.67094694619358
68 2.65490965686144
69 2.63802888678865
70 2.62039528803483
71 2.60210054036674
72 2.58323694471322
73 2.56389702308685
74 2.5441731265126
75 2.52415705250299
76 2.50393967355607
77 2.48361057805701
78 2.46325772485557
79 2.44296711268199
80 2.42282246545779
81 2.40290493445753
82 2.38329281818178
83 2.36406130070687
84 2.34528220918262
85 2.3270237910536
86 2.30935051148336
87 2.2923228713646
88 2.27599724620217
89 2.26042574606081
90 2.24565609667583
91 2.23173154173324
92 2.21869076623648
93 2.20656784078996
94 2.19539218654542
95 2.18518856047634
96 2.17597706056786
97 2.16777315043553
98 2.16058770281597
99 2.15442706130631
100 2.14929311966695
101 2.14518341794459
102 2.14209125461913
103 2.14000581392931
104 2.13891230748801
105 2.13879212925886
106 2.13962302293146
107 2.14137926070292
108 2.14403183244868
109 2.14754864424585
110 2.15189472519714
111 2.15703244149331
112 2.16292171664642
113 2.16952025682535
114 2.17678378022834
115 2.1846662494357
116 2.19312010569758
117 2.20209650412828
118 2.21154554879884
119 2.22141652674335
120 2.23165813992246
121 2.24221873421809
122 2.2530465245676
123 2.26408981538299
124 2.27529721543987
125 2.28661784646398
126 2.29800154468681
127 2.30939905468899
128 2.32076221489799
129 2.33204413415697
130 2.34319935883216
131 2.35418402997887
132 2.36495603013887
133 2.37547511939535
134 2.38570306036579
135 2.39560373186665
136 2.40514323103779
137 2.41428996376777
138 2.42301472331415
139 2.43129075706476
140 2.43909382143715
141 2.44640222496308
142 2.45319685965357
143 2.45946122078684
144 2.46518141530697
145 2.47034615906411
146 2.474946763169
147 2.47897710977352
148 2.48243361762622
149 2.48531519778642
150 2.4876231999131
151 2.48936134957425
152 2.49053567704981
153 2.49115443812608
154 2.49122802740116
155 2.49076888464058
156 2.48979139473854
157 2.48831178185435
158 2.48634799830443
159 2.48391960879904
160 2.48104767061842
161 2.47775461032614
162 2.47406409761827
163 2.47000091690475
164 2.46559083721497
165 2.46086048101288
166 2.45583719249766
167 2.45054890595483
168 2.44502401470915
169 2.43929124121529
170 2.43337950880493
171 2.42731781558989
172 2.42113511100005
173 2.41486017541279
174 2.40852150330679
175 2.40214719034821
176 2.39576482479126
177 2.38940138354811
178 2.38308313325508
179 2.37683553663368
180 2.3706831644155
181 2.36464961307077
182 2.35875742854998
183 2.35302803621808
184 2.34748167713069
185 2.34213735077117
186 2.33701276433815
187 2.33212428864294
188 2.32748692064753
189 2.32311425264499
190 2.31901844805645
191 2.31521022379135
192 2.31169883909172
193 2.30849209075548
194 2.30559631460975
195 2.30301639308192
196 2.30075576869383
197 2.29881646328427
198 2.29719910274484
199 2.29590294703661
200 2.2949259252381
201 2.29426467535968
202 2.29391458864596
203 2.29386985807522
204 2.2941235307541
205 2.29466756389673
206 2.29549288406925
207 2.29658944937498
208 2.2979463142502
209 2.29955169653778
210 2.30139304650363
211 2.30345711746101
212 2.30573003766867
213 2.3081973831711
214 2.31084425125336
215 2.31365533418759
216 2.31661499295499
217 2.31970733063438
218 2.322916265157
219 2.32622560113719
220 2.32961910049885
221 2.33308055162965
222 2.33659383680685
223 2.34014299765245
224 2.34371229838883
225 2.34728628668082
226 2.35084985186539
227 2.35438828038551
228 2.35788730826099
229 2.36133317044521
230 2.36471264693365
231 2.36801310550634
232 2.37122254100378
233 2.37432961105244
234 2.37732366817293
235 2.38019478822064
236 2.3829337951253
237 2.38553228191212
238 2.38798262800323
239 2.39027801281382
240 2.39241242567256
241 2.39438067211051
242 2.39617837657726
243 2.39780198165623
244 2.39924874386438
245 2.40051672613389
246 2.40160478708484
247 2.40251256720907
248 2.40324047209531
249 2.40378965283535
250 2.40416198375922
251 2.40436003765548
252 2.40438705863928
253 2.40424693283714
254 2.40394415706262
255 2.40348380566118
256 2.40287149570636
257 2.40211335073182
258 2.40121596318575
259 2.4001863557951
260 2.39903194202726
261 2.39776048583635
262 2.39638006087965
263 2.39489900938789
264 2.39332590087004
265 2.39166949082982
266 2.38993867966695
267 2.38814247193128
268 2.38628993609263
269 2.38439016498312
270 2.38245223706221
271 2.38048517864796
272 2.37849792725029
273 2.37649929613448
274 2.37449794023477
275 2.37250232352966
276 2.37052068798163
277 2.36856102413501
278 2.36663104345672
279 2.3647381524952
280 2.36288942892339
281 2.36109159952233
282 2.35935102015251
283 2.35767365775026
284 2.35606507437771
285 2.35453041334507
286 2.35307438741504
287 2.3517012690902
288 2.35041488297541
289 2.3492186001988
290 2.34811533486654
291 2.34710754251884
292 2.34619722054668
293 2.34538591052192
294 2.34467470238597
295 2.34406424043626
296 2.34355473104313
297 2.34314595202441
298 2.34283726359953
299 2.34262762084022
300 2.34251558753062
301 2.34249935134562
302 2.34257674025282
303 2.34274524004087
304 2.34300201287399
305 2.34334391677105
306 2.34376752590567
307 2.344269151623
308 2.34484486406824
309 2.34549051432167
310 2.34620175693564
311 2.34697407276939
312 2.34780279201888
313 2.34868311734052
314 2.34961014696946
315 2.35057889773552
316 2.35158432788263
317 2.3526213596005
318 2.35368490118076
319 2.35476986871334
320 2.35587120724269
321 2.35698391130777
322 2.35810304479403
323 2.35922376003001
324 2.36034131606619
325 2.36145109607847
326 2.36254862384365
327 2.36362957923952
328 2.36468981272729
329 2.36572535877932
330 2.36673244822059
331 2.36770751945732
332 2.36864722857181
333 2.36954845826751
334 2.37040832565379
335 2.37122418886474
336 2.37199365251154
337 2.37271457197283
338 2.37338505653221
339 2.37400347137661
340 2.37456843847387
341 2.37507883635202
342 2.37553379880685
343 2.37593271256825
344 2.37627521395953
345 2.37656118458724
346 2.37679074610219
347 2.37696425407558
348 2.37708229103634
349 2.37714565871883
350 2.37715536957166
351 2.37711263758071
352 2.37701886846077
353 2.3768756492719
354 2.37668473751733
355 2.37644804978104
356 2.3761676499632
357 2.3758457371725
358 2.37548463333406
359 2.37508677057161
360 2.37465467842226
361 2.37419097094128
362 2.3736983337538
363 2.3731795111088
364 2.37263729298985
365 2.37207450233523
366 2.37149398241865
367 2.3708985844397
368 2.37029115537115
369 2.3696745261083
370 2.36905149996284
371 2.36842484154159
372 2.36779726604776
373 2.36717142903975
374 2.3665499166798
375 2.36593523650192
376 2.36532980872575
377 2.36473595814004
378 2.36415590657642
379 2.36359176599143
380 2.36304553217135
381 2.36251907907195
382 2.36201415380195
383 2.36153237225611
384 2.36107521540133
385 2.36064402621578
386 2.36024000727891
387 2.359864219007
388 2.35951757852676
389 2.35920085917666
390 2.35891469062343
391 2.35865955957889
392 2.35843581110001
393 2.35824365045319
394 2.35808314552162
395 2.357954229733
396 2.35785670548321
397 2.35779024802976
398 2.35775440982799
399 2.35774862528118
400 2.10774862528118
401 2.04828080507267
402 1.98836068650046
403 1.92846728648696
404 1.86859953279808
405 1.80875627062861
406 1.74893626938015
407 1.68913822959868
408 1.62936079003889
409 1.56960253482271
410 1.51085590328286
411 1.45410285676249
412 1.39949908664174
413 1.34719197874076
414 1.29731898707257
415 1.25000870750119
416 1.20538176894125
417 1.2
418 1.2
419 1.2
420 1.2
421 1.2
422 1.2
423 1.2
424 1.2
425 1.2
426 1.2
427 1.2
428 1.2
429 1.2
430 1.2
431 1.2
432 1.20171914627063
433 1.20527401887329
434 1.21053777853568
435 1.21739797003011
436 1.22575401088239
437 1.23551520249392
438 1.24659914979769
439 1.25893050066356
440 1.27243993581992
441 1.28706335529199
442 1.30273438521504
443 1.3193782413769
444 1.33691322478055
445 1.35525272644338
446 1.37430677218063
447 1.39398321605857
448 1.41418866444479
449 1.43482919310571
450 1.4558109049688
451 1.4770403648739
452 1.49842496620948
453 1.51987329329272
454 1.54129549764555
455 1.56260367391622
456 1.58371222334871
457 1.60453819745452
458 1.62500161778049
459 1.64502576984233
460 1.66453747072396
461 1.68346731075401
462 1.70174987011831
463 1.71932391122177
464 1.7361325473002
465 1.75212338753221
466 1.76724865880702
467 1.78146530431076
468 1.79473505915456
469 1.80702450335173
470 1.8183050925423
471 1.82855316694823
472 1.83774993912033
473 1.84588146110427
474 1.8529385717137
475 1.85891682465362
476 1.86381639829008
477 1.86764198791193
478 1.87040268137794
479 1.8721118190859
480 1.8727868392405
481 1.87244910943219
482 1.87112374557047
483 1.86883941924106
484 1.86562815457826
485 1.86152511576011
486 1.8565683862464
487 1.85079874088608
488 1.8442594120237
489 1.83699585073196
490 1.82905548429089
491 1.82048747102306
492 1.81134245357885
493 1.80167231174611
494 1.79152991583523
495 1.78096888166304
496 1.77004332812839
497 1.75880763833738
498 1.7473162251994
499 1.7356233023739
500 1.72378266140528
501 1.71184745583717
502 1.69986999304971
503 1.68790153451341
504 1.67599210510154
505 1.6641903120501
506 1.6525431740998
507 1.64109596129945
508 1.62989204589398
509 1.61897276466399
510 1.60837729302701
511 1.59814253115391
512 1.58830300229769
513 1.57889076347589
514 1.56993532859269
515 1.56146360403251
516 1.55349983670401
517 1.54606557446124
518 1.53917963877888
519 1.53285810950965
520 1.52711432150528
521 1.52195887283801
522 1.51739964431669
523 1.51344182995154
524 1.5100879779837
525 1.50733804206025
526 1.50518944210275
527 1.50363713438709
528 1.5026736903251
529 1.50228938341387
530 1.50247228379666
531 1.50320835986069
532 1.50448158628074
533 1.50627405790433
534 1.5085661088639
535 1.51133643629377
536 1.51456222802503
537 1.51821929362927
538 1.52228219818278
539 1.52672439812631
540 1.53151837860099
541 1.53663579164953
542 1.54204759468241
543 1.54772418862162
544 1.55363555514973
545 1.55975139250903
546 1.56604124931488
547 1.57247465586773
548 1.57902125247151
549 1.58565091428944
550 1.59233387229454
551 1.59904082989817
552 1.6057430748684
553 1.61241258617845
554 1.61902213545534
555 1.62554538272921
556 1.63195696621471
557 1.63823258588711
558 1.64434908064762
559 1.65028449890368
560 1.65601816242222
561 1.66153072334505
562 1.66680421428703
563 1.67182209146841
564 1.67656927086332
565 1.6810321573759
566 1.68519866708474
567 1.68905824262428
568 1.6926018617991
569 1.6958220395533
570 1.69871282344195
571 1.70126978277566
572 1.70348999163176
573 1.70537200594682
574 1.70691583492504
575 1.70812290701554
576 1.70899603072819
577 1.70953935057332
578 1.70975829842414
579 1.70965954061309
580 1.70925092108404
581 1.70854140093094
582 1.70754099466149
583 1.70626070352964
584 1.70471244628557
585 1.70290898769393
586 1.7008638651728
587 1.69859131390506
588 1.69610619077228
589 1.69342389745803
590 1.69056030306256
591 1.68753166656536
592 1.68435455946438
593 1.68104578891264
594 1.67762232166307
595 1.67410120912207
596 1.67049951380031
597 1.66683423743684
598 1.66312225105906
599 1.65938022722689
600 1.65562457469435
601 1.65187137570635
602 1.64813632613226
603 1.64443467862108
604 1.64078118894632
605 1.63719006569101
606 1.63367492340616
607 1.63024873935775
608 1.62692381396016
609 1.62371173497579
610 1.62062334554294
611 1.61766871607691
612 1.61485712007141
613 1.61219701381076
614 1.60969601998665
615 1.60736091519674
616 1.60519762128697
617 1.60321120048393
618 1.60140585424912
619 1.59978492577295
620 1.59835090601269
621 1.59710544316643
622 1.5960493554627
623 1.59518264713469
624 1.59450452743744
625 1.59401343255709
626 1.59370705025261
627 1.59358234706258
628 1.59363559790302
629 1.5938624178759
630 1.59425779610338
631 1.59481613139815
632 1.59553126957737
633 1.59639654222517
634 1.597404806707
635 1.59854848723874
636 1.59981961681346
637 1.60120987978983
638 1.60271065494791
639 1.60431305882069
640 1.60600798911311
641 1.60778616802421
642 1.60963818529277
643 1.61155454079247
644 1.61352568650804
645 1.61554206773089
646 1.61759416331943
647 1.61967252487708
648 1.62176781470879
649 1.62387084242523
650 1.62597260007284
651 1.62806429567655
652 1.63013738509162
653 1.63218360207046
654 1.63419498645988
655 1.63616391045419
656 1.6380831028395
657 1.63994567117429
658 1.64174512186147
659 1.64347537807706
660 1.64513079553025
661 1.64670617603947
662 1.64819677891853
663 1.6495983301763
664 1.65090702954232
665 1.65211955533991
666 1.65323306723638
667 1.65424520690871
668 1.65515409667047
669 1.65595833611351
670 1.65665699682487
671 1.65724961524618
672 1.65773618374889
673 1.65811714000455
674 1.65839335473456
675 1.65856611792885
676 1.65863712362695
677 1.65860845335908
678 1.65848255834806
679 1.65826224057567
680 1.65795063281964
681 1.65755117776885
682 1.65706760632633
683 1.65650391520972
684 1.65586434396001
685 1.65515335146861
686 1.65437559213267
687 1.65353589174747
688 1.65263922324305
689 1.65169068237074
690 1.65069546344272
691 1.64965883522517
692 1.64858611708272
693 1.64748265546832
694 1.64635380084918
695 1.6452048851555
696 1.64404119983432
697 1.64286797458646
698 1.64169035685993
699 1.64051339216804
700 1.63934200529569
701 1.6381809824518
702 1.63703495442078
703 1.63590838076039
704 1.63480553508774
705 1.63373049148985
706 1.63268711208953
707 1.63167903579161
708 1.63070966822931
709 1.62978217292481
710 1.6288994636727
711 1.62806419814975
712 1.6272787727491
713 1.62654531863196
714 1.62586569898483
715 1.62524150746572
716 1.62467406781787
717 1.62416443462554
718 1.62371339518177
719 1.62332147243441
720 1.62298892897274
721 1.62271577201375
722 1.62250175934358
723 1.62234640616706
724 1.62224899281517
725 1.62220857325813
726 1.62222398436957
727 1.62229385588515
728 1.62241662099787
729 1.62259052753041
730 1.62281364962442
731 1.62308389988526
732 1.62339904192093
733 1.62375670321308
734 1.62415438825839
735 1.62458949191887
736 1.62505931292014
737 1.62556106743757
738 1.62609190271116
739 1.62664891063144
740 1.62722914123996
741 1.62782961608973
742 1.62844734141277
743 1.62907932104413
744 1.62972256905366
745 1.63037412203952
746 1.63103105103953
747 1.63169047301959
748 1.6323495619005
749 1.63300555908801
750 1.63365578347328
751 1.63429764087431
752 1.63492863289168
753 1.63554636515526
754 1.6361485549413
755 1.63673303814294
756 1.63729777557969
757 1.63784085863517
758 1.63836051421488
759 1.63885510901926
760 1.63932315313006
761 1.63976330291105
762 1.64017436322686
763 1.6405552889867
764 1.64090518602214
765 1.64122331131094
766 1.64150907256123
767 1.64176202717274
768 1.64198188059406
769 1.64216848409685
770 1.64232183199012
771 1.64244205829922
772 1.64252943293607
773 1.64258435738864
774 1.64260735995891
775 1.64259909057993
776 1.64256031524358
777 1.6424919100715
778 1.6423948550624
779 1.64227022754961
780 1.64211919540307
781 1.64194301001026
782 1.64174299907078
783 1.64152055923906
784 1.64127714864973
785 1.64101427935974
786 1.64073350974081
787 1.64043643685555
788 1.64012468884925
789 1.63979991738931
790 1.63946379018264
791 1.63911798360075
792 1.63876417544091
793 1.63840403785061
794 1.63803923044124
795 1.63767139361533
796 1.63730214213053
797 1.63693305892171
798 1.63656568920111
799 1.63620153485473
800 1.76346204915169
801 1.77798863178133
802 1.79264262423125
803 1.80730530551773
804 1.82197788827822
805 1.83666151523377
806 1.85135725602772
807 1.86606610444492
808 1.88078897601456
809 1.89552670599731
810 1.90977272821742
811 1.92308734089169
812 1.9354992964232
813 1.94702579994146
814 1.95767606153097
815 1.96745325113274
816 1.97635601202954
817 1.98437963062549
818 1.9915169390305
819 1.99775901002041
820 2.00309770746436
821 2.00752936091408
822 2.01105575491097
823 2.01368333818718
824 2.0154226420234
825 2.01628784630628
826 2.01629645287344
827 2.0154690364604
828 2.01382905152744
829 2.01140267913755
830 2.00821869438887
831 2.00430832711353
832 1.99970509954667
833 1.99444464385533
834 1.98856450739307
835 1.98210395090162
836 1.97510374309602
837 1.96760595386084
838 1.95965374747664
839 1.95129117676333
840 1.94256297871533
841 1.93351437211797
842 1.92419085772305
843 1.91463802168181
844 1.90490134299212
845 1.89502600571739
846 1.88505671670298
847 1.87503752946825
848 1.86501167489791
849 1.85502139930156
850 1.84510781035754
851 1.83531073140721
852 1.82566856451859
853 1.81621816269139
854 1.80699471152889
855 1.79803162065499
856 1.78936042510741
857 1.78101069689044
858 1.77300996682319
859 1.76538365677289
860 1.75815502231617
861 1.75134510582663
862 1.74497269994288
863 1.73905432132847
864 1.73360419459394
865 1.72863424621156
866 1.72415410821518
867 1.72017113144125
868 1.71669040803276
869 1.71371480289547
870 1.71124499376514
871 1.70927951951673
872 1.70781483632011
873 1.70684538122322
874 1.70636364272252
875 1.70636023786094
876 1.70682399537741
877 1.70774204441751
878 1.70909990830283
879 1.71088160284736
880 1.71306973870187
881 1.71564562720269
882 1.71858938919851
883 1.72188006632904
884 1.72549573423096
885 1.72941361715114
886 1.73361020345299
887 1.73806136151043
888 1.74274245549382
889 1.74762846056461
890 1.75269407700883
891 1.75791384285536
892 1.76326224454157
893 1.76871382520775
894 1.7742432902209
895 1.77982560955007
896 1.78543611663704
897 1.7910506034293
898 1.79664541126623
899 1.80219751733402
900 1.80768461642992
901 1.81308519780259
902 1.81837861686089
903 1.82354516157035
904 1.82856611338266
905 1.83342380257056
906 1.83810165786636
907 1.84258425032927
908 1.84685733139217
909 1.85090786506432
910 1.85472405429146
911 1.85829536149939
912 1.86161252337066
913 1.86466755992735
914 1.86745377801491
915 1.86996576930334
916 1.87219940294234
917 1.8741518130263
918 1.87582138104305
919 1.87720771349736
920 1.87831161491606
921 1.87913505645583
922 1.87968114034853
923 1.87995406043048
924 1.87995905901295
925 1.8797023803605
926 1.87919122105172
927 1.87843367750365
928 1.87743869094639
929 1.87621599013857
930 1.87477603211696
931 1.87312994127477
932 1.8712894470635
933 1.86926682061208
934 1.86707481055447
935 1.86472657835379
936 1.86223563340599
937 1.85961576820086
938 1.85688099381092
939 1.85404547597153
940 1.8511234720065
941 1.84812926884429
942 1.84507712235944
943 1.84198119826272
944 1.83885551475215
945 1.83571388712407
946 1.83256987453127
947 1.82943672906114
948 1.82632734729348
949 1.82325422448337
950 1.82022941149978
951 1.81726447463649
952 1.81437045839667
953 1.81155785133781
954 1.80883655504888
955 1.80621585631656
956 1.80370440252288
957 1.80131018030193
958 1.79904049746905
959 1.79690196822176
960 1.79490050159807
961 1.7930412931645
962 1.79132881989304
963 1.78976683817409
964 1.78835838490038
965 1.78710578154544
966 1.78601064114952
967 1.78507387811565
968 1.78429572070903
969 1.78367572614396
970 1.7832127981347
971 1.78290520677864
972 1.7827506106342
973 1.78274608084906
974 1.78288812718979
975 1.78317272581906
976 1.78359534866296
977 1.78415099420798
978 1.784834219565
979 1.78563917363606
980 1.78655963121889
981 1.78758902788417
982 1.78872049546096
983 1.78994689796729
984 1.79126086782456
985 1.79265484219716
986 1.79412109930189
987 1.79565179453535
988 1.79723899627213
989 1.79887472119106
990 1.80055096899238
991 1.80225975637428
992 1.80399315014365
993 1.80574329934212
994 1.8075024662758
995 1.80926305634386
996 1.81101764656914
997 1.81275901274107
998 1.8144801550897
999 1.81617432241725
1000 1.81783503462203
1001 1.8194561035578
1002 1.82103165217994
1003 1.82255613193803
1004 1.82402433838301
1005 1.82543142496504
1006 1.82677291500655
1007 1.82804471184273
1008 1.82924310713001
1009 1.83036478733025
1010 1.83140683838621
1011 1.83236674861101
1012 1.83324240982109
1013 1.83403211674907
1014 1.83473456477919
1015 1.83534884605412
1016 1.83587444400738
1017 1.83631122638136
1018 1.83665943679551
1019 1.83691968493407
1020 1.83709293542674
1021 1.83718049549959
1022 1.83718400147681
1023 1.83710540421669
1024 1.8369469535681
1025 1.83671118193541
1026 1.83640088704187
1027 1.83601911398231
1028 1.83556913665739
1029 1.8350544386815
1030 1.83447869385701
1031 1.8338457463068
1032 1.83315959035647
1033 1.83242435025659
1034 1.83164425983381
1035 1.8308236421579
1036 1.82996688930965
1037 1.82907844233229
1038 1.82816277144614
1039 1.82722435660363
1040 1.82626766845796
1041 1.82529714981607
1042 1.82431719764199
1043 1.82333214567363
1044 1.82234624771131
1045 1.8213636616327
1046 1.82038843418411
1047 1.81942448659393
1048 1.81847560104929
1049 1.81754540807259
1050 1.81663737482978
1051 1.8157547943977
1052 1.81490077601313
1053 1.81407823632144
1054 1.8132898916383
1055 1.81253825123315
1056 1.81182561163882
1057 1.81115405198704
1058 1.81052543036559
1059 1.80994138118845
1060 1.80940331356617
1061 1.80891241066012
1062 1.80846963000012
1063 1.80807570474176
1064 1.80773114583602
1065 1.80743624508084
1066 1.80719107902118
1067 1.80699551366138
1068 1.80684920995091
1069 1.80675163000269
1070 1.8067020440004
1071 1.80669953774997
1072 1.80674302082828
1073 1.80683123528107
1074 1.80696276482055
1075 1.80713604447254
1076 1.80734937062209
1077 1.80760091140612
1078 1.80788871740128
1079 1.80821073255536
1080 1.80856480531058
1081 1.80894869986765
1082 1.80936010754005
1083 1.80979665814866
1084 1.81025593140805
1085 1.81073546825683
1086 1.81123278208581
1087 1.81174536981918
1088 1.81227072280571
1089 1.81280633747864
1090 1.81334972574498
1091 1.81389842506688
1092 1.81445000820004
1093 1.81500209255615
1094 1.8155523491591
1095 1.81609851116662
1096 1.81663838193187
1097 1.81716984258194
1098 1.81769085909261
1099 1.81819948884161
1100 1.81869388662491
1101 1.81917231012352
1102 1.81963312481055
1103 1.82007480829112
1104 1.8204959540701
1105 1.8208952747453
1106 1.82127160462615
1107 1.82162390178021
1108 1.82195124951245
1109 1.82225285728423
1110 1.82252806108132
1111 1.8227763232422
1112 1.8229972317601
1113 1.82319049907388
1114 1.82335596036493
1115 1.82349357137864
1116 1.82360340579084
1117 1.82368565214077
1118 1.8237406103537
1119 1.82376868787733
1120 1.82377039545727
1121 1.82374634257769
1122 1.82369723259417
1123 1.82362385758638
1124 1.82352709295872
1125 1.82340789181748
1126 1.82326727915333
1127 1.8231063458582
1128 1.82292624260535
1129 1.82272817362177
1130 1.82251339038133
1131 1.82228318524713
1132 1.82203888509093
1133 1.8217818449169
1134 1.82151344151641
1135 1.82123506717979
1136 1.82094812349002
1137 1.8206540152226
1138 1.82035414437465
1139 1.8200499043453
1140 1.81974267428823
1141 1.81943381365616
1142 1.81912465695547
1143 1.8188165087283
1144 1.81851063877771
1145 1.81820827765028
1146 1.81791061238922
1147 1.81761878256927
1148 1.81733387662364
1149 1.81705692847144
1150 1.81678891445287
1151 1.81653075057763
1152 1.81628329009107
1153 1.81604732136051
1154 1.81582356608343
1155 1.81561267781733
1156 1.81541524083003
1157 1.81523176926759
1158 1.81506270663609
1159 1.81490842559203
1160 1.81476922803491
1161 1.81464534549476
1162 1.81453693980586
1163 1.81444410405732
1164 1.81436686380992
1165 1.81430517856794
1166 1.81425894349386
1167 1.81422799135301
1168 1.8142120946746
1169 1.81421096811509
1170 1.81422427100923
1171 1.81425161009355
1172 1.81429254238702
1173 1.814346578213
1174 1.81441318434649
1175 1.8144917872706
1176 1.81458177652597
1177 1.81468250813695
1178 1.81479330809829
1179 1.81491347590636
1180 1.81504228811904
1181 1.8151790019286
1182 1.81532285873234
1183 1.81547308768605
1184 1.81562890922567
1185 1.81578953854328
1186 1.81595418900381
1187 1.81612207548947
1188 1.81629241765963
1189 1.81646444311444
1190 1.81663739045112
1191 1.81681051220258
1192 1.81698307764893
1193 1.81715437549285
1194 1.81732371639095
1195 1.81749043533372
1196 1.81765389386775
1197 1.81781348215449
1198 1.81796862086077
1199 1.81811876287707
1200 1.81826339486035
