1 2
2 2
3 2
4 2
5 2
6 2
7 2
8 2
9 2
10 2
11 2
12 2
13 2
14 2
15 2
16 2
17 2
18 2
19 2
20 2
21 2
22 2
23 2
24 2
25 2
26 2
27 2
28 2
29 2
30 2
31 2
32 2
33 2
34 2
35 2
36 2
37 2
38 2
39 2
40 2
41 2
42 2
43 2
44 2
45 2
46 2
47 2
48 2
49 2
50 2
51 2
52 2
53 2
54 2
55 2
56 2
57 2
58 2
59 2
60 2
61 2
62 2
63 2
64 2
65 2
66 2
67 2
68 2
69 2
70 2
71 2
72 2
73 2
74 2
75 2
76 2
77 2
78 2
79 2
80 2
81 2
82 2
83 2
84 2
85 2
86 2
87 2
88 2
89 2
90 2
91 2
92 2
93 2
94 2
95 2
96 2
97 2
98 2
99 2
100 2
101 2
102 2
103 2
104 2
105 2
106 2
107 2
108 2
109 2
110 2
111 2
112 2
113 2
114 2
115 2
116 2
117 2
118 2
119 2
120 2
121 2
122 2
123 2
124 2
125 2
126 2
127 2
128 2
129 2
130 2
131 2
132 2
133 2
134 2
135 2
136 2
137 2
138 2
139 2
140 2
141 2
142 2
143 2
144 2
145 2
146 2
147 2
148 2
149 2
150 2
151 2
152 2
153 2
154 2
155 2
156 2
157 2
158 2
159 2
160 2
161 2
162 2
163 2
164 2
165 2
166 2
167 2
168 2
169 2
170 2
171 2
172 2
173 2
174 2
175 2
176 2
177 2
178 2
179 2
180 2
181 2
182 2
183 2
184 2
185 2
186 2
187 2
188 2
189 2
190 2
191 2
192 2
193 2
194 2
195 2
196 2
197 2
198 2
199 2
200 2
201 2.25
202 2.5
203 2.75
204 2.8
205 2.8
206 2.8
207 2.8
208 2.8
209 2.8
210 2.8
211 2.8
212 2.8
213 2.8
214 2.8
215 2.73354098163894
216 2.56564566605632
217 2.39482005143735
218 2.2693577126756
219 2.20293287920201
220 2.18871613032421
221 2.21060739031247
222 2.25102291595039
223 2.29539974122688
224 2.33404764095472
225 2.36217222042361
226 2.3788712074719
227 2.38575240599932
228 2.38561455851871
229 2.38143041901367
230 2.37570956657668
231 2.37021040557093
232 2.36591440379824
233 2.36316001955905
234 2.36184484308227
235 2.36162888831348
236 2.36209937877513
237 2.36288117446553
238 2.36369403783875
239 2.36436771271427
240 2.36482940102621
241 2.36507751778943
242 2.36515250619225
243 2.3651115930209
244 2.36501074768653
245 2.3648943583771
246 2.36479142954628
247 2.36471633603169
248 2.36467209979272
249 2.36465450902246
250 2.3646559322947
251 2.36466821490602
252 2.36468447638939
253 2.36469991615409
254 2.36471188212737
255 2.3647194945016
256 2.36472308187599
257 2.36472361682704
258 2.36472226054719
259 2.36472005961766
260 2.36471779064754
261 2.36471592161913
262 2.36471464907083
263 2.36471397248492
264 2.36471377604484
265 2.3647138988615
266 2.36471418483515
267 2.36471451092706
268 2.36471479730772
269 2.36471500492471
270 2.36471512617477
271 2.36471517334548
272 2.36471516799118
273 2.36471513291518
274 2.3647150872323
275 2.3647150441924
276 2.36471501104254
277 2.36471499010977
278 2.36471498038886
279 2.36471497911795
280 2.36471498304186
281 2.36471498924737
282 2.36471499558624
283 2.36471500077456
284 2.36471500428348
285 2.36471500612878
286 2.36471500664217
287 2.36471500627607
288 2.36471500546588
289 2.36471500455266
290 2.36471500375612
291 2.36471500318229
292 2.36471500285011
293 2.36471500272383
294 2.3647150027426
295 2.36471500284268
296 2.36471500297096
297 2.36471500309091
298 2.36471500318272
299 2.36471500324026
300 2.36471500326657
301 2.36471500326951
302 2.36471500325818
303 2.36471500324069
304 2.36471500322299
305 2.36471500320859
306 2.36471500319892
307 2.3647150031939
308 2.36471500319256
309 2.36471500319366
310 2.36471500319596
311 2.36471500319852
312 2.36471500320074
313 2.36471500320233
314 2.36471500320324
315 2.36471500320357
316 2.3647150032035
317 2.36471500320321
318 2.36471500320285
319 2.36471500320252
320 2.36471500320226
321 2.3647150032021
322 2.36471500320203
323 2.36471500320202
324 2.36471500320206
325 2.36471500320211
326 2.36471500320216
327 2.3647150032022
328 2.36471500320222
329 2.36471500320224
330 2.36471500319651
331 2.36471500318897
332 2.36471500319527
333 2.36471500324174
334 2.3647150033449
335 2.36471500349618
336 2.36471500365648
337 2.36471500375811
338 2.36471500371369
339 2.36471500343301
340 2.36471500284886
341 2.36471500195169
342 2.36471500082947
343 2.36471499970454
344 2.36471499895507
345 2.36471499909757
346 2.36471500070849
347 2.36471500427967
348 2.36471501000409
349 2.36471501750726
350 2.36471502557114
351 2.36471503193726
352 2.36471503331243
353 2.36471502572149
354 2.36471500533774
355 2.36471496985476
356 2.36471492032852
357 2.36471486321167
358 2.36471481204237
359 2.36471478798382
360 2.36471481822384
361 2.36471493125228
362 2.36471514837414
363 2.36471547161129
364 2.36471586945308
365 2.36471626367019
366 2.36471652234194
367 2.36471646585911
368 2.36471589319553
369 2.36471463426383
370 2.36471262977348
371 2.36471003211572
372 2.36470730961259
373 2.364705323461
374 2.36470533507581
375 2.36470889642077
376 2.36471758414054
377 2.36473256749172
378 2.36475405693597
379 2.36478076822156
380 2.36480965327436
381 2.36483628366078
382 2.36485640630591
383 2.36486777485765
384 2.36487083753934
385 2.3648679882688
386 2.36486206201526
387 2.36485526110906
388 2.36484866425499
389 2.3648421834707
390 2.36483484158476
391 2.3648116349262
392 2.36476871620035
393 2.36470888653352
394 2.36464930806743
395 2.36460239631007
396 2.36457330830807
397 2.36456238092748
398 2.36456675681831
399 2.36458178084059
400 2.11458178084059
401 1.86458178084059
402 1.61458178084059
403 1.36458178084059
404 1.2
405 1.2
406 1.2
407 1.2
408 1.2
409 1.2
410 1.2
411 1.2
412 1.2
413 1.2
414 1.2
415 1.2
416 1.2
417 1.2
418 1.2
419 1.2
420 1.2
421 1.2
422 1.21033317376235
423 1.37025411112173
424 1.55701538291654
425 1.70592122829023
426 1.79365436039728
427 1.82263841664107
428 1.80814423856925
429 1.76898048249134
430 1.72178317641444
431 1.67834196537282
432 1.64511917782082
433 1.62408569460538
434 1.61413059038488
435 1.61251292151722
436 1.61604475318138
437 1.62188046104413
438 1.62791836783706
439 1.6328951124844
440 1.63628038808459
441 1.63807435848464
442 1.63858687114239
443 1.6382485257257
444 1.6374768554544
445 1.63660062618831
446 1.63583278775298
447 1.63527712728821
448 1.63495335062293
449 1.63482808297526
450 1.63484332092895
451 1.63493787333753
452 1.63506053842104
453 1.635175886088
454 1.63526458823818
455 1.63532049181266
456 1.63534635140721
457 1.63534960388701
458 1.63533898650271
459 1.6353223044233
460 1.63530530406869
461 1.63529141237819
462 1.63528203371245
463 1.63527711576173
464 1.63527576329751
465 1.63527676097867
466 1.63527894156359
467 1.63528139221952
468 1.63528352603021
469 1.63528506070108
470 1.63528594704514
471 1.63528628192073
472 1.63528622893905
473 1.63528595909066
474 1.63528561454513
475 1.63528529303768
476 1.63528504733833
477 1.63528489365653
478 1.63528482364935
479 1.63528481621271
480 1.63528484685985
481 1.63528489386927
482 1.63528494134906
483 1.63528497990146
484 1.63528500575336
485 1.63528501915684
486 1.63528502267237
487 1.63528501971595
488 1.63528501354247
489 1.6352850066816
490 1.63528500074802
491 1.63528499650755
492 1.63528499408051
493 1.63528499318588
494 1.63528499336205
495 1.63528499413116
496 1.63528499509844
497 1.63528499599427
498 1.63528499667464
499 1.63528499709694
500 1.63528499728627
501 1.63528499730246
502 1.63528499721412
503 1.63528499708169
504 1.6352849969491
505 1.63528499684213
506 1.63528499677088
507 1.63528499673438
508 1.63528499672531
509 1.63528499673409
510 1.63528499675163
511 1.63528499677093
512 1.63528499678752
513 1.63528499679929
514 1.63528499680591
515 1.63528499680815
516 1.63528499680725
517 1.63528499680456
518 1.63528499680119
519 1.63528499679802
520 1.63528499679562
521 1.63528499679436
522 1.63528499679448
523 1.63528499679605
524 1.63528499679901
525 1.63528499680305
526 1.63528499680754
527 1.63528499681145
528 1.63528499681338
529 1.63528499681738
530 1.63528499681792
531 1.6352849967983
532 1.63528499673691
533 1.63528499661533
534 1.63528499643084
535 1.63528499621693
536 1.6352849960489
537 1.63528499603684
538 1.63528499630636
539 1.63528499696649
540 1.63528499806526
541 1.63528499953638
542 1.63528500114614
543 1.63528500245662
544 1.63528500282765
545 1.63528500148409
546 1.63528499767249
547 1.635284990919
548 1.63528498137595
549 1.63528497020683
550 1.63528495991184
551 1.63528495444728
552 1.63528495895488
553 1.63528497893305
554 1.63528501870966
555 1.63528507922866
556 1.63528515539954
557 1.63528523357077
558 1.63528529003512
559 1.63528529176829
560 1.63528520071296
561 1.63528498268267
562 1.63528462120618
563 1.63528413524358
564 1.63528359767724
565 1.63528314901827
566 1.63528299836766
567 1.63528340217507
568 1.63528461188386
569 1.63528678539385
570 1.63528986543154
571 1.63529344066968
572 1.63529662168409
573 1.63529798062313
574 1.63529561513261
575 1.63528739530754
576 1.63527142735976
577 1.63524670954123
578 1.63521385777495
579 1.6351756394275
580 1.63513688191397
581 1.63510313778869
582 1.63507883939653
583 1.63506613748479
584 1.63506443660444
585 1.63507085662306
586 1.63508159417057
587 1.63509323920329
588 1.63510337099817
589 1.6351106610164
590 1.63512832847547
591 1.63515928912877
592 1.63520102626976
593 1.63524908660399
594 1.63529464000469
595 1.63532504899851
596 1.63533862824586
597 1.63533979027585
598 1.63533527454911
599 1.63533149263734
600 1.63533286935936
601 1.63534101507519
602 1.63535462342555
603 1.63537012145362
604 1.63538320049921
605 1.63539057255878
606 1.63539093623542
607 1.63538500827755
608 1.63537490670429
609 1.63536328684464
610 1.63535256312038
611 1.63534440634868
612 1.63533900057712
613 1.63532799302221
614 1.6353077756444
615 1.63528127357929
616 1.6352549896079
617 1.63523534209557
618 1.63522620704576
619 1.63522812840981
620 1.63523885715878
621 1.63525458339338
622 1.63527126041057
623 1.63528561739775
624 1.63529568993368
625 1.63530088646038
626 1.63530172185596
627 1.63529938700421
628 1.63529530533709
629 1.63529077927165
630 1.6352867741535
631 1.63528384054005
632 1.63528214515523
633 1.6352815676624
634 1.63528182121849
635 1.63528256434863
636 1.63528348476636
637 1.6352843482771
638 1.63528501538643
639 1.63528543379122
640 1.63528561682476
641 1.63528561709859
642 1.63528550219507
643 1.63528533637302
644 1.6352851696245
645 1.6352850334933
646 1.63528494196475
647 1.63528489537538
648 1.63528488546626
649 1.63528490018175
650 1.63528492738767
651 1.63528495720186
652 1.63528498301369
653 1.63528500149318
654 1.63528501197132
655 1.63528501554948
656 1.63528501421177
657 1.63528501010915
658 1.63528500508654
659 1.63528500045021
660 1.6352849969275
661 1.63528499475245
662 1.63528499381252
663 1.63528499380444
664 1.63528499436612
665 1.63528499516841
666 1.63528499596499
667 1.6352849966069
668 1.63528499703291
669 1.63528499724683
670 1.63528499729136
671 1.63528499722464
672 1.63528499710315
673 1.63528499697158
674 1.63528499685894
675 1.63528499677919
676 1.63528499673452
677 1.63528499671956
678 1.63528499672542
679 1.63528499674273
680 1.63528499676366
681 1.63528499678278
682 1.63528499679716
683 1.63528499680595
684 1.63528499680969
685 1.63528499680967
686 1.63528499680739
687 1.63528499680419
688 1.63528499680104
689 1.63528499679853
690 1.63528499679688
691 1.63528499679606
692 1.6352849967959
693 1.63528499679616
694 1.63528499679663
695 1.63528499679713
696 1.63528499679755
697 1.63528499679785
698 1.63528499679801
699 1.63528499679807
700 1.63528499679805
701 1.63528499679799
702 1.63528499679793
703 1.63528499679787
704 1.63528499679784
705 1.63528499679781
706 1.63528499679779
707 1.63528499679777
708 1.63528499679772
709 1.63528499679763
710 1.63528499679752
711 1.63528499679739
712 1.63528499679729
713 1.63528499679726
714 1.63528499679739
715 1.63528499679771
716 1.63528499679829
717 1.63528499679909
718 1.63528499680002
719 1.63528499680086
720 1.6352849968013
721 1.63528499680096
722 1.63528499679944
723 1.63528499679648
724 1.63528499679207
725 1.63528499678663
726 1.63528499678117
727 1.63528499677729
728 1.63528499677711
729 1.63528499678294
730 1.6352849967967
731 1.63528499681915
732 1.63528499684894
733 1.63528499688177
734 1.63528499690992
735 1.63528499692248
736 1.63528499690665
737 1.63528499685039
738 1.63528499674631
739 1.63528499659638
740 1.63528499641672
741 1.63528499624087
742 1.63528499611998
743 1.63528499611814
744 1.63528499630159
745 1.6352849967216
746 1.63528499739265
747 1.6352849982693
748 1.63528499922746
749 1.63528500005675
750 1.63528500047074
751 1.63528500013932
752 1.6352849987432
753 1.63528499604374
754 1.63528499195471
755 1.63528498659697
756 1.63528498031656
757 1.63528497365193
758 1.6352849672493
759 1.63528496174324
760 1.63528495763666
761 1.63528495522228
762 1.63528495457841
763 1.63528495564403
764 1.63528495834437
765 1.63528496271127
766 1.63528496893363
767 1.63528497729028
768 1.63528498795746
769 1.63528500073922
770 1.63528501483464
771 1.63528502882538
772 1.63528504097004
773 1.63528504969049
774 1.63528505406508
775 1.63528505413097
776 1.63528505084815
777 1.6352850457491
778 1.63528504045459
779 1.63528503624465
780 1.63528503306528
781 1.63528502994315
782 1.63528502573143
783 1.63528501967241
784 1.63528501187241
785 1.63528500355505
786 1.63528499629738
787 1.6352849912193
788 1.63528498854558
789 1.63528498761325
790 1.63528498721631
791 1.63528498611326
792 1.63528498351999
793 1.63528497943018
794 1.63528497462947
795 1.63528497038313
796 1.63528496794899
797 1.63528496812963
798 1.63528497102631
799 1.63528497604978
800 1.88528497604978
801 2.13528497604978
802 2.38528497604978
803 2.63528497604978
804 2.8
805 2.68161053393852
806 2.43161053393852
807 2.18161053393852
808 1.93161053393852
809 1.68161053393852
810 1.47638275925173
811 1.43299023986411
812 1.48834973068996
813 1.58822277695242
814 1.69329546777441
815 1.780165740246
816 1.8390240290014
817 1.86976935963867
818 1.87791667326467
819 1.8711486927966
820 1.85689813229062
821 1.84099290469096
822 1.82718116870628
823 1.81726060921561
824 1.81153471490752
825 1.80937106507933
826 1.80971053271315
827 1.81144868951691
828 1.81366823569002
829 1.81573901470996
830 1.81732102724569
831 1.81831001415161
832 1.81875993023098
833 1.81880689736092
834 1.81860875560188
835 1.81830546052043
836 1.81799936163193
837 1.817750944473
838 1.81758445277233
839 1.81749820628658
840 1.81747566830109
841 1.81749480678297
842 1.81753464172004
843 1.81757887553203
844 1.81761711157382
845 1.81764442398531
846 1.81766004542441
847 1.81766579256196
848 1.81766464318215
849 1.81765967785824
850 1.81765344025926
851 1.81764766660259
852 1.81764328372289
853 1.81764056482145
854 1.81763934736712
855 1.81763924515927
856 1.81763981586849
857 1.81764067003043
858 1.81764152462779
859 1.81764221383663
860 1.81764267260438
861 1.81764290750074
862 1.81764296576523
863 1.81764290929798
864 1.81764279658677
865 1.81764267278457
866 1.81764256648343
867 1.81764249103515
868 1.81764244827868
869 1.8176424329544
870 1.81764243666512
871 1.81764245080381
872 1.81764246830884
873 1.81764248439232
874 1.81764249652591
875 1.81764250399458
876 1.81764250728375
877 1.81764250748783
878 1.81764250584566
879 1.8176425034406
880 1.81764250105495
881 1.81764249914306
882 1.81764249787919
883 1.81764249723979
884 1.81764249709002
885 1.817642497256
886 1.81764249757473
887 1.81764249792112
888 1.81764249821658
889 1.81764249842494
890 1.81764249854191
891 1.81764249858269
892 1.81764249857094
893 1.81764249853072
894 1.8176424984816
895 1.81764249843681
896 1.81764249840322
897 1.8176424983827
898 1.81764249837382
899 1.81764249837348
900 1.81764249837821
901 1.81764249838498
902 1.81764249839165
903 1.81764249839696
904 1.81764249840045
905 1.81764249840219
906 1.81764249840258
907 1.81764249840209
908 1.81764249840119
909 1.81764249840023
910 1.81764249839942
911 1.81764249839885
912 1.81764249839853
913 1.81764249839841
914 1.81764249839843
915 1.81764249839851
916 1.8176424983986
917 1.81764249839868
918 1.81764249839872
919 1.81764249839875
920 1.81764249839877
921 1.81764249839881
922 1.8176424983989
923 1.81764249839903
924 1.81764249839921
925 1.81764249839942
926 1.81764249839962
927 1.81764249839975
928 1.81764249839976
929 1.81764249839387
930 1.81764249838594
931 1.8176424983916
932 1.81764249843261
933 1.81764249852945
934 1.81764249869209
935 1.81764249889529
936 1.81764249906339
937 1.81764249907742
938 1.81764249879937
939 1.81764249810975
940 1.81764249695757
941 1.81764249542669
942 1.817642493797
943 1.81764249257825
944 1.81764249249219
945 1.81764249437709
946 1.81764249899289
947 1.81764250671997
948 1.81764251717311
949 1.81764252879544
950 1.81764253855029
951 1.81764254188163
952 1.81764253314615
953 1.81764250670904
954 1.8176424588116
955 1.81764239014011
956 1.81764230874298
957 1.81764223257781
958 1.81764219058433
959 1.81764222088605
960 1.81764236468586
961 1.81764265483308
962 1.81764309908196
963 1.81764365983849
964 1.81764423463483
965 1.81764464434447
966 1.81764463857699
967 1.81764392872805
968 1.81764225749346
969 1.8176395079484
970 1.8176358446106
971 1.81763186333001
972 1.81762870818169
973 1.81762809596467
974 1.81763217934327
975 1.81764318749944
976 1.81766281907317
977 1.81769143577232
978 1.81772722145815
979 1.81776562733567
980 1.81779960364954
981 1.81782129357796
982 1.81782447099937
983 1.81780646588534
984 1.81776937642194
985 1.81771998421831
986 1.81766784406089
987 1.81762245882267
988 1.81759108892899
989 1.81757750757376
990 1.81756787306963
991 1.8175556475395
992 1.81753785757618
993 1.81751336161272
994 1.8174867928133
995 1.81747529975158
996 1.81748940399987
997 1.81752684600422
998 1.81757992535947
999 1.8176401662905
1000 1.8176983374737
1001 1.8177408952252
1002 1.81775946322289
1003 1.81775352383692
1004 1.81772895978743
1005 1.8176948536055
1006 1.81766028909928
1007 1.81763211871373
1008 1.81761398616833
1009 1.81760643605711
1010 1.81760771802431
1011 1.81761485902805
1012 1.81762466334527
1013 1.81763443710558
1014 1.81764236917599
1015 1.81764760184895
1016 1.81765008189979
1017 1.81765029871956
1018 1.8176490029723
1019 1.81764697039368
1020 1.81764484301788
1021 1.81764305259579
1022 1.81764181239136
1023 1.81764115457355
1024 1.81764098941261
1025 1.81764116672246
1026 1.81764152665631
1027 1.81764193379087
1028 1.8176422939707
1029 1.81764255698214
1030 1.81764270977982
1031 1.81764276508993
1032 1.8176427493221
1033 1.81764269238813
1034 1.81764262067925
1035 1.81764255336868
1036 1.81764250149674
1037 1.81764246896128
1038 1.81764245449904
1039 1.81764245389957
1040 1.81764246193699
1041 1.81764247375598
1042 1.81764248565487
1043 1.81764249534672
1044 1.81764250184916
1045 1.81764250516713
1046 1.81764250590946
1047 1.8176425049384
1048 1.81764250310668
1049 1.81764250109846
1050 1.81764249936447
1051 1.81764249812708
1052 1.81764249742703
1053 1.81764249718671
1054 1.8176424972713
1055 1.81764249753698
1056 1.81764249786189
1057 1.81764249816082
1058 1.81764249838706
1059 1.81764249852618
1060 1.81764249858605
1061 1.81764249858659
1062 1.81764249855116
1063 1.81764249850075
1064 1.81764249845091
1065 1.81764249841093
1066 1.81764249838453
1067 1.81764249837136
1068 1.81764249836867
1069 1.81764249837282
1070 1.8176424983803
1071 1.81764249838835
1072 1.8176424983952
1073 1.81764249840003
1074 1.81764249840271
1075 1.81764249840359
1076 1.81764249840323
1077 1.81764249840218
1078 1.81764249840092
1079 1.81764249839978
1080 1.81764249839893
1081 1.81764249839841
1082 1.81764249839819
1083 1.8176424983982
1084 1.81764249839833
1085 1.81764249839852
1086 1.81764249839871
1087 1.81764249839885
1088 1.81764249839895
1089 1.81764249839899
1090 1.817642498399
1091 1.81764249839899
1092 1.81764249839896
1093 1.81764249839893
1094 1.81764249839891
1095 1.81764249839889
1096 1.81764249839889
1097 1.81764249839889
1098 1.81764249839889
1099 1.81764249839889
1100 1.81764249839889
1101 1.81764249839889
1102 1.81764249839888
1103 1.81764249839886
1104 1.81764249839885
1105 1.81764249839884
1106 1.81764249839885
1107 1.81764249839888
1108 1.81764249839895
1109 1.81764249839905
1110 1.81764249839919
1111 1.81764249839932
1112 1.81764249839942
1113 1.8176424983994
1114 1.81764249839922
1115 1.81764249839879
1116 1.81764249839811
1117 1.8176424983972
1118 1.81764249839621
1119 1.81764249839542
1120 1.81764249839519
1121 1.81764249839596
1122 1.81764249839813
1123 1.81764249840191
1124 1.81764249840718
1125 1.81764249841324
1126 1.81764249841876
1127 1.81764249842173
1128 1.81764249841968
1129 1.81764249841013
1130 1.81764249839134
1131 1.81764249836325
1132 1.81764249832855
1133 1.81764249829349
1134 1.81764249826821
1135 1.817642498266
1136 1.81764249830131
1137 1.81764249838616
1138 1.81764249852527
1139 1.81764249871044
1140 1.81764249891559
1141 1.81764249909404
1142 1.81764249918038
1143 1.81764249909855
1144 1.81764249877739
1145 1.81764249817318
1146 1.81764249729641
1147 1.81764249623749
1148 1.817642495184
1149 1.81764249442062
1150 1.81764249430423
1151 1.81764249521005
1152 1.81764249745162
1153 1.81764250118592
1154 1.81764250632418
1155 1.81764251247512
1156 1.81764251894703
1157 1.81764252482654
1158 1.81764252913253
1159 1.81764253101826
1160 1.81764252996986
1161 1.81764252593677
1162 1.8176425193402
1163 1.81764251094179
1164 1.81764250160511
1165 1.8176424920301
1166 1.81764248256648
1167 1.81764247320038
1168 1.81764246375466
1169 1.81764245425712
1170 1.81764244532931
1171 1.81764243834841
1172 1.81764243521889
1173 1.81764243780791
1174 1.81764244721724
1175 1.81764246315391
1176 1.81764248370471
1177 1.81764250566618
1178 1.8176425252982
1179 1.81764253922971
1180 1.81764254600461
1181 1.81764254613393
1182 1.81764254155142
1183 1.81764253488387
1184 1.81764252849558
1185 1.81764252325477
1186 1.81764251854205
1187 1.817642513215
1188 1.81764250643765
1189 1.81764249803956
1190 1.81764248859232
1191 1.81764247953114
1192 1.81764247273503
1193 1.81764246980114
1194 1.81764247142754
1195 1.81764247717356
1196 1.81764248563847
1197 1.81764249492498
1198 1.81764250318323
1199 1.81764250905318
1200 1.81764251189885
