1 2
2 2
3 2
4 2
5 2
6 2
7 2
8 2
9 2
10 2
11 2
12 2
13 2
14 2
15 2
16 2
17 2
18 2
19 2
20 2
21 2
22 2
23 2
24 2
25 2
26 2
27 2
28 2
29 2
30 2.25
31 2.2797
32 2.3097
33 2.3397
34 2.3697
35 2.3997
36 2.4297
37 2.4597
38 2.4897
39 2.5197
40 2.5484723400375
41 2.57497616032383
42 2.59932277365597
43 2.62158914731073
44 2.64182810934774
45 2.66007403214386
46 2.67634724382789
47 2.69065744831843
48 2.70300637391031
49 2.71338982169657
50 2.72180527580877
51 2.72826262852754
52 2.73278650450947
53 2.73541326656478
54 2.73618886330788
55 2.7351672713432
56 2.73240936673125
57 2.72798210469806
58 2.72195791930626
59 2.7144142789912
60 2.70543332206291
61 2.69510147067388
62 2.68350896751485
63 2.67074935258198
64 2.6569189133658
65 2.64211612904881
66 2.62644112092215
67 2.60999511576909
68 2.59287992548765
69 2.57519744408783
70 2.55704916209438
71 2.53853569829959
72 2.51975634944674
73 2.5008086590976
74 2.48178800724123
75 2.46278722219858
76 2.44389621622145
77 2.42520164596579
78 2.4067865987904
79 2.38873030561851
80 2.37110788091399
81 2.35399009016448
82 2.33744314512368
83 2.32152852693378
84 2.30630283712111
85 2.29181767633068
86 2.27811955053961
87 2.26524980436657
88 2.2532445809762
89 2.24213480796439
90 2.23194620850445
91 2.222699336935
92 2.2144096378784
93 2.20708752789428
94 2.20073849859547
95 2.19536324008394
96 2.19095778350249
97 2.18751366144326
98 2.18501808490725
99 2.18345413546986
100 2.18280097127589
101 2.18303404546312
102 2.18412533559708
103 2.18604358269007
104 2.18875453837527
105 2.19222121881111
106 2.1964041639025
107 2.20126170044296
108 2.20675020780538
109 2.21282438483873
110 2.21943751666309
111 2.22654174009532
112 2.23408830648314
113 2.24202784077423
114 2.25031059570122
115 2.25888670001999
116 2.26770639979987
117 2.2767202918274
118 2.28587954825162
119 2.29513613166692
120 2.30444299989954
121 2.313754299835
122 2.32302554969613
123 2.33221380925441
124 2.34127783753025
125 2.35017823761118
126 2.35887758828935
127 2.36734056229177
128 2.37553403094717
129 2.38342715520306
130 2.39099146297392
131 2.39820091286717
132 2.40503194439731
133 2.41146351485907
134 2.41747712308944
135 2.42305682040326
136 2.42818920904002
137 2.43286342850841
138 2.43707113026121
139 2.44080644117548
140 2.44406591635204
141 2.44684848178325
142 2.44915536746995
143 2.45099003159612
144 2.45235807639384
145 2.45326715635178
146 2.45372687943679
147 2.45374870201126
148 2.45334581813817
149 2.45253304397148
150 2.45132669793171
151 2.44974447736543
152 2.44780533238281
153 2.44552933755989
154 2.44293756218138
155 2.44005193968634
156 2.43689513696277
157 2.4334904241182
158 2.42986154533202
159 2.42603259137188
160 2.42202787433071
161 2.41787180511363
162 2.4135887741746
163 2.4092030359723
164 2.40473859758244
165 2.4002191118709
166 2.39566777559798
167 2.39110723278925
168 2.38655948367334
169 2.38204579945133
170 2.37758664312649
171 2.37320159658753
172 2.36890929410268
173 2.36472736234654
174 2.36067236704724
175 2.35675976630667
176 2.35300387061367
177 2.34941780953725
178 2.34601350505571
179 2.34280165144706
180 2.33979170163741
181 2.33699185987608
182 2.3344090805803
183 2.33204907316762
184 2.32991631267114
185 2.32801405591147
186 2.32634436297952
187 2.32490812376673
188 2.32370508926293
189 2.32273390732799
190 2.32199216263118
191 2.32147642044129
192 2.32118227394213
193 2.32110439474092
194 2.32123658623207
195 2.32157183947554
196 2.32210239124721
197 2.32281978391886
198 2.32371492682699
199 2.32477815879299
200 2.32599931146196
201 2.32736777313361
202 2.32887255276628
203 2.33050234384404
204 2.33224558780684
205 2.33409053675476
206 2.33602531515
207 2.3380379802529
208 2.3401165810428
209 2.34224921538904
210 2.34442408525295
211 2.34662954971774
212 2.34885417565965
213 2.3510867858907
214 2.35331650462048
215 2.35553280010193
216 2.35772552434342
217 2.35988494978724
218 2.36200180287173
219 2.36406729441203
220 2.36607314675125
221 2.36801161765084
222 2.36987552090542
223 2.37165824368339
224 2.37335376061001
225 2.37495664462507
226 2.37646207466109
227 2.37786584020221
228 2.37916434279679
229 2.38035459460891
230 2.38143421410572
231 2.38240141898802
232 2.38325501648161
233 2.38399439111566
234 2.38461949012273
235 2.38513080660209
236 2.38552936059456
237 2.3858166782224
238 2.38599476905224
239 2.38606610184306
240 2.38603357884353
241 2.38590050880533
242 2.38567057887995
243 2.38534782556662
244 2.38493660487871
245 2.38444156189434
246 2.38386759985484
247 2.38321984897218
248 2.38250363510256
249 2.3817244484395
250 2.38088791237504
251 2.37999975267205
252 2.37906576708521
253 2.37809179556164
254 2.37708369114548
255 2.37604729170372
256 2.37498839258287
257 2.3739127202985
258 2.37282590735162
259 2.37173346825761
260 2.37064077686494
261 2.36955304503275
262 2.36847530272731
263 2.36741237958936
264 2.3663688880152
265 2.36534920778626
266 2.36435747227334
267 2.3633975562334
268 2.36247306520858
269 2.36158732652939
270 2.36074338191614
271 2.35994398166538
272 2.35919158040075
273 2.35848833436121
274 2.35783610019265
275 2.35723643520311
276 2.35669059903594
277 2.35619955670979
278 2.35576398296954
279 2.35538426788764
280 2.35506052365107
281 2.35479259246575
282 2.35458005550679
283 2.3544222428401
284 2.35431824423868
285 2.35426692081495
286 2.35426691738883
287 2.35431667551037
288 2.35441444705509
289 2.35455830830974
290 2.35474617446674
291 2.35497581444549
292 2.35524486596048
293 2.35555085075656
294 2.35589118993392
295 2.35626321928708
296 2.35666420458428
297 2.35709135671643
298 2.35754184664743
299 2.35801282010056
300 2.35850141191913
301 2.35900476004289
302 2.35952001904521
303 2.36004437317996
304 2.36057504889082
305 2.36110932673983
306 2.36164455271585
307 2.36217814888806
308 2.36270762337361
309 2.36323057959268
310 2.36374472478867
311 2.36424787779505
312 2.36473797603503
313 2.36521308174374
314 2.36567138740701
315 2.36611122041475
316 2.36653104693036
317 2.36692947498179
318 2.36730525678306
319 2.36765729029851
320 2.36798462006544
321 2.36828643729363
322 2.36856207926331
323 2.36881102804571
324 2.36903290857282
325 2.36922748608548
326 2.36939466299052
327 2.36953447516026
328 2.36964708770858
329 2.36973279027977
330 2.36979199188738
331 2.36982521534116
332 2.36983309130143
333 2.36981635200018
334 2.36977582466916
335 2.36971242471513
336 2.36962714868229
337 2.36952106704211
338 2.36939531684992
339 2.36925109430746
340 2.36908964726954
341 2.36891226773227
342 2.36872028433913
343 2.36851505494015
344 2.36829795923785
345 2.36807039155252
346 2.36783375373751
347 2.36758944827384
348 2.36733887157145
349 2.36708340750289
350 2.36682442119301
351 2.36656325308656
352 2.36630121331348
353 2.36603957636971
354 2.36577957612919
355 2.36552240120089
356 2.36526919064231
357 2.36502103003927
358 2.36477894795935
359 2.36454391278458
360 2.364316829927
361 2.36409853942869
362 2.36388981394598
363 2.36369135711585
364 2.36350380230066
365 2.36332771170565
366 2.36316357586224
367 2.36301181346824
368 2.36287277157521
369 2.3627467261112
370 2.36263388272648
371 2.36253437794822
372 2.36244828062936
373 2.36237559367581
374 2.36231625603521
375 2.36227014493003
376 2.36223707831673
377 2.36221681755258
378 2.362209070251
379 2.36221349330623
380 2.36222969606765
381 2.36225724364418
382 2.36229566031901
383 2.36234443305512
384 2.36240301507202
385 2.3624708294747
386 2.36254727291565
387 2.36263171927181
388 2.36272352331823
389 2.36282202438118
390 2.36292654995393
391 2.36303641925906
392 2.36315094674195
393 2.363269445481
394 2.36339123050073
395 2.36351562197509
396 2.36364194830885
397 2.36376954908634
398 2.3638977778773
399 2.36402600489094
400 2.11402600489094
401 2.05475241783982
402 1.99487706357786
403 1.93499940211666
404 1.87511892085458
405 1.81523513618641
406 1.75534759492615
407 1.69545587554159
408 1.63555958920078
409 1.57565838063084
410 1.51698021542268
411 1.46071196991648
412 1.40699554056327
413 1.3559649604263
414 1.30774377527687
415 1.26244643440282
416 1.22017941699926
417 1.2
418 1.2
419 1.2
420 1.2
421 1.2
422 1.2
423 1.2
424 1.2
425 1.2
426 1.2
427 1.2
428 1.2
429 1.20027944379365
430 1.20285880185508
431 1.20750148175014
432 1.21400988592952
433 1.22221744303999
434 1.23198236885694
435 1.24318277606168
436 1.25571283618217
437 1.2694797625252
438 1.28440143396018
439 1.30040314692143
440 1.31740520848233
441 1.33531609378682
442 1.35403659557891
443 1.37346283874362
444 1.39348846614101
445 1.41400621384227
446 1.43490903772972
447 1.45609091146433
448 1.4774473845231
449 1.49887597244084
450 1.5202764858809
451 1.54155139868212
452 1.56260625837841
453 1.58335009908182
454 1.60369583298145
455 1.62356060747243
456 1.64286612191705
457 1.66153890244121
458 1.67951053582338
459 1.69671786499142
460 1.71310314903164
461 1.72861419000686
462 1.7432044279508
463 1.75683300484881
464 1.76946479826888
465 1.78107042536929
466 1.79162621815995
467 1.80111417106422
468 1.80952186198115
469 1.81684234816824
470 1.82307403834941
471 1.82822054250891
472 1.83229050087152
473 1.83529739360072
474 1.83725933277523
475 1.83819883822836
476 1.83814259885546
477 1.83712122100898
478 1.8351689656087
479 1.8323234755951
480 1.8286254953469
481 1.82411858366912
482 1.81884882193714
483 1.81286451895349
484 1.80621591404053
485 1.7989548798515
486 1.79113462633723
487 1.78280940725449
488 1.77403423054688
489 1.76486457386842
490 1.75535610645651
491 1.74556441849246
492 1.73554475901722
493 1.72535178339562
494 1.71503931124668
495 1.70466009567852
496 1.69426560458745
497 1.68390581469913
498 1.67362901894856
499 1.66348164771339
500 1.65350810433321
501 1.64375061526621
502 1.63424909515375
503 1.62504102698415
504 1.61616135746902
505 1.60764240766959
506 1.59951379883622
507 1.59180239335332
508 1.58453225061281
509 1.57772459757336
510 1.5713978137005
511 1.56556742992267
512 1.56024614118329
513 1.55544383211624
514 1.55116761532443
515 1.54742188169661
516 1.54420836215736
517 1.5415262002093
518 1.53937203459437
519 1.53774009137331
520 1.53662228469899
521 1.53600832553975
522 1.53588583759348
523 1.53624047962224
524 1.53705607342977
525 1.53831473670117
526 1.53999701992431
527 1.54208204661718
528 1.54454765609278
529 1.54737054800459
530 1.5505264279303
531 1.55399015326877
532 1.55773587874591
533 1.56173720084839
534 1.56596730052985
535 1.57039908356247
536 1.5750053179368
537 1.57975876774529
538 1.5846323230186
539 1.58959912501912
540 1.59463268653312
541 1.59970700674031
542 1.60479668027853
543 1.60987700016032
544 1.61492405423797
545 1.61991481495353
546 1.6248272221502
547 1.62964025876146
548 1.63433401923372
549 1.63888977057728
550 1.64329000597867
551 1.64751849094499
552 1.65156030198719
553 1.65540185788465
554 1.65903094360751
555 1.66243672700564
556 1.66560976840459
557 1.6685420232781
558 1.67122683819473
559 1.67365894026217
560 1.67583442031696
561 1.6777507101296
562 1.67940655391542
563 1.6808019744597
564 1.68193823418207
565 1.68281779147917
566 1.68344425269705
567 1.68382232009459
568 1.68395773616763
569 1.6838572247095
570 1.68352842898775
571 1.68297984741901
572 1.6822207671245
573 1.68126119574686
574 1.68011179190591
575 1.67878379466587
576 1.67728895237997
577 1.67563945127028
578 1.67384784409097
579 1.67192697921221
580 1.6698899304496
581 1.66774992795089
582 1.66552029043685
583 1.66321435907803
584 1.66084543327257
585 1.65842670857325
586 1.65597121699414
587 1.65349176990885
588 1.65100090373373
589 1.64851082857006
590 1.64603337996002
591 1.64357997389159
592 1.64116156516816
593 1.63878860923878
594 1.63647102756584
595 1.63421817658775
596 1.63203882031508
597 1.62994110658061
598 1.62793254694517
599 1.62602000024422
600 1.62420965974268
601 1.62250704384995
602 1.62091699033086
603 1.61944365393433
604 1.61809050734691
605 1.61686034536596
606 1.61575529217464
607 1.61477681158994
608 1.6139257201447
609 1.61320220285509
610 1.61260583151718
611 1.61213558536833
612 1.6117898739434
613 1.61156656195029
614 1.6114629959848
615 1.61147603290194
616 1.61160206965816
617 1.6118370744377
618 1.61217661887585
619 1.61261591119233
620 1.61314983004928
621 1.61377295895077
622 1.61447962100333
623 1.61526391386112
624 1.61611974468374
625 1.6170408649396
626 1.61802090489403
627 1.61905340762725
628 1.62013186243455
629 1.6212497374684
630 1.62240051148991
631 1.62357770460561
632 1.62477490787389
633 1.62598581167444
634 1.62720423274313
635 1.62842413978411
636 1.62963967758035
637 1.6308451895334
638 1.63203523857264
639 1.63320462638408
640 1.6343484109181
641 1.63546192214493
642 1.63654077603618
643 1.6375808867596
644 1.63857847708334
645 1.63953008699439
646 1.64043258054454
647 1.64128315094498
648 1.6420793239385
649 1.64281895948555
650 1.64350025180722
651 1.64412172783503
652 1.64468224412314
653 1.64518098228439
654 1.64561744301682
655 1.64599143879187
656 1.64630308527966
657 1.64655279159073
658 1.64674124941641
659 1.6468694211532
660 1.64693852709847
661 1.64695003180663
662 1.64690562969639
663 1.64680723000025
664 1.64665694114794
665 1.64645705467539
666 1.64621002875028
667 1.64591847140417
668 1.64558512356023
669 1.64521284194325
670 1.64480458195729
671 1.64436338061315
672 1.64389233958575
673 1.64339460847798
674 1.64287336836447
675 1.64233181568534
676 1.64177314655574
677 1.64120054155347
678 1.64061715104261
679 1.64002608108667
680 1.63943038000055
681 1.6388330255859
682 1.63823691309
683 1.63764484392341
684 1.63705951516723
685 1.63648350989583
686 1.63591928833651
687 1.63536917988262
688 1.63483537597244
689 1.63431992384129
690 1.63382472115017
691 1.63335151149
692 1.63290188075602
693 1.63247725438348
694 1.63207889543147
695 1.63170790349824
696 1.63136521444807
697 1.63105160092619
698 1.63076767363545
699 1.63051388334551
700 1.63029052360274
701 1.63009773410664
702 1.62993550471643
703 1.62980368004967
704 1.62970196463292
705 1.62962992856325
706 1.62958701363806
707 1.62957253990979
708 1.62958571262144
709 1.62962562947828
710 1.6296912882109
711 1.62978159438475
712 1.62989536941146
713 1.63003135871772
714 1.63018824002793
715 1.63036463171782
716 1.63055910119704
717 1.63077017327991
718 1.63099633850486
719 1.63123606136447
720 1.63148778840965
721 1.63174995619311
722 1.63202099901929
723 1.63229935646964
724 1.63258348067418
725 1.63287184330257
726 1.63316294224974
727 1.63345530799362
728 1.63374750960461
729 1.63403816038877
730 1.63432592314893
731 1.63460951505029
732 1.63488771207939
733 1.6351593530875
734 1.63542334341176
735 1.6356786580698
736 1.63592434452542
737 1.63615952502521
738 1.63638339850812
739 1.63659524209173
740 1.63679441214103
741 1.63698034492733
742 1.63715255688659
743 1.63731064448812
744 1.637454283726
745 1.63758322924734
746 1.63769731313226
747 1.63779644334221
748 1.63788060185402
749 1.63794984249801
750 1.63800428851965
751 1.63804412988455
752 1.63806962034763
753 1.63808107430736
754 1.63807886346681
755 1.6380634133231
756 1.6380351995073
757 1.63799474399663
758 1.63794261122105
759 1.63787940408582
760 1.6378057599316
761 1.63772234645328
762 1.63762985759814
763 1.6375290094635
764 1.63742053621355
765 1.63730518603402
766 1.63718371714304
767 1.63705689387521
768 1.63692548285559
769 1.6367902492789
770 1.63665195330853
771 1.63651134660888
772 1.63636916902347
773 1.63622614541027
774 1.6360829826444
775 1.63594036679763
776 1.63579896050256
777 1.63565940050839
778 1.63552229543437
779 1.63538822372527
780 1.63525773181278
781 1.63513133248512
782 1.6350095034665
783 1.63489268620659
784 1.63478128487962
785 1.63467566559138
786 1.63457615579157
787 1.63448304388818
788 1.63439657905945
789 1.63431697125842
790 1.63424439140419
791 1.6341789717532
792 1.63412080644344
793 1.63406995220366
794 1.63402642921923
795 1.63399022214572
796 1.63396128126093
797 1.63393952374572
798 1.63392483508346
799 1.63391707056809
800 1.79156605691005
801 1.80642159392964
802 1.82143345632702
803 1.83645139551807
804 1.85147514152546
805 1.86650440491407
806 1.88153887876047
807 1.89657824064572
808 1.91162215466154
809 1.92667027341983
810 1.94094807768341
811 1.9538178844035
812 1.96538264382565
813 1.97571812212906
814 1.98488033086206
815 1.99291003760457
816 1.9998362735525
817 2.00567905941348
818 2.0104515227138
819 2.0141615413354
820 2.01681681991642
821 2.01843177881193
822 2.01902896267481
823 2.01863706417612
824 2.01728953529147
825 2.01502361124342
826 2.01187962896828
827 2.00790055413933
828 2.00313165450024
829 1.99762027469542
830 1.9914156618801
831 1.98456877678144
832 1.97713205548779
833 1.96915913416015
834 1.96070455854459
835 1.95182349149377
836 1.94257142607168
837 1.93300390819385
838 1.92317627049347
839 1.91314337775043
840 1.90295938355154
841 1.89267749783785
842 1.8823497654354
843 1.8720268561133
844 1.86175786691626
845 1.85159013752104
846 1.84156907927205
847 1.83173801841973
848 1.82213805394909
849 1.81280793026301
850 1.80378392488009
851 1.79509975122157
852 1.78678647648804
853 1.77887245456008
854 1.77138327379141
855 1.76434171949916
856 1.75776775089205
857 1.75167849211607
858 1.74608823703817
859 1.7410084673335
860 1.73644788339014
861 1.73241244749829
862 1.72890543874813
863 1.72592751902156
864 1.723476809429
865 1.72154897651192
866 1.72013732750571
867 1.71923291393571
868 1.7188246428012
869 1.71889939458868
870 1.71944214734602
871 1.72043610604331
872 1.72186283644469
873 1.72370240271708
874 1.72593350800773
875 1.72853363723125
876 1.73147920131954
877 1.73474568220348
878 1.73830777781413
879 1.74213954641239
880 1.7462145495805
881 1.75050599323513
882 1.75498686605083
883 1.75963007471333
884 1.76440857545486
885 1.76929550135827
886 1.77426428495202
887 1.77928877565543
888 1.7843433516712
889 1.78940302596101
890 1.79444354597928
891 1.7994414868796
892 1.80437433794828
893 1.80922058205898
894 1.81395976798205
895 1.81857257542123
896 1.82304087268867
897 1.82734776696746
898 1.83147764714709
899 1.83541621925362
900 1.83915053453057
901 1.84266901026009
902 1.84596144344567
903 1.84901901750793
904 1.85183430217402
905 1.85440124676753
906 1.85671516713163
907 1.8587727264408
908 1.86057191017829
909 1.86211199557558
910 1.86339351582765
911 1.86441821941308
912 1.86518902486141
913 1.8657099713214
914 1.86598616529329
915 1.86602372389506
916 1.86582971503826
917 1.86541209489218
918 1.86477964301656
919 1.86394189554252
920 1.86290907677931
921 1.86169202962038
922 1.86030214511664
923 1.85875129157779
924 1.8570517435535
925 1.8552161110365
926 1.85325726921799
927 1.85118828911308
928 1.84902236936039
929 1.84677276948482
930 1.84445274489702
931 1.84207548388637
932 1.83965404684701
933 1.83720130795851
934 1.83472989952456
935 1.83225215915382
936 1.8297800799484
937 1.82732526384578
938 1.82489887824062
939 1.82251161599344
940 1.8201736589139
941 1.81789464478694
942 1.81568363799134
943 1.81354910374146
944 1.8114988859649
945 1.80954018881098
946 1.80767956176784
947 1.80592288834944
948 1.80427537829809
949 1.8027415632326
950 1.80132529565843
951 1.8000297512423
952 1.79885743424129
953 1.79781018596487
954 1.79688919613735
955 1.79609501701868
956 1.79542758013241
957 1.79488621544215
958 1.7944696728107
959 1.7941761455704
960 1.79400329602832
961 1.79394828272606
962 1.79400778927096
963 1.79417805455388
964 1.79445490416732
965 1.79483378283788
966 1.79530978768782
967 1.79587770214207
968 1.79653203029961
969 1.79726703159149
970 1.79807675555156
971 1.79895507653106
972 1.79989572819331
973 1.80089233763098
974 1.80193845895483
975 1.80302760621003
976 1.80415328548377
977 1.80530902607565
978 1.80648841061103
979 1.80768510398588
980 1.80889288104083
981 1.81010565287119
982 1.81131749168902
983 1.81252265416291
984 1.81371560317039
985 1.81489102790773
986 1.81604386231108
987 1.81716930175264
988 1.81826281798461
989 1.81932017231304
990 1.82033742699252
991 1.82131095484151
992 1.8222374470866
993 1.82311391945196
994 1.82393771651846
995 1.82470651438412
996 1.82541832166484
997 1.82607147888107
998 1.8266646562823
999 1.82719685016724
1000 1.82766737776281
1001 1.82807587073022
1002 1.8284222673706
1003 1.82870680360699
1004 1.82893000282258
1005 1.8290926646385
1006 1.8291958527168
1007 1.82924088167614
1008 1.82922930320972
1009 1.82916289149557
1010 1.82904362799024
1011 1.82887368569718
1012 1.8286554130004
1013 1.82839131715387
1014 1.8280840475157
1015 1.82773637861449
1016 1.82735119313394
1017 1.82693146489895
1018 1.82648024194434
1019 1.82600062974431
1020 1.82549577467761
1021 1.82496884779995
1022 1.8244230289918
1023 1.82386149154542
1024 1.82328738725142
1025 1.82270383204058
1026 1.82211389223244
1027 1.82152057143786
1028 1.82092679815792
1029 1.82033541411714
1030 1.81974916336433
1031 1.81917068216958
1032 1.8186024897414
1033 1.81804697978328
1034 1.8175064129044
1035 1.81698290989474
1036 1.81647844587026
1037 1.81599484528974
1038 1.81553377784049
1039 1.81509675518608
1040 1.81468512856554
1041 1.81430008722942
1042 1.81394265769497
1043 1.81361370379891
1044 1.81331392752343
1045 1.81304387056797
1046 1.81280391663665
1047 1.81259429440875
1048 1.81241508115729
1049 1.81226620697888
1050 1.812147459596
1051 1.8120584896916
1052 1.8119988167344
1053 1.81196783525217
1054 1.81196482150958
1055 1.81198894054656
1056 1.81203925353259
1057 1.81211472539242
1058 1.81221423265858
1059 1.81233657150641
1060 1.81248046592779
1061 1.81264457600052
1062 1.81282750621088
1063 1.81302781378829
1064 1.81324401701195
1065 1.81347460345063
1066 1.81371803809865
1067 1.81397277137223
1068 1.81423724693238
1069 1.81450990930256
1070 1.81478921125073
1071 1.81507362090807
1072 1.81536162859834
1073 1.81565175335409
1074 1.81594254909832
1075 1.81623261047219
1076 1.81652057829189
1077 1.81680514461984
1078 1.8170850574378
1079 1.81735912491175
1080 1.81762621924069
1081 1.81788528008344
1082 1.81813531756025
1083 1.81837541482751
1084 1.81860473022656
1085 1.81882249900905
1086 1.81902803464369
1087 1.81922072971073
1088 1.81940005639249
1089 1.81956556656993
1090 1.81971689153662
1091 1.81985374134325
1092 1.81997590378691
1093 1.82008324306076
1094 1.82017569808091
1095 1.82025328050817
1096 1.8203160724834
1097 1.82036422409605
1098 1.82039795060582
1099 1.82041752943841
1100 1.82042329697638
1101 1.82041564516665
1102 1.82039501796641
1103 1.82036190764927
1104 1.82031685099338
1105 1.82026042537348
1106 1.82019324477811
1107 1.82011595577354
1108 1.82002923343502
1109 1.8199337772658
1110 1.8198303071238
1111 1.81971955917498
1112 1.81960228189194
1113 1.81947923211542
1114 1.81935117119554
1115 1.8192188612288
1116 1.81908306140569
1117 1.81894452448316
1118 1.81880399339477
1119 1.81866219801067
1120 1.81851985205807
1121 1.8183776502122
1122 1.81823626536632
1123 1.81809634608834
1124 1.81795851427064
1125 1.81782336297817
1126 1.81769145449926
1127 1.81756331860227
1128 1.81743945099993
1129 1.81732031202259
1130 1.81720632550032
1131 1.81709787785268
1132 1.81699531738443
1133 1.81689895378406
1134 1.81680905782153
1135 1.81672586124055
1136 1.81664955683993
1137 1.81658029873804
1138 1.81651820281339
1139 1.81646334731403
1140 1.81641577362754
1141 1.81637548720337
1142 1.81634245861818
1143 1.81631662477498
1144 1.81629789022629
1145 1.81628612861106
1146 1.81628118419532
1147 1.81628287350589
1148 1.81629098704652
1149 1.81630529108601
1150 1.8163255295073
1151 1.81635142570715
1152 1.81638268453559
1153 1.81641899426488
1154 1.81646002857763
1155 1.81650544856401
1156 1.81655490471827
1157 1.81660803892512
1158 1.81666448642682
1159 1.81672387776211
1160 1.81678584066867
1161 1.81685000194124
1162 1.81691598923764
1163 1.81698343282599
1164 1.81705196726638
1165 1.81712123302097
1166 1.81719087798718
1167 1.8172605589489
1168 1.81732994294118
1169 1.81739870852487
1170 1.81746654696744
1171 1.81753316332756
1172 1.81759827744103
1173 1.81766162480638
1174 1.81772295736894
1175 1.81778204420287
1176 1.81783867209078
1177 1.8178926460015
1178 1.81794378946668
1179 1.81799194485754
1180 1.81803697356353
1181 1.81807875607492
1182 1.81811719197197
1183 1.81815219982347
1184 1.81818371699798
1185 1.81821169939115
1186 1.81823612107322
1187 1.81825697386057
1188 1.81827426681577
1189 1.81828802568074
1190 1.81829829224758
1191 1.81830512367217
1192 1.81830859173536
1193 1.81830878205697
1194 1.81830579326776
1195 1.81829973614458
1196 1.81829073271389
1197 1.81827891532898
1198 1.81826442572599
1199 1.81824741406395
1200 1.81822803795378
