1 2
2 2
3 2
4 2
5 2
6 2
7 2
8 2
9 2
10 2
11 2
12 2
13 2
14 2
15 2
16 2
17 2
18 2
19 2
20 2
21 2
22 2
23 2
24 2
25 2
26 2
27 2
28 2
29 2
30 2
31 2
32 2
33 2
34 2
35 2
36 2
37 2
38 2
39 2
40 2
41 2
42 2
43 2
44 2
45 2
46 2
47 2
48 2
49 2
50 2
51 2
52 2
53 2
54 2
55 2
56 2
57 2
58 2
59 2
60 2
61 2
62 2
63 2
64 2
65 2
66 2
67 2
68 2
69 2
70 2
71 2
72 2
73 2
74 2
75 2
76 2
77 2
78 2
79 2
80 2
81 2
82 2
83 2
84 2
85 2
86 2
87 2
88 2
89 2
90 2
91 2
92 2
93 2
94 2
95 2
96 2
97 2
98 2
99 2
100 2
101 2
102 2
103 2
104 2
105 2
106 2
107 2
108 2
109 2
110 2
111 2
112 2
113 2
114 2
115 2
116 2
117 2
118 2
119 2
120 2
121 2
122 2
123 2
124 2
125 2
126 2
127 2
128 2
129 2
130 2
131 2
132 2
133 2
134 2
135 2
136 2
137 2
138 2
139 2
140 2
141 2
142 2
143 2
144 2
145 2
146 2
147 2
148 2
149 2
150 2
151 2
152 2
153 2
154 2
155 2
156 2
157 2
158 2
159 2
160 2
161 2
162 2
163 2
164 2
165 2
166 2
167 2
168 2
169 2
170 2
171 2
172 2
173 2
174 2
175 2
176 2
177 2
178 2
179 2
180 2
181 2
182 2
183 2
184 2
185 2
186 2
187 2
188 2
189 2
190 2
191 2
192 2
193 2
194 2
195 2
196 2
197 2
198 2
199 2
200 2
201 2.06710070957712
202 2.12467819278585
203 2.17395099066171
204 2.21598897020429
205 2.25173122997039
206 2.28200180474335
207 2.30752345648098
208 2.32892979731059
209 2.34677595567234
210 2.36154796757064
211 2.37367105028413
212 2.38351689501074
213 2.39141009714262
214 2.39763382765649
215 2.40243483604534
216 2.40602786396467
217 2.40859953903562
218 2.41031180980921
219 2.41130497555585
220 2.41170035814451
221 2.41160265768197
222 2.41110202868328
223 2.41027590924599
224 2.40919063192184
225 2.40790284165427
226 2.40646074321882
227 2.40490519801803
228 2.40327068779801
229 2.40158616083628
230 2.39987577436451
231 2.39815954541052
232 2.39645392084481
233 2.39477227617832
234 2.39312535156011
235 2.39152163245133
236 2.38996768158959
237 2.38846842809358
238 2.38702741888055
239 2.38564703696877
240 2.38432869070479
241 2.38307297748375
242 2.38187982511288
243 2.38074861359795
244 2.37967827980459
245 2.37866740715557
246 2.37771430226808
247 2.37681706020744
248 2.37597361983205
249 2.37518181052638
250 2.37443939146128
251 2.37374408438163
252 2.37309360079837
253 2.37248566435364
254 2.37191802903153
255 2.3713884938029
256 2.37089491421795
257 2.37043521139484
258 2.3700073787947
259 2.36960948712284
260 2.36923968765101
261 2.36889621421666
262 2.36857738412052
263 2.3682815981137
264 2.36800733963915
265 2.36775317346915
266 2.36751774386016
267 2.36729977232909
268 2.36709805513913
269 2.36691146057045
270 2.36673892603894
271 2.3665794551164
272 2.36643211449678
273 2.36629603094522
274 2.36617038826054
275 2.36605442427589
276 2.3659474279175
277 2.36584873633749
278 2.36575773213298
279 2.36567384066075
280 2.36559652745444
281 2.36552529574862
282 2.36545968411286
283 2.36539926419694
284 2.36534363858731
285 2.36529243877405
286 2.36524532322634
287 2.3652019755743
288 2.36516210289402
289 2.36512543409269
290 2.36509171839014
291 2.36506072389281
292 2.36503223625652
293 2.36500605743367
294 2.364982004501
295 2.36495990856379
296 2.3649396137325
297 2.36492097616795
298 2.36490386319114
299 2.36488815245406
300 2.36487373116788
301 2.36486049538502
302 2.36484834933186
303 2.36483720478879
304 2.36482698051477
305 2.36481760171338
306 2.36480899953763
307 2.36480111063108
308 2.36479387670266
309 2.36478724413308
310 2.36478116361044
311 2.36477558979323
312 2.36477048099867
313 2.36476579891454
314 2.36476150833306
315 2.36475757690495
316 2.36475397674948
317 2.36475068363006
318 2.36474767628066
319 2.36474493585751
320 2.36474244549455
321 2.36474018994455
322 2.36473815529079
323 2.36473632871648
324 2.36473469832146
325 2.36473325297722
326 2.36473198221296
327 2.36473087612657
328 2.36472992531547
329 2.36472912082331
330 2.36472845409892
331 2.36472791696496
332 2.36472750159394
333 2.36472720048972
334 2.36472700647326
335 2.36472691267121
336 2.36472691250672
337 2.36472699969148
338 2.36472716821874
339 2.36472741235666
340 2.36472772664189
341 2.36472810587304
342 2.36472854510398
343 2.36472903963686
344 2.36472958501475
345 2.36473017701403
346 2.36473081163632
347 2.36473148510023
348 2.36473219383271
349 2.36473293446031
350 2.36473370380012
351 2.36473449885066
352 2.36473531678268
353 2.36473615492989
354 2.36473701077974
355 2.3647378819642
356 2.36473876625063
357 2.36473966153283
358 2.36474056582209
359 2.36474147723857
360 2.36474239400267
361 2.36474331442673
362 2.36474423690686
363 2.36474515991493
364 2.36474608199076
365 2.36474700173451
366 2.36474791779918
367 2.36474882888322
368 2.36474973372323
369 2.36475063108673
370 2.36475151976485
371 2.36475239856493
372 2.36475326630294
373 2.36475412179552
374 2.36475496385162
375 2.36475579126341
376 2.36475660279623
377 2.36475739717736
378 2.36475817308315
379 2.36475892912929
380 2.36475966387508
381 2.3647603758527
382 2.36476106363368
383 2.36476172590539
384 2.36476236152298
385 2.36476296954197
386 2.36476354923575
387 2.36476410010148
388 2.36476462185734
389 2.36476511443342
390 2.36476557795809
391 2.36476592249648
392 2.36476608831007
393 2.36476603927186
394 2.36476575746778
395 2.36476523879217
396 2.3647644893744
397 2.36476352269873
398 2.36476235730061
399 2.36476101494103
400 2.23055810002144
401 2.11540150867717
402 2.01685418293007
403 1.93277641209889
404 1.86129002116489
405 1.80074696112572
406 1.74970172690436
407 1.70688711125219
408 1.67119287242415
409 1.64164695169036
410 1.61739892596993
411 1.59770542262325
412 1.58191725900435
413 1.56946809979565
414 1.55986445126706
415 1.55267683410947
416 1.54753199595402
417 1.54410604156639
418 1.5421183733859
419 1.54132634787932
420 1.54152056436764
421 1.54252071278274
422 1.54417191540905
423 1.54634150522231
424 1.54891619008901
425 1.55179955795246
426 1.55490988330291
427 1.55817819979715
428 1.56154660792961
429 1.56496679022735
430 1.56839870960132
431 1.57180946928327
432 1.57517231525596
433 1.57846576427905
434 1.58167284255886
435 1.58478042183403
436 1.58777864117765
437 1.59066040417101
438 1.59342094230523
439 1.59605743653115
440 1.59856868982147
441 1.60095484444504
442 1.60321713839386
443 1.6053576960594
444 1.60737934883606
445 1.60928548184384
446 1.61107990341766
447 1.61276673441368
448 1.61435031473913
449 1.61583512482732
450 1.61722572005777
451 1.61852667636736
452 1.61974254551541
453 1.62087781865732
454 1.6219368970503
455 1.62292406886351
456 1.62384349119639
457 1.62469917652412
458 1.62549498289109
459 1.62623460726218
460 1.62692158152037
461 1.62755927066789
462 1.62815087284838
463 1.62869942086071
464 1.6292077848808
465 1.62967867614889
466 1.63011465141428
467 1.63051811796093
468 1.63089133906376
469 1.63123643974877
470 1.63155541275052
471 1.63185012457781
472 1.63212232161363
473 1.63237363618857
474 1.632605592578
475 1.63281961288303
476 1.63301702276365
477 1.63319905699937
478 1.6333668648586
479 1.63352151526352
480 1.63366400174075
481 1.63379524715259
482 1.63391610820578
483 1.6340273797378
484 1.63412979878253
485 1.63422404841856
486 1.63431076140518
487 1.63439052361175
488 1.63446387724709
489 1.63453132389612
490 1.63459332737143
491 1.63465031638766
492 1.63470268706671
493 1.63475080528209
494 1.63479500885031
495 1.63483560957741
496 1.63487289516851
497 1.63490713100801
498 1.63493856181788
499 1.63496741320121
500 1.63499389307797
501 1.63501819301963
502 1.63504048948882
503 1.63506094499035
504 1.63507970913906
505 1.63509691965008
506 1.63511270325668
507 1.63512717656055
508 1.63514044681905
509 1.63515261267385
510 1.6351637648251
511 1.63517398665466
512 1.63518335480244
513 1.63519193969871
514 1.63519980605596
515 1.63520700964886
516 1.63521359896308
517 1.63521961654246
518 1.63522510008566
519 1.63523008333533
520 1.6352345967958
521 1.63523866830987
522 1.6352423235199
523 1.63524558623448
524 1.63524847871843
525 1.63525102192068
526 1.63525323565238
527 1.63525513872516
528 1.63525674905787
529 1.63525808375862
530 1.63525915918749
531 1.63525999100464
532 1.63526059420713
533 1.63526098315764
534 1.63526117160712
535 1.63526117271336
536 1.63526099905678
537 1.63526066265452
538 1.63526017497368
539 1.63525954694418
540 1.63525878897186
541 1.63525791095187
542 1.63525692228265
543 1.63525583188064
544 1.63525464819557
545 1.6352533792265
546 1.63525203253843
547 1.63525061527953
548 1.63524913419871
549 1.63524759566367
550 1.63524600567914
551 1.63524436990534
552 1.63524269367645
553 1.63524098201911
554 1.63523923967086
555 1.63523747109832
556 1.63523568051527
557 1.63523387190033
558 1.63523204901443
559 1.63523021541787
560 1.63522837448707
561 1.63522652943087
562 1.63522468330653
563 1.63522283903532
564 1.63522099941785
565 1.63521916714901
566 1.63521734483273
567 1.63521553499659
568 1.63521374010635
569 1.63521196258049
570 1.63521020480506
571 1.63520846914882
572 1.63520675797915
573 1.63520507367881
574 1.63520341866413
575 1.63520179540504
576 1.63520020644757
577 1.63519865443962
578 1.63519714215038
579 1.63519567246179
580 1.63519424831001
581 1.63519287255262
582 1.63519154781565
583 1.63519027638973
584 1.63518906016492
585 1.63518790059567
586 1.63518679868896
587 1.63518575500972
588 1.63518476969909
589 1.6351838425016
590 1.63518315328817
591 1.63518282153687
592 1.63518291950264
593 1.63518348301438
594 1.63518452028401
595 1.6351860190532
596 1.63518795235372
597 1.63519028311475
598 1.63519296781425
599 1.63519595934065
600 1.63519920920497
601 1.63520266922098
602 1.6352062927522
603 1.63521003560831
604 1.63521385665989
605 1.63521771822893
606 1.63522158630255
607 1.63522543060935
608 1.63522922459053
609 1.6352329452924
610 1.63523657320154
611 1.6352400920403
612 1.63524348853616
613 1.63524675217636
614 1.6352498749563
615 1.63525285112835
616 1.63525567695628
617 1.63525835047904
618 1.63526087128651
619 1.63526324030903
620 1.63526545962198
621 1.63526753226575
622 1.63526946208141
623 1.6352712535618
624 1.63527291171766
625 1.63527444195809
626 1.63527584998463
627 1.63527714169815
628 1.63527832311756
629 1.63527940030957
630 1.6352803793284
631 1.63528126616474
632 1.63528206670294
633 1.63528278668563
634 1.63528343168508
635 1.63528400708036
636 1.63528451803987
637 1.63528496950835
638 1.63528536619795
639 1.63528571258273
640 1.63528601289621
641 1.63528627113137
642 1.63528649104283
643 1.63528667615086
644 1.63528682974679
645 1.63528695489959
646 1.63528705446352
647 1.63528713108634
648 1.63528718721816
649 1.63528722512058
650 1.63528724687617
651 1.6352872543979
652 1.63528724943871
653 1.63528723360091
654 1.63528720834546
655 1.63528717500103
656 1.63528713477278
657 1.63528708875089
658 1.63528703791869
659 1.63528698316051
660 1.63528692526915
661 1.63528686495291
662 1.63528680284237
663 1.63528673949672
664 1.63528667540967
665 1.63528661101514
666 1.63528654669244
667 1.63528648277121
668 1.63528641953599
669 1.63528635723043
670 1.6352862960613
671 1.63528623620206
672 1.6352861777963
673 1.63528612096082
674 1.63528606578848
675 1.63528601235083
676 1.63528596070053
677 1.63528591087355
678 1.63528586289116
679 1.63528581676174
680 1.63528577248251
681 1.63528573004096
682 1.63528568941624
683 1.63528565058041
684 1.63528561349951
685 1.63528557813457
686 1.6352855444425
687 1.6352855123769
688 1.63528548188871
689 1.63528545292692
690 1.63528542543904
691 1.63528539937165
692 1.63528537467079
693 1.63528535128237
694 1.63528532915244
695 1.63528530822752
696 1.63528528845481
697 1.6352852697824
698 1.63528525215945
699 1.6352852355363
700 1.63528521986461
701 1.63528520509747
702 1.63528519118942
703 1.63528517809654
704 1.63528516577647
705 1.63528515418847
706 1.6352851432934
707 1.63528513305377
708 1.63528512343375
709 1.63528511439914
710 1.63528510591735
711 1.63528509795742
712 1.63528509048993
713 1.63528508348702
714 1.63528507692228
715 1.63528507077075
716 1.63528506500884
717 1.63528505961429
718 1.63528505456609
719 1.63528504984444
720 1.63528504543068
721 1.63528504130723
722 1.63528503745754
723 1.63528503386601
724 1.63528503051798
725 1.63528502739962
726 1.63528502449794
727 1.63528502180067
728 1.63528501929628
729 1.6352850169739
730 1.63528501482327
731 1.63528501283474
732 1.63528501099921
733 1.63528500930807
734 1.63528500775321
735 1.63528500632698
736 1.63528500502214
737 1.63528500383186
738 1.63528500274966
739 1.63528500176943
740 1.6352850008854
741 1.63528500009208
742 1.63528499938429
743 1.63528499875711
744 1.6352849982059
745 1.63528499772623
746 1.63528499731393
747 1.63528499696501
748 1.63528499667571
749 1.63528499644246
750 1.63528499626185
751 1.63528499613066
752 1.63528499604581
753 1.6352849960044
754 1.63528499600363
755 1.63528499604087
756 1.63528499611361
757 1.63528499621944
758 1.63528499635608
759 1.63528499652136
760 1.63528499671318
761 1.63528499692957
762 1.63528499716861
763 1.63528499742849
764 1.63528499770747
765 1.63528499800386
766 1.63528499831606
767 1.63528499864252
768 1.63528499898174
769 1.63528499933228
770 1.63528499969274
771 1.63528500006175
772 1.63528500043801
773 1.63528500082022
774 1.63528500120715
775 1.63528500159757
776 1.63528500199031
777 1.63528500238425
778 1.63528500277829
779 1.63528500317137
780 1.63528500356225
781 1.63528500394938
782 1.63528500433088
783 1.63528500470454
784 1.63528500506794
785 1.63528500541849
786 1.63528500575355
787 1.6352850060705
788 1.63528500636682
789 1.63528500664016
790 1.63528500688841
791 1.63528500710973
792 1.6352850073026
793 1.63528500746582
794 1.63528500759853
795 1.6352850077002
796 1.63528500777064
797 1.63528500780997
798 1.6352850078186
799 1.63528500779722
800 1.66883536253532
801 1.69762410406128
802 1.7222605028942
803 1.74327949253536
804 1.76115062226478
805 1.77628590947582
806 1.7890467351492
807 1.79974990535039
808 1.80867298430133
809 1.81605899000608
810 1.82212053110582
811 1.8270434532013
812 1.8309900539904
813 1.83410191896314
814 1.83650242286769
815 1.83829893653333
816 1.83958477377212
817 1.84044090886093
818 1.84093749143628
819 1.84113518243384
820 1.84108633190809
821 1.84083601711755
822 1.8404229571119
823 1.83988031816784
824 1.83923642275777
825 1.83851537327013
826 1.8377376004067
827 1.83692034504102
828 1.83607808131224
829 1.8352228878365
830 1.83436477312797
831 1.83351196062208
832 1.83267113807443
833 1.83184767555962
834 1.83104581580827
835 1.83026884018915
836 1.82951921326156
837 1.82879870848403
838 1.82810851736556
839 1.82744934407929
840 1.82682148732261
841 1.82622491099894
842 1.82565930511094
843 1.82512413809121
844 1.82461870165089
845 1.82414214909831
846 1.8236935279659
847 1.82327180768258
848 1.82287590294033
849 1.8225046933243
850 1.82215703970665
851 1.82183179784262
852 1.82152782955299
853 1.82124401182955
854 1.82097924415749
855 1.82073245431165
856 1.82050260285087
857 1.82028868650549
858 1.82008974062793
859 1.81990484085383
860 1.81973310410173
861 1.81957368902177
862 1.81942579598932
863 1.81928866672567
864 1.81916158361676
865 1.81904386879068
866 1.8189348830057
867 1.81883402439327
868 1.81874072709333
869 1.81865445981368
870 1.81857472434009
871 1.81850105401942
872 1.81843301223411
873 1.81837019088348
874 1.81831220888398
875 1.81825871069864
876 1.81820936490344
877 1.81816386279684
878 1.81812191705716
879 1.81808326045114
880 1.818047644596
881 1.81801483877648
882 1.81798462881738
883 1.81795681601189
884 1.817931216105
885 1.81790765833125
886 1.81788598450565
887 1.81786604816622
888 1.81784771376653
889 1.81783085591642
890 1.81781535866912
891 1.8178011148525
892 1.81778802544274
893 1.81777599897817
894 1.81776495101143
895 1.81775480359772
896 1.81774548481743
897 1.81773692833106
898 1.81772907296458
899 1.81772186232356
900 1.81771524443422
901 1.81770917140972
902 1.81770359914025
903 1.81769848700529
904 1.81769379760662
905 1.81768949652074
906 1.81768555206942
907 1.81768193510714
908 1.81767861882422
909 1.81767557856473
910 1.81767279165792
911 1.81767023726237
912 1.81766789622199
913 1.81766575093289
914 1.81766378522041
915 1.81766198514421
916 1.81766033858597
917 1.8176588349127
918 1.81765746470249
919 1.81765621952233
920 1.8176550917486
921 1.81765407442294
922 1.81765316113696
923 1.81765234594057
924 1.81765162326952
925 1.81765098788842
926 1.8176504348462
927 1.81764995944159
928 1.8176495571964
929 1.81764922383506
930 1.8176489552689
931 1.81764874758416
932 1.81764859703278
933 1.81764850002525
934 1.81764845312489
935 1.81764845304327
936 1.81764849663625
937 1.81764858090044
938 1.81764870296993
939 1.81764886011305
940 1.8176490497291
941 1.81764926934502
942 1.81764951661187
943 1.81764978930122
944 1.81765008530123
945 1.81765040261272
946 1.817650739345
947 1.81765109371154
948 1.81765146402562
949 1.81765184869579
950 1.8176522462213
951 1.81765265518754
952 1.81765307426136
953 1.81765350218647
954 1.81765393777888
955 1.81765437992225
956 1.8176548275635
957 1.81765527970826
958 1.81765573541662
959 1.81765619379878
960 1.81765665401091
961 1.81765711525106
962 1.81765757675516
963 1.81765803779314
964 1.81765849766507
965 1.81765895569745
966 1.81765941123951
967 1.81765986365954
968 1.81766031234131
969 1.81766075668039
970 1.81766119608043
971 1.81766162994943
972 1.81766205769572
973 1.81766247872376
974 1.81766289242963
975 1.81766329819602
976 1.81766369538656
977 1.81766408333943
978 1.81766446136246
979 1.81766482873532
980 1.81766518472409
981 1.81766552861454
982 1.81766585975035
983 1.8176661775591
984 1.81766648156855
985 1.81766677141539
986 1.8176670468482
987 1.81766730772608
988 1.81766755401408
989 1.81766778577636
990 1.81766795804551
991 1.81766804095226
992 1.81766801643311
993 1.81766787553102
994 1.81766761619317
995 1.81766724148425
996 1.81766675814637
997 1.81766617544727
998 1.81766550426745
999 1.81766475638474
1000 1.81766394392131
1001 1.81766307892359
1002 1.81766217305056
1003 1.81766123734964
1004 1.81766028210299
1005 1.81765931672992
1006 1.81765834973343
1007 1.81765738868115
1008 1.81765644021255
1009 1.81765551006582
1010 1.81765460311908
1011 1.81765372344152
1012 1.81765287435104
1013 1.81765205847559
1014 1.81765127781614
1015 1.81765053380937
1016 1.81764982738915
1017 1.81764915904556
1018 1.81764852888095
1019 1.81764793666258
1020 1.81764738187146
1021 1.81764686374734
1022 1.81764638132984
1023 1.81764593349564
1024 1.81764551899194
1025 1.81764513646639
1026 1.81764478449352
1027 1.81764446159804
1028 1.81764416627517
1029 1.81764389700818
1030 1.81764365228347
1031 1.81764343060335
1032 1.81764323049671
1033 1.81764305052786
1034 1.81764288930373
1035 1.81764274547955
1036 1.81764261776323
1037 1.81764250491858
1038 1.81764240576758
1039 1.81764231919173
1040 1.81764224413266
1041 1.81764217959217
1042 1.8176421246316
1043 1.81764207837093
1044 1.81764203998735
1045 1.81764200871365
1046 1.81764198383628
1047 1.81764196469336
1048 1.81764195067238
1049 1.81764194120796
1050 1.81764193577952
1051 1.81764193390883
1052 1.81764193515769
1053 1.81764193912556
1054 1.81764194544724
1055 1.81764195379058
1056 1.81764196385432
1057 1.81764197536596
1058 1.81764198807969
1059 1.81764200177445
1060 1.81764201625207
1061 1.81764203133551
1062 1.81764204686714
1063 1.81764206270719
1064 1.81764207873226
1065 1.81764209483389
1066 1.81764211091727
1067 1.81764212690001
1068 1.81764214271101
1069 1.81764215828936
1070 1.81764217358338
1071 1.81764218854974
1072 1.81764220315254
1073 1.81764221736261
1074 1.81764223115674
1075 1.81764224451705
1076 1.81764225743039
1077 1.81764226988779
1078 1.81764228188394
1079 1.81764229341674
1080 1.81764230448691
1081 1.81764231509758
1082 1.81764232525397
1083 1.81764233496307
1084 1.81764234423339
1085 1.81764235307466
1086 1.81764236149766
1087 1.81764236951401
1088 1.81764237713597
1089 1.8176423843763
1090 1.81764239124812
1091 1.8176423977648
1092 1.81764240393983
1093 1.81764240978673
1094 1.81764241531899
1095 1.81764242054999
1096 1.81764242549293
1097 1.81764243016078
1098 1.81764243456626
1099 1.81764243872179
1100 1.81764244263946
1101 1.81764244633098
1102 1.81764244980774
1103 1.8176424530807
1104 1.81764245616046
1105 1.81764245905721
1106 1.81764246178073
1107 1.81764246434039
1108 1.81764246674515
1109 1.81764246900357
1110 1.81764247112379
1111 1.81764247311355
1112 1.8176424749802
1113 1.81764247673072
1114 1.8176424783717
1115 1.81764247990939
1116 1.81764248134967
1117 1.81764248269813
1118 1.81764248396
1119 1.81764248514024
1120 1.81764248624351
1121 1.81764248727422
1122 1.81764248823649
1123 1.81764248913423
1124 1.81764248997109
1125 1.81764249075055
1126 1.81764249147584
1127 1.81764249215003
1128 1.81764249277601
1129 1.8176424933565
1130 1.81764249389405
1131 1.81764249439108
1132 1.81764249484987
1133 1.81764249527256
1134 1.81764249566118
1135 1.81764249601766
1136 1.81764249634379
1137 1.81764249664129
1138 1.81764249691177
1139 1.81764249715676
1140 1.8176424973777
1141 1.81764249757597
1142 1.81764249775286
1143 1.81764249790961
1144 1.81764249804736
1145 1.81764249816723
1146 1.81764249827026
1147 1.81764249835745
1148 1.81764249842974
1149 1.81764249848802
1150 1.81764249853313
1151 1.8176424985659
1152 1.81764249858709
1153 1.81764249859741
1154 1.81764249859758
1155 1.81764249858825
1156 1.81764249857004
1157 1.81764249854357
1158 1.81764249850939
1159 1.81764249846806
1160 1.81764249842009
1161 1.81764249836598
1162 1.81764249830621
1163 1.81764249824123
1164 1.81764249817148
1165 1.81764249809737
1166 1.81764249801932
1167 1.8176424979377
1168 1.81764249785289
1169 1.81764249776525
1170 1.81764249767513
1171 1.81764249758288
1172 1.81764249748882
1173 1.81764249739326
1174 1.81764249729653
1175 1.81764249719893
1176 1.81764249710075
1177 1.81764249700226
1178 1.81764249690376
1179 1.81764249680549
1180 1.81764249670778
1181 1.817642496611
1182 1.81764249651563
1183 1.81764249642222
1184 1.81764249633138
1185 1.81764249624374
1186 1.81764249615999
1187 1.81764249608075
1188 1.81764249600668
1189 1.81764249593835
1190 1.8176424958763
1191 1.81764249582097
1192 1.81764249577276
1193 1.81764249573196
1194 1.81764249569879
1195 1.81764249567338
1196 1.81764249565577
1197 1.81764249564594
1198 1.81764249564379
1199 1.81764249564914
1200 1.81764249566176
