1 2
2 2
3 2
4 2
5 2
6 2
7 2
8 2
9 2
10 2
11 2
12 2
13 2
14 2
15 2
16 2
17 2
18 2
19 2
20 2
21 2
22 2
23 2
24 2
25 2
26 2
27 2
28 2
29 2
30 2.25
31 2.28523555555556
32 2.32079111111111
33 2.35634666666667
34 2.39190222222222
35 2.42745777777778
36 2.46301333333333
37 2.49856888888889
38 2.53412444444444
39 2.56968
40 2.60391912959556
41 2.63568337346678
42 2.6650181689224
43 2.69194362726184
44 2.71646321286046
45 2.73856801879175
46 2.75824006959423
47 2.77545486614889
48 2.7901833415612
49 2.8
50 2.8
51 2.8
52 2.8
53 2.8
54 2.79956799117124
55 2.79671413143959
56 2.79150503277505
57 2.7840180641347
58 2.77434057562038
59 2.76258188469158
60 2.74890773747597
61 2.73350343025381
62 2.71652491027753
63 2.69810473937265
64 2.67835899548438
65 2.6574030623693
66 2.63536123691517
67 2.61236485846345
68 2.58855067607026
69 2.56405933013755
70 2.53903367951813
71 2.51361702021163
72 2.48795163709503
73 2.46217782567316
74 2.43643323532306
75 2.41085236269329
76 2.38556604475471
77 2.36070091668438
78 2.33637885874164
79 2.31271645020769
80 2.28982444562964
81 2.267807287412
82 2.24676266535232
83 2.22678112809711
84 2.20794574698146
85 2.19033183056423
86 2.17400668795751
87 2.15902943973636
88 2.145450875794
89 2.13331335975717
90 2.12265077960101
91 2.11348854396235
92 2.10584362339825
93 2.09972463553653
94 2.09513197277683
95 2.09205797095218
96 2.09048711715904
97 2.09039629479554
98 2.09175506370329
99 2.09452597317862
100 2.09866490550219
101 2.10412144752969
102 2.1108392877928
103 2.11875663647849
104 2.12780666558902
105 2.13791796653413
106 2.14901502237267
107 2.16101869190132
108 2.17384670278525
109 2.18741415093611
110 2.20163400336955
111 2.21641760181355
112 2.23167516439271
113 2.24731628277978
114 2.26325041228422
115 2.27938735243788
116 2.29563771573928
117 2.31191338232909
118 2.32812793849053
119 2.34419709699779
120 2.36003909747252
121 2.37557508505269
122 2.39072946582788
123 2.40543023765004
124 2.41960929508772
125 2.43320270745405
126 2.44615096900323
127 2.45839922055598
128 2.46989744198061
129 2.48060061512246
130 2.49046885693837
131 2.49946752275578
132 2.50756727973489
133 2.51474415076827
134 2.52097952920315
135 2.52626016491791
136 2.53057812242389
137 2.53393071179772
138 2.53632039337562
139 2.53775465726031
140 2.53824587880202
141 2.53781115131777
142 2.53647209740677
143 2.53425466030423
144 2.53118887679142
145 2.52730863324516
146 2.52265140646602
147 2.51725799097056
148 2.51117221446917
149 2.50444064327754
150 2.49711227942632
151 2.48923825124062
152 2.4808714991584
153 2.47206645854499
154 2.46287874124025
155 2.45336481754514
156 2.44358170031677
157 2.43358663279471
158 2.42343678172821
159 2.41318893731274
160 2.40289922137724
161 2.39262280518969
162 2.38241363816929
163 2.37232418870914
164 2.36240519822417
165 2.35270544944633
166 2.34327154989199
167 2.33414773132774
168 2.32537566595861
169 2.31699429995969
170 2.30903970486754
171 2.30154494724273
172 2.29453997690985
173 2.28805153397705
174 2.28210307473361
175 2.2767147164226
176 2.27190320078593
177 2.2676818761825
178 2.26406069798585
179 2.26104624687783
180 2.25864176456812
181 2.25684720638733
182 2.255659310124
183 2.25507168040312
184 2.2550748878365
185 2.25565658211345
186 2.25680161814403
187 2.25849219431675
188 2.26070800188821
189 2.26342638448417
190 2.26662250665907
191 2.27026953043573
192 2.27433879872685
193 2.27880002452683
194 2.28362148475523
195 2.28877021763173
196 2.29421222246746
197 2.29991266076795
198 2.30583605755914
199 2.31194650186945
200 2.31820784532754
201 2.32458389786726
202 2.33103861956729
203 2.33753630769406
204 2.34404177806085
205 2.35052053986493
206 2.35693896321613
207 2.3632644386255
208 2.36946552778021
209 2.37551210499095
210 2.38137548876032
211 2.38702856298386
212 2.39244588736088
213 2.39760379665753
214 2.402480488531
215 2.40705609969036
216 2.41131277023542
217 2.41523469608103
218 2.41880816943883
219 2.42202160739207
220 2.42486556866145
221 2.4273327587198
222 2.42941802347194
223 2.43111833177177
224 2.43243274710179
225 2.43336238879081
226 2.43391038319284
227 2.43408180529425
228 2.43388361125733
229 2.43332456244524
230 2.4324151415071
231 2.43116746113186
232 2.42959516610538
233 2.42771332932738
234 2.42553834246303
235 2.42308780191824
236 2.4203803908379
237 2.41743575783275
238 2.41427439314323
239 2.41091750294711
240 2.40738688251302
241 2.40370478889329
242 2.39989381383748
243 2.39597675759263
244 2.39197650423765
245 2.38791589917764
246 2.38381762939958
247 2.37970410706349
248 2.37559735697383
249 2.37151890844385
250 2.36748969203185
251 2.36352994159259
252 2.35965910204964
253 2.35589574325603
254 2.35225748027066
255 2.34876090033712
256 2.34542149681049
257 2.34225361023555
258 2.33927037673827
259 2.33648368385005
260 2.33390413384275
261 2.33154101461122
262 2.32940227809939
263 2.32749452622631
264 2.32582300422985
265 2.3243916013083
266 2.32320285840427
267 2.32225798294057
268 2.32155687028529
269 2.32109813169232
270 2.32087912843466
271 2.32089601182125
272 2.32114376876318
273 2.32161627253313
274 2.32230633834171
275 2.32320578333691
276 2.32430549061773
277 2.32559547684036
278 2.32706496298522
279 2.32870244784548
280 2.33049578379233
281 2.33243225436983
282 2.33449865327163
283 2.33668136425388
284 2.33896644154329
285 2.34133969030549
286 2.34378674674802
287 2.34629315744266
288 2.34884445746509
289 2.35142624696395
290 2.35402426578826
291 2.3566244658199
292 2.35921308067719
293 2.36177669247695
294 2.3643022953638
295 2.3667773555392
296 2.36918986754647
297 2.37152840659286
298 2.37378217671535
299 2.37594105462285
300 2.37799562907357
301 2.37993723567305
302 2.38175798700481
303 2.38345079803207
304 2.38500940673513
305 2.38642838997513
306 2.38770317459987
307 2.38883004383272
308 2.38980613900905
309 2.39062945674844
310 2.39129884167256
311 2.39181397480043
312 2.3921753577723
313 2.39238429307255
314 2.39244286043958
315 2.39235388966654
316 2.3921209300121
317 2.39174821645303
318 2.39124063302299
319 2.39060367349152
320 2.38984339964643
321 2.38896639744956
322 2.38797973134195
323 2.38689089697782
324 2.38570777266992
325 2.38443856982908
326 2.38309178268063
327 2.38167613753817
328 2.38020054191141
329 2.37867403372026
330 2.37710573088097
331 2.37550478152234
332 2.37388031508184
333 2.37224139452119
334 2.37059696989012
335 2.36895583345535
336 2.36732657659879
337 2.36571754867554
338 2.36413681800775
339 2.36259213517582
340 2.36109089875241
341 2.35964012360934
342 2.35824641191068
343 2.35691592688923
344 2.35565436948656
345 2.35446695792004
346 2.35335841022375
347 2.35233292979316
348 2.3513941939473
349 2.35054534550561
350 2.34978898736115
351 2.34912718001625
352 2.34856144203156
353 2.34809275332565
354 2.34772156124794
355 2.34744778933514
356 2.34727084864912
357 2.34718965158216
358 2.3472026280056
359 2.34730774362748
360 2.34750252041631
361 2.34778405894012
362 2.34814906246271
363 2.34859386263361
364 2.34911444660256
365 2.34970648538596
366 2.35036536330931
367 2.35108620834797
368 2.35186392318719
369 2.35269321682265
370 2.35356863652344
371 2.35448459998121
372 2.35543542747201
373 2.35641537386078
374 2.35741866028295
375 2.35843950534274
376 2.35947215567344
377 2.36051091571202
378 2.36155017654706
379 2.36258444370731
380 2.36360836376628
381 2.36461674964725
382 2.36560460452212
383 2.36656714420768
384 2.36749981797206
385 2.36839832767511
386 2.36925864517632
387 2.37007702795459
388 2.37085003289477
389 2.37157452820655
390 2.37224770345169
391 2.37286707766621
392 2.37343050557448
393 2.3739361819022
394 2.37438264380523
395 2.37476877144072
396 2.37509378671646
397 2.37535725026281
398 2.37555905668064
399 2.37569942812601
400 2.12569942812601
401 2.05524775363629
402 1.98409718836244
403 1.91288916980913
404 1.84162540864597
405 1.77030787397838
406 1.69893877756223
407 1.62752055706758
408 1.55605585849962
409 1.48454751788728
410 1.41431538681978
411 1.34670693313813
412 1.2820042430636
413 1.22046399137607
414 1.2
415 1.2
416 1.2
417 1.2
418 1.2
419 1.2
420 1.2
421 1.2
422 1.2
423 1.2
424 1.2
425 1.2
426 1.2
427 1.2
428 1.2
429 1.20063521883732
430 1.20365666876564
431 1.20887234454479
432 1.21611626332903
433 1.2252435161173
434 1.23612637374947
435 1.24865121626475
436 1.26271610544734
437 1.27822886012327
438 1.29510552473061
439 1.31326580093024
440 1.33262037305901
441 1.35306525163491
442 1.37448608674056
443 1.39676142009753
444 1.41976514394273
445 1.44336836029107
446 1.46744078683352
447 1.49185181989815
448 1.51647133781307
449 1.54117032515363
450 1.5658214398736
451 1.59029962523935
452 1.61448276513094
453 1.63825233978939
454 1.66149405551982
455 1.68409843294471
456 1.70596134581865
457 1.72698450727231
458 1.74707590343822
459 1.76615017619197
460 1.784128957248
461 1.80094115520313
462 1.81652319615237
463 1.83081921796399
464 1.84378121822346
465 1.85536915601948
466 1.86555100801629
467 1.87430277955459
468 1.88160847180551
469 1.88746000624638
470 1.89185710792903
471 1.89480714917803
472 1.89632495550224
473 1.8964325756371
474 1.89515901776259
475 1.89253995406177
476 1.88861739589603
477 1.88343934197325
478 1.87705940197246
479 1.86953639816203
480 1.86093394760702
481 1.85132002760558
482 1.84076652702357
483 1.8293487862119
484 1.81714512819178
485 1.8042363837808
486 1.79070541330643
487 1.7766366275142
488 1.76211551022635
489 1.74722814524232
490 1.73206074989729
491 1.71669921760774
492 1.70122867163674
493 1.68573303220441
494 1.670294598954
495 1.65499365066004
496 1.63990806393445
497 1.62511295254893
498 1.61068032884898
499 1.59667878858747
500 1.58317322035358
501 1.57022454061887
502 1.55788945526521
503 1.54622024830133
504 1.5352645983165
505 1.52506542306175
506 1.51566075239246
507 1.50708362965137
508 1.49936204141941
509 1.49251887541332
510 1.48657190616519
511 1.48153380797983
512 1.47741219453275
513 1.47420968434369
514 1.47192399124054
515 1.4705480388148
516 1.47007009776386
517 1.47047394491799
518 1.4717390426602
519 1.47384073736675
520 1.47675047542408
521 1.48043603531567
522 1.48486177421855
523 1.48998888750563
524 1.49577567951493
525 1.50217784392189
526 1.50914875203493
527 1.51663974732739
528 1.52460044452173
529 1.53297903155266
530 1.54172257275576
531 1.55077731165607
532 1.56008897176738
533 1.56960305385638
534 1.57926512817693
535 1.58902112023734
536 1.5988175887277
537 1.60860199430447
538 1.61832295800467
539 1.62793050814267
540 1.63737631462713
541 1.64661390972421
542 1.65559889438513
543 1.66428912935057
544 1.67264491034128
545 1.68062912674272
546 1.68820740329082
547 1.69534822436609
548 1.70202304060331
549 1.70820635762325
550 1.71387580679158
551 1.71901219800654
552 1.72359955461212
553 1.72762513062565
554 1.73107941055786
555 1.73395609219005
556 1.73625205275473
557 1.73796729904478
558 1.73910490204987
559 1.73967091678799
560 1.73967428806419
561 1.73912674294765
562 1.73804267081156
563 1.73643899182862
564 1.73433501485695
565 1.7317522856878
566 1.72871442665713
567 1.72524696864751
568 1.72137717652586
569 1.71713386907505
570 1.71254723448459
571 1.70764864246671
572 1.70247045405961
573 1.69704583017003
574 1.69140853989146
575 1.68559276961437
576 1.67963293391916
577 1.67356348921238
578 1.66741875103262
579 1.66123271591325
580 1.65503888864709
581 1.64887011575163
582 1.64275842588423
583 1.63673487790418
584 1.630829417224
585 1.62507074103467
586 1.61948617293095
587 1.61410154740206
588 1.60894110459133
589 1.60402739566582
590 1.59938119907368
591 1.59502144790405
592 1.59096516850088
593 1.58722743041983
594 1.5838213077553
595 1.58075785180469
596 1.57804607497709
597 1.57569294579681
598 1.57370339479651
599 1.57208033104147
600 1.57082466897581
601 1.56993536523373
602 1.56940946501335
603 1.56924215756883
604 1.56942684033769
605 1.56995519118469
606 1.57081724821147
607 1.57200149655311
608 1.57349496155749
609 1.57528330772279
610 1.5773509427506
611 1.57968112605899
612 1.58225608108969
613 1.58505711073763
614 1.58806471522854
615 1.59125871177147
616 1.59461835531779
617 1.59812245976643
618 1.60174951896632
619 1.60547782688185
620 1.60928559630473
621 1.61315107551609
622 1.61705266232615
623 1.62096901494422
624 1.62487915916032
625 1.62876259134982
626 1.63259937684465
627 1.63637024324878
628 1.64005666831115
629 1.64364096200578
630 1.64710634250715
631 1.65043700578703
632 1.65361818859898
633 1.65663622465596
634 1.65947859384679
635 1.66213396437706
636 1.66459222775984
637 1.66684452662072
638 1.66888327532058
639 1.67070217343702
640 1.67229621218263
641 1.67366167387336
642 1.67479612459519
643 1.67569840024949
644 1.67636858618919
645 1.67680799068674
646 1.67701911250286
647 1.67700560285021
648 1.67677222206971
649 1.67632479135859
650 1.67567013990803
651 1.67481604782532
652 1.67377118522963
653 1.67254504792262
654 1.67114789004495
655 1.6695906541369
656 1.66788489902632
657 1.66604272596986
658 1.66407670347365
659 1.66199979121765
660 1.65982526350397
661 1.65756663264284
662 1.65523757268198
663 1.65285184387464
664 1.65042321826934
665 1.64796540679077
666 1.64549198816522
667 1.64301634002742
668 1.64055157252641
669 1.63811046472902
670 1.63570540409786
671 1.63334832929908
672 1.63105067657232
673 1.62882332987127
674 1.62667657495942
675 1.62462005762058
676 1.62266274611874
677 1.62081289801683
678 1.61907803143827
679 1.61746490083045
680 1.61597947726379
681 1.61462693327591
682 1.61341163224586
683 1.61233712225998
684 1.61140613440796
685 1.61062058542563
686 1.60998158457982
687 1.6094894446704
688 1.60914369700543
689 1.60894311018762
690 1.60888571253321
691 1.60896881792932
692 1.60918905492143
693 1.60954239881014
694 1.610024206525
695 1.61062925403339
696 1.61135177603418
697 1.61218550767902
698 1.61312372805868
699 1.6141593051883
700 1.6152847422227
701 1.61649222463231
702 1.61777366807073
703 1.6191207666668
704 1.62052504147761
705 1.62197788884335
706 1.62347062839083
707 1.62499455043985
708 1.62654096257455
709 1.62810123515159
710 1.62966684552706
711 1.63122942079562
712 1.63278077884728
713 1.63431296756041
714 1.63581830196292
715 1.63728939920812
716 1.63871921122615
717 1.64010105492724
718 1.64142863984859
719 1.64269609315235
720 1.64389798189791
721 1.64502933252815
722 1.64608564752471
723 1.64706291920369
724 1.64795764063854
725 1.64876681371257
726 1.64948795431839
727 1.65011909473654
728 1.65065878323954
729 1.65110608098138
730 1.65146055624555
731 1.65172227613714
732 1.65189179581609
733 1.65197014537983
734 1.65195881451362
735 1.651859735036
736 1.6516752614757
737 1.65140814982324
738 1.65106153460778
739 1.65063890445489
740 1.65014407628604
741 1.64958116832438
742 1.64895457207394
743 1.64826892344181
744 1.64752907317342
745 1.64674005677125
746 1.64590706406658
747 1.64503540861205
748 1.64413049706027
749 1.64319779869029
750 1.64224281523985
751 1.64127105119597
752 1.64028798469124
753 1.63929903914671
754 1.63830955579542
755 1.63732476721316
756 1.63634977197516
757 1.63538951054887
758 1.6344487425243
759 1.6335320252741
760 1.63264369412623
761 1.63178784412212
762 1.63096831342365
763 1.63018866842194
764 1.62945219059117
765 1.6287618651202
766 1.62812037134497
767 1.6275300749946
768 1.62699302225412
769 1.62651093563742
770 1.62608521165423
771 1.62571692024611
772 1.62540680595746
773 1.62515529079915
774 1.62496247875437
775 1.6248281618685
776 1.62475182785805
777 1.62473266916654
778 1.62476959338953
779 1.6248612349851
780 1.62500596818118
781 1.62520192098666
782 1.62544699020928
783 1.62573885738001
784 1.62607500548108
785 1.62645273637242
786 1.6268691888102
787 1.62732135694985
788 1.62780610922585
789 1.62832020750093
790 1.62886032637781
791 1.62942307256828
792 1.6300050042163
793 1.63060265007387
794 1.63121252843192
795 1.63183116571102
796 1.63245511462124
797 1.63308097180423
798 1.6337053948751
799 1.63432511878692
800 1.80398586033434
801 1.82220455517415
802 1.84056937174609
803 1.85891750203881
804 1.87724628470748
805 1.89555321605571
806 1.91383595995632
807 1.93209235668086
808 1.9503204306139
809 1.96851839683478
810 1.98579450517239
811 2.00139671324099
812 2.01541170986292
813 2.02790030043021
814 2.03890486600763
815 2.04845372417826
816 2.05656451362129
817 2.06324681784325
818 2.06850419660567
819 2.07233575632079
820 2.07474204898234
821 2.07573342155233
822 2.07533187316466
823 2.07356877857052
824 2.07048324706435
825 2.06612093075002
826 2.0605331570567
827 2.05377629390634
828 2.04591128074485
829 2.03700327696803
830 2.02712136807714
831 2.01633824717664
832 2.00472982600975
833 1.9923747898279
834 1.97935412392271
835 1.96575062938286
836 1.95164843884238
837 1.93713253850719
838 1.92228829985672
839 1.90720102260338
840 1.89195548952823
841 1.87663553371716
842 1.86132361926385
843 1.84610043708978
844 1.83104451779805
845 1.81623186347302
846 1.80173560019402
847 1.7876256528266
848 1.77396844343506
849 1.76082661444965
850 1.74825877753191
851 1.73631928891271
852 1.72505805182338
853 1.71452034649147
854 1.70474668802492
855 1.69577271235849
856 1.68762909028666
857 1.68034146945791
858 1.67393044405918
859 1.66841155177716
860 1.66379529748659
861 1.66008720298507
862 1.65728788197024
863 1.65539313933848
864 1.65439409377484
865 1.65427732250277
866 1.65502502696825
867 1.65661521814844
868 1.65902192009818
869 1.6622153902806
870 1.66616235516943
871 1.6708262595617
872 1.67616752799959
873 1.68214383666957
874 1.68871039412595
875 1.69582022917335
876 1.70342448424014
877 1.71147271258023
878 1.71991317765531
879 1.72869315307239
880 1.73775922148255
881 1.74705757088541
882 1.75653428683016
883 1.7661356390569
884 1.77580836118199
885 1.78549992209676
886 1.79515878782053
887 1.80473467262551
888 1.81417877833246
889 1.82344402076127
890 1.83248524240978
891 1.84125941052606
892 1.84972579983383
893 1.85784615926728
894 1.8655848621692
895 1.87290903950509
896 1.87978869574486
897 1.88619680716243
898 1.89210940240153
899 1.89750562525284
900 1.90236777968243
901 1.90668135724448
902 1.91043504710131
903 1.91362072896096
904 1.91623344932608
905 1.91827138152799
906 1.91973577009511
907 1.92063086007648
908 1.92096381200723
909 1.92074460326464
910 1.91998591661915
911 1.91870301683593
912 1.91691361622755
913 1.91463773009772
914 1.91189752305014
915 1.90871714716397
916 1.90512257305969
917 1.90114141489527
918 1.89680275034262
919 1.89213693659932
920 1.88717542348906
921 1.8819505646979
922 1.87649542818131
923 1.87084360675983
924 1.86502902989867
925 1.85908577764001
926 1.85304789762474
927 1.84694922610469
928 1.84082321380667
929 1.83470275746581
930 1.82862003779888
931 1.82260636463813
932 1.81669202989341
933 1.81090616895505
934 1.80527663109259
935 1.7998298593456
936 1.79459078034211
937 1.78958270441887
938 1.78482723635555
939 1.78034419697217
940 1.77615155577683
941 1.77226537478857
942 1.76869976359823
943 1.76546684567027
944 1.76257673582827
945 1.76003752880989
946 1.7578552987203
947 1.7560341091596
948 1.754576033748
949 1.75348118672334
950 1.75274776323919
951 1.75237208894863
952 1.75234867841784
953 1.75267030187735
954 1.7533280597844
955 1.75431146463995
956 1.75560852947733
957 1.75720586241602
958 1.75908876665539
959 1.76124134526677
960 1.76364661013116
961 1.76628659436076
962 1.76914246753874
963 1.77219465311002
964 1.77542294725899
965 1.7788066386155
966 1.78232462814054
967 1.78595554855485
968 1.78967788269017
969 1.79347008016073
970 1.79731067177479
971 1.80117838112924
972 1.80505223285755
973 1.80891165702956
974 1.81273658923251
975 1.81650756589545
976 1.82020581445325
977 1.82381333798215
978 1.82731299397563
979 1.83068856696729
980 1.83392483474595
981 1.83700762794717
982 1.83992388284528
983 1.84266168720903
984 1.84521031912377
985 1.8475602787222
986 1.84970331280409
987 1.85163243236371
988 1.85334192308041
989 1.85482734886384
990 1.85608554858021
991 1.8571146261191
992 1.85791393399234
993 1.85848405068637
994 1.85882675201823
995 1.85894497677117
996 1.85884278691096
997 1.85852532270574
998 1.85799875309264
999 1.85727022165245
1000 1.85634778856887
1001 1.85524036896267
1002 1.85395766800164
1003 1.85251011319616
1004 1.85090878429636
1005 1.84916534121093
1006 1.84729195036902
1007 1.84530120994668
1008 1.8432060743757
1009 1.8410197785485
1010 1.83875576212519
1011 1.8364275943402
1012 1.83404889969471
1013 1.83163328490867
1014 1.82919426749141
1015 1.82674520627405
1016 1.82429923422938
1017 1.82186919388587
1018 1.81946757562248
1019 1.81710645910983
1020 1.81479745814094
1021 1.81255166907197
1022 1.81037962306972
1023 1.80829124233826
1024 1.80629580047278
1025 1.80440188706358
1026 1.80261737664841
1027 1.80094940208599
1028 1.79940433239924
1029 1.79798775511147
1030 1.79670446307536
1031 1.79555844577
1032 1.79455288501908
1033 1.7936901550602
1034 1.7929718268743
1035 1.79239867666334
1036 1.79197069834498
1037 1.7916871199144
1038 1.79154642350625
1039 1.79154636897355
1040 1.7916840207859
1041 1.79195577803544
1042 1.79235740732775
1043 1.79288407832352
1044 1.79353040168844
1045 1.79429046920055
1046 1.79515789575849
1047 1.79612586302924
1048 1.79718716447094
1049 1.79833425146422
1050 1.79955928028586
1051 1.80085415965893
1052 1.8022105986168
1053 1.80362015442166
1054 1.80507428028366
1055 1.80656437263304
1056 1.80808181770505
1057 1.80961803720628
1058 1.81116453284049
1059 1.81271292948296
1060 1.81425501680355
1061 1.81578278915133
1062 1.8172884835266
1063 1.81876461547986
1064 1.82020401279145
1065 1.82159984680065
1066 1.82294566126785
1067 1.82423539866907
1068 1.82546342383757
1069 1.82662454488332
1070 1.82771403133662
1071 1.82872762947819
1072 1.82966157483346
1073 1.83051260182446
1074 1.83127795058754
1075 1.83195537098029
1076 1.83254312381502
1077 1.83303997937029
1078 1.83344521324518
1079 1.83375859963355
1080 1.83398040210769
1081 1.834111362012
1082 1.83415268457784
1083 1.83410602288031
1084 1.83397345976677
1085 1.83375748789469
1086 1.83346098802382
1087 1.83308720571334
1088 1.8326397265807
1089 1.83212245028224
1090 1.83153956338001
1091 1.83089551126091
1092 1.83019496927626
1093 1.82944281327032
1094 1.82864408966605
1095 1.82780398527522
1096 1.82692779699781
1097 1.82602090157314
1098 1.82508872554101
1099 1.82413671556712
1100 1.82317030928184
1101 1.82219490677516
1102 1.82121584288501
1103 1.82023836040817
1104 1.8192675843562
1105 1.81830849737022
1106 1.81736591640021
1107 1.81644447074544
1108 1.81554858154342
1109 1.81468244278558
1110 1.81385000392771
1111 1.81305495415389
1112 1.81230070834221
1113 1.81159039477103
1114 1.8109268445941
1115 1.81031258310331
1116 1.80974982278784
1117 1.80924045818876
1118 1.80878606253881
1119 1.80838788616783
1120 1.80804685664536
1121 1.80776358062347
1122 1.80753834733448
1123 1.80737113369071
1124 1.8072616109258
1125 1.80720915271041
1126 1.80721284466876
1127 1.80727149521639
1128 1.8073836476346
1129 1.80754759329182
1130 1.80776138591831
1131 1.80802285683694
1132 1.80832963104951
1133 1.80867914407616
1134 1.809068659443
1135 1.80949528671232
1136 1.80995599994895
1137 1.810447656516
1138 1.81096701609422
1139 1.81151075981965
1140 1.8120755094364
1141 1.8126578463629
1142 1.81325433057299
1143 1.81386151919608
1144 1.81447598474402
1145 1.81509433287629
1146 1.81571321961946
1147 1.8163293679615
1148 1.8169395837462
1149 1.81754077079871
1150 1.81812994521826
1151 1.8187042487801
1152 1.81926096139446
1153 1.81979751257655
1154 1.82031149188773
1155 1.82080065831412
1156 1.82126294855542
1157 1.82169648420299
1158 1.82209957779241
1159 1.82247073772207
1160 1.82280867203566
1161 1.82311229107209
1162 1.8233807089927
1163 1.82361324420099
1164 1.8238094186759
1165 1.82396895624466
1166 1.82409177982673
1167 1.82417800768456
1168 1.82422794872185
1169 1.82424209687402
1170 1.82422112463936
1171 1.82416587580294
1172 1.82407735740857
1173 1.82395673103691
1174 1.82380530345005
1175 1.82362451666539
1176 1.82341593752297
1177 1.82318124681188
1178 1.82292222802236
1179 1.82264075579084
1180 1.82233878410507
1181 1.82201833433686
1182 1.82168148316903
1183 1.82133035048244
1184 1.82096708726802
1185 1.82059386362691
1186 1.82021285692026
1187 1.81982624012807
1188 1.81943617047419
1189 1.81904477837186
1190 1.81865415674156
1191 1.81826635074956
1192 1.8178833480128
1193 1.81750706931182
1194 1.8171393598503
1195 1.81678198109579
1196 1.81643660323271
1197 1.8161047982545
1198 1.81578803371814
1199 1.81548766718014
1200 1.81520494132913
