1 2
2 2
3 2
4 2
5 2
6 2
7 2
8 2
9 2
10 2
11 2
12 2
13 2
14 2
15 2
16 2
17 2
18 2
19 2
20 2
21 2
22 2
23 2
24 2
25 2
26 2
27 2
28 2
29 2
30 2.25
31 2.27245714285714
32 2.29531428571429
33 2.31817142857143
34 2.34102857142857
35 2.36388571428571
36 2.38674285714286
37 2.4096
38 2.43245714285714
39 2.45531428571429
40 2.47656792255
41 2.49496859610632
42 2.51085104470357
43 2.52447152408528
44 2.53602885089921
45 2.54567713631128
46 2.55353570528947
47 2.55969682139455
48 2.56423170226377
49 2.56719520371857
50 2.56863975180621
51 2.56863328644654
52 2.56726112519644
53 2.56461876031019
54 2.56080704586526
55 2.55592904025458
56 2.55008800626155
57 2.54338621013673
58 2.53592426311173
59 2.52780082322024
60 2.51911246338959
61 2.50995347443608
62 2.50041550132409
63 2.49058708415162
64 2.48055319694134
65 2.47039483272423
66 2.46018865600129
67 2.45000672737717
68 2.43991629610324
69 2.42997965180751
70 2.42025402547505
71 2.41079153138357
72 2.40163914496629
73 2.39283871425863
74 2.38442700367551
75 2.3764357688683
76 2.36889186099407
77 2.36181735824783
78 2.35522972212684
79 2.3491419756742
80 2.34356290088527
81 2.33849725251864
82 2.33394598567523
83 2.329906494647
84 2.32637286066334
85 2.32333610627582
86 2.32078445422645
87 2.31870358874802
88 2.31707691735365
89 2.31588583128851
90 2.31510996294112
91 2.31472743864141
92 2.31471512540764
93 2.31504887034049
94 2.31570373149868
95 2.31665419922583
96 2.31787440703071
97 2.31933833125363
98 2.32101997887762
99 2.32289356296661
100 2.32493366533062
101 2.3271153861318
102 2.32941448025313
103 2.33180748035405
104 2.33427180663327
105 2.33678586340928
106 2.33932912271178
107 2.34188219515407
108 2.34442688842604
109 2.34694625380993
110 2.34942462117743
111 2.35184762297542
112 2.35420220775038
113 2.3564766437975
114 2.35866051354994
115 2.36074469934739
116 2.36272136124056
117 2.36458390749998
118 2.36632695850454
119 2.36794630468608
120 2.36943885920373
121 2.37080260601365
122 2.37203654398842
123 2.37314062772465
124 2.37411570565899
125 2.37496345609037
126 2.37568632168238
127 2.37628744299247
128 2.37677059154597
129 2.37714010294244
130 2.3774008104499
131 2.37755797950973
132 2.37761724354116
133 2.37758454140031
134 2.37746605681423
135 2.37726816007609
136 2.37699735225382
137 2.37666021213049
138 2.37626334606225
139 2.37581334090754
140 2.37531672014995
141 2.37477990330784
142 2.37420916869475
143 2.37361061956801
144 2.37299015367692
145 2.37235343619821
146 2.37170587602385
147 2.37105260534575
148 2.37039846246288
149 2.36974797771906
150 2.36910536246436
151 2.36847450091905
152 2.36785894480737
153 2.36726191061769
154 2.36668627933725
155 2.36613459850249
156 2.36560908640036
157 2.36511163825217
158 2.36464383420875
159 2.36420694898439
160 2.36380196295731
161 2.36342957456504
162 2.36309021382595
163 2.362784056821
164 2.36251104097416
165 2.36227088097501
166 2.36206308519265
167 2.36188697243664
168 2.36174168892773
169 2.36162622534824
170 2.36153943385047
171 2.36148004490915
172 2.36144668391273
173 2.36143788739683
174 2.36145211883199
175 2.36148778388633
176 2.36154324509304
177 2.36161683586061
178 2.36170687377265
179 2.36181167313246
180 2.36192955671533
181 2.36205886669968
182 2.36219797475543
183 2.36234529127535
184 2.36249927374172
185 2.36265843422728
186 2.36282134603523
187 2.3629866494889
188 2.36315305688638
189 2.36331935664076
190 2.36348441663028
191 2.36364718678685
192 2.36380670095468
193 2.36396207805374
194 2.36411252258512
195 2.36425732451768
196 2.36439585859694
197 2.36452758311839
198 2.3646520382085
199 2.3647688436571
200 2.36487769634516
201 2.36497836731186
202 2.36507069850437
203 2.36515459925339
204 2.36523004251618
205 2.36529706092805
206 2.36535574270173
207 2.36540622741261
208 2.36544870170604
209 2.3654833949613
210 2.36551057494453
211 2.36553054348134
212 2.36554363217722
213 2.36555019821209
214 2.36555062023301
215 2.36554529436658
216 2.3655346303708
217 2.36551904794357
218 2.3654989732029
219 2.36547483535179
220 2.36544706353876
221 2.36541608392257
222 2.36538231694818
223 2.36534617483873
224 2.36530805930681
225 2.36526835948637
226 2.36522745008503
227 2.36518568975532
228 2.36514341968159
229 2.36510096237834
230 2.3650586206945
231 2.36501667701697
232 2.36497539266611
233 2.36493500747469
234 2.36489573954134
235 2.36485778514886
236 2.36482131883723
237 2.36478649362071
238 2.3647534413383
239 2.36472227312642
240 2.3646930800026
241 2.36466593354907
242 2.36464088668505
243 2.36461797451657
244 2.3645972152532
245 2.3645786111808
246 2.36456214968024
247 2.3645478042819
248 2.36453553574657
249 2.36452529316362
250 2.36451701505765
251 2.36451063049569
252 2.36450606018721
253 2.36450321756987
254 2.36450200987459
255 2.36450233916394
256 2.36450410333839
257 2.36450719710581
258 2.36451151290976
259 2.36451694181303
260 2.36452337433327
261 2.36453070122803
262 2.36453881422713
263 2.36454760671094
264 2.36455697433311
265 2.36456681558747
266 2.36457703231849
267 2.3645875301758
268 2.36459821901299
269 2.36460901323181
270 2.36461983207284
271 2.36463059985414
272 2.36464124615965
273 2.36465170597927
274 2.36466191980287
275 2.36467183367044
276 2.36468139918114
277 2.3646905734635
278 2.36469931910987
279 2.36470760407758
280 2.36471540155991
281 2.36472268982947
282 2.36472945205705
283 2.36473567610869
284 2.36474135432374
285 2.36474648327677
286 2.36475106352587
287 2.36475509935013
288 2.36475859847855
289 2.36476157181308
290 2.36476403314783
291 2.36476599888675
292 2.36476748776178
293 2.36476852055338
294 2.36476911981514
295 2.36476930960417
296 2.36476911521875
297 2.36476856294441
298 2.36476767980988
299 2.3647664933537
300 2.36476503140253
301 2.36476332186193
302 2.36476139252011
303 2.36475927086534
304 2.36475698391712
305 2.36475455807172
306 2.36475201896182
307 2.36474939133069
308 2.36474669892045
309 2.36474396437459
310 2.36474120915425
311 2.36473845346812
312 2.36473571621536
313 2.36473301494128
314 2.36473036580514
315 2.36472778355957
316 2.36472528154087
317 2.36472287166971
318 2.36472056446148
319 2.36471836904557
320 2.36471629319285
321 2.36471434335075
322 2.36471252468506
323 2.3647108411278
324 2.36470929543047
325 2.36470788922185
326 2.36470662306981
327 2.36470549654633
328 2.36470450829511
329 2.36470365610114
330 2.36470293696171
331 2.36470234715804
332 2.36470188232737
333 2.36470153753455
334 2.3647013073431
335 2.36470118588498
336 2.36470116692876
337 2.36470124394594
338 2.36470141017495
339 2.36470165868255
340 2.3647019824225
341 2.36470237429111
342 2.36470282717965
343 2.3647033340233
344 2.36470388784675
345 2.36470448180606
346 2.36470510922706
347 2.36470576363999
348 2.36470643881052
349 2.36470712876717
350 2.36470782782508
351 2.36470853060637
352 2.364709232057
353 2.36470992746031
354 2.36471061244747
355 2.36471128300473
356 2.36471193547789
357 2.36471256657394
358 2.36471317336014
359 2.36471375326074
360 2.36471430405137
361 2.36471482385148
362 2.36471531111491
363 2.36471576461867
364 2.36471618345043
365 2.3647165669945
366 2.36471691491682
367 2.36471722714894
368 2.36471750387125
369 2.36471774549556
370 2.36471795264726
371 2.36471812614717
372 2.3647182669932
373 2.36471837634204
374 2.36471845549092
375 2.36471850585959
376 2.36471852897264
377 2.36471852644227
378 2.36471849995152
379 2.3647184512382
380 2.36471838207937
381 2.36471829427667
382 2.36471818964238
383 2.3647180699863
384 2.36471793710352
385 2.3647177927631
386 2.36471763869766
387 2.36471747659384
388 2.36471730808376
389 2.3647171347374
390 2.36471695805588
391 2.36471677946564
392 2.36471660031351
393 2.36471642186272
394 2.36471624528962
395 2.36471607168129
396 2.3647159020339
397 2.36471573725178
398 2.36471557814722
399 2.36471542544086
400 2.11471542544086
401 2.06980100161762
402 2.02408658581757
403 1.97837217841028
404 1.93265777968386
405 1.88694338984824
406 1.84122900903886
407 1.79551463732053
408 1.74980027469163
409 1.70408592108839
410 1.65997508147643
411 1.61886125295025
412 1.580655601564
413 1.54529738620291
414 1.51274179383563
415 1.48295630065135
416 1.45591783883924
417 1.43161059536878
418 1.41002430278629
419 1.39115291300044
420 1.374983284223
421 1.36147835668504
422 1.35057466934165
423 1.34218880100705
424 1.3362221348966
425 1.33256441722216
426 1.33109641358865
427 1.33169189148021
428 1.33421910012959
429 1.33854187611862
430 1.34452053670319
431 1.35201278087166
432 1.36087471058461
433 1.37096192008898
434 1.38213057157008
435 1.39423841047223
436 1.4071456965339
437 1.42071604115816
438 1.43481715074786
439 1.44932148089359
440 1.46410680865856
441 1.4790567297179
442 1.49406108474624
443 1.5090163172869
444 1.52382576447562
445 1.53839988209512
446 1.55265640594697
447 1.56652045213228
448 1.57992455936942
449 1.59280867687578
450 1.60512010158449
451 1.61681336857987
452 1.62785009866268
453 1.63819880694351
454 1.64783467633697
455 1.65673929979664
456 1.66490039508865
457 1.67231149584543
458 1.67897162256593
459 1.68488493713283
460 1.69006038430122
461 1.69451132347834
462 1.69825515396415
463 1.70131293665917
464 1.70370901507327
465 1.70547063828827
466 1.70662758834038
467 1.70721181429724
468 1.70725707511015
469 1.70679859312646
470 1.7058727199511
471 1.70451661615143
472 1.70276794610744
473 1.70066458912035
474 1.69824436770866
475 1.69554479384223
476 1.6926028336929
477 1.68945469131553
478 1.68613561151619
479 1.68267970201638
480 1.67911977488199
481 1.67548720705612
482 1.67181181971382
483 1.66812177604631
484 1.66444349698107
485 1.66080159425328
486 1.65721882016317
487 1.65371603328232
488 1.65031217931076
489 1.64702428623436
490 1.64386747288938
491 1.64085497000697
492 1.63799815278508
493 1.63530658401803
494 1.63278806680471
495 1.6304487058539
496 1.62829297641049
497 1.62632379983703
498 1.6245426249023
499 1.62294951385119
500 1.62154323235705
501 1.62032134248984
502 1.61928029786865
503 1.61841554020635
504 1.61772159649588
505 1.61719217613198
506 1.61682026730855
507 1.61659823207933
508 1.61651789951875
509 1.61657065646922
510 1.61674753541088
511 1.61703929903976
512 1.61743652118972
513 1.61792966378208
514 1.61850914953466
515 1.61916543020835
516 1.6198890502142
517 1.62067070544742
518 1.62150129725584
519 1.62237198148974
520 1.62327421261712
521 1.6241997829232
522 1.62514085684532
523 1.62609000052464
524 1.62704020668303
525 1.62798491495893
526 1.62891802785814
527 1.6298339224953
528 1.63072745831947
529 1.63159398103187
530 1.63242932291652
531 1.6332297998148
532 1.63399220498268
533 1.63471380007547
534 1.63539230350854
535 1.63602587644417
536 1.63661310665507
537 1.63715299051288
538 1.63764491334701
539 1.6380886284143
540 1.63848423471379
541 1.63883215387361
542 1.63913310632874
543 1.63938808699877
544 1.63959834066483
545 1.63976533723389
546 1.63989074706728
547 1.63997641653807
548 1.64002434397009
549 1.64003665609846
550 1.64001558517906
551 1.63996344686157
552 1.639882618928
553 1.63977552098625
554 1.63964459519555
555 1.63949228808893
556 1.63932103354592
557 1.63913323695741
558 1.63893126061358
559 1.63871741033578
560 1.6384939233628
561 1.63826295749333
562 1.6380265814772
563 1.63778676664012
564 1.63754537971922
565 1.63730417687982
566 1.63706479887761
567 1.63682876732508
568 1.63659748201599
569 1.6363722192575
570 1.63615413115599
571 1.63594424579943
572 1.63574346827694
573 1.6355525824741
574 1.63537225358137
575 1.63520303125216
576 1.63504535334672
577 1.63489955019812
578 1.63476584933728
579 1.63464438061488
580 1.63453518165924
581 1.63443820361104
582 1.63435331707765
583 1.63428031825195
584 1.63421893514323
585 1.63416883386999
586 1.63412962496784
587 1.63410086966799
588 1.63408208610556
589 1.63407275541962
590 1.63407232771015
591 1.63408022782064
592 1.63409586091788
593 1.63411861784398
594 1.63414788021878
595 1.63418302527393
596 1.63422343040294
597 1.63426847741455
598 1.63431755647949
599 1.63437006976359
600 1.63442543474277
601 1.63448308719776
602 1.63454248388896
603 1.63460310491385
604 1.63466445575144
605 1.63472606900013
606 1.63478750581689
607 1.63484835706746
608 1.63490824419837
609 1.63496681984283
610 1.6350237681738
611 1.63507880501808
612 1.63513167774622
613 1.63518216495367
614 1.63523007594865
615 1.63527525006315
616 1.63531755580298
617 1.63535688985329
618 1.63539317595572
619 1.63542636367319
620 1.63545642705818
621 1.63548336323973
622 1.63550719094426
623 1.63552794896455
624 1.63554569459078
625 1.63556050201682
626 1.63557246073429
627 1.63558167392616
628 1.63558825687097
629 1.63559233536791
630 1.63559404419204
631 1.63559352558855
632 1.63559092781354
633 1.63558640372849
634 1.6355801094545
635 1.63557220309157
636 1.63556284350758
637 1.63555218920062
638 1.63554039723776
639 1.63552762227262
640 1.63551401564315
641 1.63549972455084
642 1.63548489132149
643 1.63546965274742
644 1.63545413951028
645 1.63543847568319
646 1.63542277831046
647 1.6354071570628
648 1.63539171396531
649 1.63537654319558
650 1.63536173094859
651 1.63534735536504
652 1.63533348651954
653 1.63532018646473
654 1.6353075093275
655 1.63529550145319
656 1.6352842015938
657 1.63527364113582
658 1.63526384436385
659 1.63525482875559
660 1.63524660530437
661 1.63523917886508
662 1.63523254851968
663 1.63522670795851
664 1.63522164587367
665 1.63521734636122
666 1.63521378932854
667 1.6352109509041
668 1.63520880384629
669 1.63520731794897
670 1.6352064604408
671 1.63520619637632
672 1.63520648901643
673 1.6352073001965
674 1.63520859068028
675 1.63521032049819
676 1.63521244926861
677 1.63521493650122
678 1.63521774188125
679 1.63522082553419
680 1.63522414827016
681 1.63522767180785
682 1.63523135897759
683 1.63523517390367
684 1.63523908216596
685 1.63524305094102
686 1.63524704912314
687 1.63525104742577
688 1.63525501846389
689 1.63525893681799
690 1.63526277908047
691 1.63526652388522
692 1.63527015192132
693 1.63527364593176
694 1.63527699069821
695 1.63528017301278
696 1.63528318163787
697 1.63528600725514
698 1.63528864240464
699 1.63529108141518
700 1.63529332032696
701 1.63529535680755
702 1.63529719006211
703 1.63529882073897
704 1.63530025083146
705 1.63530148357688
706 1.63530252335354
707 1.63530337557664
708 1.63530404659388
709 1.63530454358138
710 1.63530487444074
711 1.63530504769784
712 1.63530507240388
713 1.63530495803928
714 1.6353047144209
715 1.63530435161296
716 1.63530387984205
717 1.63530330941658
718 1.63530265065086
719 1.6353019137941
720 1.63530110896446
721 1.63530024608828
722 1.63529933484455
723 1.63529838461476
724 1.63529740443792
725 1.63529640297096
726 1.63529538845424
727 1.63529436868222
728 1.63529335097901
729 1.63529234217881
730 1.63529134861093
731 1.63529037608924
732 1.63528942990583
733 1.63528851482869
734 1.6352876351031
735 1.6352867944565
736 1.63528599610664
737 1.63528524277261
738 1.63528453668863
739 1.63528387962029
740 1.63528327288282
741 1.63528271736141
742 1.63528221353305
743 1.63528176148979
744 1.6352813609631
745 1.63528101134915
746 1.6352807117347
747 1.6352804609235
748 1.6352802574628
749 1.63528009967001
750 1.63527998565912
751 1.63527991336687
752 1.63527988057832
753 1.63527988495194
754 1.63527992404383
755 1.63527999533112
756 1.63528009623434
757 1.63528022413883
758 1.63528037641483
759 1.63528055043658
760 1.63528074359993
761 1.63528095333885
762 1.63528117714049
763 1.63528141255893
764 1.63528165722758
765 1.63528190887027
766 1.63528216531089
767 1.63528242448185
768 1.63528268443118
769 1.63528294332835
770 1.63528319946896
771 1.6352834512782
772 1.63528369731319
773 1.63528393626435
774 1.63528416695564
775 1.63528438834398
776 1.63528459951776
777 1.63528479969452
778 1.63528498821791
779 1.63528516455403
780 1.6352853282871
781 1.63528547911465
782 1.63528561684224
783 1.63528574137772
784 1.6352858527253
785 1.6352859509792
786 1.63528603631716
787 1.63528610899385
788 1.63528616933406
789 1.63528621772597
790 1.63528625461436
791 1.63528628049388
792 1.63528629590243
793 1.63528630141468
794 1.63528629763572
795 1.63528628519496
796 1.63528626474023
797 1.63528623693217
798 1.63528620243883
799 1.63528616193066
800 1.84120040179003
801 1.85242892267824
802 1.86385743953142
803 1.87528595298537
804 1.88671446365787
805 1.8981429721456
806 1.90957147902148
807 1.9209999848322
808 1.93242849009627
809 1.94385699530225
810 1.95396476171919
811 1.96176928516358
812 1.96762586430539
813 1.97180884608326
814 1.9745318319759
815 1.97596110970978
816 1.97622611679869
817 1.97542759086247
818 1.97364391807888
819 1.97093607808629
820 1.96735996685827
821 1.96298153840258
822 1.95787813934818
823 1.95213232963097
824 1.94582790269376
825 1.93904741459841
826 1.93187074924613
827 1.92437438218758
828 1.91663110410364
829 1.90871003653683
830 1.90067676968289
831 1.89259342799958
832 1.88451858341432
833 1.87650708125587
834 1.86860985924651
835 1.86087380007967
836 1.8533416340217
837 1.84605189400245
838 1.83903891818392
839 1.83233289158182
840 1.82595991768424
841 1.81994211273752
842 1.81429771835248
843 1.80904123046543
844 1.80418354366042
845 1.79973210989519
846 1.79569111036092
847 1.79206163884848
848 1.78884189473003
849 1.786027383539
850 1.78361112313783
851 1.78158385356555
852 1.77993424880659
853 1.77864912887571
854 1.77771367075113
855 1.77711161680677
856 1.77682547950017
857 1.77683674117376
858 1.77712604792676
859 1.77767339661743
860 1.77845831415998
861 1.77946002838636
862 1.78065762984897
863 1.78203022404386
864 1.78355707363439
865 1.78521773035163
866 1.78699215633991
867 1.78886083480299
868 1.79080486988901
869 1.79280607582968
870 1.79484705542184
871 1.79691126800651
872 1.79898308716245
873 1.80104784838749
874 1.80309188709181
875 1.80510256727261
876 1.80706830127929
877 1.80897856111285
878 1.81082388173223
879 1.81259585686446
880 1.81428712783426
881 1.81589136594342
882 1.81740324893951
883 1.8188184321194
884 1.82013351461391
885 1.82134600139768
886 1.8224542615623
887 1.82345748338104
888 1.82435562668157
889 1.82514937302778
890 1.82584007419407
891 1.82642969939606
892 1.82692078171993
893 1.82731636416928
894 1.82761994572385
895 1.82783542777886
896 1.82796706130695
897 1.82801939505774
898 1.82799722508224
899 1.82790554584191
900 1.82774950313407
901 1.82753434903819
902 1.82726539906028
903 1.82694799162611
904 1.82658745004805
905 1.82618904706538
906 1.82575797203366
907 1.8252993008159
908 1.82481796840607
909 1.82431874429509
910 1.8238062105698
911 1.82328474271737
912 1.82275849309085
913 1.82223137697638
914 1.82170706118821
915 1.82118895510579
916 1.82068020405537
917 1.82018368492942
918 1.81970200392827
919 1.81923749630183
920 1.81879222796311
921 1.8183679988409
922 1.81796634783584
923 1.81758855924165
924 1.81723567049246
925 1.81690848109709
926 1.81660756262195
927 1.8163332695861
928 1.81608575113473
929 1.81586496336041
930 1.81567068214583
931 1.81550251640607
932 1.81535992161394
933 1.81524221349727
934 1.81514858180327
935 1.81507810403131
936 1.81502975904217
937 1.81500244045867
938 1.81499496977928
939 1.81500610913381
940 1.81503457361692
941 1.81507904314251
942 1.81513817376885
943 1.81521060845147
944 1.81529498718711
945 1.81538995651908
946 1.81549417838019
947 1.81560633825593
948 1.81572515265605
949 1.81584937588834
950 1.81597780613353
951 1.81610929082519
952 1.81624273134283
953 1.81637708703075
954 1.81651137855893
955 1.81664469064563
956 1.81677617416459
957 1.81690504766227
958 1.81703059831326
959 1.81715218234355
960 1.81726922495357
961 1.81738121977389
962 1.81748772788767
963 1.81758837645478
964 1.81768285697277
965 1.81777092321032
966 1.81785238884842
967 1.81792712486464
968 1.8179950566949
969 1.81805616120671
970 1.81811046351684
971 1.81815803368535
972 1.81819898331659
973 1.81823346209649
974 1.81826165429407
975 1.81828377525339
976 1.8183000679005
977 1.81831079928855
978 1.81831625720199
979 1.81831674683948
980 1.818312587593
981 1.81830410993893
982 1.81829165245528
983 1.81827555897711
984 1.81825617590073
985 1.81823384964557
986 1.8182089242806
987 1.81818173932117
988 1.81815262770002
989 1.81812191391529
990 1.81808991235641
991 1.81805692580813
992 1.81802324413106
993 1.81798914311645
994 1.81795488351172
995 1.81792071021227
996 1.81788685161431
997 1.81785351912276
998 1.81782090680741
999 1.81778919120014
1000 1.81775853122539
1001 1.81772906825567
1002 1.81770092628374
1003 1.81767421220252
1004 1.81764901618393
1005 1.81762541214766
1006 1.81760345831069
1007 1.81758319780871
1008 1.81756465938042
1009 1.81754785810591
1010 1.81753279619068
1011 1.81751946378684
1012 1.81750783984349
1013 1.81749789297863
1014 1.81748958236508
1015 1.81748285862363
1016 1.81747766471666
1017 1.81747393683617
1018 1.81747160528051
1019 1.81747059531444
1020 1.81747082800791
1021 1.81747222104896
1022 1.81747468952706
1023 1.81747814668328
1024 1.81748250462447
1025 1.81748767499874
1026 1.81749356963025
1027 1.81750010111157
1028 1.81750718335224
1029 1.81751473208273
1030 1.8175226653132
1031 1.81753090374679
1032 1.81753937114773
1033 1.81754799466442
1034 1.81755670510855
1035 1.81756543719082
1036 1.81757412971477
1037 1.81758272572992
1038 1.81759117264598
1039 1.81759942230967
1040 1.81760743104625
1041 1.81761515966766
1042 1.81762257344941
1043 1.81762964207844
1044 1.81763633957406
1045 1.8176426441845
1046 1.81764853826112
1047 1.81765400811272
1048 1.81765904384226
1049 1.81766363916813
1050 1.81766779123233
1051 1.81767150039767
1052 1.81767477003604
1053 1.81767760630987
1054 1.81768001794868
1055 1.81768201602256
1056 1.8176836137143
1057 1.81768482609192
1058 1.81768566988302
1059 1.81768616325243
1060 1.81768632558452
1061 1.81768617727118
1062 1.81768573950679
1063 1.81768503409096
1064 1.81768408323995
1065 1.81768290940746
1066 1.81768153511551
1067 1.81767998279571
1068 1.81767827464162
1069 1.81767643247219
1070 1.81767447760671
1071 1.81767243075128
1072 1.81767031189689
1073 1.81766814022894
1074 1.81766593404823
1075 1.81766371070312
1076 1.81766148653257
1077 1.81765927681987
1078 1.81765709575653
1079 1.81765495641605
1080 1.81765287073703
1081 1.81765084951511
1082 1.81764890240332
1083 1.81764703792019
1084 1.81764526346514
1085 1.81764358534047
1086 1.81764200877949
1087 1.81764053798014
1088 1.81763917614348
1089 1.81763792551653
1090 1.81763678743887
1091 1.81763576239239
1092 1.81763485005371
1093 1.81763404934873
1094 1.8176333585087
1095 1.81763277512751
1096 1.81763229621951
1097 1.81763191827765
1098 1.81763163733133
1099 1.8176314490037
1100 1.81763134856804
1101 1.81763133100285
1102 1.81763139104535
1103 1.81763152324321
1104 1.81763172200423
1105 1.81763198164365
1106 1.81763229642913
1107 1.81763266062309
1108 1.81763306852235
1109 1.81763351449489
1110 1.81763399301386
1111 1.81763449868856
1112 1.8176350262925
1113 1.81763557078854
1114 1.81763612735108
1115 1.81763669138534
1116 1.81763725854386
1117 1.81763782474017
1118 1.81763838615985
1119 1.81763893926895
1120 1.81763948082
1121 1.81764000785559
1122 1.81764051770984
1123 1.81764100800765
1124 1.81764147666214
1125 1.81764192187018
1126 1.8176423421063
1127 1.81764273611512
1128 1.81764310290239
1129 1.81764344172484
1130 1.81764375207897
1131 1.81764403368892
1132 1.81764428649355
1133 1.81764451063296
1134 1.8176447064344
1135 1.81764487439792
1136 1.8176450151817
1137 1.81764512958728
1138 1.81764521854475
1139 1.81764528309802
1140 1.81764532439032
1141 1.81764534364988
1142 1.81764534217601
1143 1.81764532132559
1144 1.81764528250005
1145 1.81764522713286
1146 1.81764515667763
1147 1.81764507259688
1148 1.81764497635142
1149 1.81764486939046
1150 1.81764475314244
1151 1.81764462900662
1152 1.81764449834538
1153 1.81764436247725
1154 1.81764422267082
1155 1.81764408013919
1156 1.81764393603535
1157 1.81764379144816
1158 1.81764364739904
1159 1.8176435048394
1160 1.81764336464864
1161 1.81764322763281
1162 1.81764309452387
1163 1.81764296597949
1164 1.81764284258333
1165 1.81764272484593
1166 1.81764261320589
1167 1.81764250803158
1168 1.81764240962316
1169 1.81764231821497
1170 1.8176422339782
1171 1.81764215702381
1172 1.81764208740569
1173 1.81764202512398
1174 1.8176419701286
1175 1.81764192232282
1176 1.81764188156696
1177 1.81764184768215
1178 1.81764182045408
1179 1.81764179963678
1180 1.81764178495637
1181 1.81764177611474
1182 1.81764177279316
1183 1.81764177465579
1184 1.81764178135314
1185 1.81764179252529
1186 1.81764180780508
1187 1.81764182682105
1188 1.81764184920031
1189 1.81764187457114
1190 1.8176419025655
1191 1.81764193282129
1192 1.81764196498443
1193 1.8176419987108
1194 1.81764203366792
1195 1.81764206953648
1196 1.81764210601167
1197 1.81764214280433
1198 1.8176421796419
1199 1.81764221626924
1200 1.81764225244919
