1 0.8
2 0.8
3 0.8
4 0.8
5 0.8
6 0.8
7 0.8
8 0.8
9 0.8
10 0.8
11 0.8
12 0.8
13 0.8
14 0.8
15 0.8
16 0.8
17 0.8
18 0.8
19 0.8
20 0.8
21 0.8
22 0.8
23 0.8
24 0.8
25 0.8
26 0.8
27 0.8
28 0.8
29 0.8
30 0.8
31 0.8
32 0.8
33 0.8
34 0.8
35 0.8
36 0.8
37 0.8
38 0.8
39 0.8
40 0.8
41 0.8
42 0.8
43 0.8
44 0.8
45 0.8
46 0.8
47 0.8
48 0.8
49 0.8
50 0.8
51 0.8
52 0.8
53 0.8
54 0.8
55 0.8
56 0.8
57 0.8
58 0.8
59 0.8
60 0.8
61 0.8
62 0.8
63 0.8
64 0.8
65 0.8
66 0.8
67 0.8
68 0.8
69 0.8
70 0.8
71 0.8
72 0.8
73 0.8
74 0.8
75 0.8
76 0.8
77 0.8
78 0.8
79 0.8
80 0.8
81 0.8
82 0.8
83 0.8
84 0.8
85 0.8
86 0.8
87 0.8
88 0.8
89 0.8
90 0.8
91 0.8
92 0.8
93 0.8
94 0.8
95 0.8
96 0.8
97 0.8
98 0.8
99 0.8
100 0.8
101 0.8
102 0.8
103 0.8
104 0.8
105 0.8
106 0.8
107 0.8
108 0.8
109 0.8
110 0.8
111 0.8
112 0.8
113 0.8
114 0.8
115 0.8
116 0.8
117 0.8
118 0.8
119 0.8
120 0.8
121 0.8
122 0.8
123 0.8
124 0.8
125 0.8
126 0.8
127 0.8
128 0.8
129 0.8
130 0.8
131 0.8
132 0.8
133 0.8
134 0.8
135 0.8
136 0.8
137 0.8
138 0.8
139 0.8
140 0.8
141 0.8
142 0.8
143 0.8
144 0.8
145 0.8
146 0.8
147 0.8
148 0.8
149 0.8
150 0.8
151 0.8
152 0.8
153 0.8
154 0.8
155 0.8
156 0.8
157 0.8
158 0.8
159 0.8
160 0.8
161 0.8
162 0.8
163 0.8
164 0.8
165 0.8
166 0.8
167 0.8
168 0.8
169 0.8
170 0.8
171 0.8
172 0.8
173 0.8
174 0.8
175 0.8
176 0.8
177 0.8
178 0.8
179 0.8
180 0.8
181 0.8
182 0.8
183 0.8
184 0.8
185 0.8
186 0.8
187 0.8
188 0.8
189 0.8
190 0.8
191 0.8
192 0.8
193 0.8
194 0.8
195 0.8
196 0.8
197 0.8
198 0.8
199 0.8
200 0.8
201 0.8
202 0.8
203 0.8
204 0.8
205 0.8
206 0.8
207 0.8
208 0.8
209 0.8
210 0.8
211 0.800000052937416
212 0.800000245356108
213 0.800000639859123
214 0.800001280636164
215 0.800002197757674
216 0.800003410508768
217 0.800004929975762
218 0.800006761051054
219 0.800008903985393
220 0.800011355588067
221 0.800014110153262
222 0.800017160173546
223 0.800020496887936
224 0.800024110701479
225 0.800027991505118
226 0.800032128918222
227 0.800036512471197
228 0.80004113174174
229 0.800045976455267
230 0.800051036557718
231 0.800056302267112
232 0.8000617641088
233 0.800067412938255
234 0.800073239954393
235 0.800079236705723
236 0.800085395091127
237 0.800091707356648
238 0.800098166089357
239 0.800104764209124
240 0.80011149495892
241 0.800118351894142
242 0.800125328871327
243 0.800132420036528
244 0.800139619813586
245 0.800146922892422
246 0.800154324217496
247 0.800161818976506
248 0.800169402589377
249 0.800177070697602
250 0.800184819153946
251 0.800192644012531
252 0.800200541519319
253 0.800208508102984
254 0.800216540366175
255 0.800224635077159
256 0.800232789161846
257 0.800240999696172
258 0.800249263898829
259 0.800257579124349
260 0.800265942856496
261 0.800274352701984
262 0.800282806384492
263 0.80029130173896
264 0.800299836706165
265 0.80030840932756
266 0.800317017740357
267 0.800325660172851
268 0.800334334939973
269 0.800343040439054
270 0.800351775145803
271 0.800360537610473
272 0.800369326454218
273 0.800378140365627
274 0.800386978097428
275 0.80039583846335
276 0.800404720335142
277 0.800413622639735
278 0.800422544356544
279 0.8004314845149
280 0.800440442191612
281 0.80044941650864
282 0.800458406630892
283 0.800467411764121
284 0.800476431152927
285 0.80048546407886
286 0.800494509858606
287 0.800503567842279
288 0.800512637411774
289 0.800521717979224
290 0.800530808985513
291 0.800539909898873
292 0.800549020213547
293 0.800558139448515
294 0.800567267146284
295 0.80057640287174
296 0.800585546211052
297 0.800594696770628
298 0.80060385417613
299 0.800613018071529
300 0.800622188118213
301 0.800631363994128
302 0.800640545392978
303 0.800649732023445
304 0.800658923608464
305 0.800668119884519
306 0.800677320600986
307 0.8006865255195
308 0.800695734413354
309 0.800704947066932
310 0.800714163275165
311 0.800723382843013
312 0.800732605584979
313 0.800741831324638
314 0.800751059894196
315 0.800760291134067
316 0.80076952489247
317 0.80077876102505
318 0.800787999394514
319 0.800797239870283
320 0.800806482328168
321 0.800815726650053
322 0.800824972723602
323 0.800834220441973
324 0.800843469703552
325 0.800852720411695
326 0.800861972474485
327 0.800871225804505
328 0.800880480318611
329 0.800889735937728
330 0.800898992586651
331 0.800908250193851
332 0.800917508691302
333 0.800926768014305
334 0.800936028101325
335 0.800945288893839
336 0.800954550336187
337 0.800963812375434
338 0.800973074961232
339 0.800982338045699
340 0.800991601583295
341 0.801000865530708
342 0.801010129846747
343 0.801019394492234
344 0.801028659429911
345 0.801037924624342
346 0.801047190041824
347 0.801056455650305
348 0.801065721419303
349 0.801074987319824
350 0.801084253324296
351 0.801093519406497
352 0.801102785541485
353 0.801112051705544
354 0.801121317876114
355 0.801130584031743
356 0.801139850152027
357 0.801149116217562
358 0.801158382209894
359 0.801167648111472
360 0.801176913905606
361 0.801186179576421
362 0.80119544510882
363 0.801204710488448
364 0.80121397570165
365 0.801223240735441
366 0.801232505577471
367 0.801241770215998
368 0.801251034639852
369 0.801260298838412
370 0.801269562801577
371 0.801278826519741
372 0.801288089983769
373 0.801297353184975
374 0.801306616115096
375 0.801315878766276
376 0.801325141131044
377 0.801334403202297
378 0.801343664973276
379 0.801352926437558
380 0.801362187589033
381 0.801371448421891
382 0.801380708930608
383 0.80138996910993
384 0.801399228954863
385 0.801408488460655
386 0.801417747622791
387 0.801427006436975
388 0.801436264899124
389 0.801445523005356
390 0.801454780751978
391 0.801464038135481
392 0.801473295152527
393 0.801482551799943
394 0.801491808074712
395 0.801501063973966
396 0.801510319494979
397 0.801519574635158
398 0.801528829392039
399 0.801538083763279
400 0.801547337746651
401 0.801556591340037
402 0.801565844541424
403 0.801575097348901
404 0.801584349760648
405 0.801593601774935
406 0.801602853390121
407 0.801612104604643
408 0.801621355417016
409 0.80163060582583
410 0.801639749954911
411 0.801648614715265
412 0.801657074899585
413 0.801665042127318
414 0.801672456256478
415 0.801679278715801
416 0.801685487331664
417 0.801691072318335
418 0.801696033173421
419 0.801700376277502
420 0.801704113041401
421 0.801707258479216
422 0.801709830112188
423 0.801711847129533
424 0.801713329748709
425 0.801714298730359
426 0.801714775013078
427 0.801714779440912
428 0.801714332562497
429 0.801713454485447
430 0.801712164773244
431 0.801710482374732
432 0.801708425578532
433 0.801706011986403
434 0.801703258500936
435 0.801700181324
436 0.801696795963158
437 0.801693117243936
438 0.801689159326281
439 0.801684935723951
440 0.801680459325869
441 0.801675742418696
442 0.801670796710067
443 0.801665633352065
444 0.801660262964618
445 0.801654695658588
446 0.801648941058378
447 0.801643008323944
448 0.801636906172115
449 0.801630642897192
450 0.801624226390764
451 0.801617664160755
452 0.80161096334967
453 0.801604130752075
454 0.801597172831303
455 0.801590095735411
456 0.801582905312415
457 0.801575607124817
458 0.801568206463455
459 0.801560708360702
460 0.801553117603036
461 0.801545438743018
462 0.801537676110686
463 0.801529833824408
464 0.80152191580121
465 0.8015139257666
466 0.801505867263927
467 0.80149774366327
468 0.801489558169912
469 0.801481313832384
470 0.801473013550134
471 0.801464660080809
472 0.80145625604719
473 0.801447803943784
474 0.801439306143097
475 0.801430764901599
476 0.801422182365399
477 0.801413560575639
478 0.80140490147363
479 0.801396206905736
480 0.801387478628011
481 0.801378718310622
482 0.801369927542047
483 0.801361107833069
484 0.801352260620579
485 0.801343387271187
486 0.801334489084661
487 0.801325567297196
488 0.801316623084524
489 0.801307657564869
490 0.801298671801762
491 0.801289666806714
492 0.801280643541764
493 0.801271602921893
494 0.801262545817331
495 0.801253473055743
496 0.801244385424312
497 0.801235283671716
498 0.801226168510017
499 0.801217040616446
500 0.801207900635112
501 0.801198749178616
502 0.801189586829598
503 0.801180414142198
504 0.801171231643453
505 0.80116203983462
506 0.801152839192439
507 0.801143630170333
508 0.801134413199542
509 0.801125188690219
510 0.80111595703245
511 0.801106718597244
512 0.801097473737461
513 0.801088222788701
514 0.801078966070151
515 0.801069703885382
516 0.80106043652312
517 0.801051164257966
518 0.801041887351088
519 0.801032606050882
520 0.801023320593591
521 0.801014031203904
522 0.801004738095519
523 0.800995441471681
524 0.800986141525692
525 0.800976838441401
526 0.800967532393661
527 0.800958223548773
528 0.800948912064904
529 0.800939598092482
530 0.800930281774579
531 0.800920963247266
532 0.800911642639959
533 0.800902320075743
534 0.800892995671681
535 0.80088366953911
536 0.800874341783922
537 0.800865012506825
538 0.800855681803604
539 0.800846349765356
540 0.800837016478722
541 0.800827682026105
542 0.800818346485876
543 0.800809009932571
544 0.800799672437081
545 0.800790334066828
546 0.800780994885935
547 0.800771654955388
548 0.800762314333189
549 0.800752973074502
550 0.800743631231793
551 0.800734288854959
552 0.800724945991457
553 0.800715602686422
554 0.800706258982779
555 0.800696914921353
556 0.800687570540972
557 0.800678225878564
558 0.800668880969248
559 0.800659535846426
560 0.800650190541866
561 0.800640845085779
562 0.800631499506899
563 0.800622153832552
564 0.800612808088729
565 0.800603462300147
566 0.800594116490312
567 0.800584770681583
568 0.80057542489522
569 0.800566079151445
570 0.80055673346949
571 0.800547387867644
572 0.800538042363301
573 0.800528696973003
574 0.800519351712483
575 0.800510006596702
576 0.80050066163989
577 0.800491316855578
578 0.800481972256636
579 0.800472627855302
580 0.800463283663216
581 0.800453939691445
582 0.800444595950518
583 0.800435252450444
584 0.800425909200743
585 0.800416566210468
586 0.800407223488228
587 0.80039788104221
588 0.8003885388802
589 0.8003791970096
590 0.800369855437451
591 0.800360514170447
592 0.800351173214954
593 0.800341832577025
594 0.800332492262416
595 0.800323152276601
596 0.800313812624784
597 0.800304473311914
598 0.800295134342696
599 0.800285795721605
600 0.800276457452894
601 0.800267119540609
602 0.800257781988596
603 0.800248444800513
604 0.800239107979836
605 0.800229771529872
606 0.800220435453765
607 0.800211099754503
608 0.80020176443493
609 0.800192429497746
610 0.800183094945521
611 0.800173760780698
612 0.800164427005599
613 0.800155093622431
614 0.800145760633294
615 0.800136428040182
616 0.800127095844992
617 0.800117764049528
618 0.800108432655503
619 0.800099101664547
620 0.800089771078208
621 0.800080440897959
622 0.800071111125198
623 0.800061781761256
624 0.800052452807396
625 0.800043124264819
626 0.800033796134666
627 0.800024468418023
628 0.800015141115919
629 0.800005814229334
630 0.799996487759199
631 0.799987161706397
632 0.799977836071769
633 0.799968510856111
634 0.799959186060182
635 0.799949861684702
636 0.799940537730354
637 0.799931214197788
638 0.79992189108762
639 0.799912568400435
640 0.799903246136789
641 0.799893924297211
642 0.7998846028822
643 0.799875281892232
644 0.799865961327759
645 0.799856641189208
646 0.799847321476987
647 0.79983800219148
648 0.799828683333053
649 0.799819364902052
650 0.799810046898807
651 0.79980072932363
652 0.799791412176815
653 0.799782095458644
654 0.79977277916938
655 0.799763463309277
656 0.799754147878572
657 0.79974483287749
658 0.799735518306246
659 0.799726204165041
660 0.799716890454066
661 0.799707577173504
662 0.799698264323524
663 0.799688951904288
664 0.79967963991595
665 0.799670328358653
666 0.799661017232535
667 0.799651706537723
668 0.79964239627434
669 0.799633086442499
670 0.799623777042309
671 0.799614468073872
672 0.799605159537283
673 0.799595851432631
674 0.799586543760003
675 0.799577236519477
676 0.799567929711128
677 0.799558623335026
678 0.799549317391236
679 0.799540011879821
680 0.799530706800837
681 0.799521402154339
682 0.799512097940375
683 0.799502794158993
684 0.799493490810237
685 0.799484187894146
686 0.799474885410757
687 0.799465583360105
688 0.799456281742223
689 0.799446980557138
690 0.799437679804879
691 0.799428379485469
692 0.79941907959893
693 0.799409780145284
694 0.799400481124548
695 0.799391182536739
696 0.799381884381872
697 0.799372586659959
698 0.799363289371011
699 0.799353992515039
700 0.799344696092051
701 0.799335400102053
702 0.799326104545052
703 0.799316809421051
704 0.799307514730054
705 0.799298220472063
706 0.799288926647078
707 0.7992796332551
708 0.799270340296127
709 0.799261047770157
710 0.799251755677188
711 0.799242464017215
712 0.799233172790235
713 0.799223881996241
714 0.799214591635227
715 0.799205301707188
716 0.799196012212115
717 0.79918672315
718 0.799177434520836
719 0.799168146324612
720 0.799158858561319
721 0.799149571230946
722 0.799140284333484
723 0.79913099786892
724 0.799121711837243
725 0.799112426238442
726 0.799103141072503
727 0.799093856339413
728 0.799084572039161
729 0.799075288171732
730 0.799066004737111
731 0.799056721735286
732 0.799047439166242
733 0.799038157029964
734 0.799028875326436
735 0.799019594055645
736 0.799010313217573
737 0.799001032812206
738 0.798991752839528
739 0.798982473299522
740 0.798973194192172
741 0.798963915517462
742 0.798954637275374
743 0.798945359465893
744 0.798936082089001
745 0.79892680514468
746 0.798917528632914
747 0.798908252553685
748 0.798898976906976
749 0.798889701692768
750 0.798880426911044
751 0.798871152561786
752 0.798861878644975
753 0.798852605160595
754 0.798843332108625
755 0.798834059489049
756 0.798824787301848
757 0.798815515547002
758 0.798806244224494
759 0.798796973334305
760 0.798787702876416
761 0.798778432850808
762 0.798769163257463
763 0.798759894096361
764 0.798750625367483
765 0.798741357070811
766 0.798732089206325
767 0.798722821774006
768 0.798713554773835
769 0.798704288205792
770 0.798695022069859
771 0.798685756366016
772 0.798676491094243
773 0.798667226254522
774 0.798657961846832
775 0.798648697871155
776 0.79863943432747
777 0.798630171215759
778 0.798620908536001
779 0.798611646288177
780 0.798602384472268
781 0.798593123088253
782 0.798583862136114
783 0.79857460161583
784 0.798565341527382
785 0.798556081870749
786 0.798546822645913
787 0.798537563852853
788 0.79852830549155
789 0.798519047561984
790 0.798509790064135
791 0.798500532997983
792 0.798491276363508
793 0.798482020160691
794 0.798472764389512
795 0.79846350904995
796 0.798454254141986
797 0.7984449996656
798 0.798435745620772
799 0.798426492007482
800 0.79841723882571
801 0.798407986075436
802 0.798398733756641
803 0.798389481869303
804 0.798380230413405
805 0.798370979388924
806 0.798361728795842
807 0.798352478634138
808 0.798343228903793
809 0.798333979604786
810 0.798324757205806
811 0.798315604978761
812 0.798306554225158
813 0.798297627039824
814 0.798288838457965
815 0.798280198122115
816 0.798271711575414
817 0.798263381264041
818 0.798255207313349
819 0.798247188127962
820 0.798239320854954
821 0.798231601740589
822 0.798224026404356
823 0.798216590048756
824 0.798209287619243
825 0.798202113925481
826 0.798195063732651
827 0.798188131829584
828 0.798181313078967
829 0.798174602453749
830 0.798167995062921
831 0.798161486169137
832 0.798155071200114
833 0.79814874575529
834 0.7981425056089
835 0.798136346710365
836 0.798130265182685
837 0.798124257319377
838 0.798118319580355
839 0.798112448587085
840 0.798106641117244
841 0.798100894099083
842 0.798095204605606
843 0.798089569848715
844 0.79808398717335
845 0.798078454051721
846 0.798072968077656
847 0.798067526961099
848 0.798062128522775
849 0.798056770689048
850 0.798051451486958
851 0.798046169039465
852 0.798040921560888
853 0.798035707352529
854 0.798030524798504
855 0.798025372361747
856 0.798020248580204
857 0.798015152063204
858 0.798010081487991
859 0.798005035596428
860 0.798000013191851
861 0.79799501313608
862 0.797990034346565
863 0.797985075793674
864 0.797980136498114
865 0.797975215528471
866 0.797970311998871
867 0.797965425066761
868 0.797960553930786
869 0.797955697828781
870 0.797950856035851
871 0.797946027862554
872 0.797941212653165
873 0.797936409784027
874 0.797931618661985
875 0.797926838722892
876 0.797922069430196
877 0.797917310273582
878 0.797912560767696
879 0.797907820450924
880 0.797903088884224
881 0.797898365650032
882 0.797893650351203
883 0.797888942610017
884 0.797884242067229
885 0.797879548381163
886 0.797874861226854
887 0.797870180295232
888 0.797865505292341
889 0.797860835938604
890 0.797856171968118
891 0.797851513127982
892 0.797846859177668
893 0.797842209888409
894 0.797837565042628
895 0.797832924433389
896 0.797828287863877
897 0.797823655146901
898 0.797819026104429
899 0.797814400567133
900 0.797809778373967
901 0.797805159371763
902 0.797800543414841
903 0.797795930364649
904 0.797791320089409
905 0.797786712463789
906 0.797782107368587
907 0.797777504690428
908 0.797772904321486
909 0.797768306159205
910 0.797763710106046
911 0.797759116069239
912 0.797754523960553
913 0.79774993369607
914 0.797745345195977
915 0.797740758384364
916 0.797736173189034
917 0.797731589541319
918 0.797727007375911
919 0.797722426630694
920 0.797717847246592
921 0.797713269167415
922 0.797708692339722
923 0.797704116712688
924 0.797699542237969
925 0.797694968869587
926 0.797690396563814
927 0.797685825279058
928 0.797681254975761
929 0.7976766856163
930 0.797672117164893
931 0.797667549587504
932 0.797662982851764
933 0.797658416926887
934 0.797653851783591
935 0.797649287394026
936 0.797644723731703
937 0.79764016077143
938 0.797635598489245
939 0.797631036862358
940 0.797626475869094
941 0.797621915488836
942 0.797617355701976
943 0.797612796489864
944 0.797608237834764
945 0.797603679719802
946 0.797599122128935
947 0.797594565046899
948 0.797590008459178
949 0.797585452351968
950 0.797580896712135
951 0.79757634152719
952 0.797571786785253
953 0.797567232475027
954 0.797562678585764
955 0.797558125107242
956 0.79755357202974
957 0.79754901934401
958 0.797544467041258
959 0.797539915113117
960 0.797535363551631
961 0.797530812349232
962 0.79752626149872
963 0.79752171099325
964 0.797517160826308
965 0.797512610991701
966 0.797508061483535
967 0.797503512296208
968 0.797498963424388
969 0.797494414863005
970 0.797489866607236
971 0.797485318652493
972 0.797480770994413
973 0.797476223628846
974 0.797471676551842
975 0.797467129759648
976 0.79746258324869
977 0.79745803701557
978 0.797453491057056
979 0.797448945370073
980 0.797444399951697
981 0.797439854799145
982 0.797435309909771
983 0.797430765281056
984 0.797426220910607
985 0.797421676796144
986 0.7974171329355
987 0.797412589326614
988 0.797408045967525
989 0.797403502856366
990 0.797398959991362
991 0.797394417370825
992 0.797389874993149
993 0.797385332856805
994 0.797380790960338
995 0.797376249302367
996 0.797371707881574
997 0.797367166696708
998 0.797362625746577
999 0.797358085030048
1000 0.797353544546042
1001 0.797349004293533
1002 0.797344464271544
1003 0.797339924479146
1004 0.797335384915454
1005 0.797330845579628
1006 0.797326306470866
1007 0.797321767588407
1008 0.797317228931523
1009 0.797312690499526
1010 0.797308152291758
1011 0.797303614307593
1012 0.797299076546436
1013 0.79729453900772
1014 0.797290001690905
1015 0.797285464595477
1016 0.797280927720948
1017 0.797276391066851
1018 0.797271854632743
1019 0.797267318418203
1020 0.797262782422827
1021 0.797258246646232
1022 0.797253711088055
1023 0.797249175747947
1024 0.797244640625579
1025 0.797240105720634
1026 0.797235571032812
1027 0.797231036561827
1028 0.797226502307407
1029 0.797221968269292
1030 0.797217434447234
1031 0.797212900840997
1032 0.797208367450358
1033 0.7972038342751
1034 0.79719930131502
1035 0.797194768569922
1036 0.797190236039622
1037 0.797185703723941
1038 0.797181171622712
1039 0.797176639735771
1040 0.797172108062966
1041 0.79716757660415
1042 0.797163045359182
1043 0.79715851432793
1044 0.797153983510264
1045 0.797149452906063
1046 0.797144922515211
1047 0.797140392337596
1048 0.797135862373112
1049 0.797131332621657
1050 0.797126803083135
1051 0.797122273757452
1052 0.79711774464452
1053 0.797113215744253
1054 0.797108687056571
1055 0.797104158581395
1056 0.797099630318651
1057 0.797095102268268
1058 0.797090574430178
1059 0.797086046804315
1060 0.797081519390616
1061 0.797076992189021
1062 0.797072465199472
1063 0.797067938421915
1064 0.797063411856296
1065 0.797058885502564
1066 0.797054359360669
1067 0.797049833430566
1068 0.797045307712208
1069 0.797040782205553
1070 0.797036256910557
1071 0.797031731827182
1072 0.797027206955387
1073 0.797022682295137
1074 0.797018157846394
1075 0.797013633609123
1076 0.797009109583292
1077 0.797004585768868
1078 0.79700006216582
1079 0.796995538774116
1080 0.796991015593729
1081 0.796986492624629
1082 0.79698196986679
1083 0.796977447320185
1084 0.796972924984787
1085 0.796968402860573
1086 0.796963880947517
1087 0.796959359245597
1088 0.79695483775479
1089 0.796950316475073
1090 0.796945795406424
1091 0.796941274548823
1092 0.79693675390225
1093 0.796932233466684
1094 0.796927713242105
1095 0.796923193228495
1096 0.796918673425836
1097 0.796914153834109
1098 0.796909634453296
1099 0.796905115283381
1100 0.796900596324345
1101 0.796896077576174
1102 0.796891559038849
1103 0.796887040712356
1104 0.796882522596678
1105 0.796878004691801
1106 0.796873486997709
1107 0.796868969514387
1108 0.796864452241822
1109 0.796859935179997
1110 0.7968554183289
1111 0.796850901688516
1112 0.796846385258832
1113 0.796841869039833
1114 0.796837353031508
1115 0.796832837233841
1116 0.796828321646822
1117 0.796823806270436
1118 0.796819291104671
1119 0.796814776149514
1120 0.796810261404953
1121 0.796805746870975
1122 0.796801232547569
1123 0.796796718434723
1124 0.796792204532423
1125 0.796787690840659
1126 0.796783177359419
1127 0.796778664088691
1128 0.796774151028464
1129 0.796769638178725
1130 0.796765125539464
1131 0.79676061311067
1132 0.79675610089233
1133 0.796751588884435
1134 0.796747077086972
1135 0.796742565499931
1136 0.796738054123301
1137 0.796733542957071
1138 0.796729032001229
1139 0.796724521255766
1140 0.79672001072067
1141 0.796715500395931
1142 0.796710990281538
1143 0.79670648037748
1144 0.796701970683746
1145 0.796697461200327
1146 0.796692951927212
1147 0.79668844286439
1148 0.79668393401185
1149 0.796679425369583
1150 0.796674916937578
1151 0.796670408715824
1152 0.796665900704311
1153 0.79666139290303
1154 0.796656885311969
1155 0.796652377931118
1156 0.796647870760468
1157 0.796643363800007
1158 0.796638857049726
1159 0.796634350509615
1160 0.796629844179664
1161 0.796625338059861
1162 0.796620832150198
1163 0.796616326450663
1164 0.796611820961248
1165 0.796607315681942
1166 0.796602810612734
1167 0.796598305753616
1168 0.796593801104576
1169 0.796589296665605
1170 0.796584792436692
1171 0.796580288417829
1172 0.796575784609004
1173 0.796571281010208
1174 0.79656677762143
1175 0.796562274442662
1176 0.796557771473892
1177 0.796553268715111
1178 0.79654876616631
1179 0.796544263827477
1180 0.796539761698604
1181 0.796535259779679
1182 0.796530758070695
1183 0.796526256571639
1184 0.796521755282503
1185 0.796517254203277
1186 0.79651275333395
1187 0.796508252674513
1188 0.796503752224957
1189 0.79649925198527
1190 0.796494751955444
1191 0.796490252135469
1192 0.796485752525333
1193 0.796481253125029
1194 0.796476753934546
1195 0.796472254953873
1196 0.796467756183002
1197 0.796463257621922
1198 0.796458759270623
1199 0.796454261129096
1200 0.796449763197331
