1 0.8
2 0.8
3 0.8
4 0.8
5 0.8
6 0.8
7 0.8
8 0.8
9 0.8
10 0.8
11 0.8
12 0.8
13 0.8
14 0.8
15 0.8
16 0.8
17 0.8
18 0.8
19 0.8
20 0.8
21 0.8
22 0.8
23 0.8
24 0.8
25 0.8
26 0.8
27 0.8
28 0.8
29 0.8
30 0.8
31 0.8
32 0.8
33 0.8
34 0.8
35 0.8
36 0.8
37 0.8
38 0.8
39 0.8
40 0.8
41 0.8
42 0.8
43 0.8
44 0.8
45 0.8
46 0.8
47 0.8
48 0.8
49 0.8
50 0.8
51 0.8
52 0.8
53 0.8
54 0.8
55 0.8
56 0.8
57 0.8
58 0.8
59 0.8
60 0.8
61 0.8
62 0.8
63 0.8
64 0.8
65 0.8
66 0.8
67 0.8
68 0.8
69 0.8
70 0.8
71 0.8
72 0.8
73 0.8
74 0.8
75 0.8
76 0.8
77 0.8
78 0.8
79 0.8
80 0.8
81 0.8
82 0.8
83 0.8
84 0.8
85 0.8
86 0.8
87 0.8
88 0.8
89 0.8
90 0.8
91 0.8
92 0.8
93 0.8
94 0.8
95 0.8
96 0.8
97 0.8
98 0.8
99 0.8
100 0.8
101 0.8
102 0.8
103 0.8
104 0.8
105 0.8
106 0.8
107 0.8
108 0.8
109 0.8
110 0.8
111 0.8
112 0.8
113 0.8
114 0.8
115 0.8
116 0.8
117 0.8
118 0.8
119 0.8
120 0.8
121 0.8
122 0.8
123 0.8
124 0.8
125 0.8
126 0.8
127 0.8
128 0.8
129 0.8
130 0.8
131 0.8
132 0.8
133 0.8
134 0.8
135 0.8
136 0.8
137 0.8
138 0.8
139 0.8
140 0.8
141 0.8
142 0.8
143 0.8
144 0.8
145 0.8
146 0.8
147 0.8
148 0.8
149 0.8
150 0.8
151 0.8
152 0.8
153 0.8
154 0.8
155 0.8
156 0.8
157 0.8
158 0.8
159 0.8
160 0.8
161 0.8
162 0.8
163 0.8
164 0.8
165 0.8
166 0.8
167 0.8
168 0.8
169 0.8
170 0.8
171 0.8
172 0.8
173 0.8
174 0.8
175 0.8
176 0.8
177 0.8
178 0.8
179 0.8
180 0.8
181 0.8
182 0.8
183 0.8
184 0.8
185 0.8
186 0.8
187 0.8
188 0.8
189 0.8
190 0.8
191 0.8
192 0.8
193 0.8
194 0.8
195 0.8
196 0.8
197 0.8
198 0.8
199 0.8
200 0.8
201 0.8
202 0.8
203 0.8
204 0.8
205 0.8
206 0.8
207 0.8
208 0.8
209 0.8
210 0.8
211 0.800606028345048
212 0.802694729301716
213 0.806694302392937
214 0.812719011667484
215 0.82067152693625
216 0.830320068555848
217 0.841355833355688
218 0.853435018758263
219 0.866208857041205
220 0.87934436272818
221 0.892537938172891
222 0.905523541203676
223 0.918076768097618
224 0.930015925229855
225 0.941200938272716
226 0.951530767134385
227 0.960939848953547
228 0.969393973466847
229 0.976885899543349
230 0.983430944406548
231 0.989062714699434
232 0.993829098428074
233 0.997788596799083
234 1.0010070433011
235 1.00355473263618
236 1.00550396309436
237 1.00692698168977
238 1.00789431100105
239 1.00847342947539
240 1.0087277723607
241 1.0087160179138
242 1.00849162265758
243 1.00810256985856
244 1.00759129675547
245 1.00699476812762
246 1.00634466633092
247 1.00566767076939
248 1.00498580276389
249 1.00431681481208
250 1.00367460621076
251 1.00306964986487
252 1.00250941778552
253 1.00199879524667
254 1.00154047580423
255 1.00113533137225
256 1.00078275329471
257 1.00048096185385
258 1.00022728292672
259 1.00001839155415
260 0.999850523038367
261 0.999719652854295
262 0.99962164716581
263 0.999552386100612
264 0.999507862175907
265 0.999484256399988
266 0.999477994619861
267 0.999485786658373
268 0.999504650700764
269 0.999531925263479
270 0.999565270919035
271 0.999602663770144
272 0.999642382472655
273 0.999682990407645
274 0.999723314404047
275 0.999762421219481
276 0.999799592802001
277 0.999834301182273
278 0.999866183685957
279 0.999895019011245
280 0.999920704586961
281 0.999943235512717
282 0.999962685283901
283 0.999979188420148
284 0.99999292504571
285 1.00000410741255
286 1.00001296831117
287 1.00001975127875
288 1.000024702488
289 1.00002806418205
290 1.00003006950947
291 1.00003093860822
292 1.00003087578656
293 1.00003006765222
294 1.00002868204761
295 1.00002686765694
296 1.00002475416167
297 1.00002245283133
298 1.00002005744899
299 1.00001764548213
300 1.00001527942134
301 1.00001300822082
302 1.00001086878501
303 1.00000888745579
304 1.00000708146347
305 1.00000546031338
306 1.00000402708664
307 1.00000277964026
308 1.00000171169723
309 1.00000081382145
310 1.00000007427675
311 0.999999479771637
312 0.999999016094393
313 0.99999866864462
314 0.999998422868761
315 0.999998264607986
316 0.99999818036731
317 0.999998157514968
318 0.999998184421018
319 0.999998250543826
320 0.99999834647267
321 0.999998463934126
322 0.999998595769272
323 0.999998735888066
324 0.999998879206552
325 0.999999021571842
326 0.99999915964809
327 0.999999290761302
328 0.99999941273954
329 0.999999523770124
330 0.999999622284855
331 0.999999706877123
332 0.999999776250097
333 0.999999829192327
334 0.99999986457563
335 0.999999881369571
336 0.999999878666939
337 0.999999855715113
338 0.999999811948966
339 0.999999747021791
340 0.999999660831601
341 0.999999553541015
342 0.999999425589658
343 0.999999277698681
344 0.999999110867524
345 0.999998926363479
346 0.999998725704899
347 0.999998510639134
348 0.999998283116358
349 0.999998045260513
350 0.99999779933858
351 0.999997547729292
352 0.99999729289231
353 0.999997037338763
354 0.999996783603879
355 0.999996534222299
356 0.999996291706521
357 0.999996058528736
358 0.999995837106246
359 0.999995629790465
360 0.999995438859448
361 0.999995266513779
362 0.999995114875583
363 0.999994985990362
364 0.999994881831327
365 0.999994804305853
366 0.999994755263667
367 0.999994736506375
368 0.999994749797916
369 0.999994796875547
370 0.999994879460935
371 0.999994999270951
372 0.999995158027721
373 0.999995357467495
374 0.999995599347822
375 0.999995885452485
376 0.999996217593529
377 0.999996597609614
378 0.999997027359734
379 0.999997508711105
380 0.99999804351972
381 0.999998633601656
382 0.999999280692668
383 0.999999986392931
384 1.00000075209324
385 1.00000157887924
386 1.0000024674117
387 1.00000341778301
388 1.00000442935371
389 1.00000550057665
390 1.00000662882224
391 1.0000078102242
392 1.00000903957342
393 1.00001031028778
394 1.00001161447132
395 1.00001294305908
396 1.00001428603401
397 1.00001563269693
398 1.00001697196879
399 1.00001829270525
400 1.0000195840055
401 1.00002083313704
402 1.00002202293334
403 1.00002313163563
404 1.00002413413047
405 1.00002500385069
406 1.00002571484538
407 1.0000262437027
408 1.00002657114055
409 1.00002668317444
410 0.999247879454396
411 0.996417116021765
412 0.990613498655199
413 0.981229064119392
414 0.968071660913124
415 0.951759138098777
416 0.933285741073223
417 0.91341140737034
418 0.892714272048823
419 0.871631531836369
420 0.850491243057709
421 0.829537059074818
422 0.808947469517423
423 0.788850758161335
424 0.769336627251212
425 0.75048979298842
426 0.7324173127667
427 0.71523842040354
428 0.699066848937494
429 0.683999699185596
430 0.670111145289445
431 0.657449649509518
432 0.646037658753453
433 0.635872992295629
434 0.62693131739314
435 0.619169257495753
436 0.612527794617068
437 0.606935719528881
438 0.60231295574205
439 0.598573639676889
440 0.59562888312724
441 0.593389177580517
442 0.591766425178835
443 0.590675599717573
444 0.590036054398441
445 0.589772502163355
446 0.589815700217773
447 0.590102873534318
448 0.590577913306722
449 0.591191385990836
450 0.591900387125217
451 0.592668271895792
452 0.593464291662081
453 0.594263162608567
454 0.595044589491626
455 0.595792764250532
456 0.596495856139189
457 0.597145507086268
458 0.59773634325619
459 0.598265511294975
460 0.598732245521739
461 0.599137470375381
462 0.599483440744371
463 0.599773421386067
464 0.60001140546611
465 0.600201871299883
466 0.600349575636236
467 0.600459381266718
468 0.600536116349243
469 0.600584462581254
470 0.600608869222984
471 0.600613489936082
472 0.600602139448308
473 0.600578267164045
474 0.600544944998064
475 0.60050486690273
476 0.600460357775144
477 0.600413389660649
478 0.600365603404332
479 0.600318334135921
480 0.600272639200337
481 0.600229327361952
482 0.600188988312272
483 0.600152021696115
484 0.60011866503917
485 0.600089020109412
486 0.600063077376187
487 0.600040738344279
488 0.600021835636689
489 0.600006150780203
490 0.599993429713363
491 0.599983396088448
492 0.599975762479044
493 0.599970239633997
494 0.599966543938571
495 0.599964403255686
496 0.599963561325546
497 0.59996378090194
498 0.599964845799119
499 0.59996656201533
500 0.599968758088797
501 0.59997128482983
502 0.599974014559516
503 0.599976839971661
504 0.59997967272074
505 0.599982441824894
506 0.599985091959924
507 0.59998758170778
508 0.599989881811569
509 0.599991973478629
510 0.599993846763749
511 0.599995499056317
512 0.599996933687886
513 0.599998158670404
514 0.59999918557015
515 0.600000028518049
516 0.600000703353574
517 0.60000122689673
518 0.600001616340539
519 0.600001888755015
520 0.600002060692667
521 0.600002147885035
522 0.600002165019652
523 0.600002125586909
524 0.600002041786722
525 0.600001924525299
526 0.600001783508045
527 0.60000162738683
528 0.600001463929649
529 0.600001300181813
530 0.600001142574772
531 0.600000996972288
532 0.600000868679146
533 0.600000762430166
534 0.600000682371693
535 0.600000632043599
536 0.60000061436671
537 0.600000631638359
538 0.600000685537136
539 0.600000777136846
540 0.600000906927656
541 0.600001074841279
542 0.600001280278157
543 0.600001522135907
544 0.600001798838966
545 0.60000210836968
546 0.600002448301088
547 0.600002815831558
548 0.600003207821228
549 0.600003620830025
550 0.600004051156855
551 0.600004494879395
552 0.600004947893848
553 0.600005405953925
554 0.600005864708377
555 0.600006319736354
556 0.600006766580002
557 0.600007200773756
558 0.600007617869894
559 0.600008013460075
560 0.600008383192635
561 0.600008722785604
562 0.600009028035472
563 0.600009294821854
564 0.600009519108307
565 0.600009696939625
566 0.600009824436018
567 0.600009897784641
568 0.60000991322902
569 0.600009867056939
570 0.600009755587454
571 0.600009575157727
572 0.600009322110464
573 0.600008992782835
574 0.600008583497875
575 0.600008090559516
576 0.600007510252646
577 0.600006838849837
578 0.600006072626815
579 0.600005207889185
580 0.600004241013646
581 0.600003168507717
582 0.600001987093167
583 0.600000693819255
584 0.599999286211832
585 0.599997762462628
586 0.59999612165948
587 0.599994364052711
588 0.599992491345567
589 0.599990506987852
590 0.599988416441629
591 0.599986227375637
592 0.599983949741961
593 0.599981595706135
594 0.599979179428159
595 0.599976716715996
596 0.599974224593226
597 0.599971720829891
598 0.599969223476418
599 0.59996675042667
600 0.599964322062315
601 0.599961965157197
602 0.599959714382148
603 0.599957612039089
604 0.599955706006664
605 0.599954044791028
606 0.599952672111023
607 0.599951623634678
608 0.599950925291206
609 0.599950592714026
610 0.59995063147295
611 0.599951037834102
612 0.599951799849212
613 0.599952898625382
614 0.59995430966526
615 0.599956004102198
616 0.599957949717997
617 0.599960111805194
618 0.599962453954863
619 0.599964938809261
620 0.599967528791785
621 0.599970186810496
622 0.599972876922922
623 0.599975564946595
624 0.599978218999996
625 0.599980809961009
626 0.599983311833564
627 0.599985702017232
628 0.599987961478607
629 0.599990074827041
630 0.599992030300498
631 0.599993819669877
632 0.599995438072004
633 0.599996883782792
634 0.599998157942636
635 0.599999264246257
636 0.60000020860882
637 0.600000998819449
638 0.600001644192268
639 0.600002155223883
640 0.600002543264943
641 0.600002820212017
642 0.60000299822469
643 0.600003089471433
644 0.600003105906596
645 0.600003059079736
646 0.600002959977473
647 0.600002818897264
648 0.600002645351697
649 0.600002448001404
650 0.600002234614207
651 0.600002012047818
652 0.600001786253231
653 0.60000156229584
654 0.600001344391334
655 0.600001135953478
656 0.600000939651052
657 0.600000757471384
658 0.60000059078816
659 0.600000440431406
660 0.600000306757846
661 0.600000189720057
662 0.600000088933134
663 0.600000003737822
664 0.599999933259316
665 0.599999876461136
666 0.599999832193706
667 0.599999799237431
668 0.599999776340215
669 0.599999762249513
670 0.599999755739102
671 0.59999975563085
672 0.599999760811826
673 0.59999977024715
674 0.599999782988992
675 0.599999798182182
676 0.599999815066847
677 0.599999832978543
678 0.599999851346265
679 0.599999869688772
680 0.599999887609563
681 0.59999990479086
682 0.599999920986895
683 0.599999936016769
684 0.599999949757112
685 0.599999962134745
686 0.59999997311951
687 0.59999998271738
688 0.599999990963988
689 0.599999997918609
690 0.600000003658681
691 0.600000008274878
692 0.600000011866753
693 0.600000014538951
694 0.600000016397975
695 0.600000017549479
696 0.600000018096067
697 0.60000001813554
698 0.600000017759569
699 0.600000017052739
700 0.600000016091922
701 0.600000014945938
702 0.600000013675455
703 0.600000012333089
704 0.600000010963673
705 0.600000009604647
706 0.600000008286547
707 0.60000000703356
708 0.600000005864125
709 0.60000000479155
710 0.600000003824632
711 0.600000002968273
712 0.600000002224064
713 0.600000001590836
714 0.600000001065183
715 0.600000000641925
716 0.600000000314535
717 0.600000000075511
718 0.599999999916701
719 0.599999999829577
720 0.599999999805469
721 0.599999999835746
722 0.59999999991197
723 0.600000000026012
724 0.600000000170141
725 0.600000000337083
726 0.60000000052007
727 0.600000000712859
728 0.600000000909752
729 0.60000000110559
730 0.600000001295748
731 0.600000001476122
732 0.600000001643108
733 0.600000001793578
734 0.600000001924859
735 0.600000002034702
736 0.600000002121259
737 0.600000002183054
738 0.600000002218956
739 0.600000002228158
740 0.600000002210147
741 0.600000002164684
742 0.600000002091783
743 0.600000001991686
744 0.600000001864849
745 0.600000001711919
746 0.600000001533719
747 0.600000001331234
748 0.600000001105593
749 0.600000000858057
750 0.600000000590007
751 0.600000000302934
752 0.599999999998427
753 0.599999999678166
754 0.599999999343914
755 0.599999998997512
756 0.599999998640872
757 0.599999998275976
758 0.59999999790487
759 0.599999997529664
760 0.599999997152528
761 0.599999996775696
762 0.599999996401459
763 0.599999996032169
764 0.599999995670236
765 0.599999995318123
766 0.59999999497835
767 0.599999994653483
768 0.59999999434613
769 0.599999994058932
770 0.599999993794556
771 0.599999993555676
772 0.599999993344962
773 0.599999993165058
774 0.599999993018558
775 0.599999992907986
776 0.599999992835755
777 0.599999992804142
778 0.599999992815241
779 0.599999992870919
780 0.599999992972767
781 0.599999993122048
782 0.599999993319638
783 0.599999993565974
784 0.599999993861007
785 0.599999994204154
786 0.599999994594273
787 0.599999995029643
788 0.599999995507961
789 0.59999999602636
790 0.599999996581424
791 0.599999997169196
792 0.599999997785172
793 0.599999998424287
794 0.599999999080904
795 0.599999999748827
796 0.600000000421351
797 0.600000001091354
798 0.600000001751434
799 0.600000002394063
800 0.600000003011769
801 0.600000003597322
802 0.600000004143906
803 0.600000004645295
804 0.600000005095989
805 0.600000005491339
806 0.600000005827635
807 0.600000006102166
808 0.600000006313259
809 0.600000006460279
810 0.600303020716139
811 0.601347371215493
812 0.603347157722094
813 0.606359512263451
814 0.610335769748877
815 0.61516004036118
816 0.62067792252009
817 0.626717514942279
818 0.633104433772271
819 0.639672186277769
820 0.64626897364154
821 0.652761774783602
822 0.659038387848183
823 0.66500796602828
824 0.670600472165155
825 0.675765386217591
826 0.680469926759171
827 0.684696988661962
828 0.688442951363719
829 0.691715473478877
830 0.694531358331084
831 0.696914549924995
832 0.69889429886503
833 0.700503521896138
834 0.701777366369519
835 0.702751981429969
836 0.70346349058395
837 0.703947155119868
838 0.704236714260126
839 0.70436388562727
840 0.704358008348119
841 0.704245810682401
842 0.704051284261578
843 0.703795647703166
844 0.703497383394959
845 0.703172332513096
846 0.702833834757802
847 0.70249290078781
848 0.70215840685036
849 0.701837302592367
850 0.70153482446494
851 0.70125470847242
852 0.700999397250697
853 0.700770237576787
854 0.700567665406918
855 0.700391376412408
856 0.700240480733843
857 0.700113641309321
858 0.700009195658958
859 0.699925261433664
860 0.699859826370791
861 0.699810823552247
862 0.699776193041921
863 0.699753931098515
864 0.699742128226324
865 0.699738997349038
866 0.699742893378295
867 0.699752325406953
868 0.699765962693484
869 0.699782635524404
870 0.699801331951326
871 0.699821191302427
872 0.699841495268487
873 0.699861657264206
874 0.699881210668608
875 0.69989979645592
876 0.699917150641653
877 0.6999330918888
878 0.699947509546598
879 0.69996035232958
880 0.699971617787657
881 0.699981342668606
882 0.699989594232316
883 0.699996462540964
884 0.700002053720571
885 0.700006484166414
886 0.700009875647099
887 0.700012351248983
888 0.700014032093625
889 0.700015034755307
890 0.700015469302995
891 0.700015437890787
892 0.700015033822532
893 0.700014341019405
894 0.700013433823496
895 0.700012377075492
896 0.700011226410135
897 0.700010028718941
898 0.700008822735614
899 0.700007639705428
900 0.70000650410546
901 0.700005434387916
902 0.700004443723706
903 0.700003540727976
904 0.700002730153377
905 0.700002013540451
906 0.700001389817702
907 0.700000855846603
908 0.700000406909109
909 0.700000037137122
910 0.699999739884895
911 0.699999508046567
912 0.699999334321936
913 0.699999211434224
914 0.699999132304017
915 0.699999090183822
916 0.699999078757759
917 0.699999092210859
918 0.699999125272308
919 0.699999173236747
920 0.699999231967466
921 0.699999297885008
922 0.699999367944355
923 0.699999439603532
924 0.699999510786097
925 0.69999957982413
926 0.699999645380636
927 0.69999970636965
928 0.699999761884833
929 0.699999811142087
930 0.69999985343811
931 0.699999888124488
932 0.699999914595498
933 0.699999932287048
934 0.699999940683924
935 0.699999939332519
936 0.699999927856526
937 0.69999990597338
938 0.69999987350973
939 0.699999830414582
940 0.699999776769246
941 0.699999712793535
942 0.699999638848024
943 0.699999555432434
944 0.69999946318041
945 0.69999936285113
946 0.699999255318268
947 0.69999914155691
948 0.699999022629028
949 0.699998899668112
950 0.699998773863527
951 0.699998646445105
952 0.699998518668409
953 0.699998391801052
954 0.699998267110356
955 0.699998145852566
956 0.699998029263781
957 0.699997918552648
958 0.699997814894876
959 0.699997719429489
960 0.699997633256781
961 0.699997557437811
962 0.699997492995331
963 0.699997440915945
964 0.69999740215334
965 0.699997377632378
966 0.699997368253861
967 0.699997374899757
968 0.699997398438695
969 0.699997439731507
970 0.699997499636627
971 0.699997579015116
972 0.6999976787351
973 0.699997799675352
974 0.699997942727762
975 0.699998108798352
976 0.699998298806452
977 0.699998513681557
978 0.699998754357275
979 0.699999021761603
980 0.699999316802578
981 0.699999640348077
982 0.699999993198189
983 0.700000376048308
984 0.700000789441263
985 0.700001233707432
986 0.700001708893017
987 0.700002214678281
988 0.700002750289657
989 0.700003314412349
990 0.700003905113216
991 0.700004519787705
992 0.700005155144761
993 0.700005807236397
994 0.70000647153014
995 0.700007143017469
996 0.700007816348792
997 0.700008485984586
998 0.700009146352684
999 0.700009792002681
1000 0.700010416568323
1001 0.700011011466358
1002 0.700011565817393
1003 0.70001206706471
1004 0.700012501924731
1005 0.700012857421996
1006 0.700013121850585
1007 0.700013285569448
1008 0.700013341586348
1009 0.700013285918289
1010 0.700013117738528
1011 0.70001283933432
1012 0.700012455907373
1013 0.700011975252331
1014 0.700011407348651
1015 0.700010763899153
1016 0.700010057844953
1017 0.700009302882149
1018 0.700008513000924
1019 0.700007702063025
1020 0.700006883429084
1021 0.700006069643167
1022 0.70000527217834
1023 0.700004501243955
1024 0.700003765652902
1025 0.700003072745073
1026 0.700002428361854
1027 0.70000183686547
1028 0.700001301196426
1029 0.70000082296206
1030 0.700000402549273
1031 0.700000039254805
1032 0.699999731426886
1033 0.699999476612674
1034 0.6999992717066
1035 0.699999113095429
1036 0.699998996796595
1037 0.699998918587101
1038 0.699998874120925
1039 0.699998859033558
1040 0.699998869032818
1041 0.699998899975627
1042 0.699998947930858
1043 0.699999009228706
1044 0.699999080497343
1045 0.699999158687811
1046 0.699999241088301
1047 0.699999325329023
1048 0.699999409378961
1049 0.699999491535791
1050 0.699999570410218
1051 0.699999644905948
1052 0.6999997141964
1053 0.699999777699203
1054 0.699999835049389
1055 0.699999886072096
1056 0.699999930755466
1057 0.699999969224331
1058 0.700000001715144
1059 0.700000028552523
1060 0.700000050127681
1061 0.700000066878913
1062 0.700000079274255
1063 0.700000087796351
1064 0.700000092929494
1065 0.70000009514879
1066 0.700000094911336
1067 0.70000009264926
1068 0.700000088764502
1069 0.700000083625127
1070 0.70000007756302
1071 0.700000070872782
1072 0.700000063811632
1073 0.700000056600167
1074 0.700000049423804
1075 0.700000042434762
1076 0.700000035754446
1077 0.700000029476106
1078 0.700000023667671
1079 0.700000018374656
1080 0.700000013623069
1081 0.700000009422251
1082 0.700000005767595
1083 0.700000002643103
1084 0.700000000023753
1085 0.699999997877653
1086 0.699999996167974
1087 0.699999994854649
1088 0.699999993895855
1089 0.699999993249258
1090 0.699999992873068
1091 0.699999992726876
1092 0.699999992772326
1093 0.699999992973609
1094 0.699999993297824
1095 0.699999993715191
1096 0.699999994199175
1097 0.699999994726498
1098 0.699999995277083
1099 0.699999995833929
1100 0.699999996382949
1101 0.699999996912756
1102 0.699999997414437
1103 0.69999999788131
1104 0.699999998308666
1105 0.699999998693524
1106 0.699999999034383
1107 0.699999999330988
1108 0.699999999584111
1109 0.699999999795345
1110 0.699999999966927
1111 0.700000000101562
1112 0.700000000202288
1113 0.700000000272343
1114 0.70000000031506
1115 0.70000000033378
1116 0.700000000331776
1117 0.7000000003122
1118 0.700000000278039
1119 0.700000000232085
1120 0.700000000176919
1121 0.700000000114899
1122 0.700000000048159
1123 0.699999999978614
1124 0.699999999907967
1125 0.699999999837722
1126 0.699999999769197
1127 0.699999999703537
1128 0.69999999964173
1129 0.699999999584619
1130 0.699999999532919
1131 0.699999999487227
1132 0.699999999448034
1133 0.699999999415733
1134 0.699999999390631
1135 0.699999999372954
1136 0.699999999362855
1137 0.699999999360421
1138 0.699999999365675
1139 0.699999999378583
1140 0.699999999399059
1141 0.699999999426964
1142 0.699999999462117
1143 0.699999999504292
1144 0.699999999553225
1145 0.699999999608614
1146 0.699999999670127
1147 0.6999999997374
1148 0.699999999810042
1149 0.699999999887637
1150 0.69999999996975
1151 0.700000000055922
1152 0.70000000014568
1153 0.700000000238532
1154 0.700000000333974
1155 0.700000000431486
1156 0.700000000530537
1157 0.700000000630583
1158 0.700000000731066
1159 0.70000000083142
1160 0.700000000931062
1161 0.700000001029399
1162 0.700000001125823
1163 0.700000001219714
1164 0.700000001310439
1165 0.70000000139735
1166 0.700000001479787
1167 0.70000000155708
1168 0.700000001628547
1169 0.700000001693501
1170 0.700000001751249
1171 0.700000001801099
1172 0.700000001842365
1173 0.700000001874372
1174 0.70000000189646
1175 0.700000001908001
1176 0.700000001908399
1177 0.700000001897106
1178 0.700000001873635
1179 0.70000000183757
1180 0.700000001788587
1181 0.700000001726461
1182 0.700000001651091
1183 0.70000000156251
1184 0.700000001460901
1185 0.700000001346609
1186 0.700000001220144
1187 0.70000000108219
1188 0.700000000933602
1189 0.700000000775396
1190 0.700000000608744
1191 0.700000000434972
1192 0.700000000255558
1193 0.700000000072135
1194 0.699999999886481
1195 0.699999999700513
1196 0.699999999516263
1197 0.699999999335849
1198 0.699999999161433
1199 0.699999998995173
1200 0.699999998839172
