1 2
2 2
3 2
4 2
5 2
6 2
7 2
8 2
9 2
10 2
11 2
12 2
13 2
14 2
15 2
16 2
17 2
18 2
19 2
20 2
21 2
22 2
23 2
24 2
25 2
26 2
27 2
28 2
29 2
30 2
31 2
32 2
33 2
34 2
35 2
36 2
37 2
38 2
39 2
40 2
41 2
42 2
43 2
44 2
45 2
46 2
47 2
48 2
49 2
50 2
51 2
52 2
53 2
54 2
55 2
56 2
57 2
58 2
59 2
60 2
61 2
62 2
63 2
64 2
65 2
66 2
67 2
68 2
69 2
70 2
71 2
72 2
73 2
74 2
75 2
76 2
77 2
78 2
79 2
80 2
81 2
82 2
83 2
84 2
85 2
86 2
87 2
88 2
89 2
90 2
91 2
92 2
93 2
94 2
95 2
96 2
97 2
98 2
99 2
100 2
101 2
102 2
103 2
104 2
105 2
106 2
107 2
108 2
109 2
110 2
111 2
112 2
113 2
114 2
115 2
116 2
117 2
118 2
119 2
120 2
121 2
122 2
123 2
124 2
125 2
126 2
127 2
128 2
129 2
130 2
131 2
132 2
133 2
134 2
135 2
136 2
137 2
138 2
139 2
140 2
141 2
142 2
143 2
144 2
145 2
146 2
147 2
148 2
149 2
150 2
151 2
152 2
153 2
154 2
155 2
156 2
157 2
158 2
159 2
160 2
161 2
162 2
163 2
164 2
165 2
166 2
167 2
168 2
169 2
170 2
171 2
172 2
173 2
174 2
175 2
176 2
177 2
178 2
179 2
180 2
181 2
182 2
183 2
184 2
185 2
186 2
187 2
188 2
189 2
190 2
191 2
192 2
193 2
194 2
195 2
196 2
197 2
198 2
199 2
200 2
201 2.25
202 2.5
203 2.75
204 2.8
205 2.8
206 2.8
207 2.8
208 2.8
209 2.8
210 2.8
211 2.8
212 2.8
213 2.8
214 2.8
215 2.73164979827443
216 2.56495409533373
217 2.39577096660564
218 2.2712279326163
219 2.20478702123203
220 2.1898945333382
221 2.21086914053604
222 2.25048108386229
223 2.29436868463631
224 2.33288723152579
225 2.36117542659917
226 2.37820930796627
227 2.38547070140959
228 2.38566108137627
229 2.38169851929595
230 2.37607905644731
231 2.37057801237178
232 2.36621022966689
233 2.36335117000814
234 2.36192989840124
235 2.36162762347663
236 2.36204160350116
237 2.36279736649898
238 2.36360909761727
239 2.36429802792648
240 2.36478264699484
241 2.36505425810382
242 2.36514862552775
243 2.36512077513301
244 2.36502648873987
245 2.36491128555657
246 2.36480591843212
247 2.36472656249832
248 2.36467772443497
249 2.36465619155551
250 2.36465483361154
251 2.36466558819576
252 2.36468139339788
253 2.3646971309876
254 2.36470980726505
255 2.36471825137304
256 2.36472258807769
257 2.36472367929348
258 2.36472265447755
259 2.36472058339546
260 2.36471829535159
261 2.36471631916677
262 2.36471490561219
263 2.36471409397376
264 2.36471379176015
265 2.3647138468277
266 2.36471410120269
267 2.3647144238179
268 2.36471472457721
269 2.36471495475114
270 2.36471509926668
271 2.36471516571598
272 2.36471517354781
273 2.3647151454418
274 2.36471510162096
275 2.36471505698234
276 2.36471502043402
277 2.36471499565561
278 2.3647149825488
279 2.36471497881486
280 2.36471498130383
281 2.36471498697048
282 2.36471499341582
283 2.36471499908106
284 2.36471500320031
285 2.36471500562048
286 2.36471500657786
287 2.36471500649214
288 2.36471500581011
289 2.36471500490874
290 2.36471500405159
291 2.36471500338499
292 2.36471500295831
293 2.3647150027545
294 2.36471500272073
295 2.36471500279334
296 2.36471500291449
297 2.36471500304089
298 2.36471500314612
299 2.3647150032187
300 2.36471500325817
301 2.36471500327061
302 2.36471500326478
303 2.36471500324934
304 2.36471500323122
305 2.364715003215
306 2.36471500320301
307 2.36471500319581
308 2.36471500319281
309 2.36471500319286
310 2.36471500319468
311 2.36471500319721
312 2.36471500319965
313 2.36471500320158
314 2.36471500320284
315 2.36471500320346
316 2.36471500320359
317 2.3647150032034
318 2.36471500320306
319 2.36471500320269
320 2.36471500320239
321 2.36471500320217
322 2.36471500320205
323 2.36471500320201
324 2.36471500320203
325 2.36471500320207
326 2.36471500320212
327 2.36471500320217
328 2.36471500320221
329 2.36471500320223
330 2.36471500320225
331 2.36471500320225
332 2.36471500320225
333 2.36471500320224
334 2.36471500320223
335 2.36471500320223
336 2.36471500320222
337 2.36471500320222
338 2.36471500320221
339 2.36471500320221
340 2.36471500320221
341 2.36471500320221
342 2.36471500320221
343 2.36471500320221
344 2.36471500320221
345 2.36471500320221
346 2.3647150032022
347 2.3647150032022
348 2.3647150032022
349 2.3647150032022
350 2.36471500320221
351 2.36471500320221
352 2.36471500320221
353 2.36471500320222
354 2.36471500320222
355 2.36471500320222
356 2.36471500320222
357 2.36471500320221
358 2.3647150032022
359 2.3647150032022
360 2.3647150032022
361 2.3647150032022
362 2.3647150032022
363 2.3647150032022
364 2.3647150032022
365 2.3647150032022
366 2.3647150032022
367 2.3647150032022
368 2.36471492338574
369 2.36471451298872
370 2.36471343895006
371 2.36471152874775
372 2.36470906443814
373 2.36470691261047
374 2.36470647958375
375 2.36470951495023
376 2.36471776865213
377 2.36473251252971
378 2.36475397648827
379 2.36478082611177
380 2.36480991905345
381 2.36483670949426
382 2.36485682505463
383 2.36486795439784
384 2.36487058508286
385 2.36486723993681
386 2.3648609152536
387 2.36485393786106
388 2.36484743031387
389 2.36484126464773
390 2.36483436912347
391 2.3648118019052
392 2.36476959812332
393 2.36471040601553
394 2.36465113799391
395 2.36460414362067
396 2.36457465890628
397 2.36456315163738
398 2.36456690449834
399 2.3645813849569
400 2.1145813849569
401 1.8645813849569
402 1.6145813849569
403 1.3645813849569
404 1.2
405 1.2
406 1.2
407 1.2
408 1.2
409 1.2
410 1.2
411 1.2
412 1.2
413 1.2
414 1.2
415 1.2
416 1.2
417 1.2
418 1.2
419 1.2
420 1.2
421 1.2
422 1.21301365593334
423 1.37157060748197
424 1.55619994923347
425 1.70374165711383
426 1.7912501637395
427 1.82088897194261
428 1.8074480102154
429 1.76929546362998
430 1.72279021116752
431 1.67962787235787
432 1.64631905127975
433 1.62496139489496
434 1.61458899538337
435 1.61258170214777
436 1.61582724484642
437 1.62150812018819
438 1.62751293142584
439 1.63254577834242
440 1.63603588650738
441 1.63794643298952
442 1.6385603895231
443 1.63829370698087
444 1.63756026845092
445 1.63669308787638
446 1.6359136241852
447 1.63533521968114
448 1.63498590521475
449 1.63483819242019
450 1.63483724376517
451 1.63492267716275
452 1.63504244252906
453 1.63515937547106
454 1.63525219015817
455 1.63531301447998
456 1.63534336700569
457 1.63534999087889
458 1.63534140348322
459 1.63532552899907
460 1.6353084216159
461 1.63529387456576
462 1.63528362457802
463 1.63527786684564
464 1.63527585351944
465 1.63527642635576
466 1.63527840841237
467 1.63528083773689
468 1.63528306336641
469 1.63528474201091
470 1.63528577703145
471 1.63528623523604
472 1.63528626662036
473 1.63528604124813
474 1.63528570831917
475 1.63528537613033
476 1.63528510815722
477 1.63528492935832
478 1.63528483727354
479 1.63528481380842
480 1.63528483515848
481 1.63528487873542
482 1.63528492700242
483 1.63528496875717
484 1.63528499866937
485 1.63528501588159
486 1.63528502232858
487 1.63528502121382
488 1.63528501587103
489 1.63528500907036
490 1.63528500271903
491 1.63528499785111
492 1.63528499478927
493 1.63528499337627
494 1.63528499320316
495 1.63528499379165
496 1.63528499471454
497 1.63528499565667
498 1.63528499642922
499 1.63528499695381
500 1.63528499723202
501 1.63528499731208
502 1.63528499726037
503 1.63528499714118
504 1.63528499700523
505 1.63528499688555
506 1.6352849967984
507 1.63528499674709
508 1.63528499672668
509 1.63528499672835
510 1.63528499674266
511 1.63528499676165
512 1.63528499677975
513 1.63528499679384
514 1.63528499680288
515 1.63528499680721
516 1.63528499680794
517 1.63528499680642
518 1.63528499680387
519 1.6352849968012
520 1.63528499679898
521 1.63528499679744
522 1.63528499679661
523 1.63528499679634
524 1.63528499679647
525 1.63528499679679
526 1.63528499679717
527 1.63528499679752
528 1.63528499679777
529 1.63528499679792
530 1.63528499679798
531 1.63528499679797
532 1.63528499679793
533 1.63528499679788
534 1.63528499679783
535 1.63528499679782
536 1.63528499679803
537 1.63528499679911
538 1.63528499680252
539 1.63528499681043
540 1.63528499682478
541 1.63528499684497
542 1.6352849968645
543 1.63528499686759
544 1.63528499682739
545 1.63528499670824
546 1.63528499647416
547 1.63528499610475
548 1.63528499561748
549 1.63528499509119
550 1.6352849946813
551 1.63528499461534
552 1.6352849951615
553 1.63528499657116
554 1.63528499900694
555 1.6352850024754
556 1.635285006786
557 1.63528501155462
558 1.63528501626802
559 1.6352850204053
560 1.63528502357124
561 1.6352850255812
562 1.63528502645153
563 1.6352850262988
564 1.63528502519001
565 1.63528502300807
566 1.63528501939613
567 1.63528509364621
568 1.63528549603124
569 1.63528655943081
570 1.63528852062356
571 1.63529128799846
572 1.63529417509015
573 1.63529575429747
574 1.635293972316
575 1.63528649338889
576 1.63527124572724
577 1.63524711951431
578 1.63521469129917
579 1.63517672752639
580 1.63513805867443
581 1.63510423603044
582 1.63507969737972
583 1.63506661326586
584 1.63506442968234
585 1.6350703294824
586 1.63508058213941
587 1.63509185390629
588 1.6351018113529
589 1.63510922705209
590 1.63512720843711
591 1.63515863166676
592 1.63520089262745
593 1.63524940460216
594 1.63529527202072
595 1.63532589631138
596 1.63533955266234
597 1.63534062936264
598 1.63533588366024
599 1.63533177563152
600 1.6353327879538
601 1.63534058537399
602 1.63535391362881
603 1.63536925760399
604 1.63538235617655
605 1.63538992446002
606 1.63539061061771
607 1.63538504560724
608 1.63537525739601
609 1.63536383510805
610 1.63535316613645
611 1.63534493381515
612 1.63533922588376
613 1.63532803114735
614 1.63530790321352
615 1.63528167952591
616 1.63525566109374
617 1.63523609665343
618 1.63522680252204
619 1.6352283753711
620 1.63523868605883
621 1.63525405331723
622 1.63527052202151
623 1.63528485455568
624 1.63529506395846
625 1.63530049903552
626 1.63530160232
627 1.63529950113761
628 1.63529557767482
629 1.63529111967938
630 1.63528710098832
631 1.63528409580387
632 1.6352823003441
633 1.63528162161227
634 1.63528179272712
635 1.63528248271474
636 1.63528338090569
637 1.63528424813622
638 1.63528493634498
639 1.63528538388571
640 1.63528559607945
641 1.63528562003144
642 1.63528552061872
643 1.63528536183271
644 1.63528519510211
645 1.6352850542771
646 1.63528495578631
647 1.63528490202864
648 1.63528488615589
649 1.635284896819
650 1.63528492198865
651 1.63528495147049
652 1.63528497812708
653 1.63528499806153
654 1.6352850101198
655 1.63528501506401
656 1.6352850146984
657 1.63528501113168
658 1.63528500626365
659 1.63528500150774
660 1.63528499771183
661 1.63528499521629
662 1.63528499398557
663 1.63528499376008
664 1.63528499419178
665 1.63528499494406
666 1.63528499575076
667 1.63528499643903
668 1.63528499692566
669 1.63528499719787
670 1.63528499728827
671 1.63528499725101
672 1.63528499714311
673 1.63528499701261
674 1.63528499689296
675 1.63528499680245
676 1.6352849967467
677 1.63528499672253
678 1.63528499672207
679 1.63528499673607
680 1.63528499675618
681 1.6352849967762
682 1.63528499679237
683 1.63528499680317
684 1.63528499680868
685 1.63528499680995
686 1.63528499680842
687 1.63528499680548
688 1.63528499680226
689 1.63528499679947
690 1.63528499679746
691 1.63528499679632
692 1.63528499679591
693 1.63528499679601
694 1.63528499679641
695 1.63528499679691
696 1.63528499679738
697 1.63528499679774
698 1.63528499679796
699 1.63528499679807
700 1.63528499679808
701 1.63528499679803
702 1.63528499679795
703 1.63528499679788
704 1.63528499679781
705 1.63528499679777
706 1.63528499679774
707 1.63528499679774
708 1.63528499679774
709 1.63528499679776
710 1.63528499679777
711 1.63528499679778
712 1.63528499679779
713 1.6352849967978
714 1.6352849967978
715 1.6352849967978
716 1.6352849967978
717 1.6352849967978
718 1.63528499679781
719 1.63528499679781
720 1.63528499679781
721 1.63528499679779
722 1.63528499679776
723 1.6352849967977
724 1.63528499679761
725 1.63528499679751
726 1.63528499679739
727 1.63528499679731
728 1.63528499679728
729 1.63528499679736
730 1.63528499679758
731 1.63528499679797
732 1.63528499679854
733 1.63528499679926
734 1.63528499680006
735 1.6352849968007
736 1.63528499680046
737 1.6352849967978
738 1.63528499679032
739 1.63528499677557
740 1.63528499675313
741 1.63528499672821
742 1.63528499671584
743 1.6352849967441
744 1.63528499685377
745 1.6352849970913
746 1.63528499749299
747 1.63528499806023
748 1.6352849987299
749 1.63528499934944
750 1.63528499966899
751 1.63528499936217
752 1.63528499808009
753 1.63528499553301
754 1.63528499158235
755 1.63528498631746
756 1.63528498009062
757 1.63528497348232
758 1.63528496718925
759 1.63528496187196
760 1.63528495801364
761 1.63528495584182
762 1.63528495534971
763 1.63528495641129
764 1.63528495893689
765 1.63528496299916
766 1.63528496886574
767 1.63528497690211
768 1.63528498735086
769 1.63528500004678
770 1.63528501418481
771 1.63528502831865
772 1.63528504066839
773 1.63528504961781
774 1.63528505421347
775 1.63528505446854
776 1.63528505132649
777 1.63528504630975
778 1.63528504103201
779 1.63528503676406
780 1.63528503345955
781 1.63528503016388
782 1.6352850257572
783 1.63528501951659
784 1.6352850115802
785 1.63528500318509
786 1.63528499591059
787 1.63528499087407
788 1.63528498829432
789 1.6352849874981
790 1.63528498726451
791 1.63528498633289
792 1.63528498389589
793 1.63528497991984
794 1.63528497516206
795 1.63528497086773
796 1.63528496829336
797 1.63528496826424
798 1.63528497092448
799 1.63528497573613
800 1.88528497573613
801 2.13528497573613
802 2.38528497573613
803 2.63528497573613
804 2.8
805 2.67779538267654
806 2.42779538267654
807 2.17779538267654
808 1.92779538267654
809 1.67779538267654
810 1.48191973617849
811 1.44086466507538
812 1.49467631371303
813 1.59156574386513
814 1.69380136964924
815 1.77875464358722
816 1.83678023895614
817 1.86757492956753
818 1.87630166843717
819 1.87029638425212
820 1.85673562172885
821 1.84130838137246
822 1.82772816156443
823 1.81782949973091
824 1.81198772172149
825 1.80964701981393
826 1.80981022311957
827 1.81141170489006
828 1.81354985219504
829 1.81559229209685
830 1.81718610191891
831 1.81821020538945
832 1.8187029245138
833 1.81878883424189
834 1.81861924406194
835 1.81833210779755
836 1.81803104107785
837 1.81777959055053
838 1.81760556198046
839 1.81751042579433
840 1.81747989912062
841 1.81749318699563
842 1.81752966147817
843 1.8175727532302
844 1.81761145836768
845 1.81764015509185
846 1.81765746261686
847 1.81766475658739
848 1.81766476774434
849 1.81766049855034
850 1.81765453460554
851 1.81764872018702
852 1.81764410998465
853 1.81764109235173
854 1.8176395896454
855 1.81763926538645
856 1.81763969565009
857 1.81764048653706
858 1.81764133741572
859 1.8176420601652
860 1.81764256887732
861 1.817642854182
862 1.81764295346963
863 1.81764292442038
864 1.81764282555874
865 1.81764270466831
866 1.81764259404854
867 1.81764251070139
868 1.81764245937802
869 1.81764243672083
870 1.81764243525346
871 1.81764244651553
872 1.81764246309301
873 1.81764247961005
874 1.81764249292028
875 1.81764250179111
876 1.81764250635086
877 1.81764250750262
878 1.81764250643128
879 1.81764250425969
880 1.81764250185874
881 1.81764249978404
882 1.81764249829934
883 1.81764249744629
884 1.81764249712808
885 1.81764249718516
886 1.81764249745172
887 1.81764249779017
888 1.81764249810586
889 1.81764249834757
890 1.81764249849941
891 1.81764249856931
892 1.81764249857765
893 1.81764249854823
894 1.81764249850227
895 1.81764249845542
896 1.81764249841703
897 1.817642498391
898 1.81764249837721
899 1.81764249837328
900 1.81764249837589
901 1.81764249838184
902 1.81764249838861
903 1.81764249839457
904 1.8176424983989
905 1.81764249840145
906 1.81764249840245
907 1.81764249840236
908 1.81764249840164
909 1.81764249840069
910 1.81764249839979
911 1.81764249839909
912 1.81764249839864
913 1.81764249839843
914 1.81764249839839
915 1.81764249839846
916 1.81764249839858
917 1.8176424983987
918 1.8176424983988
919 1.81764249839887
920 1.81764249839892
921 1.81764249839897
922 1.81764249839903
923 1.81764249839911
924 1.81764249839922
925 1.81764249839936
926 1.81764249839948
927 1.81764249839956
928 1.81764249839953
929 1.81764249839934
930 1.81764249839894
931 1.8176424983983
932 1.81764249839743
933 1.81764249839636
934 1.81764249839517
935 1.81764249839395
936 1.81764249839281
937 1.81764249839184
938 1.81764249839113
939 1.81764249839074
940 1.81764249839074
941 1.81764249839118
942 1.81764249839214
943 1.81764249839368
944 1.81764249839584
945 1.81764249839864
946 1.81764249840197
947 1.81764249840565
948 1.81764249840938
949 1.8176424984128
950 1.81764249841553
951 1.8176424984173
952 1.81764249841796
953 1.81764249841752
954 1.81764249841616
955 1.81764249841409
956 1.81764249841155
957 1.8176424984087
958 1.81764249840561
959 1.81764249840226
960 1.81764249839868
961 1.81764249839495
962 1.81764249839131
963 1.81764249838813
964 1.81764249838577
965 1.81764249838452
966 1.81764249838443
967 1.81764241856885
968 1.81764200817333
969 1.81764093413631
970 1.81763896008222
971 1.81763617872126
972 1.81763331719038
973 1.81763196831416
974 1.81763447786555
975 1.81764346807227
976 1.81766109931326
977 1.81768816089707
978 1.81772312778294
979 1.81776152885535
980 1.81779619269285
981 1.81781901321437
982 1.81782347803501
983 1.81780667603281
984 1.81777054846339
985 1.81772180142808
986 1.81766997384946
987 1.81762459379122
988 1.81759296867583
989 1.81757892001766
990 1.81756882759756
991 1.81755621111711
992 1.81753812482829
993 1.81751345389665
994 1.81748678910527
995 1.81747529478578
996 1.81748927694541
997 1.81752650708743
998 1.81757938601672
999 1.81763951751324
1000 1.81769722446543
1001 1.81773932389558
1002 1.81775782041744
1003 1.8177523074151
1004 1.81772851703341
1005 1.81769525456339
1006 1.81766134305442
1007 1.81763348164972
1008 1.81761529324378
1009 1.81760740790128
1010 1.81760821547635
1011 1.81761488514166
1012 1.81762432735957
1013 1.81763390115009
1014 1.81764179663476
1015 1.81764711993084
1016 1.81764976338679
1017 1.81765016151379
1018 1.8176490221522
1019 1.81764709617063
1020 1.81764501869757
1021 1.81764322852841
1022 1.81764195409474
1023 1.81764124510524
1024 1.8176410273158
1025 1.81764116140767
1026 1.8176414930259
1027 1.81764188748044
1028 1.81764224799491
1029 1.81764252001399
1030 1.81764268587367
1031 1.8176427544219
1032 1.81764274945568
1033 1.81764269963163
1034 1.81764263123109
1035 1.81764256409368
1036 1.81764251030526
1037 1.81764247485277
1038 1.81764245737768
1039 1.8176424542776
1040 1.81764246062334
1041 1.8176424715966
1042 1.8176424833573
1043 1.8176424933935
1044 1.81764250048542
1045 1.81764250443842
1046 1.8176425057245
1047 1.81764250513568
1048 1.81764250351055
1049 1.81764250155777
1050 1.81764249977249
1051 1.81764249842567
1052 1.81764249760001
1053 1.8176424972476
1054 1.81764249724989
1055 1.81764249746764
1056 1.81764249777542
1057 1.81764249807985
1058 1.81764249832481
1059 1.81764249848742
1060 1.81764249856934
1061 1.81764249858684
1062 1.81764249856198
1063 1.81764249851614
1064 1.81764249846626
1065 1.81764249842336
1066 1.81764249839279
1067 1.81764249837546
1068 1.81764249836942
1069 1.81764249837134
1070 1.81764249837771
1071 1.81764249838556
1072 1.81764249839282
1073 1.81764249839834
1074 1.81764249840178
1075 1.8176424984033
1076 1.81764249840338
1077 1.81764249840258
1078 1.8176424984014
1079 1.81764249840022
1080 1.81764249839925
1081 1.8176424983986
1082 1.81764249839827
1083 1.81764249839819
1084 1.81764249839827
1085 1.81764249839844
1086 1.81764249839863
1087 1.81764249839879
1088 1.8176424983989
1089 1.81764249839897
1090 1.817642498399
1091 1.81764249839899
1092 1.81764249839897
1093 1.81764249839895
1094 1.81764249839892
1095 1.8176424983989
1096 1.81764249839889
1097 1.81764249839888
1098 1.81764249839888
1099 1.81764249839888
1100 1.81764249839889
1101 1.81764249839889
1102 1.81764249839889
1103 1.81764249839889
1104 1.81764249839889
1105 1.81764249839889
1106 1.81764249839889
1107 1.81764249839889
1108 1.81764249839889
1109 1.8176424983989
1110 1.8176424983989
1111 1.81764249839889
1112 1.81764249839889
1113 1.81764249839889
1114 1.81764249839889
1115 1.81764249839889
1116 1.81764249839889
1117 1.81764249839889
1118 1.81764249839889
1119 1.81764249839889
1120 1.81764249839889
1121 1.81764249839889
1122 1.81764249839889
1123 1.8176424983989
1124 1.8176424983989
1125 1.8176424983989
1126 1.8176424983989
1127 1.8176424983989
1128 1.8176424983989
1129 1.8176424983989
1130 1.8176424983989
1131 1.8176424983989
1132 1.8176424983989
1133 1.8176424983989
1134 1.81764249839892
1135 1.81764249839916
1136 1.81764249840025
1137 1.81764249840368
1138 1.81764249841177
1139 1.81764249842693
1140 1.81764249844941
1141 1.81764249847356
1142 1.81764249848322
1143 1.81764249844832
1144 1.8176424983256
1145 1.81764249806699
1146 1.81764249763821
1147 1.8176424970475
1148 1.81764249637928
1149 1.81764249582135
1150 1.81764249566988
1151 1.81764249629805
1152 1.81764249808151
1153 1.81764250128789
1154 1.81764250595375
1155 1.81764251178581
1156 1.8176425181261
1157 1.81764252401938
1158 1.81764252839358
1159 1.81764253030841
1160 1.81764252920025
1161 1.81764252504199
1162 1.81764251834599
1163 1.81764250998838
1164 1.81764250091395
1165 1.81764249183243
1166 1.81764248302426
1167 1.81764247434575
1168 1.81764246546621
1169 1.81764245628076
1170 1.81764244733523
1171 1.81764244000519
1172 1.81764243626336
1173 1.81764243809319
1174 1.81764244673122
1175 1.81764246201028
1176 1.81764248211365
1177 1.81764250389207
1178 1.81764252361324
1179 1.8176425378724
1180 1.8176425451303
1181 1.81764254579311
1182 1.81764254169397
1183 1.81764253538109
1184 1.8176425291793
1185 1.81764252396443
1186 1.81764251917051
1187 1.81764251371859
1188 1.81764250681935
1189 1.81764249832401
1190 1.81764248882998
1191 1.81764247976762
1192 1.81764247297546
1193 1.81764247000101
1194 1.81764247151506
1195 1.81764247708781
1196 1.81764248536191
1197 1.81764249449584
1198 1.81764250268505
1199 1.81764250858833
1200 1.81764251155809
