1 2
2 2
3 2
4 2
5 2
6 2
7 2
8 2
9 2
10 2
11 2
12 2
13 2
14 2
15 2
16 2
17 2
18 2
19 2
20 2
21 2
22 2
23 2
24 2
25 2
26 2
27 2
28 2
29 2
30 2.25
31 2.28
32 2.31
33 2.34
34 2.37
35 2.4
36 2.43
37 2.46
38 2.49
39 2.52
40 2.548773508125
41 2.57527790503125
42 2.5996222486899
43 2.62188400290328
44 2.64211638772322
45 2.66035408710536
46 2.67661767781416
47 2.6909170630841
48 2.70325413183221
49 2.71362481537076
50 2.72202669265176
51 2.72846972211003
52 2.73297859743265
53 2.73558976570834
54 2.73634926813017
55 2.73531117747959
56 2.73253646646953
57 2.72809218544323
58 2.72205086080978
59 2.71449004987728
60 2.70549197609574
61 2.69514314315399
62 2.68353387190853
63 2.67075777720784
64 2.65691121795977
65 2.64209274112661
66 2.62640253191673
67 2.60994187695417
68 2.5928126437158
69 2.57511677737859
70 2.55695581510858
71 2.53843041773196
72 2.51963991936239
73 2.50068189623332
74 2.48165175629019
75 2.46264235109701
76 2.44374361145606
77 2.42504220792117
78 2.40662123715559
79 2.38855993487198
80 2.3709334159055
81 2.35381244181149
82 2.33726321623916
83 2.32134720820105
84 2.30612100323042
85 2.2916361822909
86 2.2779392281776
87 2.26507145902553
88 2.25306898842294
89 2.24196271151461
90 2.23177831637376
91 2.22253631982209
92 2.21425212678573
93 2.2069361121903
94 2.20059372432121
95 2.19522560850561
96 2.19082774991058
97 2.18739163419733
98 2.18490442472472
99 2.1833491549558
100 2.18270493468984
101 2.18294716871804
102 2.18404778648443
103 2.18597548132423
104 2.18869595784961
105 2.19217218605723
106 2.19636466074347
107 2.20123166483054
108 2.20672953523089
109 2.21281292990647
110 2.21943509481469
111 2.22654812947328
112 2.23410324992104
113 2.24205104790128
114 2.25034174514817
115 2.25892544171361
116 2.2677523573329
117 2.27677306489097
118 2.28593871511713
119 2.29520125170449
120 2.30451361612027
121 2.3138299414445
122 2.32310573464719
123 2.33229804678664
124 2.34136563068531
125 2.35026908571238
126 2.35897098937485
127 2.36743601549124
128 2.37563103879218
129 2.38352522586212
130 2.39109011240349
131 2.39829966687095
132 2.40513034058623
133 2.4115611045056
134 2.41757347287007
135 2.42315151402394
136 2.42828184873995
137 2.43295363643823
138 2.43715854973235
139 2.44089073777823
140 2.44414677894036
141 2.44692562332522
142 2.44922852576333
143 2.45105896984911
144 2.45242258367182
145 2.45332704789146
146 2.45378199682959
147 2.4537989132586
148 2.45339101758158
149 2.45257315210123
150 2.45136166107791
151 2.44977426727614
152 2.44782994569405
153 2.44554879516287
154 2.44295190849253
155 2.44006124182616
156 2.4368994838497
157 2.4334899254839
158 2.42985633066481
159 2.42602280879516
160 2.42201368942327
161 2.41785339967891
162 2.41356634496606
163 2.40917679338195
164 2.40470876429968
165 2.40018592151877
166 2.39563147135376
167 2.39106806599634
168 2.3865177124511
169 2.38200168730955
170 2.37754045759082
171 2.37315360784203
172 2.36885977365542
173 2.364676581724
174 2.36062059652272
175 2.35670727366797
176 2.3529509199747
177 2.34936466019799
178 2.34596041041466
179 2.34274885796996
180 2.33973944788541
181 2.33694037559662
182 2.33435858586311
183 2.33199977766825
184 2.3298684149038
185 2.32796774261271
186 2.32629980854395
187 2.32486548975542
188 2.32366452398493
189 2.32269554549513
190 2.32195612508565
191 2.32144281395555
192 2.32115119109004
193 2.32107591383891
194 2.3212107713488
195 2.32154874050811
196 2.32208204406188
197 2.32280221055391
198 2.32370013575512
199 2.32476614524045
200 2.32599005778144
201 2.32736124922767
202 2.32886871655805
203 2.33050114179172
204 2.33224695545837
205 2.33409439933911
206 2.33603158820115
207 2.33804657026292
208 2.34012738614004
209 2.34226212603765
210 2.34443898496982
211 2.3466463158031
212 2.34887267993748
213 2.35110689545523
214 2.3533380825851
215 2.3555557063469
216 2.35774961625899
217 2.35991008300867
218 2.36202783200307
219 2.36409407373555
220 2.36610053091945
221 2.36803946235843
222 2.36990368353848
223 2.37168658394333
224 2.37338214111013
225 2.37498493145747
226 2.37649013793221
227 2.37789355453527
228 2.37919158779959
229 2.38038125530579
230 2.38146018133254
231 2.38242658974933
232 2.3832792942693
233 2.38401768618866
234 2.3846417197474
235 2.38515189525335
236 2.38554924011772
237 2.385835287956
238 2.38601205591252
239 2.38608202037044
240 2.38604809121207
241 2.38591358479606
242 2.38568219581915
243 2.3853579682303
244 2.38494526536459
245 2.38444873946286
246 2.38387330074079
247 2.38322408616852
248 2.38250642811828
249 2.38172582303337
250 2.38088790026702
251 2.37999839123448
252 2.37906309901569
253 2.37808786853957
254 2.3770785574745
255 2.37604100794185
256 2.37498101916268
257 2.37390432113918
258 2.37281654946513
259 2.37172322135075
260 2.37062971293954
261 2.3695412379857
262 2.36846282795252
263 2.36739931358329
264 2.3663553079878
265 2.3653351912791
266 2.36434309678634
267 2.36338289886184
268 2.36245820229177
269 2.36157233331234
270 2.3607283322255
271 2.35992894760072
272 2.35917663204234
273 2.35847353949512
274 2.35782152405406
275 2.35722214023853
276 2.35667664468495
277 2.35618599920685
278 2.35575087516616
279 2.3553716590953
280 2.35504845950501
281 2.35478111480976
282 2.35456920229891
283 2.35441204807917
284 2.35430873791154
285 2.35425812886386
286 2.35425886169886
287 2.35430937391624
288 2.35440791336682
289 2.35455255235664
290 2.35474120215883
291 2.35497162785183
292 2.35524146340339
293 2.3555482269209
294 2.35588933599062
295 2.35626212302979
296 2.35666385057828
297 2.35709172645866
298 2.35754291873667
299 2.3580145704166
300 2.35850381380996
301 2.35900778451864
302 2.35952363497794
303 2.36004854750804
304 2.36057974682692
305 2.36111451198132
306 2.36165018765673
307 2.36218419483123
308 2.3627140407425
309 2.36323732814131
310 2.36375176380915
311 2.36425516632166
312 2.36474547304391
313 2.36522074634747
314 2.36567917904327
315 2.36611909902832
316 2.36653897314776
317 2.36693741027802
318 2.36731316363975
319 2.36766513235308
320 2.36799236225074
321 2.36829404596768
322 2.36856952232881
323 2.368818275059
324 2.36903993084213
325 2.36923425675821
326 2.36940115712951
327 2.36954066980894
328 2.36965296194505
329 2.36973832525978
330 2.36979717087636
331 2.3698300237355
332 2.36983751663905
333 2.36982038396078
334 2.36977945506436
335 2.36971564746883
336 2.36962995980163
337 2.36952346457937
338 2.36939730085588
339 2.36925266677656
340 2.3690908120774
341 2.36891303056608
342 2.36872065262135
343 2.36851503774615
344 2.36829756720802
345 2.36806963679938
346 2.36783264974843
347 2.36758800980993
348 2.36733711456323
349 2.36708134894329
350 2.36682207902828
351 2.36656064610569
352 2.36629836103665
353 2.36603649893633
354 2.36577629418616
355 2.36551893579142
356 2.365265563096
357 2.36501726186382
358 2.36477506073435
359 2.36453992805794
360 2.36431276911433
361 2.36409442371606
362 2.36388566419642
363 2.36368719377995
364 2.36349964533156
365 2.3633235804787
366 2.36315948909955
367 2.36300778916849
368 2.36286882694864
369 2.36274287752023
370 2.36263014563188
371 2.36253076686104
372 2.36244480906865
373 2.36237227413216
374 2.36231309994018
375 2.36226716263136
376 2.3622342790594
377 2.36221420946552
378 2.36220666033951
379 2.36221128744981
380 2.36222769902329
381 2.3622554590548
382 2.36229409072693
383 2.36234307992034
384 2.36240187879517
385 2.36246990942422
386 2.36254656745924
387 2.36263122581163
388 2.36272323832972
389 2.3628219434552
390 2.36292666784189
391 2.36303672992076
392 2.36315144339587
393 2.36327012065665
394 2.36339207609289
395 2.36351662929946
396 2.36364310815896
397 2.36377085179133
398 2.36389921336028
399 2.36402756272773
400 2.11402756272773
401 2.05415407637469
402 1.99427881169564
403 1.93440122858712
404 1.87452081438853
405 1.81463708549055
406 1.7547495887564
407 1.69485790275477
408 1.63496163880432
409 1.57506044183048
410 1.5163811095318
411 1.46011361172932
412 1.40640308554291
413 1.35538269312171
414 1.30717529125032
415 1.2618947799341
416 1.2196471985347
417 1.2
418 1.2
419 1.2
420 1.2
421 1.2
422 1.2
423 1.2
424 1.2
425 1.2
426 1.2
427 1.2
428 1.2
429 1.20030343477442
430 1.2029042827917
431 1.20756636731199
432 1.21409242130395
433 1.2223161372557
434 1.23209594253392
435 1.24331012041386
436 1.25585298079994
437 1.26963185001085
438 1.2845646999145
439 1.30057678771786
440 1.31758830531215
441 1.3355076610395
442 1.3542356066108
443 1.37366824466162
444 1.39369920943487
445 1.41422123822659
446 1.43512729520375
447 1.45631136733468
448 1.47766902093864
449 1.49909779140815
450 1.52049751272923
451 1.54177068590971
452 1.56282288946878
453 1.58356319212916
454 1.60390454403563
455 1.62376413356154
456 1.64306370373483
457 1.66172982670537
458 1.67969413732123
459 1.6968935283318
460 1.71327031011686
461 1.72877233723079
462 1.74335310312624
463 1.75697180386726
464 1.76959337149672
465 1.78118847778571
466 1.79173350924324
467 1.80121051443423
468 1.80960712480684
469 1.81691645034992
470 1.82313695148577
471 1.82827228865983
472 1.83233115112765
473 1.83532706647178
474 1.83727819240903
475 1.83820709247312
476 1.83814049717835
477 1.83710905228399
478 1.83514705578721
479 1.83229218527267
480 1.82858521723988
481 1.82406974001477
482 1.81879186183074
483 1.81279991563614
484 1.80614416215088
485 1.79887649265464
486 1.79105013294372
487 1.78271934984209
488 1.77393916159735
489 1.76476505343129
490 1.75525269945122
491 1.74545769206
492 1.73543527993163
493 1.72524011554548
494 1.71492601319574
495 1.70454571831455
496 1.6941506888672
497 1.68379088949715
498 1.67351459901661
499 1.66336823175671
500 1.65339617320914
501 1.64364063031003
502 1.63414149663581
503 1.62493623270181
504 1.61605976147613
505 1.60754437914551
506 1.59941968109592
507 1.59171250299917
508 1.58444687682815
509 1.57764400155739
510 1.57132222824316
511 1.56549705911792
512 1.56018116027827
513 1.55538438749357
514 1.55111382461418
515 1.54737383401402
516 1.544166118462
517 1.54148979378088
518 1.53934147161995
519 1.53771535164044
520 1.53660332238887
521 1.5359950701142
522 1.53587819476935
523 1.53623833242657
524 1.53705928332883
525 1.53832314479643
526 1.54001044820819
527 1.54210029928138
528 1.54457052088191
529 1.54739779760798
530 1.55055782140453
531 1.55402543748387
532 1.55777478984809
533 1.56177946573227
534 1.56601263831338
535 1.57044720705771
536 1.57505593511028
537 1.57981158316143
538 1.58468703926028
539 1.58965544407962
540 1.59469031117382
541 1.59976564180901
542 1.60485603398354
543 1.60993678529562
544 1.61498398935534
545 1.61997462547767
546 1.62488664143337
547 1.62969902907448
548 1.6343918926905
549 1.6389465099905
550 1.64334538564457
551 1.64757229735553
552 1.65161233446838
553 1.65545192916002
554 1.65907888028622
555 1.66248236999499
556 1.66565297324701
557 1.66858266041317
558 1.67126479314695
559 1.67369411375565
560 1.67586672831839
561 1.67778008382121
562 1.67943293959989
563 1.68082533339928
564 1.68195854237431
565 1.68283503937202
566 1.68345844484609
567 1.68383347476567
568 1.68396588488793
569 1.6838624117706
570 1.68353071090402
571 1.68297929234519
572 1.68221745423596
573 1.68125521458649
574 1.68010324170134
575 1.67877278362106
576 1.67727559694489
577 1.67562387539267
578 1.67383017845404
579 1.67190736046203
580 1.66986850041603
581 1.66772683286574
582 1.66549568015285
583 1.66318838629219
584 1.66081825275724
585 1.6583984764183
586 1.65594208986324
587 1.65346190431305
588 1.650970455325
589 1.64847995145752
590 1.64600222605144
591 1.64354869226238
592 1.64113030146007
593 1.63875750509017
594 1.63644022007536
595 1.63418779781287
596 1.63200899680699
597 1.62991195895648
598 1.62790418949879
599 1.6259925405958
600 1.62418319852832
601 1.62248167445112
602 1.62089279864418
603 1.61942071818145
604 1.61806889792444
605 1.616840124735
606 1.61573651478936
607 1.61475952386457
608 1.61390996045789
609 1.61318800159091
610 1.61259321114124
611 1.6121245605381
612 1.61178045165107
613 1.61155874169672
614 1.61145676998301
615 1.61147138630835
616 1.61159898082981
617 1.6118355152136
618 1.6121765548805
619 1.61261730215948
620 1.61315263016392
621 1.61377711720723
622 1.61448508157751
623 1.61527061649474
624 1.61612762507854
625 1.61704985515941
626 1.61803093377271
627 1.61906440118043
628 1.62014374427323
629 1.62126242921243
630 1.6224139331795
631 1.62359177510904
632 1.62478954528964
633 1.62600093372606
634 1.62721975716525
635 1.62843998469804
636 1.62965576185784
637 1.63086143314723
638 1.63205156293278
639 1.63322095465826
640 1.63436466833569
641 1.63547803628335
642 1.63655667708878
643 1.63759650778444
644 1.63859375423217
645 1.63954495972133
646 1.64044699179405
647 1.64129704731882
648 1.64209265584143
649 1.64283168124972
650 1.64351232179529
651 1.64413310852199
652 1.64469290215713
653 1.6451908885268
654 1.64562657256197
655 1.64599977096679
656 1.64631060362449
657 1.64655948382033
658 1.64674710736387
659 1.64687444069603
660 1.64694270806817
661 1.64695337788266
662 1.64690814828526
663 1.64680893210085
664 1.64665784120395
665 1.64645717041595
666 1.6462093810198
667 1.6459170839825
668 1.64558302297415
669 1.6452100572705
670 1.64480114462409
671 1.64435932418649
672 1.64388769956142
673 1.64338942206539
674 1.64286767426954
675 1.64232565389226
676 1.6417665581088
677 1.6411935683399
678 1.64060983557742
679 1.64001846630036
680 1.6394225090307
681 1.63882494157342
682 1.63822865898083
683 1.63763646227653
684 1.63705104796959
685 1.6364749983849
686 1.63591077283112
687 1.63536069962253
688 1.63482696896726
689 1.63431162672909
690 1.63381656906628
691 1.63334353794621
692 1.63289411753053
693 1.63246973142183
694 1.63207164075854
695 1.63170094314149
696 1.63135857237205
697 1.63104529897828
698 1.63076173150287
699 1.63050831852339
700 1.63028535137317
701 1.63009296752844
702 1.62993115462547
703 1.62979975506942
704 1.62969847119487
705 1.6296268709369
706 1.62958439397001
707 1.62957035827163
708 1.62958396706582
709 1.6296243161028
710 1.62969040122928
711 1.62978112620473
712 1.62989531071894
713 1.63003169856649
714 1.63018896593459
715 1.63036572976111
716 1.63056055612118
717 1.63077196860122
718 1.63099845662122
719 1.63123848366691
720 1.63149049539557
721 1.63175292758054
722 1.63202421386169
723 1.63230279327056
724 1.63258711750144
725 1.63287565790126
726 1.63316691215368
727 1.63345941063478
728 1.63375172242002
729 1.63404246092445
730 1.63433028916055
731 1.63461392460012
732 1.63489214362917
733 1.63516378558692
734 1.63542775638238
735 1.63568303168392
736 1.63592865967988
737 1.6361637634098
738 1.6363875426685
739 1.63659927548663
740 1.63679831919372
741 1.63698411107121
742 1.63715616860491
743 1.63731408934767
744 1.63745755040501
745 1.63758630755736
746 1.63770019403429
747 1.63779911895703
748 1.6378830654669
749 1.6379520885579
750 1.63800631263301
751 1.63804592880402
752 1.63807119195564
753 1.63808241759507
754 1.63807997850839
755 1.6380643012458
756 1.63803586245735
757 1.6379951851015
758 1.63794283454807
759 1.63787941459764
760 1.63780556343875
761 1.63772194956405
762 1.63762926766615
763 1.63752823453329
764 1.6374195849644
765 1.63730406772243
766 1.63718244154405
767 1.63705547122295
768 1.63692392378336
769 1.63678856475898
770 1.63665015459211
771 1.63650944516633
772 1.63636717648522
773 1.63622407350857
774 1.63608084315621
775 1.63593817148888
776 1.63579672107391
777 1.6356571285429
778 1.63552000234703
779 1.63538592071476
780 1.63525542981553
781 1.63512904213186
782 1.63500723504138
783 1.63489044960907
784 1.63477908958917
785 1.63467352063505
786 1.63457406971465
787 1.63448102472777
788 1.63439463432123
789 1.63431510789643
790 1.63424261580377
791 1.63417728971701
792 1.6341192231806
793 1.63406847232191
794 1.63402505672009
795 1.63398896042261
796 1.6339601331002
797 1.63393849133035
798 1.63392391999962
799 1.63391627381414
800 1.79141537890811
801 1.8064210345395
802 1.82143301486226
803 1.83645107076428
804 1.8514749317604
805 1.86650430792967
806 1.88153889188642
807 1.89657836077463
808 1.91162237827537
809 1.92667059661755
810 1.94094996870073
811 1.95382241293269
812 1.96538936780221
813 1.97572669034403
814 1.98489046248712
815 1.99292150690228
816 1.99984889795925
817 2.00569269025021
818 2.01046603794408
819 2.01417683991875
820 2.01683280656344
821 2.01844834473065
822 2.0190459835575
823 2.01865440789947
824 2.01730706710079
825 2.01504119716384
826 2.01189713797204
827 2.00791785945051
828 2.00314863431063
829 1.99763681248595
830 1.99143164655615
831 1.98458410287302
832 1.97714662353044
833 1.96917285118657
834 1.96071733858863
835 1.95183525605252
836 1.94258210449923
837 1.93301343801719
838 1.92318459765147
839 1.9131504567617
840 1.90296517761953
841 1.89268197890029
842 1.88235291416231
843 1.87202866185549
844 1.86175832760481
845 1.85158925951854
846 1.84156687717664
847 1.8317345148237
848 1.82213327915429
849 1.81280192195572
850 1.80377672776843
851 1.79509141663843
852 1.78677706196295
853 1.77886202336311
854 1.7713718944526
855 1.76432946530668
856 1.75775469937262
857 1.75166472450097
858 1.74607383771834
859 1.74099352330708
860 1.73643248370583
861 1.73239668269795
862 1.72888940031175
863 1.72591129881783
864 1.72346049917449
865 1.72153266724185
866 1.72012110905907
867 1.71921687445734
868 1.71880886826342
869 1.7188839683347
870 1.71942714965724
871 1.72042161373261
872 1.7218489224773
873 1.7236891358607
874 1.72592095251326
875 1.72852185254521
876 1.73146824182922
877 1.73473559701552
878 1.73829861056708
879 1.7421313351236
880 1.74620732652742
881 1.75049978487108
882 1.75498169295485
883 1.75962595157377
884 1.76440551108608
885 1.76929349874962
886 1.77426334134824
887 1.77928888266724
888 1.78434449541498
889 1.78940518722611
890 1.79444670042146
891 1.79944560523908
892 1.80437938629051
893 1.80922652203655
894 1.81396655711573
895 1.8185801673982
896 1.82304921767607
897 1.82735681193908
898 1.83148733622122
899 1.83542649404005
900 1.83916133448453
901 1.84268027304119
902 1.84597310527967
903 1.84903101354947
904 1.85184656686814
905 1.85441371420826
906 1.85672777141561
907 1.85878540201418
908 1.86058459217522
909 1.8621246201466
910 1.86340602045644
911 1.86443054322012
912 1.86520110889312
913 1.86572175882368
914 1.86599760196814
915 1.86603475813933
916 1.86584029816366
917 1.86542218132575
918 1.86478919048086
919 1.8639508652151
920 1.86291743343101
921 1.86169974173212
922 1.86030918497459
923 1.85875763534681
924 1.85705737132892
925 1.85522100687448
926 1.85326142114459
927 1.85119168911264
928 1.84902501334348
929 1.84677465723652
930 1.84445388000614
931 1.84207587365638
932 1.83965370218951
933 1.83720024327018
934 1.83472813254856
935 1.83224971082669
936 1.82977697423355
937 1.82732152755471
938 1.82489454084304
939 1.82250670941757
940 1.82016821733812
941 1.81788870442403
942 1.81567723686669
943 1.81354228146637
944 1.81149168350639
945 1.80953264825926
946 1.80767172610274
947 1.80591480120701
948 1.80426708373856
949 1.80273310551088
950 1.80131671899826
951 1.80002109961511
952 1.79884875115086
953 1.79780151423873
954 1.79688057772585
955 1.79608649280259
956 1.79541918973986
957 1.79487799707564
958 1.79446166308487
959 1.79416837936113
960 1.79399580633368
961 1.79394110053961
962 1.79400094346777
963 1.79417157178949
964 1.79444880879001
965 1.79482809681433
966 1.79530453054226
967 1.79587289090897
968 1.79652767948982
969 1.79726315317171
970 1.79807335893702
971 1.79895216859106
972 1.79989331326945
973 1.80089041756757
974 1.80193703314116
975 1.80302667163401
976 1.80415283679638
977 1.80530905566574
978 1.80648890868975
979 1.80768605868017
980 1.80889427849534
981 1.81010747735783
982 1.81131972572356
983 1.81252527862775
984 1.81371859744284
985 1.81489436999304
986 1.81604752897939
987 1.81717326867915
988 1.81826705989212
989 1.81932466311619
990 1.82034213994286
991 1.8213158626728
992 1.82224252215945
993 1.8231191338972
994 1.8239430423786
995 1.82471192375208
996 1.82542378681948
997 1.82607697241884
998 1.82667015124441
999 1.82720232016191
1000 1.82767279708203
1001 1.82808121446057
1002 1.82842751149775
1003 1.82871192511345
1004 1.82893497977843
1005 1.82909747628475
1006 1.82920047954114
1007 1.8292453054809
1008 1.8292335071719
1009 1.82916686021871
1010 1.82904734754824
1011 1.82887714366982
1012 1.82865859850074
1013 1.82839422084755
1014 1.82808666163211
1015 1.8277386969501
1016 1.82735321104784
1017 1.82693317930085
1018 1.82648165127522
1019 1.82600173395004
1020 1.82549657517578
1021 1.82496934744024
1022 1.82442323201025
1023 1.82386140351296
1024 1.82328701501699
1025 1.82270318366933
1026 1.82211297693941
1027 1.82151939951746
1028 1.82092538090983
1029 1.82033376376892
1030 1.81974729299131
1031 1.81916860561239
1032 1.81860022152167
1033 1.81804453501793
1034 1.81750380721901
1035 1.81698015933638
1036 1.8164755668203
1037 1.81599185437699
1038 1.81553069185515
1039 1.81509359099488
1040 1.81468190302843
1041 1.81429681711825
1042 1.81393935961443
1043 1.81361039411012
1044 1.81331062227047
1045 1.81304058540766
1046 1.81280066677185
1047 1.81259109452537
1048 1.81241194536528
1049 1.81226314875737
1050 1.81214449174285
1051 1.81205562427734
1052 1.81199606506081
1053 1.81196520781555
1054 1.8119623279688
1055 1.81198658969588
1056 1.81203705327933
1057 1.81211268273945
1058 1.8122123536916
1059 1.81233486138598
1060 1.81247892888601
1061 1.81264321534232
1062 1.81282632431973
1063 1.81302681213626
1064 1.81324319617392
1065 1.81347396312259
1066 1.81371757711972
1067 1.81397248775033
1068 1.81423713787339
1069 1.81450997124257
1070 1.81478943989131
1071 1.81507401125426
1072 1.81536217499907
1073 1.81565244954483
1074 1.8159433882457
1075 1.8162335852203
1076 1.81652168080998
1077 1.81680636665122
1078 1.81708639034958
1079 1.81736055974529
1080 1.81762774676232
1081 1.81788689083539
1082 1.81813700191139
1083 1.81837716302372
1084 1.81860653244051
1085 1.81882434538914
1086 1.81902991536188
1087 1.81922263500917
1088 1.81940197662871
1089 1.8195674922603
1090 1.81971881339807
1091 1.81985565033302
1092 1.81997779114014
1093 1.82008510032588
1094 1.82017751715262
1095 1.82025505365799
1096 1.8203177923877
1097 1.82036588386135
1098 1.82039954379153
1099 1.82041905007674
1100 1.82042473958953
1101 1.82041700478124
1102 1.82039629012511
1103 1.82036308841966
1104 1.82031793697411
1105 1.82026141369764
1106 1.82019413311405
1107 1.82011674232303
1108 1.82002991692888
1109 1.81993435695716
1110 1.81983078277894
1111 1.81971993106196
1112 1.8196025507671
1113 1.81947939920783
1114 1.81935123818962
1115 1.81921883024511
1116 1.81908293498013
1117 1.81894430554467
1118 1.81880368524173
1119 1.81866180428602
1120 1.81851937672348
1121 1.81837709752128
1122 1.81823563983709
1123 1.81809565247517
1124 1.81795775753567
1125 1.81782254826245
1126 1.81769058709383
1127 1.81756240391908
1128 1.81743849454303
1129 1.81731931935955
1130 1.81720530223401
1131 1.81709682959362
1132 1.81699424972379
1133 1.81689787226741
1134 1.81680796792346
1135 1.81672476834024
1136 1.81664846619784
1137 1.81657921547369
1138 1.8165171318844
1139 1.8164622934964
1140 1.81641474149742
1141 1.81637448112009
1142 1.81634148270883
1143 1.81631568292052
1144 1.81629698604905
1145 1.81628526546395
1146 1.81628036515249
1147 1.81628210135498
1148 1.81629026428255
1149 1.81630461990671
1150 1.81632491181008
1151 1.81635086308751
1152 1.81638217828707
1153 1.81641854538044
1154 1.81645963775242
1155 1.81650511619951
1156 1.81655463092773
1157 1.81660782354027
1158 1.8166643290057
1159 1.81672377759805
1160 1.81678579680035
1161 1.81685001316362
1162 1.81691605411388
1163 1.81698354970012
1164 1.81705213427671
1165 1.81712144811417
1166 1.81719113893289
1167 1.81726086335482
1168 1.81733028826861
1169 1.81739909210446
1170 1.81746696601525
1171 1.81753361496126
1172 1.8175987586961
1173 1.8176621326523
1174 1.81772348872539
1175 1.8177825959556
1176 1.81783924110739
1177 1.81789322914679
1178 1.8179443836177
1179 1.81799254691814
1180 1.81803758047846
1181 1.81807936484337
1182 1.81811779966048
1183 1.81815280357822
1184 1.81818431405632
1185 1.81821228709253
1186 1.81823669686922
1187 1.81825753532419
1188 1.81827481164995
1189 1.81828855172596
1190 1.81829879748865
1191 1.81830560624417
1192 1.81830904992866
1193 1.81830921432147
1194 1.81830619821616
1195 1.81830011255482
1196 1.81829107953079
1197 1.81827923166498
1198 1.81826471086108
1199 1.81824766744483
1200 1.81822825919222
