1 2
2 2
3 2
4 2
5 2
6 2
7 2
8 2
9 2
10 2
11 2
12 2
13 2
14 2
15 2
16 2
17 2
18 2
19 2
20 2
21 2
22 2
23 2
24 2
25 2
26 2
27 2
28 2
29 2
30 2.25
31 2.18
32 2.2
33 2.22
34 2.24
35 2.26
36 2.28
37 2.3
38 2.32
39 2.34
40 2.358909785
41 2.376615052
42 2.3937342439863
43 2.41011051537366
44 2.4257379926665
45 2.44060855981393
46 2.4547125272509
47 2.46803914456271
48 2.48057699175547
49 2.49231427636201
50 2.50324381184898
51 2.51336551337919
52 2.52268145170327
53 2.53119475968751
54 2.53891092878068
55 2.54583743233824
56 2.55198363336181
57 2.55736070679564
58 2.56198157206002
59 2.56586083276488
60 2.56901470073019
61 2.57146088469966
62 2.57321847212654
63 2.57430782495057
64 2.57475047678441
65 2.57456902817986
66 2.57378704332762
67 2.57242894788546
68 2.57051992802571
69 2.56808583076023
70 2.56515306567316
71 2.56174850838631
72 2.55789940613533
73 2.55363328569413
74 2.54897786381305
75 2.54396096035036
76 2.53861041426285
77 2.53295400259822
78 2.52701936261686
79 2.52083391715694
80 2.51442480334356
81 2.50781880472976
82 2.50104228694306
83 2.49412113689761
84 2.48708070561868
85 2.47994575471395
86 2.47274040651351
87 2.46548809788927
88 2.45821153775269
89 2.45093266821923
90 2.44367262941775
91 2.43645172791275
92 2.42928940869841
93 2.42220423071434
94 2.41521384582432
95 2.40833498119175
96 2.40158342497778
97 2.39497401528136
98 2.38852063223393
99 2.38223619315547
100 2.37613265067333
101 2.37022099370021
102 2.36451125116317
103 2.35901249837158
104 2.35373286590849
105 2.34867955092669
106 2.34385883072827
107 2.33927607850426
108 2.33493578110933
109 2.33084155874508
110 2.32699618642474
111 2.32340161709154
112 2.32005900626296
113 2.31696873807342
114 2.31413045258848
115 2.31154307426468
116 2.30920484143064
117 2.30711333666634
118 2.30526551795973
119 2.30365775052184
120 2.30228583914422
121 2.30114506098488
122 2.30023019867249
123 2.29953557362095
124 2.29905507945057
125 2.29878221541495
126 2.29871011973696
127 2.29883160276051
128 2.29913917982911
129 2.2996251038062
130 2.30028139715632
131 2.30109988351058
132 2.30207221864405
133 2.30318992079725
134 2.30444440027802
135 2.3058269882849
136 2.30732896489715
137 2.30894158618119
138 2.31065611036772
139 2.3124638230579
140 2.31435606142152
141 2.31632423735442
142 2.31835985956627
143 2.32045455457452
144 2.3226000865839
145 2.32478837623511
146 2.32701151821019
147 2.32926179768563
148 2.33153170562826
149 2.33381395293221
150 2.33610148339873
151 2.33838748556412
152 2.34066540338381
153 2.34292894578395
154 2.34517209509467
155 2.34738911438157
156 2.34957455369522
157 2.35172325526009
158 2.3538303576272
159 2.35589129881665
160 2.35790181847807
161 2.359857959099
162 2.36175606629276
163 2.3635927881989
164 2.36536507403076
165 2.3670701718055
166 2.3687056252937
167 2.37026927022569
168 2.37175922979326
169 2.37317390948568
170 2.3745119912993
171 2.3757724273609
172 2.37695443300452
173 2.37805747934208
174 2.379081285368
175 2.38002580963767
176 2.38089124155964
177 2.38167799234095
178 2.38238668562457
179 2.3830181478573
180 2.38357339842608
181 2.38405363959963
182 2.38446024631171
183 2.3847947558215
184 2.38505885728541
185 2.38525438127374
186 2.38538328926476
187 2.38544766314706
188 2.38544969476061
189 2.38539167550511
190 2.38527598604328
191 2.38510508612542
192 2.38488150456012
193 2.38460782935484
194 2.38428669804852
195 2.3839207882572
196 2.38351280845204
197 2.38306548898799
198 2.38258157339971
199 2.3820638099801
200 2.3815149436554
201 2.38093770816945
202 2.38033481858825
203 2.37970896413483
204 2.37906280136279
205 2.378398947676
206 2.37771997520027
207 2.37702840501183
208 2.37632670172615
209 2.37561726844952
210 2.37490244209447
211 2.3741844890594
212 2.37346560127129
213 2.37274789258975
214 2.37203339556922
215 2.37132405857587
216 2.37062174325408
217 2.36992822233726
218 2.36924517779638
219 2.36857419931944
220 2.36791678311369
221 2.36727433102258
222 2.3666481499481
223 2.36603945156901
224 2.36544935234496
225 2.36487887379585
226 2.36432894304549
227 2.36380039361832
228 2.36329396647747
229 2.36281031129233
230 2.36234998792346
231 2.3619134681126
232 2.36150113736523
233 2.36111329701327
234 2.36075016644517
235 2.36041188549092
236 2.36009851694925
237 2.35981004924457
238 2.35954639920104
239 2.35930741492167
240 2.35909287875995
241 2.35890251037228
242 2.35873596983919
243 2.35859286084397
244 2.35847273389715
245 2.35837508959613
246 2.35829938190895
247 2.35824502147202
248 2.35821137889155
249 2.35819778803927
250 2.35820354933284
251 2.35822793299218
252 2.35827018226317
253 2.35832951660058
254 2.3584051348025
255 2.35849621808906
256 2.35860193311852
257 2.35872143493432
258 2.35885386983719
259 2.35899837817664
260 2.35915409705688
261 2.35932016295232
262 2.35949571422859
263 2.35967989356518
264 2.35987185027628
265 2.36007074252698
266 2.36027573944212
267 2.3604860231058
268 2.36070079044971
269 2.36091925502887
270 2.36114064868395
271 2.36136422308933
272 2.36158925118686
273 2.36181502850519
274 2.36204087436517
275 2.36226613297202
276 2.36249017439526
277 2.36271239543776
278 2.36293222039536
279 2.36314910170905
280 2.36336252051169
281 2.36357198707152
282 2.36377704113518
283 2.36397725217269
284 2.36417221952752
285 2.36436157247471
286 2.36454497019017
287 2.36472210163479
288 2.36489268535652
289 2.36505646921421
290 2.36521323002689
291 2.36536277315215
292 2.3655049319975
293 2.36563956746865
294 2.36576656735853
295 2.36588584568111
296 2.36599734195386
297 2.36610102043291
298 2.36619686930483
299 2.36628489983903
300 2.36636514550449
301 2.36643766105498
302 2.36650252158631
303 2.36655982156954
304 2.36660967386374
305 2.36665220871195
306 2.36668757272387
307 2.36671592784868
308 2.36673745034134
309 2.36675232972559
310 2.36676076775684
311 2.36676297738781
312 2.36675918173996
313 2.36674961308339
314 2.36673451182786
315 2.36671412552746
316 2.36668870790127
317 2.36665851787232
318 2.36662381862684
319 2.36658487669593
320 2.3665419610613
321 2.36649534228698
322 2.36644529167836
323 2.36639208047011
324 2.36633597904424
325 2.36627725617941
326 2.36621617833258
327 2.36615300895383
328 2.36608800783508
329 2.36602143049346
330 2.36595352758976
331 2.3658845443823
332 2.36581472021659
333 2.36574428805091
334 2.36567347401784
335 2.36560249702167
336 2.36553156837157
337 2.36546089145025
338 2.36539066141774
339 2.36532106494991
340 2.36525228001111
341 2.36518447566041
342 2.36511781189078
343 2.36505243950035
344 2.36498849999507
345 2.36492612552176
346 2.36486543883082
347 2.36480655326737
348 2.36474957278999
349 2.36469459201591
350 2.36464169629151
351 2.36459096178715
352 2.36454245561491
353 2.36449623596828
354 2.36445235228248
355 2.3644108454142
356 2.36437174783955
357 2.36433508386891
358 2.36430086987754
359 2.3642691145506
360 2.36423981914142
361 2.36421297774172
362 2.36418857756262
363 2.36416659922514
364 2.36414701705914
365 2.36412979940938
366 2.36411490894761
367 2.36410230298964
368 2.36409193381612
369 2.36408374899614
370 2.36407769171249
371 2.36407370108766
372 2.36407171250953
373 2.36407165795591
374 2.36407346631692
375 2.36407706371447
376 2.36408237381799
377 2.36408931815555
378 2.36409781641977
379 2.36410778676778
380 2.36411914611446
381 2.36413181041862
382 2.36414569496128
383 2.36416071461572
384 2.36417678410872
385 2.36419381827263
386 2.36421173228782
387 2.36423044191521
388 2.36424986371853
389 2.36426991527611
390 2.36429051538185
391 2.36431158423536
392 2.36433304362098
393 2.36435481707561
394 2.36437683004533
395 2.36439901003065
396 2.36442128672058
397 2.36444359211529
398 2.3644658606377
399 2.36448802923386
400 2.11448802923386
401 2.25450981934437
402 2.21453133634557
403 2.17455252806251
404 2.13457334518375
405 2.09459374129849
406 2.05461367292392
407 2.01463309952308
408 1.97465198351363
409 1.93467029026759
410 1.89577829907751
411 1.85778506092531
412 1.82004179469984
413 1.78299078503854
414 1.74674761957966
415 1.71141291060233
416 1.67707508819714
417 1.64381260132405
418 1.61169565640423
419 1.5807875944943
420 1.55114123111915
421 1.52279873232153
422 1.49579802935677
423 1.47017265437036
424 1.44594977947067
425 1.42315095250036
426 1.4017923159141
427 1.38188482703776
428 1.36343447387133
429 1.34644248299896
430 1.33090553852655
431 1.31681602363291
432 1.30416225024327
433 1.29292866597828
434 1.28309606169825
435 1.27464178203559
436 1.26753993409411
437 1.26176159521673
438 1.25727501972988
439 1.25404584452575
440 1.25203729323301
441 1.2512103785428
442 1.25152410226065
443 1.25293565280904
444 1.25540059991518
445 1.25887308615168
446 1.26330601499481
447 1.26865123507801
448 1.27485972032383
449 1.2818817456478
450 1.28966705794058
451 1.29816504205055
452 1.30732488150734
453 1.31709571374622
454 1.32742677961293
455 1.33826756694895
456 1.34956794807804
457 1.36127831103639
458 1.37334968441006
459 1.38573385566459
460 1.39838348287349
461 1.41125219977289
462 1.42429471409076
463 1.43746689911929
464 1.45072587851892
465 1.46403010436175
466 1.47733942844088
467 1.49061516689002
468 1.50382015817518
469 1.51691881453671
470 1.52987716697577
471 1.54266290389423
472 1.55524540351116
473 1.56759576019236
474 1.57968680484182
475 1.59149311951558
476 1.60299104642908
477 1.61415869153904
478 1.62497592288974
479 1.63542436392183
480 1.64548738194873
481 1.65515007201239
482 1.66439923633555
483 1.67322335959216
484 1.68161258022204
485 1.6895586580183
486 1.69705493821895
487 1.7040963123353
488 1.71067917595088
489 1.71680138372452
490 1.72246220183097
491 1.72766225807093
492 1.73240348988076
493 1.73668909046976
494 1.74052345330973
495 1.74391211519816
496 1.74686169811228
497 1.74937985006684
498 1.75147518518328
499 1.75315722317271
500 1.75443632842957
501 1.75532364892614
502 1.75583105509235
503 1.75597107885802
504 1.75575685302787
505 1.75520205115253
506 1.75432082805106
507 1.75312776113316
508 1.75163779266114
509 1.74986617308428
510 1.74782840556966
511 1.74554019184618
512 1.74301737946973
513 1.74027591060979
514 1.7373317724496
515 1.7342009492838
516 1.73089937638962
517 1.72744289573964
518 1.72384721361646
519 1.72012786018164
520 1.71630015104403
521 1.71237915086484
522 1.70837963902971
523 1.70431607741093
524 1.70020258023604
525 1.69605288607231
526 1.69188033193018
527 1.68769782948252
528 1.68351784339052
529 1.67935237172116
530 1.67521292843609
531 1.6711105279259
532 1.6670556715595
533 1.66305833621292
534 1.65912796473809
535 1.65527345832738
536 1.65150317072642
537 1.64782490424357
538 1.64424590750155
539 1.64077287487348
540 1.6374119475429
541 1.63416871612482
542 1.63104822478274
543 1.62805497677466
544 1.62519294135918
545 1.62246556199188
546 1.61987576574047
547 1.61742597384674
548 1.61511811336236
549 1.61295362978546
550 1.6109335006244
551 1.60905824981544
552 1.60732796292111
553 1.60574230303653
554 1.60430052733159
555 1.60300150415773
556 1.60184373064902
557 1.60082535074841
558 1.59994417359134
559 1.59919769218037
560 1.5985831022861
561 1.59809732151134
562 1.59773700845741
563 1.59749858193335
564 1.59737824015082
565 1.59737197984991
566 1.59747561530278
567 1.59768479714493
568 1.59799503098586
569 1.59840169575338
570 1.59890006172843
571 1.59948530822957
572 1.60015254090892
573 1.60089680862385
574 1.60171311985123
575 1.60259645861361
576 1.60354179988931
577 1.60454412448076
578 1.60559843331817
579 1.60669976117782
580 1.60784318979702
581 1.60902386036989
582 1.61023698541071
583 1.61147785997386
584 1.61274187222151
585 1.61402451333259
586 1.61532138674865
587 1.61662821675428
588 1.61794085639184
589 1.619255294712
590 1.62056766336386
591 1.62187424252954
592 1.62317146621068
593 1.62445592687497
594 1.62572437947332
595 1.62697374483879
596 1.62820111248064
597 1.62940374278737
598 1.63057906865442
599 1.63172469655279
600 1.63283840705633
601 1.63391815484591
602 1.63496206820986
603 1.63596844806062
604 1.63693576648838
605 1.63786266487277
606 1.63874795157456
607 1.63959059922932
608 1.64038974166574
609 1.64114467047116
610 1.64185483122737
611 1.64251981943973
612 1.64313937618251
613 1.6437133834838
614 1.64424185947262
615 1.64472495331128
616 1.6451629399354
617 1.64555621462399
618 1.64590528742147
619 1.64621077743336
620 1.64647340701662
621 1.64669399588542
622 1.64687345515257
623 1.64701278132611
624 1.64711305028002
625 1.64717541121772
626 1.64720108064573
627 1.64719133637483
628 1.64714751156488
629 1.64707098882906
630 1.64696319441221
631 1.64682559245762
632 1.64665967937535
633 1.6464669783248
634 1.64624903382323
635 1.64600740649111
636 1.64574366794458
637 1.64545939584431
638 1.64515616910931
639 1.64483556330343
640 1.64449914620167
641 1.64414847354227
642 1.64378508497028
643 1.64341050017705
644 1.64302621523975
645 1.64263369916407
646 1.64223439063264
647 1.64182969496093
648 1.64142098126191
649 1.64100957981986
650 1.64059677967326
651 1.6401838264061
652 1.63977192014623
653 1.63936221376898
654 1.63895581130363
655 1.63855376653992
656 1.63815708183121
657 1.63776670709054
658 1.63738353897532
659 1.63700842025621
660 1.63664213936502
661 1.63628543011649
662 1.63593897159834
663 1.6356033882236
664 1.63527924993921
665 1.6349670725845
666 1.63466731839288
667 1.6343803966302
668 1.63410666436272
669 1.63384642734784
670 1.63359994104037
671 1.63336741170722
672 1.63314899764334
673 1.63294481048154
674 1.63275491658913
675 1.63257933854388
676 1.63241805668238
677 1.63227101071346
678 1.6321381013897
679 1.63201919223004
680 1.63191411128655
681 1.63182265294879
682 1.63174457977893
683 1.63167962437142
684 1.63162749123075
685 1.63158785866124
686 1.63156038066311
687 1.63154468882879
688 1.63154039423436
689 1.63154708932048
690 1.631564349758
691 1.63159173629331
692 1.63162879656886
693 1.6316750669145
694 1.63173007410552
695 1.63179333708354
696 1.6318643686367
697 1.63194267703564
698 1.63202776762237
699 1.63211914434897
700 1.63221631126365
701 1.63231877394181
702 1.63242604085986
703 1.63253762471008
704 1.63265304365487
705 1.63277182251887
706 1.63289349391794
707 1.63301759932398
708 1.63314369006493
709 1.63327132825935
710 1.63340008768541
711 1.63352955458408
712 1.63365932839672
713 1.63378902243729
714 1.63391826449964
715 1.63404669740056
716 1.63417397945938
717 1.63429978491501
718 1.63442380428162
719 1.63454574464409
720 1.63466532989466
721 1.63478230091224
722 1.63489641568599
723 1.63500744938483
724 1.63511519437474
725 1.63521946018561
726 1.63532007342971
727 1.63541687767379
728 1.63550973326673
729 1.63559851712517
730 1.63568312247892
731 1.63576345857876
732 1.63583945036849
733 1.63591103812384
734 1.63597817706016
735 1.63604083691153
736 1.63609900148324
737 1.63615266818015
738 1.63620184751305
739 1.63624656258529
740 1.63628684856198
741 1.63632275212374
742 1.63635433090738
743 1.63638165293543
744 1.63640479603668
745 1.63642384725972
746 1.63643890228136
747 1.636450064812
748 1.63645744599953
749 1.63646116383384
750 1.63646134255335
751 1.63645811205543
752 1.63645160731212
753 1.63644196779268
754 1.63642933689454
755 1.63641386138367
756 1.63639569084599
757 1.63637497715075
758 1.63635187392708
759 1.63632653605481
760 1.63629911917033
761 1.63626977918858
762 1.63623867184176
763 1.63620595223559
764 1.6361717744238
765 1.63613629100123
766 1.63609965271623
767 1.63606200810266
768 1.63602350313184
769 1.63598428088473
770 1.63594448124464
771 1.63590424061035
772 1.63586369163006
773 1.63582296295582
774 1.63578217901874
775 1.63574145982456
776 1.63570092076958
777 1.63566067247677
778 1.63562082065169
779 1.63558146595786
780 1.63554270391149
781 1.63550462479476
782 1.63546731358765
783 1.63543084991743
784 1.63539530802563
785 1.63536075675174
786 1.63532725953314
787 1.63529487442067
788 1.63526365410925
789 1.63523364598275
790 1.63520489217268
791 1.63517742962988
792 1.63515129020851
793 1.63512650076174
794 1.63510308324836
795 1.6350810548496
796 1.63506042809552
797 1.63504121100012
798 1.63502340720459
799 1.63500701612791
800 1.77499203312413
801 1.73997844964558
802 1.74996625341138
803 1.75995542858053
804 1.7699459559289
805 1.77993781302956
806 1.78993097443558
807 1.79992541186503
808 1.80992109438715
809 1.81991798860951
810 1.82930553846525
811 1.8380013809081
812 1.84634998872505
813 1.85428061541747
814 1.86179651352802
815 1.86889864507056
816 1.8755862641287
817 1.88185736696658
818 1.88770903912039
819 1.89313772241632
820 1.89814208217365
821 1.90272454732925
822 1.90688862887228
823 1.91063823217334
824 1.91397834329005
825 1.91691483971735
826 1.91945444645627
827 1.92160470118532
828 1.92337392550538
829 1.92477120015687
830 1.92580633116222
831 1.92648979542861
832 1.92683268133596
833 1.92684663662982
834 1.92654381721711
835 1.92593683494424
836 1.92503870614746
837 1.92386280084056
838 1.92242279259055
839 1.92073260910944
840 1.91880638362772
841 1.9166584072252
842 1.91430308232814
843 1.9117548775031
844 1.90902828363479
845 1.90613777157913
846 1.90309775137455
847 1.89992253308061
848 1.89662628930446
849 1.89322301946739
850 1.88972651585654
851 1.88615033149982
852 1.8825077498942
853 1.87881175661059
854 1.87507501279113
855 1.87130983054855
856 1.86752815027065
857 1.86374151982729
858 1.85996107567122
859 1.85619752581896
860 1.85246113469272
861 1.84876170979952
862 1.84510859021901
863 1.84151063686731
864 1.8379762245001
865 1.8345132354144
866 1.83112905480503
867 1.82783056772853
868 1.82462415762437
869 1.82151570634043
870 1.81851059560756
871 1.81561370990568
872 1.81282944066184
873 1.81016169171933
874 1.80761388601514
875 1.80518897340198
876 1.80288943955022
877 1.80071731586417
878 1.79867419034676
879 1.79676121934616
880 1.79497914011806
881 1.79332828413704
882 1.7918085910912
883 1.79041962349413
884 1.78916058184944
885 1.78803032030348
886 1.78702736272316
887 1.78614991913655
888 1.7853959024754
889 1.78476294556009
890 1.78424841826885
891 1.78384944483491
892 1.78356292121674
893 1.78338553248848
894 1.78331377019956
895 1.78334394965438
896 1.783472227065
897 1.78369461653198
898 1.78400700681054
899 1.78440517782142
900 1.78488481686818
901 1.78544153452476
902 1.78607088015952
903 1.78676835706435
904 1.78752943715944
905 1.78834957524702
906 1.78922422278933
907 1.79014884118855
908 1.7911189145486
909 1.79212996190106
910 1.79317754887949
911 1.79425729882878
912 1.79536490333816
913 1.79649613218877
914 1.79764684270837
915 1.7988129885282
916 1.79999062773852
917 1.80117593044153
918 1.80236518570194
919 1.8035548078973
920 1.80474134247189
921 1.80592147109942
922 1.80709201626146
923 1.80824994524988
924 1.80939237360291
925 1.81051656798579
926 1.81161994852808
927 1.81270009063104
928 1.81375472625916
929 1.81478174473132
930 1.81577919302761
931 1.81674527562877
932 1.81767835390606
933 1.81857694507969
934 1.81943972076489
935 1.82026550512499
936 1.82105327265123
937 1.82180214558961
938 1.82251139103517
939 1.8231804177143
940 1.82380877247605
941 1.82439613651313
942 1.82494232133356
943 1.82544726450389
944 1.82591102518457
945 1.8263337794782
946 1.82671581561086
947 1.82705752896674
948 1.82735941699576
949 1.82762207401361
950 1.8278461859132
951 1.82803252480614
952 1.82818194361226
953 1.82829537061476
954 1.82837380399802
955 1.82841830638448
956 1.82842999938647
957 1.82841005818815
958 1.82835970617211
959 1.82828020960468
960 1.82817287239286
961 1.82803903092575
962 1.82788004901202
963 1.8276973129246
964 1.82749222656311
965 1.82726620674338
966 1.82702067862339
967 1.82675707127348
968 1.82647681339855
969 1.82618132921894
970 1.82587203451605
971 1.82555033284809
972 1.82521761194069
973 1.82487524025622
974 1.8245245637453
975 1.82416690278313
976 1.8238035492927
977 1.82343576405627
978 1.82306477421603
979 1.82269177096416
980 1.82231790742197
981 1.82194429670737
982 1.82157201018918
983 1.82120207592665
984 1.8208354772916
985 1.82047315177076
986 1.82011598994483
987 1.81976483464092
988 1.81942048025432
989 1.81908367223538
990 1.81875510673682
991 1.81843543041671
992 1.8181252403918
993 1.81782508433589
994 1.81753546071765
995 1.81725681917193
996 1.81698956099866
997 1.8167340397832
998 1.81649056213183
999 1.81625938851605
1000 1.81604073421914
1001 1.81583477037866
1002 1.81564162511815
1003 1.81546138476155
1004 1.81529409512383
1005 1.81513976287117
1006 1.81499835694431
1007 1.81486981003853
1008 1.81475402013398
1009 1.81465085206999
1010 1.81456013915725
1011 1.81448168482179
1012 1.81441526427479
1013 1.81436062620252
1014 1.81431749447069
1015 1.81428556983778
1016 1.81426453167215
1017 1.81425403966765
1018 1.81425373555297
1019 1.81426324478999
1020 1.81428217825654
1021 1.81431013390938
1022 1.81434669842325
1023 1.81439144880219
1024 1.81444395395941
1025 1.81450377626238
1026 1.81457047303993
1027 1.81464359804831
1028 1.81472270289367
1029 1.81480733840828
1030 1.81489705597825
1031 1.81499140882082
1032 1.81508995320914
1033 1.81519224964324
1034 1.81529786396549
1035 1.81540636841959
1036 1.81551734265198
1037 1.81563037465492
1038 1.81574506165074
1039 1.81586101091675
1040 1.8159778405507
1041 1.81609518017669
1042 1.8162126715918
1043 1.81632996935361
1044 1.81644674130921
1045 1.81656266906624
1046 1.81667744840681
1047 1.81679078964512
1048 1.81690241792988
1049 1.81701207349272
1050 1.81711951184376
1051 1.81722450391583
1052 1.8173268361587
1053 1.81742631058501
1054 1.8175227447695
1055 1.81761597180319
1056 1.81770584020444
1057 1.81779221378859
1058 1.81787497149823
1059 1.81795400719593
1060 1.81802922942141
1061 1.81810056111533
1062 1.81816793931145
1063 1.81823131479945
1064 1.81829065176043
1065 1.81834592737698
1066 1.81839713142012
1067 1.81844426581502
1068 1.81848734418754
1069 1.81852639139365
1070 1.81856144303372
1071 1.81859254495363
1072 1.81861975273458
1073 1.81864313117363
1074 1.81866275375663
1075 1.8186787021255
1076 1.81869106554153
1077 1.81869994034642
1078 1.81870542942269
1079 1.81870764165506
1080 1.81870669139435
1081 1.81870269792526
1082 1.81869578493951
1083 1.81868608001571
1084 1.81867371410706
1085 1.81865882103824
1086 1.81864153701248
1087 1.81862200012995
1088 1.8186003499184
1089 1.81857672687695
1090 1.81855127203392
1091 1.81852412651939
1092 1.81849543115319
1093 1.81846532604907
1094 1.81843395023539
1095 1.81840144129296
1096 1.81836793501045
1097 1.81833356505768
1098 1.81829846267696
1099 1.81826275639303
1100 1.81822657174136
1101 1.81819003101521
1102 1.81815325303138
1103 1.8181163529146
1104 1.81807944190061
1105 1.81804262715769
1106 1.81800601162657
1107 1.81796969387844
1108 1.81793376799086
1109 1.81789832344119
1110 1.81786344501733
1111 1.81782921274524
1112 1.81779570183297
1113 1.8177629826306
1114 1.81773112060581
1115 1.81770017633443
1116 1.81767020550543
1117 1.81764125893996
1118 1.81761338262374
1119 1.81758661775215
1120 1.81756100078769
1121 1.81753656352883
1122 1.81751333318997
1123 1.81749133249157
1124 1.81747057976009
1125 1.81745108903686
1126 1.81743287019539
1127 1.81741592906638
1128 1.81740026756982
1129 1.81738588385357
1130 1.81737277243771
1131 1.81736092436405
1132 1.81735032735024
1133 1.81734096594779
1134 1.8173328217034
1135 1.8173258733231
1136 1.81732009683849
1137 1.81731546577462
1138 1.81731195131898
1139 1.81730952249091
1140 1.81730814631116
1141 1.81730778797092
1142 1.81730841099991
1143 1.8173099774331
1144 1.81731244797564
1145 1.81731578216546
1146 1.81731993853337
1147 1.81732487476012
1148 1.8173305478301
1149 1.81733691418148
1150 1.81734392985228
1151 1.81735155062233
1152 1.81735973215067
1153 1.81736843010824
1154 1.81737760030571
1155 1.81738719881612
1156 1.81739718209226
1157 1.81740750707869
1158 1.81741813131809
1159 1.81742901305211
1160 1.81744011131631
1161 1.81745138602946
1162 1.81746279807694
1163 1.81747430938819
1164 1.81748588300843
1165 1.81749748316441
1166 1.81750907532434
1167 1.81752062625204
1168 1.81753210405533
1169 1.81754347822875
1170 1.81755471969071
1171 1.81756580081511
1172 1.81757669545768
1173 1.81758737897692
1174 1.81759782825005
1175 1.81760802168394
1176 1.81761793922114
1177 1.81762756234139
1178 1.81763687405847
1179 1.81764585891286
1180 1.81765450296018
1181 1.81766279375568
1182 1.81767072033499
1183 1.81767827319129
1184 1.81768544424909
1185 1.81769222683483
1186 1.81769861564457
1187 1.8177046067088
1188 1.81771019735479
1189 1.81771538616655
1190 1.81772017294255
1191 1.81772455865162
1192 1.81772854538699
1193 1.8177321363188
1194 1.81773533564525
1195 1.81773814854257
1196 1.81774058111404
1197 1.8177426403381
1198 1.81774433401601
1199 1.81774567071889
1200 1.81774665973458
