1 2
2 2
3 2
4 2
5 2
6 2
7 2
8 2
9 2
10 2
11 2
12 2
13 2
14 2
15 2
16 2
17 2
18 2
19 2
20 2
21 2
22 2
23 2
24 2
25 2
26 2
27 2
28 2
29 2
30 2.17493333333333
31 2.2
32 2.22666666666667
33 2.25333333333333
34 2.28
35 2.30666666666667
36 2.33333333333333
37 2.36
38 2.38666666666667
39 2.41333333333333
40 2.43952339427328
41 2.46479769075603
42 2.48912995228853
43 2.51248313100928
44 2.53481931434099
45 2.55610032324496
46 2.57628819437968
47 2.59534553495986
48 2.61323577946953
49 2.62992337088932
50 2.64537518255317
51 2.65956280418603
52 2.67246331887172
53 2.68405901777878
54 2.69433719569744
55 2.70328997769174
56 2.71091416856351
57 2.71721111872531
58 2.7221866018081
59 2.72585070061636
60 2.72821769546103
61 2.72930594437992
62 2.7291377481085
63 2.72773920009335
64 2.72514002409107
65 2.72137340125689
66 2.7164757882601
67 2.71048672769
68 2.70344865181271
69 2.69540668058668
70 2.68640841473826
71 2.67650372465001
72 2.66574453581816
73 2.65418461165512
74 2.64187933442392
75 2.62888548509005
76 2.61526102286678
77 2.60106486521577
78 2.58635666904585
79 2.57119661383199
80 2.55564518735358
81 2.53976297472657
82 2.52361045137869
83 2.50724778058974
84 2.49073461619093
85 2.47412991098732
86 2.4574917314366
87 2.44087707908519
88 2.42434171922983
89 2.40794001723827
90 2.39172478292831
91 2.3757471233687
92 2.3600563044296
93 2.34469962137394
94 2.32972227874443
95 2.31516727976449
96 2.30107532543428
97 2.28748472346711
98 2.27443130717465
99 2.26194836437383
100 2.25006657635284
101 2.23881396689863
102 2.22821586135452
103 2.21829485564287
104 2.20907079515564
105 2.20056076338401
106 2.19277908012796
107 2.18573730909757
108 2.17944427468966
109 2.17390608769698
110 2.16912617968146
111 2.1651053457196
112 2.16184179520531
113 2.15933121037471
114 2.15756681219825
115 2.15653943326751
116 2.15623759728798
117 2.15664760477486
118 2.1577536245358
119 2.15953779051349
120 2.16198030355159
121 2.16505953763961
122 2.16875215018614
123 2.17303319586548
124 2.17787624357978
125 2.18325349607748
126 2.18913591176929
127 2.19549332828481
128 2.20229458731609
129 2.20950766029948
130 2.21709977449336
131 2.22503753901686
132 2.23328707042373
133 2.24181411739568
134 2.25058418415103
135 2.25956265217696
136 2.26871489990717
137 2.27800641998176
138 2.28740293374119
139 2.29687050262307
140 2.30637563614741
141 2.31588539619404
142 2.3253674972945
143 2.3347904026796
144 2.3441234158439
145 2.3533367674078
146 2.36240169707896
147 2.37129053053467
148 2.37997675106829
149 2.38843506586326
150 2.39664146677943
151 2.40457328555725
152 2.41220924336625
153 2.41952949464479
154 2.42651566519853
155 2.43315088454517
156 2.43941981251262
157 2.44530866011732
158 2.45080520476788
159 2.45589879985794
160 2.46058037882942
161 2.46484245380473
162 2.46867910890271
163 2.4720859883688
164 2.47506027966491
165 2.47760069167828
166 2.4797074282225
167 2.48138215701552
168 2.48262797433169
169 2.48344936553522
170 2.48385216171212
171 2.4838434926267
172 2.48343173623638
173 2.48262646500565
174 2.48143838926562
175 2.4798792978712
176 2.47796199641124
177 2.47570024323072
178 2.47310868352585
179 2.47020278177428
180 2.46699875276293
181 2.46351349147538
182 2.45976450209935
183 2.45576982641229
184 2.45154797180033
185 2.44711783916154
186 2.44249865093991
187 2.43770987953111
188 2.43277117629475
189 2.42770230140118
190 2.42252305473331
191 2.4172532080561
192 2.41191243865738
193 2.40652026465502
194 2.40109598215546
195 2.39565860443885
196 2.39022680333552
197 2.38481885294772
198 2.37945257585971
199 2.3741452919675
200 2.36891377004871
201 2.36377418218047
202 2.3587420611022
203 2.3538322606077
204 2.34905891903916
205 2.34443542594379
206 2.33997439194174
207 2.33568762184209
208 2.33158609103221
209 2.32767992515369
210 2.32397838306731
211 2.32048984309762
212 2.3172217925375
213 2.31418082038176
214 2.31137261324915
215 2.30880195444166
216 2.30647272608074
217 2.30438791425087
218 2.3025496170718
219 2.30095905561303
220 2.29961658755558
221 2.29852172349938
222 2.29767314580712
223 2.29706872986957
224 2.29670556767097
225 2.29657999352832
226 2.29668761187313
227 2.29702332694026
228 2.29758137422463
229 2.29835535356339
230 2.29933826369865
231 2.30052253817373
232 2.30190008241431
233 2.30346231184493
234 2.30520019089086
235 2.30710427271526
236 2.30916473954227
237 2.31137144341764
238 2.31371394725993
239 2.31618156605763
240 2.31876340806956
241 2.32144841588918
242 2.32422540723651
243 2.32708311534501
244 2.33001022881512
245 2.33299543081019
246 2.33602743747555
247 2.3390950354664
248 2.34218711847562
249 2.34529272265805
250 2.34840106085374
251 2.35150155551883
252 2.35458387027856
253 2.35763794002375
254 2.36065399947834
255 2.36362261017236
256 2.36653468576131
257 2.36938151563982
258 2.37215478680431
259 2.37484660392612
260 2.37744950760344
261 2.3799564907673
262 2.38236101322345
263 2.3846570143188
264 2.38683892372754
265 2.38890167035856
266 2.39084068939224
267 2.39265192746064
268 2.39433184599124
269 2.3958774227403
270 2.39728615154712
271 2.39855604034642
272 2.39968560748072
273 2.40067387635976
274 2.40152036851859
275 2.40222509513025
276 2.40278854703326
277 2.40321168333767
278 2.40349591867714
279 2.40364310917771
280 2.40365553721676
281 2.40353589504825
282 2.4032872673728
283 2.40291311293289
284 2.40241724521535
285 2.40180381234453
286 2.40107727625065
287 2.40024239119858
288 2.39930418176264
289 2.39826792033333
290 2.39713910424148
291 2.39592343258517
292 2.39462678284379
293 2.39325518736279
294 2.39181480979125
295 2.39031192155313
296 2.38875287843106
297 2.38714409733965
298 2.38549203336316
299 2.38380315712988
300 2.38208393259293
301 2.3803407952845
302 2.37858013110749
303 2.37680825572556
304 2.37503139460899
305 2.37325566379083
306 2.37148705138389
307 2.36973139990585
308 2.36799438945577
309 2.36628152178179
310 2.36459810527588
311 2.36294924092744
312 2.36133980926417
313 2.35977445830404
314 2.35825759253885
315 2.35679336296568
316 2.3553856581787
317 2.35403809652997
318 2.35275401936417
319 2.35153648532815
320 2.35038826575309
321 2.3493118411028
322 2.34830939847879
323 2.34738283016898
324 2.34653373322383
325 2.34576341004055
326 2.34507286993281
327 2.34446283166075
328 2.34393372689322
329 2.34348570457162
330 2.34311863614221
331 2.34283212162168
332 2.3426254964584
333 2.34249783915009
334 2.34244797957675
335 2.34247450800604
336 2.34257578472715
337 2.34274995026763
338 2.34299493614688
339 2.34330847611894
340 2.34368811785665
341 2.34413123502861
342 2.34463503972015
343 2.34519659514928
344 2.34581282862848
345 2.34648054472364
346 2.34719643856147
347 2.34795710923742
348 2.34875907327652
349 2.34959877810073
350 2.35047261545691
351 2.35137693476077
352 2.35230805631345
353 2.35326228434841
354 2.35423591986801
355 2.35522527323063
356 2.35622667645066
357 2.35723649517565
358 2.35825114030656
359 2.3592670792291
360 2.36028084662593
361 2.36128905484169
362 2.36228840377486
363 2.36327569027248
364 2.3642478170061
365 2.36520180080943
366 2.36613478046031
367 2.36704402389206
368 2.36792693482123
369 2.36878105878133
370 2.36960408855395
371 2.37039386899135
372 2.37114840122632
373 2.37186584626767
374 2.37254452798155
375 2.37318293546096
376 2.37377972478791
377 2.3743337201945
378 2.37484391463133
379 2.37530946975313
380 2.37572971533366
381 2.37610414812339
382 2.37643243016509
383 2.37671438658411
384 2.37695000287137
385 2.37713942167868
386 2.37728293914708
387 2.37738100079006
388 2.37743419695468
389 2.37744325788453
390 2.37740904840929
391 2.3773325622864
392 2.37721491622118
393 2.37705734359203
394 2.37686118790803
395 2.37662789602645
396 2.37635901115806
397 2.37605616568817
398 2.37572107384149
399 2.37535552421875
400 2.12535552421875
401 2.07480135112574
402 2.02102245634194
403 1.96722084974445
404 1.91339857731209
405 1.85955771346701
406 1.80570035347541
407 1.75182860593195
408 1.69794458535145
409 1.64405040489094
410 1.5908282201571
411 1.53894588150241
412 1.48851503844821
413 1.43965646008336
414 1.39248519666958
415 1.34711089567552
416 1.30363802045004
417 1.26216606657548
418 1.22278977418649
419 1.2
420 1.2
421 1.2
422 1.2
423 1.2
424 1.2
425 1.2
426 1.2
427 1.2
428 1.2
429 1.2
430 1.2
431 1.2
432 1.2
433 1.2
434 1.2
435 1.2
436 1.20149398932741
437 1.2045160273981
438 1.20898173875352
439 1.21481299582154
440 1.22193714492955
441 1.23028637369195
442 1.23979718997538
443 1.25040998916061
444 1.26206869149863
445 1.27472043531768
446 1.28831124455252
447 1.30278254249029
448 1.31807196234718
449 1.33411425009084
450 1.35084199583455
451 1.36818623212258
452 1.38607692601044
453 1.40444338596467
454 1.42321460005065
455 1.44231951834429
456 1.46168730085104
457 1.48124755650707
458 1.50093058151905
459 1.52066759342155
460 1.54039095787553
461 1.56003440622097
462 1.57953324249921
463 1.59882453916584
464 1.61784732107873
465 1.63654273760395
466 1.65485422283654
467 1.67272764395997
468 1.69011143772098
469 1.70695673495537
470 1.72321747308968
471 1.73885049655381
472 1.75381564506306
473 1.7680758297583
474 1.78159709722778
475 1.79434868146975
476 1.80630304389068
477 1.81743590146871
478 1.82772624324553
479 1.83715633534271
480 1.8457117147307
481 1.85338117200949
482 1.86015672349023
483 1.86603357289571
484 1.87101006302523
485 1.8750876177553
486 1.87827067477214
487 1.88056660945438
488 1.88198565034565
489 1.88254078667571
490 1.8822476684059
491 1.88112449929036
492 1.87919192345765
493 1.87647290602907
494 1.87299260829939
495 1.86877825801351
496 1.86385901527797
497 1.85826583465033
498 1.85203132395096
499 1.84518960034206
500 1.83777614421656
501 1.82982765143631
502 1.82138188445323
503 1.81247752284019
504 1.80315401374974
505 1.7934514228083
506 1.78341028594186
507 1.77307146261593
508 1.76247599095786
509 1.75166494521371
510 1.74067929597509
511 1.72955977359262
512 1.71834673517401
513 1.70708003554408
514 1.69579890252327
515 1.68454181685918
516 1.67334639712314
517 1.66224928986082
518 1.65128606526204
519 1.640491118591
520 1.62989757759374
521 1.61953721607497
522 1.60944037381166
523 1.59963588294589
524 1.59015100097473
525 1.58101135043006
526 1.57224086531685
527 1.56386174435405
528 1.55589441103831
529 1.54835748052737
530 1.54126773331682
531 1.53464009566145
532 1.52848762667073
533 1.52282151198648
534 1.51765106393089
535 1.51298372799283
536 1.50882509550195
537 1.50517892232229
538 1.50204715337974
539 1.49942995282211
540 1.49732573959538
541 1.49573122820579
542 1.49464147442467
543 1.49404992568079
544 1.49394847587478
545 1.49432752434019
546 1.49517603866751
547 1.4964816211001
548 1.49823057820484
549 1.50040799351509
550 1.50299780283995
551 1.50598287193053
552 1.50934507619281
553 1.51306538213538
554 1.51712393024147
555 1.52150011895564
556 1.52617268947823
557 1.53111981106427
558 1.53631916652769
559 1.54174803765735
560 1.54738339025754
561 1.55320195853254
562 1.55918032854314
563 1.56529502047122
564 1.57152256943824
565 1.57783960463337
566 1.5842229265176
567 1.59064958188172
568 1.59709693654744
569 1.60354274551348
570 1.609965220361
571 1.6163430937458
572 1.62265568081803
573 1.62888293742395
574 1.63500551495794
575 1.64100481174703
576 1.64686302086437
577 1.65256317428238
578 1.65808918329008
579 1.66342587511398
580 1.66855902569518
581 1.6734753885901
582 1.67816271997533
583 1.68260979975125
584 1.68680644875202
585 1.69074354208266
586 1.69441301861673
587 1.69780788670035
588 1.70092222612015
589 1.70375118640439
590 1.70629098153733
591 1.70853888117754
592 1.71049319848086
593 1.71215327463799
594 1.71351946024589
595 1.71459309364018
596 1.71537647632349
597 1.71587284563206
598 1.71608634478894
599 1.71602199049833
600 1.71568563824061
601 1.71508394543208
602 1.71422433261772
603 1.71311494286788
604 1.71176459955316
605 1.71018276267298
606 1.70837948391529
607 1.70636536062519
608 1.7041514888603
609 1.70174941571059
610 1.69917109105872
611 1.69642881895573
612 1.6935352087844
613 1.69050312637991
614 1.68734564527416
615 1.68407599822622
616 1.6807075291973
617 1.67725364592364
618 1.67372777323585
619 1.67014330726749
620 1.66651357068999
621 1.6628517691044
622 1.65917094871435
623 1.65548395539737
624 1.65180339528475
625 1.64814159695283
626 1.64451057532097
627 1.64092199734381
628 1.63738714957752
629 1.63391690769178
630 1.63052170799135
631 1.62721152100268
632 1.62399582717318
633 1.62088359472255
634 1.61788325967745
635 1.61500270811273
636 1.61224926061475
637 1.60962965897406
638 1.60715005510748
639 1.60481600220164
640 1.60263244806307
641 1.60060373065244
642 1.59873357577383
643 1.59702509688309
644 1.59548079697301
645 1.59410257248658
646 1.59289171920429
647 1.59184894004514
648 1.5909743547163
649 1.59026751114124
650 1.58972739859156
651 1.58935246244337
652 1.58914062047556
653 1.58908928062319
654 1.58919536009671
655 1.58945530577426
656 1.58986511577244
657 1.59042036209847
658 1.59111621428519
659 1.59194746390889
660 1.59290854988916
661 1.59399358446913
662 1.59519637977445
663 1.59651047484927
664 1.59792916306817
665 1.59944551982339
666 1.60105243038828
667 1.60274261785896
668 1.604508671078
669 1.60634307244601
670 1.60823822552925
671 1.61018648237399
672 1.61218017044094
673 1.6142116190766
674 1.6162731854409
675 1.61835727981483
676 1.62045639021458
677 1.62256310624326
678 1.62467014211468
679 1.62677035878823
680 1.62885678515785
681 1.63092263824263
682 1.63296134233089
683 1.63496654703422
684 1.63693214421245
685 1.63885228373519
686 1.64072138805015
687 1.64253416553318
688 1.64428562259955
689 1.64597107456058
690 1.64758615521434
691 1.64912682516364
692 1.650589378859
693 1.65197045036861
694 1.6532670178815
695 1.65447640695458
696 1.65559629251779
697 1.65662469965599
698 1.65756000318964
699 1.65840092608007
700 1.65914653668868
701 1.65979624492244
702 1.66034979730149
703 1.66080727098737
704 1.66116906681305
705 1.66143590135887
706 1.66160879812025
707 1.66168907781582
708 1.66167834788597
709 1.66157849123388
710 1.66139165426263
711 1.66112023426292
712 1.6607668662075
713 1.66033440900893
714 1.65982593129813
715 1.65924469678153
716 1.65859414923498
717 1.65787789719262
718 1.65709969838861
719 1.65626344400955
720 1.65537314281461
721 1.65443290517993
722 1.65344692712269
723 1.6524194743595
724 1.65135486645227
725 1.6502574610935
726 1.64913163858133
727 1.64798178653306
728 1.6468122848841
729 1.64562749121726
730 1.64443172646537
731 1.64322926102807
732 1.64202430134134
733 1.64082097693609
734 1.63962332801963
735 1.63843529361146
736 1.6372607002624
737 1.63610325138322
738 1.63496651720672
739 1.63385392540428
740 1.63276875237534
741 1.63171411522574
742 1.63069296444804
743 1.62970807731434
744 1.62876205198954
745 1.62785730237035
746 1.62699605365275
747 1.62618033862822
748 1.62541199470634
749 1.62469266165931
750 1.62402378008114
751 1.62340659055241
752 1.62284213349905
753 1.62233124973148
754 1.62187458164857
755 1.62147257508885
756 1.62112548180942
757 1.62083336257171
758 1.62059609081104
759 1.62041335686588
760 1.62028467274119
761 1.62020937737861
762 1.62018664240578
763 1.62021547833516
764 1.62029474118263
765 1.62042313947475
766 1.62059924161305
767 1.62082148356328
768 1.621088176837
769 1.62139751673244
770 1.62174759080158
771 1.62213638751017
772 1.62256180505746
773 1.62302166032251
774 1.62351369790432
775 1.62403559922313
776 1.624584991651
777 1.62515945764002
778 1.62575654381744
779 1.62637377001746
780 1.62700863822053
781 1.62765864137165
782 1.62832127205036
783 1.62899403096609
784 1.62967443525352
785 1.63036002654413
786 1.63104837879103
787 1.63173710582553
788 1.63242386862551
789 1.63310638227667
790 1.63378242260934
791 1.63444983249507
792 1.63510652778847
793 1.63575050290145
794 1.63637983599843
795 1.63699269380267
796 1.63758733600521
797 1.63816211926972
798 1.63871550082781
799 1.63924604166095
800 1.72721907593331
801 1.74023338000785
802 1.75402117437963
803 1.76778145852811
804 1.78151334535844
805 1.79521606190295
806 1.80888894962215
807 1.82253146431214
808 1.836143175627
809 1.84972376622536
810 1.86303472768844
811 1.87585638530917
812 1.88817561679936
813 1.89997401724548
814 1.91123285288014
815 1.92193335735595
816 1.93205696968866
817 1.941585508284
818 1.95050129564211
819 1.95878724508685
820 1.96642756759561
821 1.9734089105236
822 1.97972074161567
823 1.98535520173837
824 1.99030699787766
825 1.99457331157331
826 1.99815371865742
827 2.00105011711434
828 2.00326666074413
829 2.00480969695422
830 2.00568770571319
831 2.00591123443962
832 2.00549282527525
833 2.00444693490616
834 2.00278984822027
835 2.00053958676989
836 1.99771581282383
837 1.99433972965627
838 1.99043397861742
839 1.98602253345402
840 1.98113059229357
841 1.97578446768172
842 1.97001147506251
843 1.96383982010102
844 1.95729848525183
845 1.95041711597589
846 1.94322590700238
847 1.93575548902432
848 1.92803681620651
849 1.92010105487277
850 1.91197947372745
851 1.90370333595284
852 1.89530379351061
853 1.88681178396104
854 1.87825793009873
855 1.86967244268792
856 1.86108502656418
857 1.85252479035228
858 1.84402016003294
859 1.83559879657304
860 1.8272875178159
861 1.81911222480987
862 1.81109783273454
863 1.8032682065653
864 1.79564610159798
865 1.78825310893628
866 1.78110960602599
867 1.77423471230099
868 1.76764624998757
869 1.76136071009508
870 1.75539322360278
871 1.74975753783523
872 1.74446599800057
873 1.7395295338498
874 1.73495765139814
875 1.73075842963377
876 1.72693852212406
877 1.7235031634143
878 1.72045618010019
879 1.71780000644168
880 1.71553570437324
881 1.71366298775355
882 1.71218025068657
883 1.71108459973545
884 1.71037188984135
885 1.71003676375026
886 1.71007269474331
887 1.71047203245888
888 1.71122605158855
889 1.71232500322392
890 1.71375816862651
891 1.71551391518972
892 1.71757975435887
893 1.71994240127343
894 1.72258783589487
895 1.72550136538267
896 1.72866768748244
897 1.73207095469068
898 1.73569483896343
899 1.73952259673868
900 1.74353713404606
901 1.74772107148152
902 1.75205680883008
903 1.75652658912469
904 1.76111256193608
905 1.76579684569477
906 1.77056158885401
907 1.77538902971012
908 1.78026155470488
909 1.78516175504354
910 1.79007248147091
911 1.79497689705741
912 1.79985852785691
913 1.80470131130794
914 1.8094896422603
915 1.81420841651932
916 1.81884307181093
917 1.82337962608101
918 1.82780471305356
919 1.83210561498295
920 1.83627029254622
921 1.84028741183237
922 1.84414636839615
923 1.84783730835445
924 1.85135114651391
925 1.85467958152865
926 1.85781510809701
927 1.86075102621613
928 1.86348144752273
929 1.86600129875775
930 1.86830632240146
931 1.87039307453432
932 1.87225891998715
933 1.87390202485192
934 1.87532134643221
935 1.8765166207192
936 1.87748834748582
937 1.87823777309788
938 1.87876687114666
939 1.87907832101266
940 1.87917548447523
941 1.8790623804867
942 1.87874365823375
943 1.87822456861202
944 1.87751093424253
945 1.87660911816125
946 1.87552599131447
947 1.87426889899441
948 1.87284562635013
949 1.8712643631093
950 1.86953366764611
951 1.86766243053046
952 1.86565983769211
953 1.86353533333247
954 1.8612985827146
955 1.85895943495991
956 1.85652788597727
957 1.85401404164745
958 1.85142808138228
959 1.84878022217426
960 1.84608068324835
961 1.84333965142355
962 1.8405672472868
963 1.83777349227757
964 1.83496827677586
965 1.83216132928136
966 1.82936218676589
967 1.82658016627586
968 1.82382433785525
969 1.82110349885417
970 1.81842614968185
971 1.81580047105665
972 1.81323430279998
973 1.81073512421442
974 1.80831003608033
975 1.80596574429911
976 1.80370854520511
977 1.80154431256188
978 1.79947848625278
979 1.79751606266979
980 1.79566158679858
981 1.79391914599224
982 1.7922923654205
983 1.79078440517576
984 1.78939795901228
985 1.78813525468944
986 1.7869980558856
987 1.78598766564401
988 1.78510493130813
989 1.78435025089938
990 1.78372358088657
991 1.78322444529231
992 1.78285194607855
993 1.78260477475016
994 1.78248122511246
995 1.7824792071162
996 1.782596261721
997 1.78282957670628
998 1.78317600335697
999 1.78363207394968
1000 1.78419401996406
1001 1.78485779094274
1002 1.78561907392311
1003 1.78647331336343
1004 1.78741573148569
1005 1.78844134895814
1006 1.78954500584038
1007 1.79072138271489
1008 1.7919650219296
1009 1.79327034887746
1010 1.79463169324008
1011 1.79604331012443
1012 1.79749940102298
1013 1.79899413453016
1014 1.80052166674987
1015 1.80207616133106
1016 1.80365180907139
1017 1.80524284703121
1018 1.806843577103
1019 1.80844838398474
1020 1.81005175250818
1021 1.81164828427655
1022 1.81323271356954
1023 1.81479992247624
1024 1.81634495522089
1025 1.81786303164895
1026 1.81934955984515
1027 1.82080014785822
1028 1.82221061451094
1029 1.82357699927723
1030 1.82489557121203
1031 1.82616283692272
1032 1.82737554757475
1033 1.82853070492722
1034 1.82962556639773
1035 1.83065764915903
1036 1.83162473327325
1037 1.83252486387259
1038 1.83335635239856
1039 1.8341177769145
1040 1.83480798150925
1041 1.83542607481239
1042 1.83597142764414
1043 1.83644366982533
1044 1.83684268617539
1045 1.83716861172836
1046 1.83742182619895
1047 1.83760294773254
1048 1.83771282597504
1049 1.83775253449952
1050 1.83772336262861
1051 1.83762680669246
1052 1.83746456076331
1053 1.8372385069087
1054 1.83695070500601
1055 1.83660338216185
1056 1.83619892177992
1057 1.83573985232173
1058 1.83522883580418
1059 1.83466865607858
1060 1.83406220693495
1061 1.83341248007556
1062 1.83272255300107
1063 1.831995576852
1064 1.83123476424759
1065 1.83044337716339
1066 1.82962471488759
1067 1.82878210209556
1068 1.8279188770803
1069 1.82703838017569
1070 1.82614394240762
1071 1.82523887440703
1072 1.82432645561681
1073 1.82340992382333
1074 1.82249246504141
1075 1.82157720377973
1076 1.82066719371197
1077 1.81976540877706
1078 1.81887473472981
1079 1.81799796116164
1080 1.8171377740086
1081 1.81629674856237
1082 1.81547734299753
1083 1.81468189242676
1084 1.81391260349303
1085 1.81317154950662
1086 1.81246066613195
1087 1.81178174762806
1088 1.81113644364388
1089 1.81052625656816
1090 1.80995253943159
1091 1.80941649435713
1092 1.80891917155262
1093 1.80846146883799
1094 1.80804413169806
1095 1.80766775384983
1096 1.80733277831203
1097 1.80703949896315
1098 1.80678806257264
1099 1.80657847128893
1100 1.80641058556654
1101 1.80628412751336
1102 1.80619868463844
1103 1.80615371397931
1104 1.80614854658723
1105 1.80618239234789
1106 1.80625434511453
1107 1.80636338812958
1108 1.80650839971083
1109 1.80668815917734
1110 1.80690135299029
1111 1.80714658108349
1112 1.80742236335845
1113 1.80772714631849
1114 1.80805930981676
1115 1.80841717389295
1116 1.80879900567376
1117 1.80920302631245
1118 1.80962741794325
1119 1.81007033062673
1120 1.81052988926281
1121 1.81100420044872
1122 1.81149135925971
1123 1.81198945593124
1124 1.81249658242192
1125 1.81301083883749
1126 1.81353033969688
1127 1.8140532200223
1128 1.81457764123643
1129 1.8151017968505
1130 1.81562391792842
1131 1.81614227831286
1132 1.81665519960049
1133 1.81716105585469
1134 1.81765827804491
1135 1.81814535820346
1136 1.81862085329113
1137 1.81908338876468
1138 1.81953166184002
1139 1.81996444444628
1140 1.8203805858671
1141 1.82077901506631
1142 1.82115874269691
1143 1.82151886279257
1144 1.82185855414267
1145 1.8221770813525
1146 1.82247379559143
1147 1.82274813503293
1148 1.82299962499108
1149 1.82322787775935
1150 1.82343259215824
1151 1.82361355279918
1152 1.82377062907293
1153 1.82390377387154
1154 1.82401302205359
1155 1.82409848866311
1156 1.82416036691313
1157 1.82419892594564
1158 1.82421450837989
1159 1.82420752766176
1160 1.82417846522709
1161 1.82412786749249
1162 1.8240563426872
1163 1.82396455753995
1164 1.82385323383513
1165 1.82372314485232
1166 1.82357511170384
1167 1.82340999958471
1168 1.82322871394938
1169 1.82303219662981
1170 1.82282142190921
1171 1.82259739256549
1172 1.82236113589862
1173 1.82211369975557
1174 1.8218561485663
1175 1.82158955940409
1176 1.82131501808299
1177 1.8210336153049
1178 1.8207464428682
1179 1.82045458994967
1180 1.8201591394707
1181 1.8198611645584
1182 1.81956172511167
1183 1.8192618644817
1184 1.8189626062759
1185 1.81866495129345
1186 1.8183698746003
1187 1.81807832275051
1188 1.81779121116065
1189 1.81750942164275
1190 1.81723380010109
1191 1.81696515439733
1192 1.81670425238764
1193 1.81645182013517
1194 1.81620854030021
1195 1.81597505070995
1196 1.81575194310902
1197 1.8155397620914
1198 1.81533900421358
1199 1.81515011728833
1200 1.81497349985783
