1 2
2 2
3 2
4 2
5 2
6 2
7 2
8 2
9 2
10 2
11 2
12 2
13 2
14 2
15 2
16 2
17 2
18 2
19 2
20 2
21 2
22 2
23 2
24 2
25 2
26 2
27 2
28 2
29 2
30 2.25
31 2.28128571428571
32 2.31557142857143
33 2.34985714285714
34 2.38414285714286
35 2.41842857142857
36 2.45271428571428
37 2.487
38 2.52128571428571
39 2.55557142857143
40 2.587442539125
41 2.61494216290134
42 2.63841320101397
43 2.6580845218034
44 2.67413204142634
45 2.68669041775742
46 2.6958622867125
47 2.70172545117938
48 2.7043384754147
49 2.70374503764718
50 2.70000063688457
51 2.69321010773064
52 2.68353079675612
53 2.67115623937708
54 2.65630498781389
55 2.63921271338203
56 2.62012667926592
57 2.59930191700526
58 2.57699861909539
59 2.5534803926275
60 2.52901289140001
61 2.50386214978755
62 2.47829232598538
63 2.45256311187781
64 2.42692712919323
65 2.40162748553345
66 2.37689557562002
67 2.35294915817274
68 2.32999070622729
69 2.30820601073283
70 2.28776301085858
71 2.26881083007301
72 2.25147901012308
73 2.2358769452914
74 2.22209352200452
75 2.21019696653225
76 2.20023489935992
77 2.19223459051549
78 2.18620340650319
79 2.18212943684419
80 2.17998228655396
81 2.17971401998596
82 2.18126024099877
83 2.18454129405675
84 2.18946357051079
85 2.19592090392969
86 2.20379603802943
87 2.21296215054137
88 2.22328441632238
89 2.23462159315824
90 2.24682761404948
91 2.25975317027702
92 2.27324727020257
93 2.28715875954105
94 2.30133778973116
95 2.31563722201094
96 2.32991395586588
97 2.34403017164685
98 2.35785447834306
99 2.37126295872898
100 2.38414010537101
101 2.39637964226621
102 2.4078852281777
103 2.41857103901701
104 2.42836222788912
105 2.43719526265031
106 2.44501814202115
107 2.45179049243657
108 2.45748354889349
109 2.46208002406526
110 2.46557387088424
111 2.46796994464262
112 2.4692835714217
113 2.46954003032792
114 2.468773957585
115 2.46702868100553
116 2.46435549373927
117 2.46081287647061
118 2.45646567741373
119 2.45138425953366
120 2.44564362440697
121 2.43932252203046
122 2.43250255569454
123 2.42526729076474
124 2.41770137586559
125 2.40988968454164
126 2.40191648498781
127 2.39386464490198
128 2.38581487792403
129 2.37784503749517
130 2.37002946330656
131 2.36243838481481
132 2.35513738559142
133 2.34818693155143
134 2.34164196538037
135 2.33555156875592
136 2.32995869324754
137 2.32489996008132
138 2.32040552828332
139 2.31649903006981
140 2.31319757174102
141 2.31051179776219
142 2.30844601518521
143 2.30699837507963
144 2.30616110720757
145 2.30592080379329
146 2.30625874790934
147 2.3071512817264
148 2.30857020965547
149 2.31048323124811
150 2.31285439861293
151 2.31564459305397
152 2.31881201563665
153 2.32231268643875
154 2.32610094734425
155 2.33012996338493
156 2.33435221782438
157 2.33871999640908
158 2.34318585647747
159 2.34770307691599
160 2.35222608527839
161 2.35671085873514
162 2.36111529589096
163 2.36539955689491
164 2.36952636966528
165 2.37346130045664
166 2.37717298740412
167 2.38063333608659
168 2.38381767655244
169 2.38670488164411
170 2.38927744683851
171 2.39152153218535
172 2.39342696727239
173 2.39498722047145
174 2.39619933402161
175 2.39706382678142
176 2.3975845667311
177 2.39776861552508
178 2.39762604758522
179 2.39716974638369
180 2.39641518069241
181 2.39538016367181
182 2.3940845977372
183 2.39255020817484
184 2.39080026848435
185 2.38885932039946
186 2.3867528914863
187 2.38450721314022
188 2.38214894169871
189 2.37970488526181
190 2.37720173866554
191 2.37466582888786
192 2.37212287298614
193 2.36959775046929
194 2.36711429180103
195 2.36469508451467
196 2.36236129819732
197 2.36013252937385
198 2.35802666709242
199 2.35605977978421
200 2.35424602374399
201 2.35259757335645
202 2.35112457297808
203 2.34983511017802
204 2.34873520984459
205 2.34782884847968
206 2.34711798783147
207 2.34660262685834
208 2.34628087087515
209 2.34614901660666
210 2.34620165176404
211 2.34643176766825
212 2.3468308833699
213 2.34738917965822
214 2.34809564131289
215 2.34893820593021
216 2.34990391765075
217 2.35097908412647
218 2.35214943509281
219 2.35340028095333
220 2.3547166698402
221 2.35608354168284
222 2.35748587789783
223 2.35890884540425
224 2.3603379337694
225 2.36175908439831
226 2.36315881079605
227 2.36452430905221
228 2.3658435578219
229 2.36710540720468
230 2.36829965605155
231 2.36941711735893
232 2.37044967153559
233 2.3713903074539
234 2.37223315131796
235 2.37297348349816
236 2.37360774359294
237 2.37413352408345
238 2.37454955304426
239 2.37485566646333
240 2.37505277080505
241 2.37514279652293
242 2.37512864329089
243 2.37501411777536
244 2.37480386481386
245 2.37450329289866
246 2.3741184948883
247 2.37365616488272
248 2.37312351220255
249 2.37252817340779
250 2.37187812327702
251 2.37118158564624
252 2.37044694497578
253 2.3696826594764
254 2.36889717658099
255 2.36809885149821
256 2.36729586952824
257 2.36649617276082
258 2.36570739171105
259 2.36493678238147
260 2.36419116916865
261 2.36347689396166
262 2.36279977170736
263 2.36216505264503
264 2.36157739134126
265 2.36104082258567
266 2.36055874413899
267 2.36013390625955
268 2.35976840787056
269 2.35946369917173
270 2.35922059044259
271 2.35903926673438
272 2.35891930810071
273 2.35885971497586
274 2.3588589382737
275 2.35891491374925
276 2.35902510013998
277 2.35918652058434
278 2.3593958068006
279 2.35964924550118
280 2.35994282651388
281 2.36027229208385
282 2.36063318683721
283 2.36102090789891
284 2.361430754674
285 2.36185797782201
286 2.36229782697838
287 2.36274559680487
288 2.36319667098174
289 2.36364656378805
290 2.3640909589523
291 2.36452574549321
292 2.36494705030951
293 2.36535126731754
294 2.36573508297605
295 2.36609549807819
296 2.36642984573113
297 2.36673580548333
298 2.36701141359854
299 2.36725506951238
300 2.36746553854382
301 2.36764195096692
302 2.36778379758017
303 2.36789092193969
304 2.36796350944897
305 2.36800207352169
306 2.36800743905466
307 2.36798072346567
308 2.36792331556584
309 2.36783685254732
310 2.36772319537559
311 2.367584402881
312 2.36742270484633
313 2.36724047438632
314 2.36704019991181
315 2.36682445696451
316 2.36659588019998
317 2.36635713578477
318 2.36611089446075
319 2.36585980551376
320 2.36560647186716
321 2.36535342650171
322 2.36510311038351
323 2.36485785206082
324 2.36461984906838
325 2.36439115125588
326 2.36417364613418
327 2.36396904631026
328 2.36377887905887
329 2.3636044780568
330 2.36344697728358
331 2.36330730707133
332 2.3631861922665
333 2.36308415244665
334 2.36300150411802
335 2.36293836480276
336 2.36289465890954
337 2.36287012526809
338 2.36286432619585
339 2.36287665795512
340 2.36290636245028
341 2.36295254000823
342 2.36301416308001
343 2.36309009069846
344 2.36317908352527
345 2.36327981932084
346 2.36339090867226
347 2.36351091081802
348 2.36363834941257
349 2.36377172808041
350 2.3639095456162
351 2.36405031069633
352 2.36419255597652
353 2.36433485146059
354 2.36447581703651
355 2.36461413408777
356 2.36474855609995
357 2.36487791819536
358 2.36500114554104
359 2.36511726058834
360 2.36522538911515
361 2.36532476505453
362 2.36541473410542
363 2.36549475613374
364 2.36556440638291
365 2.3656233755242
366 2.36567146858714
367 2.36570860281996
368 2.36573480453835
369 2.36575020502871
370 2.36575503557895
371 2.36574962171568
372 2.36573437673145
373 2.36570979459
374 2.36567644229981
375 2.36563495184891
376 2.36558601179427
377 2.36553035859947
378 2.36546876781352
379 2.36540204518173
380 2.36533101777726
381 2.3652565252384
382 2.36517941119284
383 2.36510051494537
384 2.36502066350019
385 2.36494066398347
386 2.36486129652531
387 2.36478330765389
388 2.3647074042479
389 2.36463424808596
390 2.36456445102488
391 2.36449857083146
392 2.36443710768489
393 2.36438050136029
394 2.36432912909648
395 2.36428330414471
396 2.3642432749882
397 2.36420922521666
398 2.36418127403376
399 2.3641594773704
400 2.1141594773704
401 2.05157848484826
402 1.98300345451655
403 1.9144342112503
404 1.84587053003682
405 1.77731213991255
406 1.70875872820634
407 1.64020994503723
408 1.57166540801429
409 1.50312470708574
410 1.43700186208446
411 1.37555537240626
412 1.3189801499864
413 1.26749470933556
414 1.22127524979217
415 1.2
416 1.2
417 1.2
418 1.2
419 1.2
420 1.2
421 1.2
422 1.2
423 1.20452854242299
424 1.21431054648968
425 1.22888243621752
426 1.24746055763925
427 1.26924741288628
428 1.29361838055201
429 1.32008276850961
430 1.34825441141013
431 1.37782875774128
432 1.40856501240061
433 1.44022847917047
434 1.47254273469975
435 1.50519680832527
436 1.53786403390926
437 1.57021969371318
438 1.60195330983544
439 1.63277551786192
440 1.66242132792299
441 1.69065102889964
442 1.71724961316424
443 1.74202574918971
444 1.76481135862946
445 1.7854620090633
446 1.80385769885195
447 1.81990361507436
448 1.83353059857569
449 1.84469520597249
450 1.85337936352294
451 1.85958966238108
452 1.86335636836482
453 1.86473222050094
454 1.86379107450414
455 1.86062642204072
456 1.85534979911864
457 1.8480890909642
458 1.83898674225392
459 1.8281978861182
460 1.81588840991077
461 1.80223297890704
462 1.78741304046632
463 1.77161483093881
464 1.75502740623592
465 1.73784071514823
466 1.72024373267683
467 1.70242266904304
468 1.68455926864622
469 1.66682921194514
470 1.6494006319386
471 1.63243275554427
472 1.61607467869556
473 1.60046428240605
474 1.58572729542169
475 1.57197650743502
476 1.55931113520616
477 1.54781634235045
478 1.53756291202695
479 1.52860707030723
480 1.52099045662632
481 1.51474023642542
482 1.50986934989435
483 1.50637688962048
484 1.50424859895528
485 1.50345748202763
486 1.5039645155698
487 1.50571945208062
488 1.508661703334
489 1.51272129284906
490 1.51781986567116
491 1.52387174366816
492 1.53078501452085
493 1.53846264267629
494 1.54680359073306
495 1.5557039400326
496 1.56505799963318
497 1.57475939333716
498 1.58470211501789
499 1.59478154314339
500 1.60489540610951
501 1.61494469076714
502 1.62483448734621
503 1.63447476483482
504 1.64378107175458
505 1.65267515817388
506 1.66108551571015
507 1.66894783318101
508 1.67620536646332
509 1.68280922200124
510 1.68871855425992
511 1.69390067824505
512 1.69833109899113
513 1.70199346065891
514 1.70487941856786
515 1.70698843811883
516 1.70832752513095
517 1.70891089262161
518 1.70875956949702
519 1.70790095699055
520 1.70636833898704
521 1.70420035260111
522 1.70144042553863
523 1.69813618686196
524 1.69433885780403
525 1.69010262923555
526 1.68548403228611
527 1.68054130845739
528 1.67533378534818
529 1.66992126384108
530 1.66436342228362
531 1.65871924283694
532 1.65304646476823
533 1.647401069034
534 1.64183679804478
535 1.63640471402421
536 1.63115279888132
537 1.62612559800981
538 1.6213639099176
539 1.61690452307914
540 1.61278000089607
541 1.60901851515509
542 1.60564372788795
543 1.60267472107347
544 1.6001259731772
545 1.59800738110665
546 1.59632432576958
547 1.59507777906479
548 1.59426444980967
549 1.59387696581966
550 1.5939040891025
551 1.59433096091671
552 1.59513937326838
553 1.59630806328566
554 1.59781302681334
555 1.59962784751329
556 1.60172403773672
557 1.60407138745177
558 1.60663831756299
559 1.60939223404569
560 1.612299879436
561 1.61532767836545
562 1.61844207400263
563 1.62160985246345
564 1.62479845247152
565 1.62797625778861
566 1.63111287018956
567 1.63417936102294
568 1.63714849967487
569 1.63999495753674
570 1.64269548636398
571 1.64522907020021
572 1.64757705032644
573 1.64972322297515
574 1.6516539098221
575 1.65335800153201
576 1.65482697488543
577 1.65605488425157
578 1.65703832839327
579 1.65777639379472
580 1.6582705758877
581 1.65852467971804
582 1.65854470173868
583 1.65833869453913
584 1.65791661642271
585 1.65729016782241
586 1.65647261660346
587 1.65547861433643
588 1.65432400563839
589 1.65302563267333
590 1.65160113687597
591 1.65006875991733
592 1.64844714586688
593 1.64675514642527
594 1.64501163100632
595 1.64323530333693
596 1.64144452612194
597 1.63965715518821
598 1.6378903843806
599 1.63616060233351
600 1.6344832620871
601 1.63287276435875
602 1.63134235511929
603 1.62990403796254
604 1.62856850159559
605 1.62734506261989
606 1.62624162361848
607 1.62526464641656
608 1.62441914023957
609 1.62370866435903
610 1.6231353446901
611 1.62269990368857
612 1.62240170278934
613 1.6222387965335
614 1.622207997448
615 1.62230495067067
616 1.62252421725455
617 1.62285936503877
618 1.62330306593932
619 1.62384719849119
620 1.62448295446349
621 1.62520094837157
622 1.62599132872313
623 1.62684388985975
624 1.62774818328946
625 1.62869362744996
626 1.62966961489441
627 1.63066561595243
628 1.63167127798636
629 1.63267651943634
630 1.63367161792706
631 1.63464729179168
632 1.63559477445523
633 1.63650588120843
634 1.6373730679933
635 1.63818948191229
636 1.63894900326348
637 1.63964627899289
638 1.64027674754241
639 1.64083665515564
640 1.64132306378455
641 1.64173385081633
642 1.64206770091116
643 1.64232409030776
644 1.64250326401424
645 1.6426062063556
646 1.64263460539741
647 1.64259081180572
648 1.64247779273787
649 1.64229908138591
650 1.64205872281423
651 1.64176121674696
652 1.64141145796644
653 1.64101467498445
654 1.64057636764098
655 1.64010224427286
656 1.63959815907592
657 1.6390700502607
658 1.6385238795727
659 1.63796557371511
660 1.63740096817418
661 1.63683575390699
662 1.63627542730701
663 1.6357252438167
664 1.6351901755081
665 1.63467487290246
666 1.63418363124936
667 1.63372036143507
668 1.63328856563867
669 1.63289131780469
670 1.63253124895157
671 1.63221053728811
672 1.63193090306414
673 1.63169360803861
674 1.63149945940755
675 1.63134881799681
676 1.63124161048999
677 1.63117734543094
678 1.6311551327129
679 1.63117370624266
680 1.6312314494484
681 1.63132642328395
682 1.63145639637022
683 1.63161887690665
684 1.63181114598116
685 1.63203029190668
686 1.63227324521555
687 1.63253681394954
688 1.63281771889342
689 1.63311262841253
690 1.63341819257115
691 1.63373107622618
692 1.63404799081196
693 1.63436572455427
694 1.6346811708762
695 1.63499135478454
696 1.63529345705205
697 1.63558483603915
698 1.63586304702678
699 1.63612585896074
700 1.63637126853663
701 1.63659751158254
702 1.63680307172439
703 1.63698668634584
704 1.63714734988017
705 1.63728431449635
706 1.63739708826435
707 1.63748543090629
708 1.6375493472597
709 1.63758907859661
710 1.6376050919583
711 1.63759806767875
712 1.63756888528153
713 1.63751860794402
714 1.6374484657299
715 1.63735983779571
716 1.63725423378
717 1.63713327458409
718 1.63699867275212
719 1.63685221265445
720 1.63669573067333
721 1.63653109558279
722 1.63636018930574
723 1.63618488822166
724 1.63600704518625
725 1.63582847241247
726 1.63565092534808
727 1.63547608767107
728 1.63530555750876
729 1.63514083497104
730 1.63498331107208
731 1.63483425809918
732 1.63469482147081
733 1.63456601311034
734 1.63444870634637
735 1.6343436323351
736 1.63425137798593
737 1.6341723853573
738 1.63410695247702
739 1.63405523552873
740 1.63401725233542
741 1.6339928870604
742 1.63398189603744
743 1.63398391463371
744 1.63399846504273
745 1.63402496489914
746 1.63406273660272
747 1.63411101723656
748 1.63416896896226
749 1.63423568977467
750 1.63431022449942
751 1.63439157591798
752 1.63447871590823
753 1.63457059649192
754 1.63466616068524
755 1.63476435305459
756 1.63486412988535
757 1.63496446887904
758 1.63506437830146
759 1.63516290551248
760 1.63525914481672
761 1.63535224458298
762 1.63544141358919
763 1.63552592655871
764 1.63560512886281
765 1.63567844037325
766 1.63574535845746
767 1.63580546011751
768 1.63585840328248
769 1.63590392727129
770 1.6359418524509
771 1.63597207912148
772 1.63599458566659
773 1.63600942601207
774 1.63601672644286
775 1.63601668183088
776 1.63600955133155
777 1.63599565360907
778 1.6359753616536
779 1.63594909725469
780 1.63591732519669
781 1.63588054724215
782 1.63583929596901
783 1.63579412852633
784 1.63574562037197
785 1.63569435905351
786 1.63564093809112
787 1.63558595101807
788 1.635529985631
789 1.63547361849834
790 1.63541740977082
791 1.63536189833395
792 1.63530759733712
793 1.63525499012953
794 1.63520452662791
795 1.63515662013608
796 1.63511164463108
797 1.63506993252598
798 1.63503177291393
799 1.63499741029387
800 1.88499741029387
801 1.90061405040043
802 1.91773494778041
803 1.93486016518773
804 1.95198972132
805 1.96912359218918
806 1.98626171285756
807 2.00340397950917
808 2.02055025182485
809 2.03770035562727
810 2.05243918873608
811 2.06296051926399
812 2.06987620819635
813 2.07363883281678
814 2.074600354822
815 2.07303432189552
816 2.06915322770184
817 2.06312203389771
818 2.05506870258047
819 2.04509240003941
820 2.03329321065977
821 2.01981054072631
822 2.00482452493986
823 1.98853771826726
824 1.97116321162198
825 1.95291693234566
826 1.93401286048927
827 1.91466024685901
828 1.89506218045644
829 1.87541504358208
830 1.855908305831
831 1.83672395593314
832 1.81803530384951
833 1.8000054547801
834 1.78278579896726
835 1.76651468997921
836 1.75131638294909
837 1.73730024467867
838 1.72456021497433
839 1.71317448310247
840 1.70320534033472
841 1.69469917872633
842 1.68768662207497
843 1.68218278676073
844 1.67818767342547
845 1.67568668835748
846 1.67465128962505
847 1.67503974926547
848 1.67679801998933
849 1.67986069313951
850 1.6841520339666
851 1.68958708035948
852 1.69607279160752
853 1.70350923424176
854 1.71179079236884
855 1.7208073901886
856 1.73044571465044
857 1.74059042652666
858 1.75112534861278
859 1.76193462032173
860 1.77290380861897
861 1.78392096602631
862 1.79487762727973
863 1.80566973713673
864 1.81619850277342
865 1.82637116517948
866 1.83610168494117
867 1.84531133879112
868 1.8539292242919
869 1.86189267100017
870 1.8691475574206
871 1.87564853399553
872 1.88135915327826
873 1.8862519092972
874 1.89030818892781
875 1.89351813884255
876 1.89588045230142
877 1.89740208067185
878 1.89809787512339
879 1.89799016442726
880 1.89710827520082
881 1.89548800127089
882 1.89317102908806
883 1.89020432630531
884 1.88663950074091
885 1.88253213697779
886 1.87794111781313
887 1.8729279376642
888 1.86755601486452
889 1.86189000955052
890 1.85599515354897
891 1.84993659833337
892 1.84377878672869
893 1.83758485361367
894 1.83141606040452
895 1.82533126760744
896 1.8193864492084
897 1.81363425212997
898 1.80812360343517
899 1.80289936740108
900 1.79800205402725
901 1.79346757999074
902 1.78932708251567
903 1.78560678609643
904 1.78232792150356
905 1.77950669601537
906 1.77715431335904
907 1.77527704141713
908 1.77387632536102
909 1.77294894351523
910 1.77248720293778
911 1.77247917142286
912 1.77290894239577
913 1.77375692897535
914 1.77500018332826
915 1.77661273733058
916 1.77856596048643
917 1.7808289310288
918 1.78336881614339
919 1.78615125731125
920 1.78914075685712
921 1.79230106191674
922 1.79559554219475
923 1.79898755807269
924 1.80244081584129
925 1.80591970706972
926 1.80938962938315
927 1.81281728619626
928 1.81617096324073
929 1.81942078002529
930 1.82253891467575
931 1.82549980091465
932 1.82828029625382
933 1.83085982078472
934 1.83322046625774
935 1.8353470754405
936 1.83722729203321
937 1.83885158169482
938 1.84021322499377
939 1.84130828334061
940 1.84213553918414
941 1.84269641195689
942 1.84299485143838
943 1.8430372103645
944 1.84283209824798
945 1.84239021848782
946 1.84172419093401
947 1.84084836213879
948 1.83977860556593
949 1.8385321140472
950 1.83712718676945
951 1.8355830130482
952 1.83391945509551
953 1.83215683192175
954 1.83031570642448
955 1.82841667761467
956 1.82648017981176
957 1.82452629050724
958 1.82257454845263
959 1.82064378337353
960 1.81875195855007
961 1.816916027335
962 1.81515180450863
963 1.81347385319391
964 1.8118953878791
965 1.81042819391988
966 1.80908256372027
967 1.80786724962302
968 1.8067894333772
969 1.80585471189483
970 1.80506709886069
971 1.80442904162148
972 1.8039414526523
973 1.80360375478233
974 1.80341393925689
975 1.8033686356214
976 1.8034631923338
977 1.80369176694672
978 1.80404742464874
979 1.80452224391587
980 1.80510742799922
981 1.80579342096359
982 1.80657002699244
983 1.80742653168876
984 1.80835182412635
985 1.80933451844298
986 1.8103630738137
987 1.81142591169924
988 1.81251152932968
989 1.81360860845696
990 1.81470611848915
991 1.81579341320568
992 1.81686032034247
993 1.81789722343074
994 1.81889513536921
995 1.81984576330856
996 1.82074156452548
997 1.8215757930625
998 1.82234253700713
999 1.82303674637893
1000 1.82365425168514
1001 1.82419177329392
1002 1.82464692185775
1003 1.82501819009826
1004 1.82530493633622
1005 1.82550736021706
1006 1.82562647114203
1007 1.82566404996756
1008 1.82562260458112
1009 1.82550531999949
1010 1.82531600366571
1011 1.82505902664391
1012 1.82473926142585
1013 1.8243620170712
1014 1.82393297240364
1015 1.8234581079783
1016 1.82294363752292
1017 1.82239593953533
1018 1.82182148969428
1019 1.82122679470968
1020 1.82061832820246
1021 1.82000246916332
1022 1.81938544349604
1023 1.81877326910267
1024 1.81817170491788
1025 1.81758620424699
1026 1.81702187270816
1027 1.81648343102382
1028 1.81597518285115
1029 1.81550098778549
1030 1.81506423961612
1031 1.81466784986004
1032 1.81431423654719
1033 1.81400531818096
1034 1.81374251275
1035 1.81352674162315
1036 1.81335843811761
1037 1.81323756049288
1038 1.81316360908856
1039 1.81313564729418
1040 1.81315232601287
1041 1.8132119112589
1042 1.81331231451127
1043 1.81345112543238
1044 1.81362564655147
1045 1.81383292950766
1046 1.81406981244663
1047 1.81433295816799
1048 1.8146188926275
1049 1.81492404340852
1050 1.8152447777913
1051 1.81557744006542
1052 1.81591838775056
1053 1.81626402641336
1054 1.81661084279244
1055 1.81695543597034
1056 1.81729454635922
1057 1.81762508229663
1058 1.8179441440778
1059 1.81824904528204
1060 1.81853733128199
1061 1.81880679485555
1062 1.81905548885152
1063 1.81928173588982
1064 1.81948413510694
1065 1.81966156598535
1066 1.8198131893324
1067 1.81993844549967
1068 1.82003704995733
1069 1.82010898635936
1070 1.82015449725536
1071 1.82017407262166
1072 1.8201684363998
1073 1.82013853124283
1074 1.82008550168037
1075 1.82001067592119
1076 1.81991554651758
1077 1.81980175011891
1078 1.81967104654251
1079 1.81952529738876
1080 1.81936644442346
1081 1.81919648794519
1082 1.81901746534768
1083 1.81883143007794
1084 1.81864043118016
1085 1.81844649360268
1086 1.81825159943218
1087 1.81805767020394
1088 1.8178665504218
1089 1.81767999240475
1090 1.8174996425603
1091 1.81732702916716
1092 1.8171635517326
1093 1.81701047197203
1094 1.81686890644098
1095 1.81673982083277
1096 1.81662402593831
1097 1.81652217524871
1098 1.816434764166
1099 1.816362130773
1100 1.81630445809989
1101 1.81626177781295
1102 1.81623397523943
1103 1.81622079563308
1104 1.81622185157565
1105 1.81623663140292
1106 1.81626450853739
1107 1.81630475160533
1108 1.81635653521259
1109 1.81641895125158
1110 1.81649102061114
1111 1.81657170516175
1112 1.8166599198902
1113 1.81675454506105
1114 1.81685443828595
1115 1.81695844638734
1116 1.8170654169487
1117 1.81717420945062
1118 1.81728370589938
1119 1.81739282086293
1120 1.81750051083794
1121 1.81760578288076
1122 1.81770770244471
1123 1.81780540037546
1124 1.8178980790268
1125 1.81798501746813
1126 1.81806557576554
1127 1.81813919832747
1128 1.81820541631554
1129 1.81826384913018
1130 1.81831420498909
1131 1.81835628062512
1132 1.81838996013733
1133 1.81841521303626
1134 1.81843209153069
1135 1.81844072710898
1136 1.81844132647282
1137 1.8184341668857
1138 1.81841959100171
1139 1.81839800124311
1140 1.81836985379695
1141 1.81833565230245
1142 1.81829594130098
1143 1.81825129952069
1144 1.81820233306639
1145 1.81814966858426
1146 1.81809394646826
1147 1.81803581417273
1148 1.81797591969213
1149 1.8179149052652
1150 1.81785340135669
1151 1.81779202096511
1152 1.81773135430012
1153 1.81767196386822
1154 1.81761437999985
1155 1.81755909684573
1156 1.81750656886467
1157 1.8174572078196
1158 1.81741138029291
1159 1.81736940572705
1160 1.81733155499071
1161 1.81729804946602
1162 1.81726906064724
1163 1.81724471023688
1164 1.81722507072069
1165 1.81721016639913
1166 1.8171999748493
1167 1.81719442878792
1168 1.81719341830323
1169 1.81719679342123
1170 1.81720436696951
1171 1.81721591770065
1172 1.81723119363554
1173 1.8172499155867
1174 1.81727178082098
1175 1.81729646682143
1176 1.81732363510814
1177 1.81735293507929
1178 1.81738400783415
1179 1.81741648994195
1180 1.81745001712182
1181 1.81748422780127
1182 1.81751876652323
1183 1.81755328717374
1184 1.81758745600546
1185 1.81762095443494
1186 1.81765348159441
1187 1.81768475662212
1188 1.81771452067821
1189 1.81774253867628
1190 1.81776860072379
1191 1.81779252326783
1192 1.81781414994524
1193 1.81783335213952
1194 1.81785002924932
1195 1.8178641086761
1196 1.81787554554094
1197 1.81788432214293
1198 1.81789044717323
1199 1.81789395470131
1200 1.81789490295095
