1 2
2 2
3 2
4 2
5 2
6 2
7 2
8 2
9 2
10 2
11 2
12 2
13 2
14 2
15 2
16 2
17 2
18 2
19 2
20 2
21 2
22 2
23 2
24 2
25 2
26 2
27 2
28 2
29 2
30 2.25
31 2.27517454545455
32 2.30062909090909
33 2.32608363636364
34 2.35153818181818
35 2.37699272727273
36 2.40244727272727
37 2.42790181818182
38 2.45335636363636
39 2.47881090909091
40 2.50312459410318
41 2.52536024693308
42 2.54567349520024
43 2.56417926746667
44 2.58096304085027
45 2.59608754828292
46 2.60959799457824
47 2.62152611025323
48 2.63189330047226
49 2.64071308956808
50 2.64799822351268
51 2.65377016862637
52 2.6580610032266
53 2.66091065756518
54 2.66236498936099
55 2.66247444398103
56 2.66129313039382
57 2.65887819025268
58 2.65528937152062
59 2.65058874303563
60 2.64484048092158
61 2.63811064103645
62 2.6304668725761
63 2.62197808867836
64 2.61271412199132
65 2.60274538170425
66 2.59214252116395
67 2.58097612051654
68 2.56931638594233
69 2.5572328653752
70 2.54479417980518
71 2.53206776928316
72 2.51911965330901
73 2.50601420584545
74 2.49281394545813
75 2.47957934109873
76 2.46636863394992
77 2.45323767561124
78 2.44023978276312
79 2.42742560832207
80 2.41484302899949
81 2.40253704909933
82 2.39054972032734
83 2.37892007733063
84 2.36768408863472
85 2.35687462259513
86 2.34652142793172
87 2.33665112836801
88 2.32728723085397
89 2.31845014681192
90 2.31015722580949
91 2.30242280103309
92 2.2952582459082
93 2.28867204119041
94 2.28266985183207
95 2.27725461291463
96 2.27242662392516
97 2.2681836506478
98 2.26452103393654
99 2.2614318046346
100 2.25890680390784
101 2.256934808265
102 2.2555026585456
103 2.25459539216743
104 2.25419637793899
105 2.25428745275865
106 2.25484905954008
107 2.25586038572465
108 2.25729950176342
109 2.25914349897578
110 2.26136862621766
111 2.26395042481929
112 2.26686386128119
113 2.27008345724662
114 2.27358341629911
115 2.27733774716508
116 2.28132038293337
117 2.28550529593576
118 2.28986660796498
119 2.29437869553959
120 2.29901628995757
121 2.30375457191291
122 2.30856926048171
123 2.31343669631606
124 2.31833391891507
125 2.32323873787304
126 2.32812979803437
127 2.33298663851397
128 2.33778974556966
129 2.34252059933999
130 2.34716171448687
131 2.35169667480693
132 2.35611016189874
133 2.36038797799558
134 2.3645170630937
135 2.36848550652581
136 2.37228255314724
137 2.37589860431911
138 2.37932521388755
139 2.38255507937214
140 2.38558202858874
141 2.3884010019426
142 2.39100803063731
143 2.39340021105269
144 2.3955756755516
145 2.39753355998063
146 2.3992739681335
147 2.40079793344855
148 2.40210737821294
149 2.40320507054623
150 2.40409457943492
151 2.40478022808709
152 2.40526704587332
153 2.40556071911535
154 2.40566754097887
155 2.4055943607207
156 2.40534853253334
157 2.40493786422245
158 2.40437056594399
159 2.40365519921887
160 2.40280062643316
161 2.40181596102157
162 2.40071051852152
163 2.39949376867377
164 2.39817528873437
165 2.39676471815107
166 2.39527171474523
167 2.39370591252871
168 2.39207688127275
169 2.39039408793393
170 2.38866686003021
171 2.38690435104805
172 2.38511550794962
173 2.38330904083751
174 2.38149339482286
175 2.37967672413133
176 2.37786686847081
177 2.37607133167365
178 2.37429726261631
179 2.37255143840913
180 2.37084024983977
181 2.36916968904453
182 2.36754533937347
183 2.3659723674069
184 2.36445551707351
185 2.36299910581316
186 2.36160702272074
187 2.36028272860177
188 2.35902925786451
189 2.35784922216887
190 2.35674481574751
191 2.35571782231109
192 2.35476962344592
193 2.35390120840962
194 2.35311318522817
195 2.35240579299558
196 2.35177891527659
197 2.35123209451151
198 2.35076454732235
199 2.35037518061906
200 2.35006260840561
201 2.34982516918637
202 2.34966094387443
203 2.34956777410553
204 2.34954328086301
205 2.34958488332164
206 2.34968981782093
207 2.34985515688131
208 2.35007782817999
209 2.35035463340644
210 2.35068226692136
211 2.35105733414675
212 2.35147636961848
213 2.35193585463722
214 2.35243223445755
215 2.35296193495957
216 2.35352137875168
217 2.35410700065756
218 2.35471526254504
219 2.35534266745888
220 2.35598577302402
221 2.35664120409029
222 2.35730566459396
223 2.35797594861581
224 2.35864895061975
225 2.35932167485988
226 2.35999124394847
227 2.36065490658049
228 2.36131004441483
229 2.36195417811547
230 2.36258497255961
231 2.36320024122296
232 2.36379794975544
233 2.36437621876382
234 2.36493332582012
235 2.36546770671768
236 2.36597795599867
237 2.36646282677951
238 2.3669212299022
239 2.3673522324418
240 2.36775505560137
241 2.36812907202763
242 2.36847380258133
243 2.36878891259764
244 2.36907420767249
245 2.36932962901154
246 2.36955524837878
247 2.36975126268228
248 2.36991798823424
249 2.37005585472302
250 2.37016539893411
251 2.37024725825686
252 2.37030216401327
253 2.37033093464438
254 2.37033446878912
255 2.37031373828953
256 2.37026978115528
257 2.37020369451924
258 2.37011662761474
259 2.37000977480383
260 2.36988436868439
261 2.36974167330277
262 2.36958297749675
263 2.3694095883925
264 2.36922282507735
265 2.36902401246863
266 2.36881447539733
267 2.36859553292348
268 2.36836849289862
269 2.36813464678915
270 2.36789526477237
271 2.36765159111579
272 2.3674048398484
273 2.36715619073102
274 2.36690678553143
275 2.36665772460827
276 2.36641006380632
277 2.36616481166435
278 2.36592292693528
279 2.36568531641703
280 2.36545283309131
281 2.36522627456626
282 2.36500638181768
283 2.36479383822275
284 2.36458926887868
285 2.36439324019837
286 2.36420625977373
287 2.36402877649695
288 2.36386118092905
289 2.36370380590436
290 2.36355692735934
291 2.36342076537317
292 2.36329548540747
293 2.36318119973205
294 2.36307796902327
295 2.3629858041214
296 2.36290466793315
297 2.36283447746568
298 2.36277510597809
299 2.36272638523654
300 2.36268810785939
301 2.36266002973863
302 2.36264187252434
303 2.36263332615898
304 2.36263405144866
305 2.36264368265897
306 2.36266183012325
307 2.36268808285156
308 2.36272201112916
309 2.36276316909382
310 2.36281109728158
311 2.36286532513134
312 2.36292537343923
313 2.36299075675399
314 2.36306098570553
315 2.36313556925925
316 2.36321401688935
317 2.36329584066491
318 2.36338055724327
319 2.36346768976577
320 2.36355676965147
321 2.36364733828517
322 2.36373894859671
323 2.36383116652879
324 2.36392357239167
325 2.36401576210307
326 2.36410734831265
327 2.36419796141067
328 2.36428725042097
329 2.36437488377909
330 2.36446054999661
331 2.36454395821326
332 2.36462483863894
333 2.36470294288794
334 2.36477804420822
335 2.36484993760885
336 2.36491843988897
337 2.36498338957217
338 2.36504464675008
339 2.36510209283951
340 2.36515563025753
341 2.36520518201911
342 2.36525069126202
343 2.36529212070398
344 2.36532945203691
345 2.36536268526344
346 2.3653918379808
347 2.36541694461707
348 2.36543805562514
349 2.36545523663936
350 2.36546856759996
351 2.36547814185036
352 2.36548406521219
353 2.3654864550429
354 2.3654854392808
355 2.36548115548187
356 2.36547374985307
357 2.36546337628629
358 2.36545019539701
359 2.36543437357185
360 2.3654160820284
361 2.36539549589124
362 2.36537279328724
363 2.36534815446339
364 2.36532176092999
365 2.36529379463197
366 2.36526443715072
367 2.36523386893875
368 2.36520226858902
369 2.36516981214098
370 2.36513667242461
371 2.36510301844389
372 2.36506901480089
373 2.36503482116122
374 2.36500059176156
375 2.36496647495986
376 2.36493261282824
377 2.3648991407889
378 2.36486618729281
379 2.3648338735408
380 2.36480231324683
381 2.36477161244255
382 2.36474186932255
383 2.36471317412926
384 2.36468560907655
385 2.36465924831075
386 2.36463415790781
387 2.3646103959053
388 2.36458801236759
389 2.36456704948273
390 2.36454754168939
391 2.3645295158321
392 2.36451299134297
393 2.3644979804482
394 2.36448448839737
395 2.36447251371383
396 2.36446204846406
397 2.36445307854425
398 2.36444558398223
399 2.36443953925269
400 2.11443953925269
401 2.06408720613413
402 2.0131762162676
403 1.96226652527056
404 1.91135808491977
405 1.86045084350856
406 1.80954474620505
407 1.7586397354098
408 1.70773575111134
409 1.65683273123817
410 1.60707145133919
411 1.55950388535568
412 1.51417330939357
413 1.47112891080284
414 1.43042082427583
415 1.39209934554036
416 1.35621434496212
417 1.32281483779787
418 1.29194867514757
419 1.2636623276655
420 1.23799553417414
421 1.21497265732348
422 1.2
423 1.2
424 1.2
425 1.2
426 1.2
427 1.2
428 1.2
429 1.2
430 1.2
431 1.20177859486307
432 1.20563685693218
433 1.21137903955077
434 1.21878338851247
435 1.22766769830689
436 1.23788097427161
437 1.24929697712685
438 1.26180917278442
439 1.27532677785497
440 1.28977165965817
441 1.30506778629343
442 1.32113208936293
443 1.33787538242977
444 1.35520523938417
445 1.37302824481692
446 1.39125151796279
447 1.40978371955079
448 1.42853569331873
449 1.44742085209818
450 1.46635538762015
451 1.48525839770958
452 1.50405203073458
453 1.52266167676838
454 1.54101617927821
455 1.55904804107102
456 1.57669360908486
457 1.59389323078045
458 1.61059137992392
459 1.62673675251043
460 1.64228233518073
461 1.65718544905207
462 1.67140777152926
463 1.68491533784765
464 1.69767852345083
465 1.70967200801692
466 1.72087472189749
467 1.73126977579526
468 1.74084437460222
469 1.749589716409
470 1.75750087775999
471 1.76457668626326
472 1.77081958167335
473 1.77623546655897
474 1.78083354765459
475 1.78462616898006
476 1.78762863779682
477 1.78985904445318
478 1.79133807715258
479 1.79208883265838
480 1.79213662392452
481 1.79150878561459
482 1.79023447844138
483 1.7883444932261
484 1.78587105554088
485 1.78284763176041
486 1.77930873730895
487 1.77528974784772
488 1.77082671410494
489 1.76595618100696
490 1.76071501172373
491 1.75514021719671
492 1.74926879167032
493 1.743137554702
494 1.73678300007887
495 1.73024115202213
496 1.72354742901403
497 1.716736515536
498 1.70984224196104
499 1.70289747279875
500 1.69593400344754
501 1.6889824655659
502 1.68207224113288
503 1.67523138522802
504 1.66848655752203
505 1.66186296243244
506 1.65538429786286
507 1.64907271241095
508 1.6429487708979
509 1.63703142804266
510 1.63133801007554
511 1.62588420406017
512 1.62068405466833
513 1.61574996813036
514 1.61109272306382
515 1.60672148786497
516 1.60264384433206
517 1.59886581717532
518 1.59539190905699
519 1.59222514079457
520 1.58936709635318
521 1.58681797224629
522 1.58457663096074
523 1.58264065801904
524 1.58100642229205
525 1.57966913917584
526 1.57862293624958
527 1.57786092103559
528 1.57737525048844
529 1.57715720184721
530 1.57719724449328
531 1.57748511246608
532 1.57800987729957
533 1.57876002085421
534 1.57972350783207
535 1.58088785767598
536 1.58224021556831
537 1.58376742225957
538 1.58545608247303
539 1.58729263164721
540 1.58926340079479
541 1.59135467927315
542 1.59355277527865
543 1.59584407389408
544 1.59821509253566
545 1.60065253366329
546 1.60314333463477
547 1.60567471460172
548 1.6082342183614
549 1.61080975709542
550 1.61338964594203
551 1.61596263836462
552 1.61851795729413
553 1.62104532303784
554 1.62353497796124
555 1.6259777079631
556 1.62836486077718
557 1.6306883611458
558 1.63294072292279
559 1.63511505817376
560 1.63720508335209
561 1.63920512263852
562 1.64111010854094
563 1.64291557985896
564 1.64461767712498
565 1.64621313564022
566 1.64769927622942
567 1.64907399384337
568 1.65033574414222
569 1.65148352819618
570 1.65251687544297
571 1.65343582504335
572 1.65424090577733
573 1.65493311462467
574 1.65551389417287
575 1.65598510899558
576 1.65634902114321
577 1.65660826488548
578 1.65676582084387
579 1.65682498964863
580 1.65678936525224
581 1.65666280802723
582 1.65644941777236
583 1.65615350674649
584 1.65577957284513
585 1.65533227302886
586 1.65481639710822
587 1.65423684198345
588 1.65359858643193
589 1.65290666653022
590 1.65216615179131
591 1.65138212209168
592 1.65055964545615
593 1.64970375676254
594 1.64881943742153
595 1.64791159608072
596 1.64698505039587
597 1.64604450990569
598 1.64509456004054
599 1.64413964728955
600 1.6431840655442
601 1.64223194363134
602 1.64128723404237
603 1.64035370286038
604 1.63943492088148
605 1.63853425592191
606 1.63765486629742
607 1.63679969545717
608 1.63597146775003
609 1.63517268529707
610 1.63440562594051
611 1.63367234223583
612 1.63297466145051
613 1.63231418653003
614 1.63169229798925
615 1.63111015668475
616 1.63056870742183
617 1.630068683348
618 1.62961061108341
619 1.6291948165373
620 1.62882143135865
621 1.62849039996867
622 1.62820148712194
623 1.62795428594335
624 1.62774822638749
625 1.62758258406776
626 1.6274564894028
627 1.62736893702859
628 1.62731879542542
629 1.62730481670991
630 1.62732564654369
631 1.62737983411165
632 1.62746584212401
633 1.6275820567986
634 1.62772679778107
635 1.62789832796295
636 1.62809486315937
637 1.62831458161043
638 1.62855563327223
639 1.62881614886605
640 1.62909424865607
641 1.62938805092878
642 1.62969568014921
643 1.63001527477164
644 1.63034499468476
645 1.63068302827366
646 1.63102759908318
647 1.63137697206983
648 1.63172945943128
649 1.63208342600511
650 1.63243729423035
651 1.63278954866774
652 1.63313874007639
653 1.63348348904689
654 1.63382248919244
655 1.63415450990166
656 1.6344783986585
657 1.63479308293598
658 1.63509757167256
659 1.63539095634093
660 1.63567241162073
661 1.63594119568763
662 1.63619665013268
663 1.63643819952669
664 1.63666535064534
665 1.63687769137171
666 1.63707488929347
667 1.63725669001274
668 1.63742291518714
669 1.6375734603209
670 1.63770829232529
671 1.6378274468679
672 1.63793102553043
673 1.63801919279462
674 1.63809217287595
675 1.63815024642487
676 1.63819374711458
677 1.6382230581347
678 1.63823860860954
679 1.63824086995911
680 1.63823035222094
681 1.63820760034998
682 1.63817319051325
683 1.63812772639539
684 1.63807183553063
685 1.63800616567577
686 1.63793138123818
687 1.63784815977209
688 1.63775718855538
689 1.63765916125856
690 1.63755477471656
691 1.63744472581322
692 1.63732970848738
693 1.63721041086875
694 1.63708751255069
695 1.63696168200632
696 1.63683357415351
697 1.63670382807314
698 1.63657306488475
699 1.6364418857823
700 1.63631087023235
701 1.63618057433594
702 1.63605152935489
703 1.63592424040242
704 1.63579918529713
705 1.63567681357913
706 1.63555754568594
707 1.63544177228567
708 1.63532985376396
709 1.63522211986118
710 1.63511886945521
711 1.63502037048533
712 1.6349268600119
713 1.63483854440624
714 1.6347555996649
715 1.63467817184199
716 1.63460637759321
717 1.63454030482478
718 1.63448001344045
719 1.63442553617949
720 1.63437687953856
721 1.63433402477017
722 1.63429692895051
723 1.63426552610928
724 1.63423972841425
725 1.63421942740347
726 1.63420449525768
727 1.63419478610625
728 1.6341901373594
729 1.63419037106019
730 1.63419529524955
731 1.63420470533806
732 1.63421838547834
733 1.63423610993203
734 1.63425764442584
735 1.63428274749115
736 1.63431117178217
737 1.63434266536771
738 1.63437697299219
739 1.63441383730151
740 1.63445300003012
741 1.6344942031454
742 1.63453718994647
743 1.63458170611414
744 1.63462750070969
745 1.63467432712003
746 1.63472194394729
747 1.63477011584131
748 1.63481861427348
749 1.63486721825117
750 1.63491571497179
751 1.63496390041604
752 1.63501157988043
753 1.63505856844876
754 1.63510469140331
755 1.63514978457608
756 1.63519369464104
757 1.6352362793483
758 1.63527740770177
759 1.6353169600813
760 1.63535482831143
761 1.63539091567818
762 1.63542513689601
763 1.635457418027
764 1.63548769635452
765 1.63551592021357
766 1.6355420487804
767 1.63556605182376
768 1.6355879094204
769 1.6356076116375
770 1.63562515818452
771 1.63564055803737
772 1.63565382903747
773 1.63566499746836
774 1.63567409761275
775 1.63568117129241
776 1.63568626739381
777 1.63568944138189
778 1.63569075480467
779 1.63569027479106
780 1.63568807354439
781 1.63568422783399
782 1.63567881848692
783 1.63567192988235
784 1.63566364945031
785 1.63565406717699
786 1.63564327511846
787 1.63563136692446
788 1.63561843737402
789 1.63560458192434
790 1.63558989627445
791 1.63557447594489
792 1.63555841587459
793 1.63554181003597
794 1.63552475106933
795 1.63550732993718
796 1.63548963559936
797 1.63547175470937
798 1.6354537713326
799 1.63543576668659
800 1.78192145526735
801 1.79449091190734
802 1.80720057158319
803 1.81991050197332
804 1.83262076694691
805 1.84533142643869
806 1.8580425363455
807 1.87075414844422
808 1.88346631033059
809 1.89617906537844
810 1.90822389190503
811 1.91906151009699
812 1.92880026440294
813 1.9375216527602
814 1.94528745834607
815 1.95214418943645
816 1.95812653435681
817 1.96326004886251
818 1.9675632458139
819 1.97104921945249
820 1.97372995826756
821 1.97562198497158
822 1.97674744811407
823 1.97713247207008
824 1.97680602374612
825 1.97579913944934
826 1.97414440601381
827 1.97187561956748
828 1.96902756684449
829 1.96563588969417
830 1.96173699099164
831 1.95736793109815
832 1.9525662888117
833 1.94736999670801
834 1.94181716767891
835 1.93594592246967
836 1.92979422353457
837 1.92339971770852
838 1.91679958847961
839 1.9100304176654
840 1.9031280558452
841 1.89612750093258
842 1.88906278461976
843 1.88196686676557
844 1.87487153795471
845 1.86780733046848
846 1.86080343785115
847 1.85388764317698
848 1.84708625604345
849 1.84042405824752
850 1.83392425804835
851 1.8276084528796
852 1.82149660034369
853 1.81560699729419
854 1.80995626678777
855 1.80455935266295
856 1.79942952147997
857 1.79457837153369
858 1.79001584863133
859 1.78575026830865
860 1.78178834414234
861 1.77813522180258
862 1.77479451847884
863 1.77176836730232
864 1.76905746638199
865 1.76666113206543
866 1.76457735603291
867 1.76280286583163
868 1.76133318845735
869 1.76016271659277
870 1.75928477711562
871 1.75869170149495
872 1.7583748977002
873 1.75832492325641
874 1.75853155908761
875 1.75898388380132
876 1.75967034807866
877 1.76057884884697
878 1.76169680292547
879 1.76301121984891
880 1.76450877358901
881 1.7661758729091
882 1.76799873010381
883 1.76996342789191
884 1.7720559842478
885 1.77426241497376
886 1.77656879383329
887 1.77896131008244
888 1.78142632325441
889 1.78395041506953
890 1.78652043836028
891 1.78912356291833
892 1.79174731818693
893 1.79437963273905
894 1.79700887049744
895 1.79962386366854
896 1.80221394237756
897 1.80476896100639
898 1.80727932125036
899 1.80973599192318
900 1.81213052555225
901 1.81445507181863
902 1.81670238790742
903 1.81886584584494
904 1.82093943690913
905 1.82291777320857
906 1.82479608653435
907 1.82657022459609
908 1.82823664476084
909 1.82979240541923
910 1.83123515510893
911 1.83256311952957
912 1.83377508658768
913 1.83487038961264
914 1.83584888888729
915 1.83671095163858
916 1.83745743063415
917 1.8380896415315
918 1.83860933912555
919 1.8390186926399
920 1.83932026020505
921 1.83951696266516
922 1.83961205685186
923 1.8396091084609
924 1.83951196466353
925 1.83932472658051
926 1.83905172174243
927 1.83869747665507
928 1.83826668958343
929 1.8377642036628
930 1.83719498043944
931 1.83656407393774
932 1.83587660534464
933 1.83513773839569
934 1.8343526555412
935 1.83352653496415
936 1.83266452851523
937 1.83177174062402
938 1.8308532082384
939 1.82991388183843
940 1.82895860756391
941 1.82799211048894
942 1.82701897907046
943 1.82604365079147
944 1.82507039901403
945 1.82410332105098
946 1.82314632746014
947 1.82220313255894
948 1.82127724615256
949 1.82037196646373
950 1.81949037424733
951 1.8186353280689
952 1.81780946072176
953 1.81701517675357
954 1.81625465106954
955 1.81552982857624
956 1.81484242482684
957 1.81419392762571
958 1.8135855995482
959 1.81301848132873
960 1.81249339606894
961 1.81201095421557
962 1.8115715592566
963 1.81117541408328
964 1.81082252796452
965 1.81051272407973
966 1.81024564755611
967 1.81002077395598
968 1.80983741816015
969 1.80969474359377
970 1.80959177174159
971 1.80952739190043
972 1.80950037111781
973 1.80950936426674
974 1.80955292420801
975 1.80962951199311
976 1.80973750706218
977 1.80987521739353
978 1.81004088956308
979 1.81023271867388
980 1.81044885811839
981 1.81068742913789
982 1.81094653014623
983 1.81122424578674
984 1.81151865569419
985 1.81182784293548
986 1.81214990210552
987 1.81248294705696
988 1.81282511824491
989 1.81317458967022
990 1.81352957540717
991 1.81388833570381
992 1.81424918264544
993 1.81461048537408
994 1.81497067485882
995 1.8153282482141
996 1.81568177256524
997 1.81602988846205
998 1.81637131284379
999 1.8167048415602
1000 1.81702935145509
1001 1.81734380202076
1002 1.81764723663279
1003 1.81793878337652
1004 1.81821765547738
1005 1.81848315134896
1006 1.81873465427339
1007 1.81897163172989
1008 1.81919363438804
1009 1.81940029478335
1010 1.81959132569301
1011 1.81976651823081
1012 1.81992573968014
1013 1.82006893108473
1014 1.82019610461698
1015 1.82030734074383
1016 1.82040278521019
1017 1.82048264586018
1018 1.82054718931601
1019 1.82059673753447
1020 1.82063166426042
1021 1.82065239139675
1022 1.82065938530948
1023 1.8206531530865
1024 1.82063423876781
1025 1.82060321956452
1026 1.82056070208335
1027 1.82050731857254
1028 1.82044372320451
1029 1.82037058840985
1030 1.82028860127617
1031 1.82019846002498
1032 1.82010087057849
1033 1.81999654322767
1034 1.81988618941183
1035 1.81977051861924
1036 1.81965023541738
1037 1.81952603662034
1038 1.81939860860049
1039 1.81926862474995
1040 1.81913674309713
1041 1.81900360408251
1042 1.81886982849682
1043 1.81873601558431
1044 1.81860274131263
1045 1.81847055681041
1046 1.81833998697247
1047 1.81821152923233
1048 1.81808565250053
1049 1.81796279626703
1050 1.81784336986492
1051 1.81772775189251
1052 1.81761628978987
1053 1.81750929956581
1054 1.81740706567044
1055 1.81730984100814
1056 1.8172178470856
1057 1.81713127428874
1058 1.81705028228249
1059 1.81697500052681
1060 1.8169055289022
1061 1.81684193843776
1062 1.81678427213459
1063 1.81673254587744
1064 1.81668674942697
1065 1.81664684748551
1066 1.8166127808286
1067 1.81658446749508
1068 1.81656180402822
1069 1.81654466676061
1070 1.81653291313557
1071 1.81652638305793
1072 1.81652490026736
1073 1.81652827372735
1074 1.81653629902327
1075 1.81654875976326
1076 1.81656542897569
1077 1.81658607049744
1078 1.8166104403473
1079 1.81663828807925
1080 1.81666935811055
1081 1.81670339101996
1082 1.81674012481167
1083 1.81677929614079
1084 1.8168206414968
1085 1.81686389834137
1086 1.81690880619746
1087 1.81695510768708
1088 1.81700254951509
1089 1.81705088339699
1090 1.81709986692892
1091 1.81714926439843
1092 1.81719884753474
1093 1.81724839619776
1094 1.81729769900522
1095 1.81734655389771
1096 1.81739476864154
1097 1.81744216126981
1098 1.81748856046211
1099 1.81753380586365
1100 1.81757774834488
1101 1.81762025020272
1102 1.81766118530485
1103 1.81770043917876
1104 1.81773790904712
1105 1.8177735038117
1106 1.81780714398769
1107 1.81783876159073
1108 1.81786829997904
1109 1.81789571365295
1110 1.81792096801449
1111 1.81794403908956
1112 1.81796491321536
1113 1.81798358669573
1114 1.81800006542728
1115 1.81801436449884
1116 1.81802650776719
1117 1.81803652741169
1118 1.81804446347066
1119 1.81805036336209
1120 1.81805428139141
1121 1.81805627824902
1122 1.81805642049996
1123 1.81805478006835
1124 1.81805143371905
1125 1.81804646253872
1126 1.81803995141865
1127 1.81803198854151
1128 1.818022664874
1129 1.81801207366744
1130 1.81800030996803
1131 1.8179874701386
1132 1.81797365139338
1133 1.81795895134733
1134 1.81794346758137
1135 1.81792729722478
1136 1.81791053655582
1137 1.81789328062167
1138 1.81787562287851
1139 1.81785765485251
1140 1.81783946582235
1141 1.81782114252379
1142 1.81780276887679
1143 1.8177844257353
1144 1.81776619066004
1145 1.81774813771433
1146 1.81773033728285
1147 1.81771285591338
1148 1.8176957561811
1149 1.81767909657535
1150 1.81766293140828
1151 1.81764731074503
1152 1.81763228035493
1153 1.81761788168299
1154 1.81760415184105
1155 1.81759112361797
1156 1.81757882550792
1157 1.81756728175597
1158 1.81755651242025
1159 1.81754653344953
1160 1.81753735677549
1161 1.8175289904186
1162 1.81752143860667
1163 1.817514701905
1164 1.81750877735722
1165 1.81750365863572
1166 1.81749933620065
1167 1.81749579746652
1168 1.81749302697536
1169 1.81749100657542
1170 1.81748971560446
1171 1.81748913107664
1172 1.81748922787211
1173 1.8174899789283
1174 1.81749135543207
1175 1.81749332701193
1176 1.81749586192936
1177 1.81749892726853
1178 1.81750248912367
1179 1.81750651278338
1180 1.81751096291114
1181 1.81751580372147
1182 1.81752099915115
1183 1.81752651302492
1184 1.81753230921513
1185 1.81753835179505
1186 1.81754460518521
1187 1.81755103429258
1188 1.81755760464224
1189 1.81756428250121
1190 1.81757103499422
1191 1.81757783021137
1192 1.81758463730735
1193 1.8175914265922
1194 1.81759816961364
1195 1.81760483923082
1196 1.81761140967951
1197 1.81761785662892
1198 1.81762415723008
1199 1.81763029015596
1200 1.81763623563357
