1 2
2 2
3 2
4 2
5 2
6 2
7 2
8 2
9 2
10 2
11 2
12 2
13 2
14 2
15 2
16 2
17 2
18 2
19 2
20 2
21 2
22 2
23 2
24 2
25 2
26 2
27 2
28 2
29 2
30 2.25
31 2.27409932432432
32 2.29842364864865
33 2.32274797297297
34 2.3470722972973
35 2.37139662162162
36 2.39572094594595
37 2.42004527027027
38 2.44436959459459
39 2.46869391891892
40 2.49121788102897
41 2.51053114716862
42 2.52699921894174
43 2.54090399457861
44 2.55246449234821
45 2.56185077729554
46 2.56919480883434
47 2.57459888916383
48 2.57814224291571
49 2.57988614118762
50 2.57989085700322
51 2.57823783552837
52 2.57503170613551
53 2.57039090495347
54 2.56444134933138
55 2.55731225298998
56 2.549133443664
57 2.54003372261599
58 2.5301399356665
59 2.51957652056533
60 2.50846527140123
61 2.49692500281245
62 2.48507097709868
63 2.47301420034107
64 2.46086072255072
65 2.44871101211051
66 2.43665943476143
67 2.42479384358242
68 2.41319527317667
69 2.40193772476205
70 2.39108802715459
71 2.38070576125734
72 2.37084324075884
73 2.36154554584785
74 2.35285060829108
75 2.34478934603835
76 2.3373858446995
77 2.33065758235049
78 2.32461569343638
79 2.31926526713623
80 2.31460567543145
81 2.31063092620592
82 2.30733003690443
83 2.3046874244984
84 2.30268330771212
85 2.30129411764405
86 2.30049291308873
87 2.30024979703933
88 2.30053233103968
89 2.30130594426131
90 2.30253433440634
91 2.30417985777663
92 2.30620390609911
93 2.30856726795108
94 2.31123047288461
95 2.3141541166028
96 2.3172991657905
97 2.32062724144738
98 2.32410087981003
99 2.32768377018125
100 2.33134096920744
101 2.33503909135794
102 2.33874647556236
103 2.34243332815159
104 2.34607184242591
105 2.34963629533733
106 2.35310312192347
107 2.356450968266
108 2.35966072386835
109 2.36271553445437
110 2.36560079628205
111 2.36830413314521
112 2.3708153573
113 2.37312641560407
114 2.37523132219379
115 2.37712607904955
116 2.37880858581202
117 2.38027854021351
118 2.38153733047876
119 2.38258792103019
120 2.38343473280353
121 2.38408351944233
122 2.38454124059491
123 2.38481593348526
124 2.38491658387148
125 2.38485299744218
126 2.38463567263366
127 2.38427567577952
128 2.38378451943051
129 2.38317404460615
130 2.38245630766261
131 2.38164347238287
132 2.38074770781763
133 2.37978109232772
134 2.37875552420261
135 2.37768263915517
136 2.37657373492052
137 2.37543970311695
138 2.37429096846053
139 2.37313743536125
140 2.3719884418695
141 2.37085272088512
142 2.36973836849033
143 2.36865281921982
144 2.36760282803853
145 2.36659445875891
146 2.36563307859518
147 2.36472335852251
148 2.36386927908375
149 2.36307414126521
150 2.36234058204653
151 2.36167059421699
152 2.36106555004193
153 2.3605262283583
154 2.36005284467709
155 2.3596450838724
156 2.35930213504263
157 2.35902272813708
158 2.35880517195263
159 2.3586473931183
160 2.35854697570118
161 2.35850120108466
162 2.35850708778917
163 2.35856143092622
164 2.35866084099806
165 2.35880178177847
166 2.35898060703299
167 2.35919359586126
168 2.35943698646798
169 2.35970700819313
170 2.35999991165628
171 2.36031199689347
172 2.36063963938799
173 2.3609793139196
174 2.3613276161778
175 2.36168128210606
176 2.3620372049637
177 2.36239245011068
178 2.36274426753827
179 2.36309010218492
180 2.36342760209139
181 2.36375462446322
182 2.36406923972056
183 2.36436973362653
184 2.36465460759474
185 2.36492257728463
186 2.36517256960041
187 2.36540371821439
188 2.36561535774021
189 2.36580701668396
190 2.36597840930335
191 2.36612942650538
192 2.36626012591278
193 2.36637072122804
194 2.36646157102127
195 2.36653316706534
196 2.36658612233733
197 2.36662115880111
198 2.36663909508008
199 2.36664083412395
200 2.36662735096634
201 2.36659968066415
202 2.36655890650218
203 2.36650614853929
204 2.36644255256549
205 2.36636927953123
206 2.3662874955034
207 2.36619836219447
208 2.36610302810435
209 2.36600262030693
210 2.36589823690661
211 2.36579094018301
212 2.36568175043571
213 2.36557164053459
214 2.36546153117555
215 2.36535228683566
216 2.36524471241691
217 2.36513955056275
218 2.36503747962752
219 2.36493911227479
220 2.36484499467714
221 2.36475560628708
222 2.36467136014592
223 2.3645926036953
224 2.36451962005444
225 2.36445262972442
226 2.36439179268028
227 2.36433721081061
228 2.36428893066438
229 2.36424694646462
230 2.36421120334896
231 2.36418160079787
232 2.36415799621196
233 2.36414020860144
234 2.36412802235166
235 2.36412119103066
236 2.36411944120623
237 2.36412247624188
238 2.3641299800433
239 2.36414162072874
240 2.36415705419934
241 2.36417592758728
242 2.36419788256232
243 2.36422255847924
244 2.3642495953513
245 2.36427863663692
246 2.36430933182917
247 2.36434133883972
248 2.36437432617107
249 2.364407974873
250 2.36444198028099
251 2.3644760535363
252 2.36450992288909
253 2.36454333478761
254 2.36457605475799
255 2.36460786808044
256 2.36463858026906
257 2.36466801736343
258 2.36469602604126
259 2.36472247356199
260 2.36474724755231
261 2.36477025564474
262 2.36479142498131
263 2.36481070159413
264 2.3648280496757
265 2.36484345075092
266 2.36485690276376
267 2.3648684190906
268 2.36487802749278
269 2.36488576902
270 2.3648916968765
271 2.36489587526086
272 2.36489837819047
273 2.36489928832056
274 2.36489869576761
275 2.36489669694593
276 2.36489339342592
277 2.36488889082151
278 2.36488329771381
279 2.36487672461716
280 2.3648692829932
281 2.36486108431768
282 2.36485223920411
283 2.36484285658777
284 2.36483304297268
285 2.36482290174368
286 2.36481253254502
287 2.36480203072622
288 2.36479148685558
289 2.36478098630089
290 2.36477060887661
291 2.36476042855619
292 2.36475051324786
293 2.36474092463172
294 2.36473171805567
295 2.36472294248749
296 2.36471464051988
297 2.36470684842529
298 2.36469959625705
299 2.36469290799312
300 2.36468680171884
301 2.36468128984469
302 2.36467637935544
303 2.36467207208661
304 2.36466836502453
305 2.36466525062611
306 2.36466271715469
307 2.36466074902833
308 2.36465932717695
309 2.36465842940517
310 2.36465803075739
311 2.36465810388241
312 2.36465861939447
313 2.36465954622829
314 2.36466085198556
315 2.36466250327083
316 2.36466446601459
317 2.36466670578206
318 2.36466918806587
319 2.36467187856149
320 2.36467474342425
321 2.36467774950702
322 2.36468086457796
323 2.36468405751771
324 2.36468729849585
325 2.36469055912644
326 2.36469381260272
327 2.36469703381121
328 2.36470019942551
329 2.36470328798034
330 2.36470627992646
331 2.36470915766718
332 2.36471190557733
333 2.36471451000552
334 2.36471695926085
335 2.36471924358498
336 2.36472135511075
337 2.36472328780845
338 2.36472503742098
339 2.36472660138903
340 2.36472797876748
341 2.36472917013425
342 2.36473017749277
343 2.36473100416916
344 2.36473165470536
345 2.36473213474919
346 2.36473245094249
347 2.36473261080821
348 2.36473262263759
349 2.36473249537807
350 2.36473223852295
351 2.36473186200356
352 2.36473137608447
353 2.36473079126251
354 2.36473011817023
355 2.36472936748403
356 2.36472854983769
357 2.36472767574144
358 2.36472675550697
359 2.36472579917859
360 2.36472481647067
361 2.36472381671148
362 2.36472280879355
363 2.36472180113042
364 2.36472080161981
365 2.36471981761314
366 2.36471885589111
367 2.36471792264534
368 2.36471702346571
369 2.36471616333318
370 2.36471534661793
371 2.36471457708226
372 2.36471385788821
373 2.3647131916094
374 2.3647125802467
375 2.36471202524755
376 2.36471152752836
377 2.36471108749973
378 2.36471070509416
379 2.36471037979573
380 2.36471011067157
381 2.36470989640463
382 2.3647097353275
383 2.36470962545686
384 2.3647095645284
385 2.36470955003176
386 2.3647095792452
387 2.36470964926997
388 2.36470975706384
389 2.36470989947374
390 2.36471007326735
391 2.36471027516324
392 2.36471050185971
393 2.36471075006193
394 2.36471101650738
395 2.36471129798951
396 2.36471159137954
397 2.36471189364619
398 2.36471220187365
399 2.36471251327732
400 2.11471251327732
401 2.06651417462332
402 2.01786583170794
403 1.96921748239045
404 1.92056912471112
405 1.87192075689557
406 1.82327237735737
407 1.77462398469906
408 1.72597557771151
409 1.67732715537202
410 1.63047908130154
411 1.58701524018976
412 1.54686452210494
413 1.50997692188779
414 1.4763151925489
415 1.44585194307644
416 1.41856738036432
417 1.39444755417669
418 1.37348299376121
419 1.35566764935515
420 1.34098510578264
421 1.32938763306839
422 1.32079312228153
423 1.31509329731655
424 1.31215989021971
425 1.31184930955767
426 1.31400616891869
427 1.31846595387774
428 1.32505703828496
429 1.33360220950026
430 1.34391991668214
431 1.35582554380638
432 1.36913286110677
433 1.38365557750139
434 1.3992088747696
435 1.4156108543427
436 1.43268386056628
437 1.45025566568284
438 1.46816051517534
439 1.48624004006928
440 1.50434404644142
441 1.52233119168444
442 1.54006955346985
443 1.55743709409704
444 1.57432202174037
445 1.59062305046483
446 1.60624956187616
447 1.62112167239542
448 1.63517021113859
449 1.64833661412262
450 1.66057274098868
451 1.67184062066961
452 1.68211213251524
453 1.69136862940347
454 1.69960050935346
455 1.70680674212969
456 1.71299435727599
457 1.71817789993646
458 1.72237886069843
459 1.72562508552768
460 1.72795017165819
461 1.72939285505326
462 1.72999639477687
463 1.72980795930934
464 1.72887801951671
465 1.72725975264091
466 1.72500846132414
467 1.72218101131682
468 1.71883529114927
469 1.71502969667415
470 1.710822643014
471 1.70627210607813
472 1.70143519544832
473 1.69636776007641
474 1.69112402789076
475 1.68575628007482
476 1.68031456046222
477 1.67484642018928
478 1.66939669746057
479 1.66400733201566
480 1.65871721363794
481 1.65356206381907
482 1.64857434948618
483 1.64378322751381
484 1.63921451857859
485 1.63489070877252
486 1.63083097726877
487 1.62705124823394
488 1.6235642651002
489 1.62037968525025
490 1.61750419312668
491 1.61494162975383
492 1.61269313665425
493 1.61075731215181
494 1.60913037807895
495 1.60780635494476
496 1.60677724367274
497 1.60603321208098
498 1.60556278435169
499 1.60535303182064
500 1.60538976350854
501 1.60565771491475
502 1.60614073369754
503 1.60682196097392
504 1.60768400708318
505 1.608709120773
506 1.6098793508815
507 1.61117669970475
508 1.61258326735335
509 1.61408138651556
510 1.6156537471549
511 1.61728351077818
512 1.61895441401406
513 1.6206508613419
514 1.62235800690564
515 1.62406182543741
516 1.62574917239904
517 1.6274078335282
518 1.62902656404736
519 1.63059511785932
520 1.63210426711174
521 1.63354581256564
522 1.63491258524815
523 1.63619843990911
524 1.63739824083374
525 1.63850784058966
526 1.6395240523071
527 1.64044461610495
528 1.64126816028398
529 1.64199415791196
530 1.64262287942293
531 1.64315534184663
532 1.64359325527263
533 1.64393896713875
534 1.64419540491406
535 1.64436601772502
536 1.64445471744761
537 1.64446581976092
538 1.64440398562755
539 1.64427416363441
540 1.64408153359426
541 1.64383145177409
542 1.64352939808106
543 1.64318092550141
544 1.64279161205188
545 1.64236701546751
546 1.64191263081483
547 1.64143385118442
548 1.6409359315839
549 1.6404239561192
550 1.63990280852124
551 1.63937714604522
552 1.63885137674155
553 1.63832964007108
554 1.63781579081261
555 1.63731338618821
556 1.63682567611071
557 1.63635559643962
558 1.63590576511456
559 1.63547848102089
560 1.63507572542972
561 1.63469916584374
562 1.63435016207172
563 1.63402977434807
564 1.63373877330861
565 1.6334776516311
566 1.63324663714725
567 1.6330457072336
568 1.63287460429003
569 1.63273285211806
570 1.63261977301522
571 1.63253450540779
572 1.63247602185027
573 1.63244314722811
574 1.63243457700819
575 1.63244889539091
576 1.63248459322728
577 1.63254008557478
578 1.63261372877605
579 1.6327038369556
580 1.63280869784035
581 1.63292658782131
582 1.63305578618417
583 1.63319458844809
584 1.63334131876219
585 1.63349434132012
586 1.6336520707629
587 1.63381298155015
588 1.63397561628925
589 1.63413859302051
590 1.63430061146493
591 1.63446045824894
592 1.63461701112745
593 1.6347692422333
594 1.63491622038701
595 1.63505711250613
596 1.63519118415802
597 1.63531779930418
598 1.63543641928735
599 1.63554660111573
600 1.63564799510053
601 1.63574034190521
602 1.63582346906511
603 1.63589728703751
604 1.6359617848416
605 1.63601702534773
606 1.63606314027433
607 1.63610032494963
608 1.63612883289378
609 1.63614897027469
610 1.63616109028912
611 1.63616558751739
612 1.63616289229794
613 1.63615346516456
614 1.63613779138615
615 1.63611637564571
616 1.63608973689172
617 1.636058403392
618 1.63602290801632
619 1.63598378377095
620 1.63594155960492
621 1.63589675650409
622 1.63584988388636
623 1.63580143630787
624 1.63575189048696
625 1.63570170265
626 1.63565130620024
627 1.63560110970819
628 1.63555149521978
629 1.63550281687608
630 1.63545539983649
631 1.63540953949524
632 1.63536550097952
633 1.6353235189159
634 1.63528379745055
635 1.6352465105076
636 1.63521180226903
637 1.63517978785883
638 1.63515055421355
639 1.63512416112109
640 1.63510064240918
641 1.63508000726521
642 1.63506224166889
643 1.63504730991976
644 1.63503515624156
645 1.63502570644636
646 1.63501886964164
647 1.63501453996422
648 1.63501259832602
649 1.63501291415686
650 1.63501534713118
651 1.63501974886583
652 1.63502596457743
653 1.63503383468884
654 1.63504319637514
655 1.63505388504067
656 1.63506573571985
657 1.63507858439526
658 1.63509226922786
659 1.6351066316949
660 1.63512151763238
661 1.63513677817954
662 1.63515227062405
663 1.63516785914733
664 1.63518341547012
665 1.63519881939955
666 1.63521395927921
667 1.63522873234467
668 1.63524304498756
669 1.63525681293152
670 1.63526996132417
671 1.63528242474943
672 1.63529414716502
673 1.63530508177009
674 1.63531519080845
675 1.63532444531271
676 1.63533282479506
677 1.63534031689035
678 1.63534691695715
679 1.63535262764253
680 1.63535745841618
681 1.63536142507942
682 1.63536454925443
683 1.63536685785898
684 1.63536838257169
685 1.63536915929246
686 1.63536922760282
687 1.63536863023022
688 1.6353674125204
689 1.63536562192136
690 1.63536330748241
691 1.63536051937116
692 1.63535730841127
693 1.63535372564327
694 1.63534982191047
695 1.63534564747174
696 1.63534125164254
697 1.63533668246521
698 1.63533198640946
699 1.63532720810348
700 1.63532239009594
701 1.63531757264883
702 1.63531279356091
703 1.63530808802134
704 1.63530348849268
705 1.63529902462247
706 1.6352947231823
707 1.63529060803325
708 1.63528670011621
709 1.63528301746574
710 1.63527957524601
711 1.63527638580694
712 1.63527345875908
713 1.63527080106548
714 1.63526841714864
715 1.63526630901095
716 1.63526447636676
717 1.63526291678434
718 1.63526162583606
719 1.63526059725504
720 1.63525982309666
721 1.63525929390346
722 1.63525899887177
723 1.63525892601874
724 1.63525906234851
725 1.6352593940161
726 1.63525990648801
727 1.63526058469836
728 1.63526141319978
729 1.63526237630796
730 1.63526345823934
731 1.63526464324109
732 1.63526591571295
733 1.63526726032044
734 1.63526866209902
735 1.63527010654906
736 1.63527157972128
737 1.63527306829273
738 1.6352745596331
739 1.63527604186168
740 1.63527750389484
741 1.63527893548441
742 1.63528032724716
743 1.63528167068562
744 1.63528295820074
745 1.63528418309674
746 1.63528533957847
747 1.63528642274197
748 1.63528742855851
749 1.63528835385282
750 1.63528919627589
751 1.63528995427297
752 1.63529062704725
753 1.63529121451983
754 1.63529171728656
755 1.63529213657206
756 1.63529247418179
757 1.63529273245233
758 1.63529291420065
759 1.63529302267262
760 1.63529306149134
761 1.63529303460564
762 1.63529294623921
763 1.63529280084058
764 1.63529260303452
765 1.63529235757493
766 1.63529206929961
767 1.63529174308718
768 1.63529138381622
769 1.63529099632703
770 1.63529058538589
771 1.63529015565219
772 1.63528971164836
773 1.6352892577327
774 1.63528879807521
775 1.6352883366363
776 1.63528787714853
777 1.63528742310119
778 1.63528697772775
779 1.6352865439961
780 1.63528612460146
781 1.63528572196186
782 1.63528533821609
783 1.63528497522395
784 1.63528463456867
785 1.63528431756138
786 1.63528402524745
787 1.63528375841447
788 1.63528351760182
789 1.63528330311162
790 1.63528311502081
791 1.63528295319431
792 1.63528281729905
793 1.63528270681864
794 1.63528262106865
795 1.63528255921222
796 1.63528252027597
797 1.63528250316596
798 1.63528250668366
799 1.63528252954173
800 1.86647615146065
801 1.87852587102171
802 1.8906881056817
803 1.90285035394921
804 1.91501261431705
805 1.92717488527504
806 1.93933716532206
807 1.95149945297729
808 1.96366174679058
809 1.975824045352
810 1.98632141855017
811 1.99392334424002
812 1.99909287825989
813 2.00218921431502
814 2.00349210583381
815 2.00321942802144
816 2.00154085806054
817 1.99858853118085
818 1.99446534109355
819 1.98925140551268
820 1.98302109227876
821 1.975864040399
822 1.96788657385513
823 1.95920253442905
824 1.94992736820289
825 1.94017446090498
826 1.93005301675446
827 1.9196669774039
828 1.90911462471702
829 1.89848861780456
830 1.88787620532424
831 1.87735931306127
832 1.86701438732136
833 1.85691210443927
834 1.84711707797209
835 1.83768762903497
836 1.82867564525322
837 1.82012653076761
838 1.81207923755603
839 1.80456636292217
840 1.79761429724601
841 1.79124340933454
842 1.7854682620512
843 1.780297855056
844 1.77573589306747
845 1.77178107796378
846 1.76842742235658
847 1.76566458155138
848 1.76347820029855
849 1.76185027051015
850 1.76075949615025
851 1.76018166172457
852 1.76009000109866
853 1.76045556368096
854 1.76124757527702
855 1.76243379115489
856 1.76398083907065
857 1.76585455020433
858 1.76802027615889
859 1.77044319038426
860 1.77308857260393
861 1.77592207504092
862 1.77890996945813
863 1.78201937424171
864 1.78521846096252
865 1.78847664004765
866 1.79176472538084
867 1.79505507782731
868 1.79832172784358
869 1.80154047748695
870 1.80468898228171
871 1.80774681352906
872 1.81069550176579
873 1.81351856218139
874 1.81620150289595
875 1.81873181708045
876 1.82109895996828
877 1.82329431186116
878 1.82531112827544
879 1.82714447840565
880 1.82879117310214
881 1.83024968356861
882 1.8315200519851
883 1.83260379525119
884 1.83350380302563
885 1.8342242312115
886 1.83477039200143
887 1.8351486415566
888 1.83536626634606
889 1.8354313691208
890 1.83535275544049
891 1.83513982161004
892 1.83480244482026
893 1.83435087622057
894 1.83379563758449
895 1.83314742216013
896 1.83241700022857
897 1.8316151298245
898 1.8307524730049
899 1.82983951798455
900 1.82888650739153
901 1.82790337283257
902 1.82689967589653
903 1.82588455566646
904 1.82486668275474
905 1.82385421982401
906 1.82285478850793
907 1.82187544260058
908 1.82092264734238
909 1.82000226459274
910 1.8191195436466
911 1.81827911742216
912 1.81748500372173
913 1.81674061124617
914 1.81604875002515
915 1.81541164591188
916 1.81483095878012
917 1.81430780405456
918 1.81384277720189
919 1.81343598080947
920 1.81308705388085
921 1.8127952029828
922 1.81255923488612
923 1.81237759035266
924 1.81224837873333
925 1.8121694130557
926 1.81213824529594
927 1.81215220154665
928 1.812208416811
929 1.81230386917248
930 1.81243541311033
931 1.81259981175098
932 1.8127937678673
933 1.81301395345876
934 1.81325703776663
935 1.81351971360013
936 1.81379872186958
937 1.81409087424367
938 1.81439307386731
939 1.81470233409586
940 1.81501579521977
941 1.81533073917098
942 1.81564460221885
943 1.8159549856787
944 1.81625966467029
945 1.81655659497641
946 1.81684391806385
947 1.81711996433961
948 1.81738325472432
949 1.8176325006335
950 1.817866602464
951 1.81808464668864
952 1.81828590166712
953 1.81846981228424
954 1.81863599352932
955 1.81878422313183
956 1.81891443336876
957 1.81902670215856
958 1.81912124355521
959 1.81919839775376
960 1.81925862071556
961 1.81930247351789
962 1.81933061152864
963 1.81934377350141
964 1.81934277068185
965 1.81932847600993
966 1.81930181349707
967 1.819263747851
968 1.81921527441453
969 1.81915740947825
970 1.81909118102026
971 1.81901761991962
972 1.81893775168362
973 1.81885258872248
974 1.81876312319856
975 1.81867032047141
976 1.81857511315348
977 1.81847839578611
978 1.81838102013953
979 1.81828379113588
980 1.81818746338899
981 1.81809273835066
982 1.81800026204859
983 1.81791062339784
984 1.81782435306376
985 1.81774192285195
986 1.81766374559759
987 1.81759017552472
988 1.81752150904381
989 1.81745798595464
990 1.8173997910203
991 1.81734705587731
992 1.81729986124625
993 1.81725823940724
994 1.81722217690473
995 1.81719161744617
996 1.81716646496013
997 1.81714658678007
998 1.81713181692099
999 1.81712195941772
1000 1.81711679169471
1001 1.81711606793907
1002 1.81711952245004
1003 1.81712687294013
1004 1.81713782376494
1005 1.81715206906057
1006 1.81716929576978
1007 1.81718918653969
1008 1.81721142247644
1009 1.81723568574356
1010 1.81726166199346
1011 1.81728904262296
1012 1.81731752684605
1013 1.81734682357859
1014 1.81737665313179
1015 1.81740674871272
1016 1.81743685773199
1017 1.81746674291994
1018 1.81749618325443
1019 1.81752497470433
1020 1.81755293079419
1021 1.81757988299658
1022 1.81760568095946
1023 1.817630192577
1024 1.81765330391273
1025 1.81767491898476
1026 1.81769495942301
1027 1.8177133640092
1028 1.81773008811012
1029 1.81774510301532
1030 1.8177583951902
1031 1.81776996545554
1032 1.81777982810435
1033 1.81778800996693
1034 1.81779454943451
1035 1.81779949545174
1036 1.81780290648787
1037 1.81780484949587
1038 1.8178053988686
1039 1.8178046354002
1040 1.81780264526074
1041 1.81779951899115
1042 1.81779535052531
1043 1.81779023624515
1044 1.81778427407425
1045 1.81777756261468
1046 1.81777020033126
1047 1.81776228478664
1048 1.81775391193026
1049 1.81774517544332
1050 1.81773616614166
1051 1.81772697143751
1052 1.81771767486089
1053 1.81770835564074
1054 1.8176990883454
1055 1.81768994258157
1056 1.81768098275074
1057 1.81767226786128
1058 1.81766385139442
1059 1.81765578122177
1060 1.81764809957194
1061 1.81764084304357
1062 1.81763404266167
1063 1.81762772397442
1064 1.81762190718694
1065 1.81761660732896
1066 1.81761183445282
1067 1.81760759385848
1068 1.81760388634216
1069 1.81760070846509
1070 1.81759805283919
1071 1.81759590842619
1072 1.81759426084732
1073 1.81759309270017
1074 1.81759238388001
1075 1.81759211190275
1076 1.81759225222674
1077 1.81759277857124
1078 1.81759366322893
1079 1.81759487737068
1080 1.81759639134042
1081 1.81759817493857
1082 1.81760019769234
1083 1.81760242911179
1084 1.81760483893025
1085 1.81760739732844
1086 1.81761007514128
1087 1.81761284404698
1088 1.81761567673798
1089 1.81761854707345
1090 1.8176214302133
1091 1.81762430273388
1092 1.81762714272537
1093 1.81762992987141
1094 1.81763264551137
1095 1.81763527268573
1096 1.8176377961654
1097 1.81764020246568
1098 1.81764247984555
1099 1.81764461829346
1100 1.8176466095003
1101 1.81764844682071
1102 1.81765012522363
1103 1.81765164123325
1104 1.81765299286132
1105 1.81765417953194
1106 1.8176552019998
1107 1.81765606226301
1108 1.81765676347148
1109 1.81765730983185
1110 1.81765770650989
1111 1.81765795953139
1112 1.8176580756823
1113 1.81765806240904
1114 1.81765792771966
1115 1.81765768008666
1116 1.81765732835211
1117 1.81765688163563
1118 1.8176563492458
1119 1.81765574059556
1120 1.81765506512188
1121 1.81765433221022
1122 1.81765355112393
1123 1.81765273093897
1124 1.81765188048413
1125 1.81765100828669
1126 1.81765012252397
1127 1.81764923098042
1128 1.81764834101051
1129 1.81764745950721
1130 1.81764659287604
1131 1.81764574701459
1132 1.81764492729715
1133 1.81764413856449
1134 1.81764338511846
1135 1.81764267072105
1136 1.81764199859789
1137 1.81764137144562
1138 1.81764079144303
1139 1.81764026026559
1140 1.81763977910302
1141 1.81763934867961
1142 1.81763896927693
1143 1.81763864075873
1144 1.81763836259744
1145 1.81763813390225
1146 1.81763795344831
1147 1.81763781970669
1148 1.81763773087502
1149 1.8176376849083
1150 1.81763767954979
1151 1.81763771236167
1152 1.81763778075524
1153 1.81763788202046
1154 1.81763801335463
1155 1.81763817189008
1156 1.81763835472066
1157 1.8176385589269
1158 1.81763878159973
1159 1.81763901986273
1160 1.81763927089272
1161 1.81763953193865
1162 1.81763980033883
1163 1.81764007353634
1164 1.81764034909276
1165 1.81764062470005
1166 1.81764089819071
1167 1.81764116754623
1168 1.81764143090387
1169 1.81764168656171
1170 1.81764193298225
1171 1.81764216879443
1172 1.81764239279422
1173 1.81764260394388
1174 1.81764280136998
1175 1.81764298436017
1176 1.817643152359
1177 1.81764330496265
1178 1.81764344191287
1179 1.81764356309011
1180 1.81764366850599
1181 1.81764375829518
1182 1.81764383270688
1183 1.81764389209579
1184 1.81764393691297
1185 1.81764396769632
1186 1.81764398506114
1187 1.81764398969052
1188 1.81764398232585
1189 1.81764396375741
1190 1.81764393481524
1191 1.81764389636014
1192 1.81764384927505
1193 1.81764379445676
1194 1.81764373280803
1195 1.81764366523011
1196 1.8176435926158
1197 1.81764351584293
1198 1.81764343576835
1199 1.81764335322254
1200 1.81764326900466
