1 2
2 2
3 2
4 2
5 2
6 2
7 2
8 2
9 2
10 2
11 2
12 2
13 2
14 2
15 2
16 2
17 2
18 2
19 2
20 2
21 2
22 2
23 2
24 2
25 2
26 2
27 2
28 2
29 2
30 2
31 2
32 2
33 2
34 2
35 2
36 2
37 2
38 2
39 2
40 2
41 2
42 2
43 2
44 2
45 2
46 2
47 2
48 2
49 2
50 2
51 2
52 2
53 2
54 2
55 2
56 2
57 2
58 2
59 2
60 2
61 2
62 2
63 2
64 2
65 2
66 2
67 2
68 2
69 2
70 2
71 2
72 2
73 2
74 2
75 2
76 2
77 2
78 2
79 2
80 2
81 2
82 2
83 2
84 2
85 2
86 2
87 2
88 2
89 2
90 2
91 2
92 2
93 2
94 2
95 2
96 2
97 2
98 2
99 2
100 2
101 2
102 2
103 2
104 2
105 2
106 2
107 2
108 2
109 2
110 2
111 2
112 2
113 2
114 2
115 2
116 2
117 2
118 2
119 2
120 2
121 2
122 2
123 2
124 2
125 2
126 2
127 2
128 2
129 2
130 2
131 2
132 2
133 2
134 2
135 2
136 2
137 2
138 2
139 2
140 2
141 2
142 2
143 2
144 2
145 2
146 2
147 2
148 2
149 2
150 2
151 2
152 2
153 2
154 2
155 2
156 2
157 2
158 2
159 2
160 2
161 2
162 2
163 2
164 2
165 2
166 2
167 2
168 2
169 2
170 2
171 2
172 2
173 2
174 2
175 2
176 2
177 2
178 2
179 2
180 2
181 2
182 2
183 2
184 2
185 2
186 2
187 2
188 2
189 2
190 2
191 2
192 2
193 2
194 2
195 2
196 2
197 2
198 2
199 2
200 2
201 2.25
202 2.5
203 2.75
204 2.8
205 2.8
206 2.8
207 2.8
208 2.8
209 2.8
210 2.8
211 2.8
212 2.8
213 2.8
214 2.8
215 2.70323127074574
216 2.55282955370364
217 2.407881288759
218 2.29846190659273
219 2.23397144312232
220 2.21082890872368
221 2.21883323952627
222 2.24585740383254
223 2.28086688332177
224 2.31548498429945
225 2.34445156957468
226 2.36535253731966
227 2.37796123607364
228 2.38345897970732
229 2.38371499705763
230 2.38072468669316
231 2.37623963600386
232 2.37157768767975
233 2.367575796463
234 2.36463901509592
235 2.36284093513865
236 2.36203953046097
237 2.36198361400632
238 2.36239614229031
239 2.36302966102369
240 2.36369554329019
241 2.36427232117252
242 2.36469979338285
243 2.3649653492556
244 2.36508774647691
245 2.36510198211228
246 2.36504731713683
247 2.36495920527255
248 2.36486494814279
249 2.36478235635457
250 2.36472048038836
251 2.36468149583824
252 2.36466299030979
253 2.36466012283059
254 2.36466735094843
255 2.36467960872498
256 2.36469295371377
257 2.36470478107098
258 2.36471373614436
259 2.36471945579525
260 2.36472224669386
261 2.36472277753904
262 2.36472183028622
263 2.36472012846287
264 2.36471824106746
265 2.36471654874011
266 2.36471525380641
267 2.36471441568021
268 2.36471399607402
269 2.36471390283739
270 2.36471402576699
271 2.36471426160678
272 2.36471452829767
273 2.36471477027496
274 2.36471495738726
275 2.36471508006658
276 2.36471514298236
277 2.36471515880231
278 2.36471514304134
279 2.36471511042444
280 2.36471507277736
281 2.36471503820338
282 2.36471501118667
283 2.36471499324889
284 2.36471498383888
285 2.36471498121992
286 2.36471498321018
287 2.36471498771136
288 2.36471499302044
289 2.3647149979568
290 2.36471500185481
291 2.36471500447492
292 2.3647150058791
293 2.36471500630473
294 2.3647150060583
295 2.36471500543858
296 2.36471500469065
297 2.36471500398636
298 2.36471500342435
299 2.36471500304202
300 2.36471500283293
301 2.36471500276475
302 2.36471500279446
303 2.36471500287957
304 2.36471500298483
305 2.36471500308523
306 2.3647150031662
307 2.36471500322194
308 2.36471500325302
309 2.36471500326382
310 2.36471500326038
311 2.36471500324873
312 2.36471500323394
313 2.36471500321964
314 2.36471500320798
315 2.36471500319986
316 2.36471500319525
317 2.36471500319355
318 2.36471500319393
319 2.36471500319551
320 2.36471500319759
321 2.36471500319962
322 2.3647150032013
323 2.36471500320248
324 2.36471500320316
325 2.36471500320343
326 2.36471500320339
327 2.36471500320318
328 2.36471500320289
329 2.3647150032026
330 2.36471500320236
331 2.36471500320219
332 2.36471500320209
333 2.36471500320205
334 2.36471500320206
335 2.36471500320208
336 2.36471500320212
337 2.36471500320216
338 2.3647150032022
339 2.36471500320222
340 2.36471500320223
341 2.36471500320224
342 2.36471500320224
343 2.36471500320224
344 2.36471500320223
345 2.36471500320222
346 2.36471500320221
347 2.36471500320221
348 2.36471500320221
349 2.36471500320221
350 2.36471500320221
351 2.36471500320222
352 2.36471500320222
353 2.36471500320223
354 2.36471500320223
355 2.36471500320223
356 2.36471500320223
357 2.36471500320222
358 2.36471500320222
359 2.36471500320222
360 2.36471500320222
361 2.36471500320221
362 2.36471500320221
363 2.36471500320221
364 2.36471500320221
365 2.36471500320221
366 2.36471500320221
367 2.36471500320221
368 2.36471500320221
369 2.36471500320221
370 2.36471439508313
371 2.36471271265942
372 2.36471002304319
373 2.36470755055727
374 2.36470716236012
375 2.36471074650733
376 2.36471976635457
377 2.36473491764674
378 2.36475585237997
379 2.36478099578607
380 2.36480756160684
381 2.36483195621205
382 2.36485084345193
383 2.36486233076629
384 2.36486667911088
385 2.36486573297519
386 2.36486169949631
387 2.3648562580692
388 2.36485017910296
389 2.36484335260444
390 2.36483508529766
391 2.36481371625679
392 2.36477565232854
393 2.36472254965182
394 2.36466775094114
395 2.36462185716951
396 2.36459010534171
397 2.36457376327758
398 2.36457130809925
399 2.36457951539495
400 2.11457951539495
401 1.86457951539495
402 1.61457951539495
403 1.36457951539495
404 1.2
405 1.2
406 1.2
407 1.2
408 1.2
409 1.2
410 1.2
411 1.2
412 1.2
413 1.2
414 1.2
415 1.2
416 1.2
417 1.2
418 1.2
419 1.2
420 1.2
421 1.2
422 1.25380460458868
423 1.39434078932038
424 1.54768571991862
425 1.67309565001932
426 1.75424688555771
427 1.79088953780511
428 1.79171399652268
429 1.76888361472774
430 1.73433708030451
431 1.69769349648429
432 1.66543090207876
433 1.64094890153556
434 1.62514430069052
435 1.61719543298334
436 1.6153386453216
437 1.61750798318628
438 1.62178296338348
439 1.62664308728661
440 1.63106062127681
441 1.6344779712183
442 1.63671733260483
443 1.63786321873377
444 1.63814739760683
445 1.63785407722484
446 1.63725303693726
447 1.63656088473965
448 1.63592595522886
449 1.63543022132449
450 1.63510135752184
451 1.63492907021794
452 1.63488137564025
453 1.63491817632897
454 1.63500094898159
455 1.63509845056048
456 1.63518903809972
457 1.63526052378416
458 1.63530853654004
459 1.63533423275211
460 1.63534198144931
461 1.63533741307515
462 1.63532601178377
463 1.6353122729588
464 1.63529934669047
465 1.63528903879033
466 1.63528203170912
467 1.63527820460607
468 1.63527696199677
469 1.63527751382477
470 1.63527907973711
471 1.63528101323071
472 1.63528285613315
473 1.63528434127489
474 1.63528536283425
475 1.63528593164374
476 1.63528612856395
477 1.63528606430844
478 1.63528584982317
479 1.6352855780162
480 1.63528531546789
481 1.63528510164269
482 1.63528495284749
483 1.635284868463
484 1.63528483755292
485 1.6352848446228
486 1.63528487391162
487 1.63528491207708
488 1.63528494945207
489 1.63528498021582
490 1.63528500186888
491 1.63528501436581
492 1.63528501917904
493 1.63528501847404
494 1.63528501448798
495 1.63528500913555
496 1.63528500381921
497 1.63528499939628
498 1.63528499624805
499 1.63528499440033
500 1.6352849936559
501 1.63528499371255
502 1.63528499425301
503 1.63528499500269
504 1.63528499575831
505 1.63528499639375
506 1.6352849968511
507 1.63528499712387
508 1.63528499723833
509 1.6352849972366
510 1.63528499716362
511 1.63528499705875
512 1.63528499695144
513 1.63528499686021
514 1.63528499679383
515 1.63528499675361
516 1.6352849967361
517 1.63528499673543
518 1.63528499674523
519 1.63528499675988
520 1.6352849967751
521 1.63528499678819
522 1.63528499679782
523 1.63528499680374
524 1.63528499680641
525 1.63528499680664
526 1.63528499680533
527 1.63528499680329
528 1.63528499680113
529 1.63528499679925
530 1.63528499679786
531 1.63528499679699
532 1.63528499679658
533 1.63528499679653
534 1.6352849967967
535 1.63528499679698
536 1.63528499679729
537 1.63528499679756
538 1.63528499679776
539 1.63528499679937
540 1.63528499680614
541 1.63528499682237
542 1.63528499684735
543 1.63528499686885
544 1.63528499686001
545 1.63528499678292
546 1.63528499659988
547 1.63528499629154
548 1.63528499587863
549 1.63528499544202
550 1.63528499513343
551 1.63528499516689
552 1.63528499578437
553 1.63528499719836
554 1.63528499952681
555 1.63528500274211
556 1.63528500665185
557 1.63528501091914
558 1.63528501511903
559 1.63528501881813
560 1.63528502171027
561 1.63528502368364
562 1.63528502479205
563 1.63528502510991
564 1.63528502458629
565 1.63528502297526
566 1.63528501986293
567 1.63528501478068
568 1.63528500737628
569 1.63528560575865
570 1.63528727656548
571 1.63528995363134
572 1.63529290044881
573 1.63529453805425
574 1.63529245943746
575 1.63528431413523
576 1.63526845693121
577 1.63524443655473
578 1.63521333868932
579 1.63517790530942
580 1.635142240898
581 1.63511079997645
582 1.63508712022533
583 1.63507302082414
584 1.63506829071409
585 1.63507099765187
586 1.63507838371277
587 1.63508777121504
588 1.63509705394832
589 1.63510487343196
590 1.63512140108385
591 1.63514947509818
592 1.6351875621091
593 1.63523232604233
594 1.63527673650773
595 1.63531028506528
596 1.63533042506351
597 1.63533944994124
598 1.63534185839874
599 1.63534234791854
600 1.63534447026986
601 1.63534991914327
602 1.63535841003998
603 1.63536814813777
604 1.63537675497745
605 1.63538222021996
606 1.63538348448604
607 1.63538057911869
608 1.63537442259598
609 1.63536643642747
610 1.63535813449081
611 1.63535079403248
612 1.63534293328744
613 1.6353305024165
614 1.63531214116272
615 1.63528982570875
616 1.63526748205612
617 1.63524919232674
618 1.63523784485321
619 1.63523451635687
620 1.63523852496875
621 1.63524792518378
622 1.6352601814263
623 1.63527280348291
624 1.63528380898718
625 1.63529196197921
626 1.6352968024245
627 1.63529852149819
628 1.63529775215904
629 1.63529533988049
630 1.6352921421059
631 1.63528888438097
632 1.63528608177462
633 1.6352840194925
634 1.63528277779262
635 1.63528228311904
636 1.63528236850568
637 1.6352828301129
638 1.63528347165907
639 1.63528413325166
640 1.6352847049119
641 1.63528512757505
642 1.63528538553209
643 1.63528549439308
644 1.63528548803598
645 1.63528540701185
646 1.63528528980388
647 1.63528516739466
648 1.63528506089753
649 1.63528498158829
650 1.63528493250788
651 1.63528491083491
652 1.63528491037752
653 1.63528492373989
654 1.63528494392616
655 1.63528496531872
656 1.63528498409171
657 1.6352849981911
658 1.6352850070369
659 1.63528501109374
660 1.63528501142549
661 1.63528500931166
662 1.63528500596541
663 1.63528500236281
664 1.63528499917102
665 1.63528499675199
666 1.63528499521379
667 1.63528499448454
668 1.63528499438866
669 1.63528499471243
670 1.63528499525208
671 1.63528499584295
672 1.63528499637181
673 1.63528499677642
674 1.63528499703709
675 1.63528499716442
676 1.63528499718654
677 1.63528499713827
678 1.63528499705304
679 1.63528499695804
680 1.63528499687209
681 1.6352849968057
682 1.63528499676238
683 1.63528499674063
684 1.63528499673605
685 1.63528499674308
686 1.63528499675631
687 1.63528499677135
688 1.63528499678511
689 1.63528499679584
690 1.63528499680293
691 1.63528499680658
692 1.63528499680747
693 1.63528499680647
694 1.63528499680444
695 1.63528499680209
696 1.63528499679991
697 1.6352849967982
698 1.63528499679705
699 1.63528499679645
700 1.63528499679629
701 1.63528499679643
702 1.63528499679673
703 1.6352849967971
704 1.63528499679744
705 1.63528499679771
706 1.63528499679789
707 1.63528499679799
708 1.63528499679802
709 1.635284996798
710 1.63528499679795
711 1.6352849967979
712 1.63528499679784
713 1.6352849967978
714 1.63528499679777
715 1.63528499679775
716 1.63528499679775
717 1.63528499679776
718 1.63528499679777
719 1.63528499679779
720 1.6352849967978
721 1.63528499679779
722 1.63528499679777
723 1.63528499679773
724 1.63528499679766
725 1.63528499679758
726 1.6352849967975
727 1.63528499679744
728 1.63528499679744
729 1.63528499679753
730 1.63528499679775
731 1.63528499679811
732 1.63528499679861
733 1.63528499679923
734 1.63528499679994
735 1.63528499680068
736 1.6352849968014
737 1.63528499680206
738 1.63528499680114
739 1.63528499679484
740 1.63528499677884
741 1.63528499675263
742 1.6352849967256
743 1.6352849967226
744 1.6352849967842
745 1.6352849969581
746 1.63528499728085
747 1.63528499775206
748 1.63528499830672
749 1.63528499879429
750 1.6352849989765
751 1.63528499855371
752 1.63528499722063
753 1.63528499474175
754 1.63528499102759
755 1.63528498618895
756 1.63528498054939
757 1.63528497460854
758 1.63528496896123
759 1.63528496413752
760 1.63528496049138
761 1.63528495817438
762 1.63528495718403
763 1.63528495747483
764 1.63528495909622
765 1.63528496225277
766 1.63528496726377
767 1.63528497443923
768 1.63528498390792
769 1.63528499544535
770 1.63528500836268
771 1.63528502153749
772 1.63528503361744
773 1.63528504333118
774 1.63528504980425
775 1.63528505277115
776 1.63528505260085
777 1.63528505013675
778 1.6352850464333
779 1.63528504248744
780 1.63528503857261
781 1.63528503436303
782 1.6352850293242
783 1.63528502305208
784 1.63528501559303
785 1.63528500766641
786 1.63528500028445
787 1.63528499427978
788 1.63528498999922
789 1.63528498724206
790 1.6352849854093
791 1.63528498377535
792 1.63528498177725
793 1.63528497922158
794 1.63528497633767
795 1.63528497366917
796 1.63528497186315
797 1.63528497144418
798 1.63528497264972
799 1.63528497536778
800 1.88528497536778
801 2.13528497536778
802 2.38528497536778
803 2.63528497536778
804 2.75993036496539
805 2.60843039280272
806 2.35843039280272
807 2.10843039280272
808 1.85843039280272
809 1.67735159014715
810 1.58516751609897
811 1.56425842145664
812 1.59153163249832
813 1.64453172267096
814 1.7050103913081
815 1.76038158841553
816 1.80365713446181
817 1.83247016840466
818 1.84770481960551
819 1.85211272447218
820 1.84915100123651
821 1.84214869124999
822 1.83381302982179
823 1.82602644015403
824 1.81985613190924
825 1.81569322796974
826 1.8134489648755
827 1.81275396011777
828 1.81312676679081
829 1.81409593547279
830 1.81527347634969
831 1.81638638099588
832 1.81727717089392
833 1.81788529590415
834 1.81821979650191
835 1.81833107025053
836 1.81828671461593
837 1.81815383816089
838 1.81798825223941
839 1.81782966919128
840 1.81770138468519
841 1.81761277229009
842 1.81756310029434
843 1.81754553695894
844 1.81755061542705
845 1.81756879825151
846 1.81759206747172
847 1.81761465433145
848 1.81763311984992
849 1.81764602262802
850 1.81765338702704
851 1.81765613562387
852 1.81765559268242
853 1.8176531127044
854 1.81764984683915
855 1.81764663242765
856 1.8176439764388
857 1.81764209941269
858 1.81764100944626
859 1.8176405825464
860 1.81764063373478
861 1.81764097080817
862 1.81764142861296
863 1.81764188570914
864 1.81764226746399
865 1.8176425402858
866 1.81764270134924
867 1.81764276722931
868 1.81764276372614
869 1.8176427180902
870 1.8176426539991
871 1.81764258905121
872 1.81764253421906
873 1.81764249459881
874 1.81764247083444
875 1.81764246072401
876 1.81764246067468
877 1.81764246682625
878 1.81764247578653
879 1.81764248500731
880 1.81764249287739
881 1.81764249862642
882 1.81764250212779
883 1.81764250367189
884 1.81764250375823
885 1.81764250293313
886 1.81764250168222
887 1.81764250037422
888 1.81764249924542
889 1.81764249841189
890 1.81764249789671
891 1.81764249766189
892 1.81764249763813
893 1.81764249774817
894 1.81764249792254
895 1.81764249810792
896 1.8176424982697
897 1.81764249839045
898 1.81764249846615
899 1.81764249850172
900 1.81764249850677
901 1.8176424984922
902 1.81764249846794
903 1.8176424984417
904 1.81764249841853
905 1.81764249840105
906 1.81764249838994
907 1.81764249838457
908 1.81764249838361
909 1.81764249838553
910 1.8176424983889
911 1.81764249839261
912 1.81764249839593
913 1.81764249839845
914 1.81764249840008
915 1.81764249840089
916 1.81764249840105
917 1.81764249840079
918 1.81764249840031
919 1.81764249839979
920 1.81764249839932
921 1.81764249839897
922 1.81764249839878
923 1.81764249839874
924 1.81764249839881
925 1.81764249839895
926 1.81764249839911
927 1.81764249839923
928 1.81764249839924
929 1.8176424983991
930 1.81764249839875
931 1.81764249839819
932 1.81764249839743
933 1.8176424983965
934 1.81764249839548
935 1.81764249839443
936 1.81764249839343
937 1.81764249839257
938 1.81764249839189
939 1.81764249839147
940 1.81764249839136
941 1.81764249839162
942 1.81764249839232
943 1.81764249839355
944 1.81764249839534
945 1.81764249839772
946 1.81764249840061
947 1.81764249840386
948 1.81764249840723
949 1.81764249841046
950 1.81764249841323
951 1.81764249841531
952 1.81764249841656
953 1.81764249841691
954 1.81764249841643
955 1.81764249841522
956 1.8176424984134
957 1.81764249841106
958 1.81764249840827
959 1.8176424984051
960 1.81764249840161
961 1.81764249839793
962 1.81764249839427
963 1.81764249839087
964 1.81764249838803
965 1.81764249838598
966 1.81764249838484
967 1.81764249838458
968 1.81764249838506
969 1.81764189026695
970 1.81764020784445
971 1.81763751822948
972 1.81763455924953
973 1.81763300841291
974 1.81763561969898
975 1.81764518103556
976 1.817663373388
977 1.81769007240326
978 1.81772282528411
979 1.81775684845016
980 1.81778575519425
981 1.81780316296379
982 1.81780457846452
983 1.81778871509123
984 1.81775807151235
985 1.81771844023182
986 1.81767723686275
987 1.81764143358949
988 1.81761603557129
989 1.81760331555323
990 1.81759199213673
991 1.81757646121737
992 1.81755456699055
993 1.81752612787873
994 1.81749742181029
995 1.81748323778144
996 1.81749187065135
997 1.81752235592059
998 1.81756915137837
999 1.81762241574638
1000 1.81767127052996
1001 1.81770740223005
1002 1.81772669540473
1003 1.81772923935478
1004 1.81771829631726
1005 1.81769883525736
1006 1.81767611189895
1007 1.81765459401812
1008 1.81763735217515
1009 1.81762589647311
1010 1.81762035400563
1011 1.81761984740786
1012 1.81762294066704
1013 1.81762804869718
1014 1.81763374747261
1015 1.81763896042189
1016 1.81764302729269
1017 1.81764568089887
1018 1.81764696531703
1019 1.81764712846166
1020 1.81764651564429
1021 1.81764548178792
1022 1.81764433091502
1023 1.81764328400647
1024 1.81764247114579
1025 1.81764194113115
1026 1.81764168109564
1027 1.81764163952124
1028 1.81764174771021
1029 1.81764193671492
1030 1.81764214850562
1031 1.81764234152703
1032 1.81764249166931
1033 1.81764259007975
1034 1.81764263926747
1035 1.81764264872905
1036 1.8176426309738
1037 1.81764259845527
1038 1.81764256158981
1039 1.81764252780184
1040 1.81764250138917
1041 1.8176424839407
1042 1.81764247504328
1043 1.81764247306074
1044 1.81764247583305
1045 1.81764248121086
1046 1.81764248739738
1047 1.8176424931112
1048 1.81764249760749
1049 1.81764250060508
1050 1.81764250216484
1051 1.81764250255666
1052 1.81764250214053
1053 1.81764250127607
1054 1.81764250026467
1055 1.81764249932209
1056 1.81764249857468
1057 1.81764249807147
1058 1.81764249780437
1059 1.81764249773023
1060 1.81764249779056
1061 1.81764249792655
1062 1.81764249808866
1063 1.81764249824127
1064 1.81764249836328
1065 1.81764249844627
1066 1.81764249849118
1067 1.81764249850475
1068 1.81764249849629
1069 1.81764249847527
1070 1.81764249844969
1071 1.81764249842534
1072 1.8176424984057
1073 1.8176424983922
1074 1.81764249838476
1075 1.81764249838234
1076 1.81764249838349
1077 1.81764249838669
1078 1.81764249839068
1079 1.81764249839452
1080 1.81764249839764
1081 1.81764249839981
1082 1.81764249840103
1083 1.81764249840145
1084 1.8176424984013
1085 1.81764249840082
1086 1.81764249840021
1087 1.81764249839961
1088 1.81764249839911
1089 1.81764249839877
1090 1.81764249839857
1091 1.8176424983985
1092 1.81764249839852
1093 1.81764249839859
1094 1.81764249839868
1095 1.81764249839878
1096 1.81764249839886
1097 1.81764249839891
1098 1.81764249839894
1099 1.81764249839896
1100 1.81764249839895
1101 1.81764249839894
1102 1.81764249839893
1103 1.81764249839891
1104 1.8176424983989
1105 1.81764249839889
1106 1.81764249839888
1107 1.81764249839888
1108 1.81764249839888
1109 1.81764249839888
1110 1.81764249839889
1111 1.81764249839889
1112 1.81764249839889
1113 1.81764249839889
1114 1.8176424983989
1115 1.8176424983989
1116 1.81764249839889
1117 1.81764249839889
1118 1.81764249839889
1119 1.81764249839889
1120 1.81764249839889
1121 1.81764249839889
1122 1.81764249839889
1123 1.8176424983989
1124 1.8176424983989
1125 1.8176424983989
1126 1.8176424983989
1127 1.8176424983989
1128 1.8176424983989
1129 1.8176424983989
1130 1.8176424983989
1131 1.8176424983989
1132 1.8176424983989
1133 1.8176424983989
1134 1.8176424983989
1135 1.8176424983989
1136 1.8176424983989
1137 1.8176424983989
1138 1.81764249840038
1139 1.81764249840708
1140 1.8176424984233
1141 1.81764249844949
1142 1.81764249847594
1143 1.81764249847647
1144 1.81764249840749
1145 1.81764249821778
1146 1.81764249787036
1147 1.81764249737356
1148 1.81764249681363
1149 1.81764249637679
1150 1.81764249634528
1151 1.81764249705606
1152 1.81764249882186
1153 1.81764250182875
1154 1.8176425060368
1155 1.8176425111181
1156 1.81764251646159
1157 1.81764252125661
1158 1.81764252464388
1159 1.81764252595408
1160 1.81764252488503
1161 1.81764252156057
1162 1.81764251646636
1163 1.81764251026304
1164 1.81764250351674
1165 1.81764249650205
1166 1.81764248917037
1167 1.81764248127964
1168 1.81764247264919
1169 1.81764246345454
1170 1.81764245444318
1171 1.81764244694219
1172 1.81764244260136
1173 1.81764244294001
1174 1.81764244883346
1175 1.81764246011478
1176 1.81764247546227
1177 1.81764249263758
1178 1.81764250898841
1179 1.8176425220501
1180 1.81764253053919
1181 1.81764253446413
1182 1.81764253481422
1183 1.81764253310606
1184 1.81764253071412
1185 1.81764252812379
1186 1.81764252495365
1187 1.81764252049352
1188 1.81764251421127
1189 1.81764250614861
1190 1.81764249704854
1191 1.81764248816794
1192 1.81764248089773
1193 1.8176424763612
1194 1.81764247512819
1195 1.81764247711279
1196 1.81764248165131
1197 1.817642487707
1198 1.81764249412697
1199 1.81764249988032
1200 1.81764250422778
