1 2
2 2
3 2
4 2
5 2
6 2
7 2
8 2
9 2
10 2
11 2
12 2
13 2
14 2
15 2
16 2
17 2
18 2
19 2
20 2
21 2
22 2
23 2
24 2
25 2
26 2
27 2
28 2
29 2
30 2
31 2
32 2
33 2
34 2
35 2
36 2
37 2
38 2
39 2
40 2
41 2
42 2
43 2
44 2
45 2
46 2
47 2
48 2
49 2
50 2
51 2
52 2
53 2
54 2
55 2
56 2
57 2
58 2
59 2
60 2
61 2
62 2
63 2
64 2
65 2
66 2
67 2
68 2
69 2
70 2
71 2
72 2
73 2
74 2
75 2
76 2
77 2
78 2
79 2
80 2
81 2
82 2
83 2
84 2
85 2
86 2
87 2
88 2
89 2
90 2
91 2
92 2
93 2
94 2
95 2
96 2
97 2
98 2
99 2
100 2
101 2
102 2
103 2
104 2
105 2
106 2
107 2
108 2
109 2
110 2
111 2
112 2
113 2
114 2
115 2
116 2
117 2
118 2
119 2
120 2
121 2
122 2
123 2
124 2
125 2
126 2
127 2
128 2
129 2
130 2
131 2
132 2
133 2
134 2
135 2
136 2
137 2
138 2
139 2
140 2
141 2
142 2
143 2
144 2
145 2
146 2
147 2
148 2
149 2
150 2
151 2
152 2
153 2
154 2
155 2
156 2
157 2
158 2
159 2
160 2
161 2
162 2
163 2
164 2
165 2
166 2
167 2
168 2
169 2
170 2
171 2
172 2
173 2
174 2
175 2
176 2
177 2
178 2
179 2
180 2
181 2
182 2
183 2
184 2
185 2
186 2
187 2
188 2
189 2
190 2
191 2
192 2
193 2
194 2
195 2
196 2
197 2
198 2
199 2
200 2
201 2.25
202 2.5
203 2.75
204 2.8
205 2.8
206 2.8
207 2.8
208 2.8
209 2.8
210 2.8
211 2.8
212 2.8
213 2.8
214 2.8
215 2.73279452374547
216 2.56551607799699
217 2.39542704898062
218 2.27030695069994
219 2.20377259863642
220 2.18915787849809
221 2.21057713710414
222 2.25061466423891
223 2.29479248105807
224 2.33342698848365
225 2.36167781559984
226 2.37857469238159
227 2.38566053323293
228 2.38568750519378
229 2.38160529027736
230 2.37592153581283
231 2.37040730279035
232 2.36606365122817
233 2.36324899515228
234 2.36187686640838
235 2.3616172205311
236 2.36206121269325
237 2.36283288762895
238 2.36364825608875
239 2.36433215230861
240 2.36480709619264
241 2.36506789448499
242 2.36515278328423
243 2.36511811302474
244 2.36501999795158
245 2.36490359309287
246 2.36479891566992
247 2.36472131270675
248 2.36467456467985
249 2.36465493723995
250 2.36465500772454
251 2.3646666214987
252 2.36468276755184
253 2.36469845826235
254 2.36471085522759
255 2.36471892850303
256 2.36472290783199
257 2.36472371769563
258 2.36472251184787
259 2.36472035600401
260 2.36471805865812
261 2.36471612144117
262 2.36471476918845
263 2.36471402097222
264 2.36471377146643
265 2.36471386267846
266 2.36471413619262
267 2.36471446390259
268 2.36471476019532
269 2.36471498090255
270 2.36471511469115
271 2.3647151716782
272 2.36471517261392
273 2.36471514048428
274 2.36471509515311
275 2.36471505082084
276 2.36471501562607
277 2.36471499258109
278 2.36471498110954
279 2.36471497864083
280 2.36471498193022
281 2.36471498796334
282 2.36471499444242
283 2.36471499993337
284 2.36471500378541
285 2.36471500593287
286 2.36471500666605
287 2.36471500642804
288 2.36471500566616
289 2.36471500474389
290 2.36471500390542
291 2.36471500327786
292 2.36471500289508
293 2.36471500272976
294 2.3647150027239
295 2.36471500281272
296 2.36471500293995
297 2.36471500306519
298 2.36471500316509
299 2.36471500323086
300 2.36471500326392
301 2.36471500327141
302 2.36471500326246
303 2.36471500324558
304 2.36471500322731
305 2.36471500321175
306 2.36471500320078
307 2.36471500319462
308 2.36471500319247
309 2.36471500319309
310 2.36471500319522
311 2.36471500319782
312 2.3647150032002
313 2.36471500320198
314 2.36471500320308
315 2.36471500320356
316 2.36471500320358
317 2.36471500320333
318 2.36471500320297
319 2.36471500320261
320 2.36471500320232
321 2.36471500320213
322 2.36471500320203
323 2.36471500320201
324 2.36471500320203
325 2.36471500320208
326 2.36471500320213
327 2.36471500320218
328 2.36471500320221
329 2.36471500320223
330 2.36471500320224
331 2.36471500320225
332 2.36471500320224
333 2.36471500320224
334 2.36471500320223
335 2.36471500320222
336 2.36471500320222
337 2.36471500320222
338 2.36471500320221
339 2.36471500320221
340 2.36471500320221
341 2.36471500320221
342 2.36471500320221
343 2.36471500320221
344 2.36471500320221
345 2.36471500320221
346 2.36471500320221
347 2.36471500320221
348 2.36471500320221
349 2.36471500320221
350 2.36471500320221
351 2.36471500320221
352 2.36471500320221
353 2.36471500320221
354 2.36471500320222
355 2.36471500320222
356 2.36471500320222
357 2.36471500320221
358 2.36471500320221
359 2.36471500320221
360 2.36471500320221
361 2.36471500320221
362 2.36471500320221
363 2.3647150032022
364 2.3647150032022
365 2.3647150032022
366 2.3647150032022
367 2.3647150032022
368 2.36471492982902
369 2.36471453546597
370 2.36471348408249
371 2.36471159001782
372 2.3647091214977
373 2.36470693837169
374 2.36470645035848
375 2.36470942043169
376 2.36471761913991
377 2.36473234082865
378 2.36475383208919
379 2.36478076053248
380 2.36480996451731
381 2.36483685910326
382 2.36485702927951
383 2.36486814102333
384 2.36487069305626
385 2.3648672449554
386 2.36486083391139
387 2.36485381595005
388 2.36484732397202
389 2.36484122115371
390 2.36483441195292
391 2.36481183644155
392 2.36476951357726
393 2.36471012346595
394 2.36465069658525
395 2.36460364037144
396 2.36457419514686
397 2.36456281088063
398 2.36456673865502
399 2.36458140658726
400 2.11458140658726
401 1.86458140658726
402 1.61458140658726
403 1.36458140658726
404 1.2
405 1.2
406 1.2
407 1.2
408 1.2
409 1.2
410 1.2
411 1.2
412 1.2
413 1.2
414 1.2
415 1.2
416 1.2
417 1.2
418 1.2
419 1.2
420 1.2
421 1.2
422 1.21145366322679
423 1.37066817228352
424 1.55645192403872
425 1.70480422114592
426 1.79254018463659
427 1.82192367594011
428 1.80797729321226
429 1.7692975212171
430 1.72239813559967
431 1.67903951360702
432 1.64572254033208
433 1.62449027571398
434 1.61430729055639
435 1.61249143174002
436 1.61588823770469
437 1.62166086023924
438 1.6276979626832
439 1.63271642708424
440 1.63616380629077
441 1.63802129220135
442 1.63858584945367
443 1.63828187365001
444 1.63752633955565
445 1.63665124901939
446 1.63587460029843
447 1.63530539208
448 1.63496761127556
449 1.63483072030196
450 1.63483807028219
451 1.63492861287692
452 1.63505049017558
453 1.63516723680294
454 1.63525845056388
455 1.635317088019
456 1.63534530134571
457 1.63535022228048
458 1.63534052818196
459 1.63532412929568
460 1.63530695990391
461 1.63529265027988
462 1.63528277867148
463 1.63527741497135
464 1.63527573064281
465 1.63527652986384
466 1.63527863199438
467 1.63528109303938
468 1.63528328993252
469 1.6352849080797
470 1.63528587454837
471 1.63528627225517
472 1.63528625955795
473 1.63528600852893
474 1.63528566609458
475 1.63528533608717
476 1.63528507702722
477 1.6352849095629
478 1.63528482814002
479 1.63528481290304
480 1.63528483943595
481 1.63528488535688
482 1.63528493379471
483 1.63528497436578
484 1.63528500249553
485 1.63528501789998
486 1.63528502286715
487 1.6352850207527
488 1.6352850148914
489 1.63528500796245
490 1.63528500174368
491 1.63528499714113
492 1.63528499437462
493 1.63528499321895
494 1.63528499323127
495 1.63528499392646
496 1.63528499488819
497 1.63528499582079
498 1.6352849965564
499 1.63528499703454
500 1.63528499726939
501 1.63528499731621
502 1.63528499724368
503 1.63528499711512
504 1.63528499697849
505 1.63528499686348
506 1.63528499678333
507 1.6352849967391
508 1.63528499672448
509 1.63528499673004
510 1.63528499674637
511 1.63528499676587
512 1.63528499678347
513 1.63528499679655
514 1.63528499680447
515 1.63528499680783
516 1.63528499680786
517 1.63528499680593
518 1.63528499680323
519 1.63528499680059
520 1.6352849967985
521 1.63528499679714
522 1.63528499679646
523 1.63528499679632
524 1.63528499679652
525 1.63528499679688
526 1.63528499679727
527 1.63528499679759
528 1.63528499679782
529 1.63528499679794
530 1.63528499679798
531 1.63528499679796
532 1.63528499679791
533 1.63528499679786
534 1.63528499679781
535 1.6352849967978
536 1.63528499679799
537 1.63528499679899
538 1.6352849968022
539 1.63528499680979
540 1.6352849968238
541 1.63528499684386
542 1.63528499686386
543 1.63528499686839
544 1.63528499683088
545 1.63528499671554
546 1.63528499648569
547 1.63528499611962
548 1.63528499563303
549 1.63528499510306
550 1.63528499468422
551 1.63528499460478
552 1.63528499513556
553 1.63528499653207
554 1.63528499896146
555 1.63528500243359
556 1.63528500675869
557 1.63528501155003
558 1.63528501628821
559 1.63528502044436
560 1.63528502361678
561 1.63528502561915
562 1.6352850264722
563 1.63528502630096
564 1.6352850251811
565 1.63528502300015
566 1.63528501939914
567 1.63528508721743
568 1.63528547356779
569 1.63528651428884
570 1.63528845414117
571 1.63529121374921
572 1.63529412047081
573 1.63529575136643
574 1.63529404469803
575 1.6352866442142
576 1.63527145066945
577 1.63524732843136
578 1.63521484072435
579 1.63517676307139
580 1.63513796020406
581 1.63510402867926
582 1.63507944126248
583 1.63506638109297
584 1.63506428028925
585 1.6350702880776
586 1.63508063795848
587 1.63509197277301
588 1.63510195183294
589 1.63510935429677
590 1.6351273918708
591 1.63515894267118
592 1.63520135734689
593 1.63524999552622
594 1.63529589330693
595 1.63532638624469
596 1.63533978813715
597 1.63534056935869
598 1.63533557134974
599 1.63533131680601
600 1.63533231859191
601 1.63534023592468
602 1.63535377432453
603 1.63536934942697
604 1.63538262472017
605 1.63539026643036
606 1.63539091552272
607 1.63538523225129
608 1.63537529293943
609 1.6353637346195
610 1.63535297790987
611 1.63534471874889
612 1.63533911857814
613 1.63532799464163
614 1.63530780969842
615 1.63528143637655
616 1.63525527351525
617 1.63523565672464
618 1.63522643650071
619 1.63522818673061
620 1.63523871924366
621 1.63525428635069
622 1.6352708828988
623 1.63528524979407
624 1.63529540727284
625 1.6353007316476
626 1.63530170136263
627 1.63529947700748
628 1.63529546394711
629 1.63529096010713
630 1.63528693753937
631 1.63528396027741
632 1.63528221049714
633 1.63528158138632
634 1.63528179533898
635 1.63528251509749
636 1.63528342814414
637 1.63528429695796
638 1.635284977223
639 1.63528541174431
640 1.63528560989356
641 1.63528562174917
642 1.63528551384008
643 1.63528535058807
644 1.63528518294194
645 1.63528504375219
646 1.63528494829279
647 1.63528489792739
648 1.63528488505151
649 1.6352848978902
650 1.63528492428842
651 1.63528495414803
652 1.63528498055532
653 1.63528499987797
654 1.63528501120285
655 1.63528501547172
656 1.63528501459448
657 1.63528501071741
658 1.63528500572673
659 1.6352850009918
660 1.63528499730515
661 1.63528499495502
662 1.63528499386565
663 1.63528499375252
664 1.63528499425708
665 1.63528499504348
666 1.6352849958533
667 1.63528499652445
668 1.63528499698434
669 1.63528499722872
670 1.63528499729583
671 1.63528499724248
672 1.63528499712606
673 1.63528499699338
674 1.63528499687596
675 1.63528499679002
676 1.63528499673945
677 1.63528499671988
678 1.6352849967228
679 1.63528499673876
680 1.6352849967596
681 1.63528499677942
682 1.63528499679488
683 1.63528499680476
684 1.6352849968094
685 1.63528499681
686 1.63528499680804
687 1.63528499680491
688 1.63528499680168
689 1.63528499679899
690 1.63528499679715
691 1.63528499679616
692 1.63528499679588
693 1.63528499679607
694 1.63528499679651
695 1.63528499679702
696 1.63528499679747
697 1.6352849967978
698 1.635284996798
699 1.63528499679808
700 1.63528499679807
701 1.63528499679801
702 1.63528499679794
703 1.63528499679786
704 1.63528499679781
705 1.63528499679777
706 1.63528499679775
707 1.63528499679775
708 1.63528499679776
709 1.63528499679776
710 1.63528499679777
711 1.63528499679778
712 1.63528499679779
713 1.63528499679779
714 1.6352849967978
715 1.6352849967978
716 1.6352849967978
717 1.63528499679781
718 1.63528499679781
719 1.63528499679781
720 1.63528499679781
721 1.6352849967978
722 1.63528499679776
723 1.6352849967977
724 1.63528499679762
725 1.63528499679751
726 1.6352849967974
727 1.63528499679731
728 1.63528499679728
729 1.63528499679736
730 1.63528499679757
731 1.63528499679796
732 1.63528499679852
733 1.63528499679924
734 1.63528499680006
735 1.63528499680073
736 1.63528499680058
737 1.63528499679812
738 1.63528499679098
739 1.63528499677663
740 1.63528499675446
741 1.63528499672926
742 1.6352849967156
743 1.63528499674114
744 1.63528499684657
745 1.63528499707884
746 1.63528499747554
747 1.63528499804002
748 1.63528499871139
749 1.63528499933878
750 1.63528499967257
751 1.63528499938448
752 1.63528499812155
753 1.63528499558862
754 1.63528499164181
755 1.63528498636724
756 1.63528498011744
757 1.63528497347774
758 1.6352849671532
759 1.63528496181324
760 1.63528495794722
761 1.63528495578365
762 1.63528495531105
763 1.63528495639539
764 1.63528495893971
765 1.63528496301386
766 1.63528496888884
767 1.63528497693826
768 1.63528498741351
769 1.63528500015295
770 1.63528501434512
771 1.63528502852717
772 1.63528504089847
773 1.63528504982678
774 1.63528505435534
775 1.63528505450994
776 1.63528505125897
777 1.63528504615312
778 1.63528504082796
779 1.63528503656302
780 1.63528503329617
781 1.63528503004505
782 1.63528502566574
783 1.63528501942446
784 1.63528501146639
785 1.63528500305187
786 1.63528499578342
787 1.63528499078825
788 1.6352849882774
789 1.63528498755631
790 1.63528498737796
791 1.63528498646065
792 1.63528498398919
793 1.63528497993944
794 1.63528497509355
795 1.63528497072769
796 1.63528496812361
797 1.63528496811686
798 1.63528497084417
799 1.63528497574646
800 1.88528497574646
801 2.13528497574646
802 2.38528497574646
803 2.63528497574646
804 2.8
805 2.67998513132313
806 2.42998513132313
807 2.17998513132313
808 1.92998513132313
809 1.67998513132313
810 1.47900526698508
811 1.43654955539972
812 1.49107413322828
813 1.58951666684836
814 1.69329796409305
815 1.77935215036799
816 1.8379155430495
817 1.86876684483026
818 1.87724101263058
819 1.87085413999263
820 1.85692318905801
821 1.84121996300096
822 1.82748649290511
823 1.81754636304113
824 1.81174248490996
825 1.80948095311416
826 1.8097316481659
827 1.8114065585457
828 1.8135931861538
829 1.81565779133129
830 1.81725229041371
831 1.81826325678558
832 1.81873676874602
833 1.81880356977978
834 1.81861884037443
835 1.81832215537739
836 1.81801700535085
837 1.81776574460508
838 1.81759456351167
839 1.81750338230754
840 1.81747672352019
841 1.81749306112522
842 1.81753147250494
843 1.81757542479237
844 1.81761414958043
845 1.81764233754921
846 1.81765890629514
847 1.81766546208722
848 1.81766487876746
849 1.81766021949884
850 1.81765406764675
851 1.81764822676424
852 1.81764369499808
853 1.81764080543207
854 1.81763943671258
855 1.81763922427955
856 1.81763973120727
857 1.81764056239425
858 1.81764142348988
859 1.81764213603188
860 1.81764262397311
861 1.81764288602166
862 1.81764296499305
863 1.81764292132141
864 1.81764281412013
865 1.81764269032508
866 1.81764258067401
867 1.81764250047219
868 1.81764245301851
869 1.81764243393146
870 1.81764243516866
871 1.8176424480913
872 1.81764246537697
873 1.81764248188808
874 1.81764249475986
875 1.81764250301358
876 1.81764250696581
877 1.81764250763204
878 1.81764250624188
879 1.81764250391342
880 1.81764250148361
881 1.81764249946304
882 1.81764249807233
883 1.81764249731941
884 1.81764249708591
885 1.81764249720218
886 1.81764249750124
887 1.81764249784985
888 1.81764249816028
889 1.81764249838843
890 1.8176424985243
891 1.81764249857983
892 1.8176424985775
893 1.81764249854168
894 1.81764249849312
895 1.81764249844645
896 1.81764249840988
897 1.81764249838631
898 1.8176424983749
899 1.81764249837283
900 1.81764249837665
901 1.81764249838318
902 1.81764249839005
903 1.81764249839579
904 1.81764249839976
905 1.81764249840193
906 1.81764249840261
907 1.8176424984023
908 1.81764249840146
909 1.81764249840047
910 1.81764249839959
911 1.81764249839894
912 1.81764249839855
913 1.81764249839839
914 1.81764249839839
915 1.81764249839848
916 1.81764249839861
917 1.81764249839873
918 1.81764249839882
919 1.81764249839889
920 1.81764249839893
921 1.81764249839897
922 1.81764249839902
923 1.8176424983991
924 1.81764249839921
925 1.81764249839935
926 1.81764249839948
927 1.81764249839956
928 1.81764249839954
929 1.81764249839935
930 1.81764249839895
931 1.81764249839831
932 1.81764249839744
933 1.81764249839637
934 1.81764249839517
935 1.81764249839395
936 1.8176424983928
937 1.81764249839183
938 1.81764249839111
939 1.81764249839073
940 1.81764249839072
941 1.81764249839117
942 1.81764249839213
943 1.81764249839367
944 1.81764249839583
945 1.81764249839863
946 1.81764249840198
947 1.81764249840568
948 1.81764249840943
949 1.81764249841286
950 1.8176424984156
951 1.81764249841736
952 1.817642498418
953 1.81764249841754
954 1.81764249841614
955 1.81764249841405
956 1.81764249841149
957 1.81764249840864
958 1.81764249840554
959 1.81764249840219
960 1.8176424983986
961 1.81764249839487
962 1.81764249839123
963 1.81764249838805
964 1.81764249838571
965 1.81764249838448
966 1.81764249838443
967 1.81764242501218
968 1.81764203065066
969 1.81764097926882
970 1.817639026507
971 1.81763625285329
972 1.81763336784766
973 1.8176319533141
974 1.8176343625393
975 1.81764324446763
976 1.8176607985275
977 1.81768785624451
978 1.81772292591602
979 1.81776153900744
980 1.81779648255228
981 1.81781957534881
982 1.81782422251472
983 1.81780744778036
984 1.81777116658809
985 1.81772211047719
986 1.81766988943805
987 1.81762412486243
988 1.8175922143674
989 1.8175780494265
990 1.81756795543691
991 1.81755543892707
992 1.81753752204447
993 1.81751303822808
994 1.81748655623231
995 1.81747518262576
996 1.81748932006359
997 1.81752672006321
998 1.81757973396964
999 1.81763993074123
1000 1.81769788429107
1001 1.81774023243482
1002 1.81775877853658
1003 1.81775304953384
1004 1.81772884837849
1005 1.81769512244559
1006 1.81766083438547
1007 1.81763277113679
1008 1.81761457540559
1009 1.81760683981885
1010 1.81760788465382
1011 1.81761480451116
1012 1.81762445093756
1013 1.81763415016421
1014 1.81764208633977
1015 1.81764738023122
1016 1.81764995011673
1017 1.81765025852442
1018 1.81764903652767
1019 1.81764704978299
1020 1.81764493913698
1021 1.81764314161403
1022 1.81764187910396
1023 1.81764119288544
1024 1.81764100075558
1025 1.81764115740318
1026 1.81764150504087
1027 1.8176419079708
1028 1.81764227024036
1029 1.81764253917672
1030 1.81764269932614
1031 1.81764276152275
1032 1.8176427510058
1033 1.81764269722862
1034 1.81764262668638
1035 1.81764255900726
1036 1.81764250582839
1037 1.81764247162063
1038 1.81764245556626
1039 1.8176424537302
1040 1.81764246099749
1041 1.81764247249527
1042 1.81764248442441
1043 1.81764249436764
1044 1.81764250121615
1045 1.81764250487541
1046 1.81764250589123
1047 1.81764250509841
1048 1.81764250335026
1049 1.81764250134937
1050 1.81764249957278
1051 1.81764249826909
1052 1.81764249750025
1053 1.81764249720259
1054 1.81764249724794
1055 1.81764249749325
1056 1.81764249781357
1057 1.81764249811872
1058 1.81764249835681
1059 1.81764249850907
1060 1.81764249858042
1061 1.81764249858921
1062 1.81764249855845
1063 1.81764249850959
1064 1.81764249845905
1065 1.8176424984171
1066 1.8176424983883
1067 1.81764249837293
1068 1.81764249836858
1069 1.81764249837171
1070 1.81764249837876
1071 1.81764249838684
1072 1.817642498394
1073 1.81764249839924
1074 1.81764249840233
1075 1.81764249840354
1076 1.81764249840338
1077 1.81764249840244
1078 1.81764249840119
1079 1.81764249840001
1080 1.81764249839909
1081 1.81764249839849
1082 1.81764249839821
1083 1.81764249839818
1084 1.81764249839829
1085 1.81764249839847
1086 1.81764249839866
1087 1.81764249839882
1088 1.81764249839893
1089 1.81764249839899
1090 1.81764249839901
1091 1.817642498399
1092 1.81764249839897
1093 1.81764249839894
1094 1.81764249839892
1095 1.8176424983989
1096 1.81764249839888
1097 1.81764249839888
1098 1.81764249839888
1099 1.81764249839888
1100 1.81764249839888
1101 1.81764249839888
1102 1.81764249839889
1103 1.81764249839889
1104 1.8176424983989
1105 1.8176424983989
1106 1.8176424983989
1107 1.8176424983989
1108 1.8176424983989
1109 1.8176424983989
1110 1.8176424983989
1111 1.8176424983989
1112 1.8176424983989
1113 1.8176424983989
1114 1.81764249839889
1115 1.81764249839889
1116 1.81764249839889
1117 1.81764249839889
1118 1.81764249839889
1119 1.81764249839889
1120 1.8176424983989
1121 1.8176424983989
1122 1.8176424983989
1123 1.8176424983989
1124 1.8176424983989
1125 1.8176424983989
1126 1.8176424983989
1127 1.8176424983989
1128 1.8176424983989
1129 1.8176424983989
1130 1.8176424983989
1131 1.8176424983989
1132 1.8176424983989
1133 1.8176424983989
1134 1.81764249839892
1135 1.81764249839913
1136 1.81764249840014
1137 1.81764249840336
1138 1.81764249841112
1139 1.81764249842587
1140 1.81764249844811
1141 1.81764249847259
1142 1.81764249848372
1143 1.81764249845186
1144 1.81764249833382
1145 1.81764249808088
1146 1.81764249765715
1147 1.81764249706836
1148 1.8176424963961
1149 1.81764249582601
1150 1.8176424956541
1151 1.81764249625639
1152 1.81764249801464
1153 1.8176425012049
1154 1.81764250587227
1155 1.81764251172916
1156 1.81764251811764
1157 1.81764252407475
1158 1.8176425285138
1159 1.81764253047686
1160 1.81764252938503
1161 1.81764252520359
1162 1.81764251844855
1163 1.81764251001043
1164 1.81764250085393
1165 1.81764249170696
1166 1.81764248285997
1167 1.8176424741679
1168 1.81764246528856
1169 1.81764245610184
1170 1.81764244714405
1171 1.81764243979379
1172 1.81764243603973
1173 1.81764243788793
1174 1.81764244659397
1175 1.81764246199564
1176 1.81764248226145
1177 1.81764250420992
1178 1.81764252406794
1179 1.81764253839284
1180 1.81764254563042
1181 1.81764254619474
1182 1.81764254194484
1183 1.81764253546557
1184 1.81764252911659
1185 1.81764252379599
1186 1.81764251893874
1187 1.81764251345673
1188 1.81764250655148
1189 1.8176424980686
1190 1.81764248858939
1191 1.81764247953876
1192 1.81764247276686
1193 1.81764246983912
1194 1.81764247143559
1195 1.81764247711872
1196 1.81764248550831
1197 1.81764249473425
1198 1.81764250296868
1199 1.81764250886048
1200 1.81764251176776
