1 2
2 2
3 2
4 2
5 2
6 2
7 2
8 2
9 2
10 2
11 2
12 2
13 2
14 2
15 2
16 2
17 2
18 2
19 2
20 2
21 2
22 2
23 2
24 2
25 2
26 2
27 2
28 2
29 2
30 2.25
31 2.27710842105263
32 2.30447684210526
33 2.33184526315789
34 2.35921368421053
35 2.38658210526316
36 2.41395052631579
37 2.44131894736842
38 2.46868736842105
39 2.49605578947368
40 2.5223575744996
41 2.54669436622931
42 2.56917331772341
43 2.58986997135758
44 2.60883735436306
45 2.62611123959454
46 2.64171423045715
47 2.65565892959557
48 2.66795039453053
49 2.67858803848161
50 2.68757165045587
51 2.69490970116002
52 2.70062125363391
53 2.70473382261491
54 2.70728184539011
55 2.70830558266301
56 2.70785032823114
57 2.70596583900309
58 2.70270592107444
59 2.69812812539868
60 2.69229350025069
61 2.68526633181114
62 2.67711383475049
63 2.66790580305136
64 2.65771424225145
65 2.64661299626985
66 2.63467737671153
67 2.62198379910271
68 2.60860942831458
69 2.59463183407566
70 2.58012865675569
71 2.56517728350029
72 2.54985453512859
73 2.53423636457704
74 2.51839756784528
75 2.502411508403
76 2.48634985593377
77 2.47028234017227
78 2.45427652046428
79 2.43839757155838
80 2.42270808603181
81 2.40726789366012
82 2.39213389795791
83 2.37735993004079
84 2.36299661988395
85 2.34909128497872
86 2.33568783631605
87 2.32282670155451
88 2.31054476516205
89 2.29887532525505
90 2.28784806679563
91 2.27748905074988
92 2.26782071875428
93 2.25886191278659
94 2.25062790928994
95 2.24313046715554
96 2.23637788892948
97 2.23037509457352
98 2.22512370707815
99 2.22062214919799
100 2.21686575055615
101 2.21384686434402
102 2.21155499282686
103 2.20997692085352
104 2.20909685656005
105 2.20889657845217
106 2.20935558805035
107 2.21045126728362
108 2.21215903982361
109 2.21445253555938
110 2.21730375742541
111 2.22068324980978
112 2.22456026778758
113 2.22890294644426
114 2.233678469577
115 2.2388532370863
116 2.24439303039793
117 2.25026317528353
118 2.25642870147951
119 2.26285449853562
120 2.26950546735878
121 2.27634666695191
122 2.28334345588395
123 2.2904616280634
124 2.29766754242545
125 2.30492824618004
126 2.31221159130665
127 2.31948634401959
128 2.32672228696565
129 2.33389031395403
130 2.34096251705595
131 2.34791226594845
132 2.35471427941335
133 2.36134468893792
134 2.36778109439879
135 2.37400261184406
136 2.37998991342164
137 2.38572525953278
138 2.39119252332029
139 2.39637720762932
140 2.40126645460598
141 2.40584904812466
142 2.4101154092589
143 2.41405758503333
144 2.41766923071457
145 2.42094558591816
146 2.42388344482584
147 2.42648112082275
148 2.42873840587803
149 2.43065652500394
150 2.43223808613893
151 2.43348702580829
152 2.43440855092264
153 2.43500907707942
154 2.43529616373576
155 2.4352784466225
156 2.43496556776932
157 2.4343681035092
158 2.43349749082722
159 2.43236595241459
160 2.43098642078234
161 2.42937246178249
162 2.42753819787557
163 2.42549823147419
164 2.42326756868144
165 2.42086154373138
166 2.41829574442617
167 2.41558593885107
168 2.41274800363437
169 2.40979785400428
170 2.40675137587966
171 2.40362436021514
172 2.40043243980521
173 2.39719102873483
174 2.39391526464719
175 2.3906199539823
176 2.38731952032246
177 2.38402795596367
178 2.3807587768147
179 2.37752498070826
180 2.37433900919194
181 2.37121271284991
182 2.36815732018962
183 2.36518341011233
184 2.36230088797002
185 2.35951896519666
186 2.35684614248696
187 2.35429019648158
188 2.35185816990486
189 2.34955636508761
190 2.34739034079628
191 2.34536491227762
192 2.34348415441798
193 2.34175140790616
194 2.34016928827963
195 2.3387396977258
196 2.33746383950234
197 2.33634223483396
198 2.33537474213704
199 2.33456057841848
200 2.33389834269098
201 2.33338604124301
202 2.33302111459978
203 2.33280046600871
204 2.33272049128253
205 2.33277710983204
206 2.33296579672136
207 2.33328161557905
208 2.33371925220052
209 2.33427304867892
210 2.33493703790524
211 2.33570497828109
212 2.3365703884923
213 2.33752658219553
214 2.33856670247529
215 2.33968375593426
216 2.34087064628539
217 2.34212020732081
218 2.34342523513883
219 2.34477851951736
220 2.34617287432891
221 2.34760116690001
222 2.34905634622488
223 2.35053146995138
224 2.35201973006438
225 2.35351447720006
226 2.35500924353202
227 2.35649776417829
228 2.35797399708578
229 2.35943214135684
230 2.36086665398979
231 2.36227226501327
232 2.36364399100126
233 2.36497714696299
234 2.36626735660901
235 2.36751056100124
236 2.36870302560151
237 2.36984134573947
238 2.37092245052631
239 2.37194360524691
240 2.37290241226799
241 2.37379681050518
242 2.37462507349637
243 2.37538580613317
244 2.37607794010639
245 2.37670072812487
246 2.37725373697053
247 2.37773683945513
248 2.37815020534704
249 2.37849429133831
250 2.37876983012424
251 2.37897781866904
252 2.37911950573239
253 2.37919637873225
254 2.37921015001989
255 2.37916274264315
256 2.37905627567351
257 2.3788930491723
258 2.37867552887035
259 2.37840633063418
260 2.37808820479069
261 2.37772402038032
262 2.37731674940707
263 2.37686945115138
264 2.37638525660962
265 2.37586735312159
266 2.37531896924431
267 2.374743359928
268 2.37414379204668
269 2.37352353033307
270 2.37288582376393
271 2.37223389243879
272 2.37157091499158
273 2.37090001657122
274 2.37022425742358
275 2.36954662210389
276 2.36887000934496
277 2.36819722260314
278 2.36753096130025
279 2.36687381277649
280 2.36622824496564
281 2.36559659980055
282 2.36498108735375
283 2.36438378071451
284 2.36380661160087
285 2.36325136670179
286 2.36271968474192
287 2.36221305425864
288 2.36173281207827
289 2.36128014247584
290 2.36085607700066
291 2.3604614949473
292 2.36009712444995
293 2.35976354417583
294 2.35946118559191
295 2.35919033577727
296 2.35895114075238
297 2.358743609295
298 2.35856761721137
299 2.35842291203071
300 2.35830911808988
301 2.35822574197469
302 2.35817217828394
303 2.35814771568178
304 2.35815154320409
305 2.35818275678438
306 2.35824036596506
307 2.35832330076008
308 2.35843041863539
309 2.35856051157442
310 2.35871231319607
311 2.358884505894
312 2.35907572796639
313 2.35928458070672
314 2.35950963542707
315 2.3597494403866
316 2.36000252759913
317 2.36026741949515
318 2.36054263541484
319 2.36082669791021
320 2.36111813883605
321 2.36141550521057
322 2.36171736482859
323 2.36202231161152
324 2.36232897067979
325 2.36263600313539
326 2.36294211054349
327 2.36324603910379
328 2.36354658350385
329 2.36384259044834
330 2.36413296185942
331 2.36441665774534
332 2.36469269873547
333 2.36496016828183
334 2.36521821452811
335 2.36546605184898
336 2.36570296206355
337 2.36592829532797
338 2.36614147071377
339 2.36634197647914
340 2.3665293700418
341 2.36670327766281
342 2.36686339385191
343 2.3670094805054
344 2.36714136578876
345 2.36725894277656
346 2.36736216786308
347 2.36745105895747
348 2.36752569347771
349 2.36758620615821
350 2.36763278668599
351 2.3676656771808
352 2.36768516953456
353 2.36769160262574
354 2.36768535942431
355 2.36766686400274
356 2.36763657846858
357 2.36759499983395
358 2.36754265683699
359 2.36748010673016
360 2.3674079320498
361 2.36732673738123
362 2.36723714613288
363 2.36713979733288
364 2.36703534246068
365 2.36692444232604
366 2.36680776400673
367 2.36668597785629
368 2.36655975459178
369 2.3664297624716
370 2.36629666457209
371 2.36616111617135
372 2.36602376224793
373 2.36588523510111
374 2.36574615209907
375 2.36560711356032
376 2.36546870077304
377 2.36533147415639
378 2.36519597156699
379 2.36506270675307
380 2.36493216795826
381 2.36480481667598
382 2.36468108655517
383 2.36456138245691
384 2.36444607966145
385 2.36433552322397
386 2.3642300274773
387 2.36412987567899
388 2.3640353197997
389 2.36394658044929
390 2.36386384693672
391 2.36378727745926
392 2.36371699941606
393 2.36365310984104
394 2.36359567594935
395 2.36354473579175
396 2.36350029901059
397 2.36346234769114
398 2.36343083730168
399 2.36340569771564
400 2.11340569771564
401 2.0591761504268
402 2.00443262129969
403 1.94969494944846
404 1.8949629544907
405 1.84023643791545
406 1.78551518448415
407 1.73079896365774
408 1.67608753104309
409 1.62138062985207
410 1.56774454791198
411 1.51619296552641
412 1.46682010714847
413 1.41971912700799
414 1.37497885111314
415 1.33268393670993
416 1.29291503390917
417 1.25574894907813
418 1.22125880777302
419 1.2
420 1.2
421 1.2
422 1.2
423 1.2
424 1.2
425 1.2
426 1.2
427 1.2
428 1.2
429 1.2
430 1.2
431 1.20116102924663
432 1.20426929508375
433 1.20913990613758
434 1.21561682260536
435 1.22356706685583
436 1.23287618499358
437 1.24344468426836
438 1.25518523195704
439 1.2680204486678
440 1.2818811658808
441 1.29670009267525
442 1.31240373038439
443 1.32891126005461
444 1.34613719361782
445 1.36399331305504
446 1.3823900855041
447 1.40123769071547
448 1.42044676236279
449 1.43992891860116
450 1.45959713775685
451 1.47936604161654
452 1.49915216214629
453 1.51887423087593
454 1.53845348040707
455 1.55781393795208
456 1.5768826992516
457 1.59559017677139
458 1.61387031966927
459 1.63166080526703
460 1.6489032031001
461 1.66554311326216
462 1.68153028075579
463 1.6968186871204
464 1.71136662015944
465 1.7251367223603
466 1.73809601854983
467 1.75021592336797
468 1.7614722292175
469 1.77184507542932
470 1.78131889945487
471 1.78988237095267
472 1.79752830967572
473 1.80425358809403
474 1.81005901970726
475 1.81494923402007
476 1.81893253916827
477 1.82202077319687
478 1.82422914500168
479 1.82557606595351
480 1.82608297322735
481 1.82577414585875
482 1.82467651454534
483 1.82281946620305
484 1.82023464427495
485 1.81695574577495
486 1.81301831603001
487 1.80845954206213
488 1.80331804552668
489 1.79763367609534
490 1.79144730614136
491 1.78480062755186
492 1.77773595145609
493 1.77029601162128
494 1.76252377222805
495 1.75446224069636
496 1.74615428619019
497 1.73764246438553
498 1.72896884904116
499 1.72017487086604
500 1.71130116413109
501 1.70238742142601
502 1.69347225691536
503 1.68459307840091
504 1.67578596845085
505 1.66708557480995
506 1.65852501025932
507 1.65013576204915
508 1.641947610984
509 1.63398856019711
510 1.62628477360833
511 1.61886052401993
512 1.61173815076554
513 1.60493802678992
514 1.59847853500187
515 1.59237605370819
516 1.58664495090501
517 1.58129758717242
518 1.57634432689033
519 1.57179355746736
520 1.56765171625084
521 1.56392332476403
522 1.56061102989712
523 1.55771565166119
524 1.55523623709902
525 1.55317011993358
526 1.55151298552417
527 1.55025894069138
528 1.54940058796549
529 1.54892910380822
530 1.54883432035548
531 1.5491048102278
532 1.54972797395703
533 1.55069012958046
534 1.55197660395926
535 1.55357182538403
536 1.55545941703928
537 1.557622290908
538 1.5600427417091
539 1.56270254047292
540 1.56558302737404
541 1.56866520345579
542 1.57192982089663
543 1.57535747148605
544 1.57892867299535
545 1.58262395314748
546 1.58642393090923
547 1.59030939484942
548 1.59426137832653
549 1.59826123129037
550 1.60229068850314
551 1.60633193400629
552 1.610367661681
553 1.61438113177093
554 1.6183562232573
555 1.62227748199683
556 1.62613016455392
557 1.62990027767848
558 1.6335746134007
559 1.63714077973318
560 1.64058722698973
561 1.6439032697481
562 1.64707910450132
563 1.65010582305906
564 1.65297542177615
565 1.65568080670073
566 1.65821579474836
567 1.6605751110221
568 1.66275438241057
569 1.66475012760785
570 1.66655974370917
571 1.66818148954626
572 1.66961446593434
573 1.67085859301063
574 1.67191458485049
575 1.67278392155326
576 1.6734688189939
577 1.67397219644076
578 1.67429764224198
579 1.67444937778502
580 1.67443221993454
581 1.67425154215383
582 1.67391323451408
583 1.67342366279386
584 1.67278962686896
585 1.67201831858913
586 1.67111727933429
587 1.67009435743842
588 1.66895766566333
589 1.66771553889927
590 1.66637649226243
591 1.6649491797524
592 1.66344235362537
593 1.66186482463086
594 1.6602254232514
595 1.6585329620763
596 1.65679619943143
597 1.65502380437807
598 1.65322432318455
599 1.65140614736494
600 1.64957748336957
601 1.6477463240025
602 1.64592042163156
603 1.64410726324695
604 1.64231404741488
605 1.6405476631634
606 1.63881467082817
607 1.63712128487701
608 1.63547335872304
609 1.63387637152763
610 1.63233541698602
611 1.63085519408043
612 1.62943999977751
613 1.62809372363985
614 1.626819844314
615 1.62562142785069
616 1.62450112780704
617 1.62346118707416
618 1.62250344136838
619 1.62162932431934
620 1.62083987408342
621 1.62013574140691
622 1.61951719905963
623 1.6189841525565
624 1.61853615208161
625 1.61817240552714
626 1.61789179255747
627 1.61769287960734
628 1.61757393572192
629 1.61753294914597
630 1.61756764456902
631 1.61767550093375
632 1.61785376971528
633 1.61809949357984
634 1.61840952533298
635 1.61878054706849
636 1.61920908943183
637 1.61969155091342
638 1.62022421709027
639 1.62080327973674
640 1.62142485572852
641 1.62208500566719
642 1.62277975215588
643 1.62350509766056
644 1.62425704189504
645 1.6250315986718
646 1.6258248121648
647 1.6266327725345
648 1.62745163086976
649 1.62827761340535
650 1.62910703497826
651 1.62993631169026
652 1.63076197274865
653 1.63158067146133
654 1.63238919536658
655 1.63318447548245
656 1.63396359466439
657 1.63472379506431
658 1.63546248468788
659 1.63617724305091
660 1.63686582593948
661 1.63752616928186
662 1.63815639214398
663 1.63875479886342
664 1.63931988033988
665 1.6398503145034
666 1.640344965984
667 1.64080288500928
668 1.64122330555886
669 1.64160564280666
670 1.64194948988408
671 1.64225461399904
672 1.64252095194732
673 1.64274860505408
674 1.64293783358463
675 1.64308905066463
676 1.64320281575042
677 1.64327982769118
678 1.64332091742461
679 1.6433270403484
680 1.64329926840956
681 1.64323878195357
682 1.64314686137519
683 1.64302487861202
684 1.64287428852144
685 1.64269662018073
686 1.64249346814926
687 1.6422664837305
688 1.6420173662705
689 1.64174785452828
690 1.64145971815175
691 1.64115474929194
692 1.64083475438604
693 1.64050154613848
694 1.64015693572757
695 1.63980272526308
696 1.63944070051858
697 1.63907262396043
698 1.63870022809321
699 1.63832520913966
700 1.63794922107098
701 1.63757387000164
702 1.63720070896069
703 1.63683123304967
704 1.63646687499525
705 1.63610900110292
706 1.63575890761596
707 1.63541781748247
708 1.63508687753091
709 1.63476715605335
710 1.63445964079375
711 1.63416523733688
712 1.6338847678922
713 1.63361897046524
714 1.63336849840797
715 1.63313392033796
716 1.63291572041525
717 1.63271429896442
718 1.63252997342851
719 1.63236297964034
720 1.63221347339591
721 1.63208153231384
722 1.63196715796406
723 1.63187027824843
724 1.63179075001529
725 1.63172836188979
726 1.63168283730118
727 1.63165383768845
728 1.63164096586497
729 1.63164376952331
730 1.63166174486103
731 1.63169434030842
732 1.63174096033944
733 1.63180096934726
734 1.63187369556608
735 1.63195843502141
736 1.63205445549133
737 1.63216100046178
738 1.63227729305945
739 1.63240253994666
740 1.63253593516283
741 1.63267666389839
742 1.63282390618723
743 1.63297684050489
744 1.63313464726035
745 1.63329651217005
746 1.63346162950383
747 1.6336292051931
748 1.63379845979252
749 1.63396863128756
750 1.63413897774076
751 1.63430877977081
752 1.63447734285937
753 1.63464399948113
754 1.63480811105406
755 1.63496906970697
756 1.63512629986303
757 1.63527925963817
758 1.63542744205438
759 1.63557037606867
760 1.63570762741913
761 1.63583879929026
762 1.63596353280053
763 1.63608150731562
764 1.63619244059156
765 1.63629608875251
766 1.6363922461084
767 1.63648074481828
768 1.63656145440565
769 1.63663428113239
770 1.63669916723837
771 1.63675609005418
772 1.63680506099459
773 1.63684612444089
774 1.63687935652002
775 1.63690486378906
776 1.63692278183344
777 1.63693327378761
778 1.6369365287865
779 1.63693276035683
780 1.63692220475655
781 1.63690511927123
782 1.63688178047574
783 1.63685248246969
784 1.63681753509485
785 1.63677726214245
786 1.63673199955845
787 1.63668209365402
788 1.63662789932893
789 1.6365697783146
790 1.63650809744372
791 1.63644322695277
792 1.63637553882363
793 1.63630540516986
794 1.6362331966731
795 1.63615928107458
796 1.6360840217263
797 1.63600777620601
798 1.63593089500001
799 1.63585372025686
800 1.7727486898784
801 1.78622612589794
802 1.79983423346356
803 1.81344331042839
804 1.82705364123339
805 1.8406654961363
806 1.85427913052432
807 1.86789478431054
808 1.88151268141429
809 1.89513302932475
810 1.90817162121867
811 1.92014196993907
812 1.93111259600009
813 1.94113311893425
814 1.95023952002442
815 1.95845728411437
816 1.96580384106572
817 1.97229046150326
818 1.97792372779109
819 1.98270667443181
820 1.98664216460288
821 1.98973747922783
822 1.99200535457645
823 1.99346279094668
824 1.99413020951112
825 1.9940308535139
826 1.99319036418645
827 1.99163648067694
828 1.98939882725216
829 1.98650876129766
830 1.98299925252476
831 1.97890475544778
832 1.97426105432608
833 1.96910508645402
834 1.96347475559675
835 1.95740874284345
836 1.95094631918756
837 1.94412716221703
838 1.93699117807725
839 1.92957832912198
840 1.9219284672777
841 1.91408117309733
842 1.90607560066827
843 1.89795032874763
844 1.88974321859381
845 1.88149127896641
846 1.87323053872156
847 1.86499592736553
848 1.85682116386143
849 1.84873865392012
850 1.84077939595056
851 1.83297289579687
852 1.82534709034753
853 1.81792828006263
854 1.81074107042798
855 1.80380832230702
856 1.79715111112558
857 1.79078869478874
858 1.78473849019478
859 1.77901605817882
860 1.77363509668786
861 1.76860744196013
862 1.76394307745475
863 1.7596501502531
864 1.75573499463013
865 1.75220216247336
866 1.74905446020841
867 1.74629299187317
868 1.74391720796806
869 1.74192495969726
870 1.74031255820504
871 1.73907483840272
872 1.73820522697535
873 1.7376958141523
874 1.73753742882318
875 1.73771971657977
876 1.73823122026517
877 1.73905946261439
878 1.74019103057439
879 1.74161166089787
880 1.74330632661216
881 1.74525932397356
882 1.74745435952765
883 1.74987463690739
884 1.75250294301369
885 1.75532173323669
886 1.7583132153908
887 1.7614594320522
888 1.76474234100386
889 1.76814389351055
890 1.77164611016375
891 1.77523115405518
892 1.77888140105593
893 1.78257950699767
894 1.78630847157171
895 1.79005169878102
896 1.79379305380023
897 1.79751691611795
898 1.8012082288556
899 1.80485254417587
900 1.80843606471341
901 1.81194568097901
902 1.81536900470679
903 1.81869439813213
904 1.82191099920528
905 1.82500874276268
906 1.82797837769402
907 1.83081148015892
908 1.83350046292175
909 1.83603858088743
910 1.83841993293408
911 1.84063946015134
912 1.84269294060434
913 1.84457698075442
914 1.84628900367758
915 1.84782723423034
916 1.84919068132124
917 1.85037911745296
918 1.85139305570656
919 1.85223372434455
920 1.85290303921397
921 1.85340357413418
922 1.8537385294568
923 1.85391169898682
924 1.85392743545502
925 1.85379061473184
926 1.85350659897224
927 1.85308119887946
928 1.85252063527361
929 1.85183150014779
930 1.85102071739127
931 1.85009550335454
932 1.84906332742666
933 1.84793187278958
934 1.84670899750849
935 1.84540269611054
936 1.84402106179783
937 1.84257224943289
938 1.84106443942776
939 1.83950580265941
940 1.83790446652645
941 1.83626848225362
942 1.83460579354165
943 1.83292420665197
944 1.83123136200638
945 1.82953470737316
946 1.82784147270232
947 1.8261586466636
948 1.824492954932
949 1.82285084025724
950 1.82123844434438
951 1.81966159156495
952 1.81812577450915
953 1.81663614138213
954 1.81519748523903
955 1.81381423504638
956 1.81249044854987
957 1.81122980692171
958 1.81003561115421
959 1.80891078015976
960 1.80785785053168
961 1.80687897791489
962 1.80597593992992
963 1.80515014058943
964 1.80440261614182
965 1.80373404227258
966 1.80314474259071
967 1.8026346983242
968 1.80220355914603
969 1.80185065504982
970 1.80157500919242
971 1.80137535161926
972 1.80125013378728
973 1.80119754379943
974 1.80121552226464
975 1.80130177869722
976 1.80145380836985
977 1.80166890953546
978 1.8019442009342
979 1.80227663950311
980 1.80266303820805
981 1.80310008391917
982 1.80358435525376
983 1.80411234031265
984 1.80468045423923
985 1.805285056533
986 1.80592246805293
987 1.80658898764889
988 1.80728090836336
989 1.80799453314889
990 1.8087261900506
991 1.80947224680703
992 1.81022912482624
993 1.81099331249832
994 1.81176137780934
995 1.81252998022574
996 1.81329588182227
997 1.81405595763068
998 1.81480720519012
999 1.81554675328439
1000 1.81627186985491
1001 1.81697996908204
1002 1.81766861763141
1003 1.81833554006495
1004 1.81897862342054
1005 1.81959592096686
1006 1.82018565514384
1007 1.82074621970172
1008 1.82127618105518
1009 1.82177427887127
1010 1.82223942591282
1011 1.82267070716138
1012 1.82306737824596
1013 1.82342886320591
1014 1.8237547516183
1015 1.82404479512164
1016 1.82429890336967
1017 1.82451713944986
1018 1.82469971480276
1019 1.82484698367908
1020 1.82495943717228
1021 1.82503769686505
1022 1.82508250812825
1023 1.82509473311156
1024 1.82507534346466
1025 1.82502541282805
1026 1.8249461091321
1027 1.82483868674279
1028 1.82470447849161
1029 1.82454488762697
1030 1.824361379723
1031 1.82415547458126
1032 1.82392873815931
1033 1.82368277455926
1034 1.82341921810793
1035 1.82313972555896
1036 1.82284596844566
1037 1.82253962561203
1038 1.82222237594757
1039 1.8218958913499
1040 1.8215618299377
1041 1.82122182953431
1042 1.82087750144106
1043 1.82053042451707
1044 1.82018213958095
1045 1.81983414414765
1046 1.81948788751187
1047 1.81914476618807
1048 1.81880611971466
1049 1.81847322682874
1050 1.81814730201573
1051 1.81782949243651
1052 1.81752087523324
1053 1.81722245521314
1054 1.81693516290811
1055 1.81665985300658
1056 1.81639730315236
1057 1.81614821310415
1058 1.81591320424776
1059 1.81569281945216
1060 1.81548752325904
1061 1.81529770239469
1062 1.81512366659194
1063 1.81496564970895
1064 1.81482381113085
1065 1.8146982374395
1066 1.81458894433594
1067 1.81449587879951
1068 1.81441892146727
1069 1.81435788921666
1070 1.81431253793437
1071 1.81428256545386
1072 1.81426761464398
1073 1.81426727663097
1074 1.81428109413616
1075 1.81430856491179
1076 1.8143491452574
1077 1.81440225359956
1078 1.81446727411799
1079 1.81454356040132
1080 1.81463043911638
1081 1.81472721367502
1082 1.8148331678834
1083 1.81494756955882
1084 1.81506967410007
1085 1.8151987279977
1086 1.81533397227146
1087 1.81547464582282
1088 1.81561998869102
1089 1.81576924520223
1090 1.81592166700187
1091 1.81607651596108
1092 1.81623306694907
1093 1.816390610464
1094 1.8165484551158
1095 1.81670592995507
1096 1.81686238664333
1097 1.81701720146029
1098 1.817169777145
1099 1.81731954456826
1100 1.81746596423472
1101 1.81760852761358
1102 1.81774675829776
1103 1.81788021299208
1104 1.81800848233165
1105 1.81813119153233
1106 1.81824800087595
1107 1.81835860603323
1108 1.81846273822836
1109 1.8185601642493
1110 1.81865068630886
1111 1.81873414176153
1112 1.81881040268206
1113 1.81887937531165
1114 1.81894099937844
1115 1.81899524729891
1116 1.8190421232674
1117 1.81908166224104
1118 1.81911392882758
1119 1.81913901608392
1120 1.81915704423313
1121 1.81916815930781
1122 1.819172531728
1123 1.81917035482143
1124 1.81916184329423
1125 1.81914723166013
1126 1.81912677263583
1127 1.81910073551058
1128 1.81906940449738
1129 1.81903307707348
1130 1.81899206231731
1131 1.81894667924908
1132 1.81889725518169
1133 1.81884412408877
1134 1.81878762499598
1135 1.81872810040159
1136 1.81866589473216
1137 1.81860135283862
1138 1.81853481853765
1139 1.81846663320339
1140 1.81839713441339
1141 1.81832665465309
1142 1.8182555200823
1143 1.81818404936687
1144 1.81811255257843
1145 1.81804133016478
1146 1.81797067199278
1147 1.81790085646577
1148 1.81783214971667
1149 1.8177648048778
1150 1.81769906142815
1151 1.81763514461838
1152 1.81757326497344
1153 1.81751361787253
1154 1.81745638320574
1155 1.81740172510637
1156 1.81734979175768
1157 1.81730071527255
1158 1.81725461164429
1159 1.81721158076649
1160 1.81717170651978
1161 1.81713505692295
1162 1.81710168434578
1163 1.81707162578082
1164 1.81704490317103
1165 1.81702152379021
1166 1.81700148067304
1167 1.81698475309116
1168 1.81697130707214
1169 1.81696109595751
1170 1.81695406099655
1171 1.81695013197209
1172 1.81694922785466
1173 1.81695125748152
1174 1.81695612025675
1175 1.81696370686897
1176 1.81697390002297
1177 1.81698657518195
1178 1.81700160131669
1179 1.81701884165848
1180 1.81703815445246
1181 1.81705939370822
1182 1.81708240994452
1183 1.81710705092536
1184 1.81713316238445
1185 1.81716058873538
1186 1.81718917376518
1187 1.81721876130855
1188 1.81724919590091
1189 1.81728032340786
1190 1.81731199162942
1191 1.81734405087713
1192 1.81737635452253
1193 1.81740875951557
1194 1.81744112687186
1195 1.8174733221274
1196 1.8175052157603
1197 1.81753668357836
1198 1.8175676070723
1199 1.817597873734
1200 1.81762737733961
