1 2
2 2
3 2
4 2
5 2
6 2
7 2
8 2
9 2
10 2
11 2
12 2
13 2
14 2
15 2
16 2
17 2
18 2
19 2
20 2
21 2
22 2
23 2
24 2
25 2
26 2
27 2
28 2
29 2
30 2.17302857142857
31 2.19428571428571
32 2.21714285714286
33 2.24
34 2.26285714285714
35 2.28571428571429
36 2.30857142857143
37 2.33142857142857
38 2.35428571428571
39 2.37714285714286
40 2.39953371681173
41 2.42104770707397
42 2.44169273082368
43 2.46146177706987
44 2.48034366658966
45 2.49832421713309
46 2.51538717519958
47 2.53151492872755
48 2.54668904976878
49 2.56089070534029
50 2.57410222272969
51 2.58630937781588
52 2.59750207665344
53 2.60767397658657
54 2.61682222158708
55 2.62494723251668
56 2.6320525376782
57 2.63814463260875
58 2.64323286104223
59 2.64732931116974
60 2.65044871956478
61 2.65260837160856
62 2.65382799147404
63 2.6541296224119
64 2.65353750012442
65 2.65207792113478
66 2.64977910754026
67 2.6466710691704
68 2.64278546391209
69 2.63815545678207
70 2.63281557820836
71 2.62680158193028
72 2.62015030292738
73 2.612899515804
74 2.60508779405983
75 2.59675437067008
76 2.58793900038346
77 2.57868182412845
78 2.56902323589797
79 2.55900375246149
80 2.54866388623311
81 2.53804402160336
82 2.5271842950225
83 2.51612447910281
84 2.50490387098727
85 2.49356118521185
86 2.4821344512683
87 2.47066091605392
88 2.45917695137456
89 2.4477179666468
90 2.43631832692513
91 2.42501127636019
92 2.41382886717426
93 2.4028018942211
94 2.39195983517795
95 2.3813307963992
96 2.37094146444267
97 2.36081706326227
98 2.35098131704292
99 2.34145641863769
100 2.33226300355049
101 2.32342012939251
102 2.31494526072573
103 2.30685425919265
104 2.29916137881801
105 2.29187926635566
106 2.28501896654142
107 2.27858993210215
108 2.27260003836009
109 2.26705560226249
110 2.26196140565726
111 2.25732072262745
112 2.25313535069002
113 2.24940564565783
114 2.24613055995825
115 2.2433076841965
116 2.24093329174808
117 2.23900238616113
118 2.2375087511467
119 2.23644500293372
120 2.23580264476342
121 2.23557212329851
122 2.23574288672188
123 2.23630344430126
124 2.23724142719733
125 2.23854365029549
126 2.24019617484415
127 2.24218437168585
128 2.24449298487172
129 2.24710619545414
130 2.25000768525774
131 2.25318070043411
132 2.25660811461194
133 2.2602724914604
134 2.26415614649041
135 2.26824120792575
136 2.27250967648312
137 2.27694348390822
138 2.28152455012277
139 2.2862348388457
140 2.29105641156004
141 2.29597147970576
142 2.30096245498726
143 2.30601199769344
144 2.31110306293652
145 2.31621894472548
146 2.32134331779817
147 2.3264602771456
148 2.33155437517057
149 2.33661065643159
150 2.34161468993192
151 2.346552598922
152 2.35141108819211
153 2.3561774688404
154 2.36083968050954
155 2.36538631109313
156 2.36980661392085
157 2.37409052243856
158 2.37822866240707
159 2.38221236165005
160 2.38603365738813
161 2.38968530120295
162 2.39316076168061
163 2.39645422478988
164 2.399560592056
165 2.40247547659584
166 2.405195197085
167 2.40771676973192
168 2.41003789833791
169 2.41215696252588
170 2.41407300422379
171 2.41578571249196
172 2.41729540678575
173 2.41860301874774
174 2.41971007262517
175 2.42061866441016
176 2.42133143980144
177 2.42185157108713
178 2.42218273304887
179 2.42232907798762
180 2.42229520997171
181 2.4220861584069
182 2.42170735102808
183 2.42116458641087
184 2.42046400610028
185 2.41961206645235
186 2.41861551028249
187 2.41748133841265
188 2.41621678120715
189 2.41482927018438
190 2.41332640978929
191 2.41171594940849
192 2.41000575570702
193 2.40820378536247
194 2.40631805826912
195 2.40435663128118
196 2.40232757256058
197 2.40023893659141
198 2.39809873991915
199 2.39591493766895
200 2.39369540089374
201 2.39144789479852
202 2.38918005788364
203 2.38689938204568
204 2.38461319367063
205 2.38232863575007
206 2.38005265104705
207 2.37779196633458
208 2.3755530777255
209 2.37334223710874
210 2.37116543970343
211 2.36902841273808
212 2.36693660525897
213 2.36489517906777
214 2.36290900078561
215 2.36098263503671
216 2.35912033874205
217 2.3573260565101
218 2.3556034171088
219 2.35395573099993
220 2.35238598891436
221 2.35089686144427
222 2.34949069962555
223 2.34816953648171
224 2.34693508949819
225 2.34578876399412
226 2.34473165735673
227 2.34376456410175
228 2.34288798172192
229 2.34210211728396
230 2.34140689473363
231 2.34080196286695
232 2.34028670392514
233 2.33986024276984
234 2.33952145659478
235 2.33926898512948
236 2.33910124129032
237 2.33901642223422
238 2.33901252077003
239 2.33908733708308
240 2.33923849072835
241 2.3394634328483
242 2.33975945857183
243 2.34012371955151
244 2.34055323659696
245 2.34104491236307
246 2.34159554405283
247 2.34220183609542
248 2.34286041276153
249 2.3435678306791
250 2.34432059121374
251 2.34511515267981
252 2.34594794234946
253 2.34681536822827
254 2.34771383056803
255 2.3486397330885
256 2.34958949388189
257 2.35055955597523
258 2.35154639752788
259 2.35254654164281
260 2.35355656577222
261 2.35457311069988
262 2.35559288908425
263 2.35661269354824
264 2.3576294043033
265 2.3586399962972
266 2.35964154587674
267 2.36063123695814
268 2.36160636669982
269 2.36256435067381
270 2.36350272753352
271 2.36441916317762
272 2.36531145441081
273 2.36617753210426
274 2.36701546385948
275 2.36782345618138
276 2.36859985616689
277 2.36934315271757
278 2.37005197728534
279 2.37072510416174
280 2.37136145032257
281 2.3719600748402
282 2.37252017787751
283 2.37304109927766
284 2.37352231676528
285 2.37396344377509
286 2.3743642269248
287 2.37472454314975
288 2.37504439651728
289 2.37532391473937
290 2.37556334540236
291 2.37576305193323
292 2.37592350932165
293 2.3760452996179
294 2.37612910722636
295 2.3761757140145
296 2.37618599425762
297 2.37616090943905
298 2.37610150292573
299 2.37600889453892
300 2.37588427503953
301 2.37572890054708
302 2.37554408691143
303 2.37533120405561
304 2.3750916703079
305 2.3748269467408
306 2.37453853153398
307 2.37422795437784
308 2.37389677093366
309 2.3735465573657
310 2.37317890496013
311 2.37279541484471
312 2.37239769282272
313 2.37198734433384
314 2.37156596955385
315 2.37113515864432
316 2.37069648716286
317 2.37025151164342
318 2.36980176535563
319 2.36934875425115
320 2.36889395310444
321 2.36843880185428
322 2.36798470215196
323 2.36753301412077
324 2.36708505333122
325 2.36664208799511
326 2.36620533638117
327 2.36577596445409
328 2.36535508373808
329 2.36494374940527
330 2.36454295858878
331 2.36415364891938
332 2.36377669728414
333 2.36341291880479
334 2.36306306603292
335 2.36272782835854
336 2.36240783162803
337 2.3621036379668
338 2.36181574580177
339 2.36154459007799
340 2.36129054266355
341 2.36105391293633
342 2.36083494854582
343 2.36063383634291
344 2.36045070347027
345 2.36028561860548
346 2.36013859334904
347 2.36000958374898
348 2.35989849195374
349 2.3598051679847
350 2.3597294116197
351 2.35967097437871
352 2.35962956160292
353 2.3596048346181
354 2.35959641297358
355 2.35960387674773
356 2.35962676891117
357 2.35966459773886
358 2.3597168392624
359 2.35978293975392
360 2.35986231823307
361 2.35995436898884
362 2.36005846410812
363 2.36017395600305
364 2.36030017992938
365 2.36043645648862
366 2.36058209410646
367 2.3607363914808
368 2.36089863999256
369 2.361068126073
370 2.36124413352145
371 2.36142594576779
372 2.36161284807412
373 2.36180412967076
374 2.36199908582164
375 2.36219701981486
376 2.36239724487421
377 2.36259908598815
378 2.36280188165272
379 2.36300498552561
380 2.36320776798849
381 2.36340961761567
382 2.36360994254682
383 2.36380817176243
384 2.3640037562606
385 2.36419617013435
386 2.36438491154887
387 2.3645695036184
388 2.36474949518281
389 2.36492446148439
390 2.36509400474523
391 2.36525775464639
392 2.36541536871004
393 2.36556653258584
394 2.36571096024364
395 2.36584839407421
396 2.36597860490025
397 2.36610139190024
398 2.36621658244759
399 2.36632403186794
400 2.11632403186794
401 2.07390138942245
402 2.02827073594958
403 1.98263203462789
404 1.93698527425674
405 1.89133046859028
406 1.8456676556133
407 1.79999689676269
408 1.75431827609859
409 1.70863189942885
410 1.6636118701443
411 1.61988357439688
412 1.57749398534439
413 1.53650577039684
414 1.49698110590548
415 1.45898120929126
416 1.42256593053205
417 1.3877934641849
418 1.3547201538068
419 1.32340036693123
420 1.29388460740073
421 1.26621642334486
422 1.24043144354288
423 1.21655788366135
424 1.2
425 1.2
426 1.2
427 1.2
428 1.2
429 1.2
430 1.2
431 1.2
432 1.2
433 1.2
434 1.2
435 1.2
436 1.20041794904575
437 1.20228204559716
438 1.20549247561904
439 1.20996072754967
440 1.21560762062086
441 1.22236174323875
442 1.23015821204272
443 1.23893768195579
444 1.24864555288605
445 1.2592313306944
446 1.2706469830572
447 1.28284289279983
448 1.29576595294043
449 1.30936060329908
450 1.32356961078518
451 1.33833467904752
452 1.35359692641387
453 1.36929726188635
454 1.38537668197101
455 1.40177650578921
456 1.41843856488815
457 1.4353053700976
458 1.45232027421095
459 1.46942763327811
460 1.48657296247504
461 1.50370308415174
462 1.5207662666598
463 1.53771235324499
464 1.55449288075162
465 1.5710611881897
466 1.5873725154023
467 1.60338409214245
468 1.6190552178379
469 1.63434733225197
470 1.64922407720163
471 1.66365134947536
472 1.67759734509255
473 1.6910325950547
474 1.70392999275247
475 1.71626481320844
476 1.72801472435091
477 1.73915979052933
478 1.74968246849576
479 1.7595675960898
480 1.76880237387684
481 1.77737634000138
482 1.78528133852838
483 1.79251148155612
484 1.79906310539383
485 1.80493472110617
486 1.81012695973483
487 1.81464251251404
488 1.81848606640332
489 1.8216642352651
490 1.82418548701932
491 1.82606006710936
492 1.82729991861607
493 1.82791859935687
494 1.8279311963071
495 1.82735423767947
496 1.82620560299503
497 1.8245044314765
498 1.8222710290903
499 1.81952677455893
500 1.81629402465982
501 1.81259601911985
502 1.80845678540786
503 1.80390104371929
504 1.79895411243844
505 1.79364181435451
506 1.78799038389797
507 1.78202637565286
508 1.77577657439037
509 1.76926790685711
510 1.76252735554001
511 1.75558187461767
512 1.74845830829546
513 1.74118331170899
514 1.73378327456771
515 1.7262842476973
516 1.71871187262635
517 1.71109131434936
518 1.70344719738503
519 1.69580354523532
520 1.68818372333739
521 1.68061038558763
522 1.67310542450347
523 1.66568992507617
524 1.65838412235479
525 1.65120736278898
526 1.64417806934628
527 1.63731371040726
528 1.6306307724305
529 1.62414473636791
530 1.6178700578001
531 1.61182015075071
532 1.60600737512885
533 1.60044302773873
534 1.59513733678654
535 1.59009945980582
536 1.58533748491417
537 1.5808584353064
538 1.57666827688195
539 1.57277192889759
540 1.56917327753011
541 1.56587519222791
542 1.56287954472537
543 1.56018723058901
544 1.5577981931603
545 1.55571144975647
546 1.5539251199873
547 1.55243645604373
548 1.55124187481142
549 1.55033699166143
550 1.54971665576867
551 1.54937498680843
552 1.54930541288103
553 1.549500709515
554 1.54995303960018
555 1.55065399410297
556 1.55159463341797
557 1.55276552921209
558 1.55415680661969
559 1.55575818665013
560 1.55755902867218
561 1.55954837284327
562 1.56171498235529
563 1.56404738537286
564 1.566533916544
565 1.56916275796815
566 1.57192197951088
567 1.57479957836001
568 1.57778351772278
569 1.58086176456921
570 1.5840223263323
571 1.58725328648142
572 1.59054283889066
573 1.59387932093021
574 1.59725124521436
575 1.60064732994565
576 1.60405652780092
577 1.60746805331062
578 1.61087140868886
579 1.61425640807757
580 1.61761320017398
581 1.62093228921636
582 1.62420455430869
583 1.62742126707065
584 1.63057410760463
585 1.63365517877698
586 1.63665701881588
587 1.63957261223329
588 1.64239539908345
589 1.64511928257499
590 1.64773863505844
591 1.65024830241521
592 1.65264360687831
593 1.65492034831902
594 1.65707480403758
595 1.65910372709934
596 1.66100434326129
597 1.66277434653685
598 1.66441189344971
599 1.66591559603021
600 1.66728451360987
601 1.66851814347228
602 1.66961641041989
603 1.67057965531853
604 1.67140862268248
605 1.67210444736429
606 1.67266864041459
607 1.6731030741778
608 1.67340996669019
609 1.67359186544708
610 1.67365163060614
611 1.67359241769346
612 1.67341765987894
613 1.67313104988704
614 1.67273652160806
615 1.67223823147445
616 1.67164053966551
617 1.67094799120273
618 1.67016529699645
619 1.66929731490321
620 1.66834903085149
621 1.66732554009154
622 1.66623202862348
623 1.66507375485535
624 1.6638560315411
625 1.66258420804609
626 1.66126365298533
627 1.65989973727733
628 1.65849781765424
629 1.65706322066597
630 1.65560122721393
631 1.6541170576471
632 1.65261585745065
633 1.65110268355474
634 1.64958249128841
635 1.64806012200073
636 1.64654029136904
637 1.64502757841099
638 1.64352641521501
639 1.6420410774008
640 1.64057567531915
641 1.63913414599773
642 1.63772024583725
643 1.63633754405955
644 1.6349894169074
645 1.63367904259297
646 1.63240939699013
647 1.63118325006328
648 1.63000316302362
649 1.62887148620156
650 1.62779035762234
651 1.62676170226986
652 1.62578723202222
653 1.62486844624088
654 1.62400663299359
655 1.62320287089021
656 1.62245803150897
657 1.62177278238961
658 1.62114759056874
659 1.62058272663183
660 1.62007826925529
661 1.61963411021138
662 1.61924995980788
663 1.61892535273419
664 1.61865965428472
665 1.61845206693022
666 1.6183016372076
667 1.61820726289825
668 1.61816770046519
669 1.61818157271911
670 1.61824737668369
671 1.61836349163064
672 1.61852818725522
673 1.61873963196354
674 1.61899590124298
675 1.6192949860882
676 1.61963480145504
677 1.62001319471615
678 1.62042795409198
679 1.62087681703241
680 1.62135747852447
681 1.62186759930287
682 1.62240481394092
683 1.62296673880024
684 1.62355097981891
685 1.62415514011866
686 1.62477682741269
687 1.62541366119698
688 1.62606327970903
689 1.62672334663903
690 1.62739155757977
691 1.6280656462027
692 1.62874339014864
693 1.62942261662308
694 1.63010120768691
695 1.63077710523474
696 1.6314483156542
697 1.63211291416058
698 1.6327690488025
699 1.63341494413536
700 1.63404890456032
701 1.63466931732787
702 1.63527465520588
703 1.63586347881316
704 1.63643443862056
705 1.63698627662257
706 1.63751782768326
707 1.63802802056142
708 1.63851587862054
709 1.63898052022993
710 1.63942115886443
711 1.63983710291041
712 1.64022775518682
713 1.64059261219055
714 1.64093126307582
715 1.64124338837818
716 1.64152875849376
717 1.64178723192538
718 1.64201875330708
719 1.64222335121914
720 1.6424011358062
721 1.64255229621094
722 1.64267709783629
723 1.64277587944924
724 1.64284905013949
725 1.64289708614604
726 1.6429205275652
727 1.6429199749533
728 1.64289608583731
729 1.64284957114656
730 1.64278119157872
731 1.64269175391287
732 1.64258210728241
733 1.64245313942028
734 1.64230577288877
735 1.64214096130588
736 1.64195968557982
737 1.64176295016292
738 1.64155177933604
739 1.64132721353376
740 1.64109030572071
741 1.64084211782857
742 1.64058371726306
743 1.64031617348965
744 1.64004055470627
745 1.63975792461092
746 1.63946933927128
747 1.63917584410335
748 1.63887847096514
749 1.63857823537134
750 1.63827613383405
751 1.63797314133441
752 1.63767020892904
753 1.63736826149526
754 1.63706819561784
755 1.63677087762018
756 1.63647714174177
757 1.63618778846361
758 1.63590358298271
759 1.63562525383614
760 1.63535349167482
761 1.63508894818675
762 1.63483223516878
763 1.63458392374578
764 1.63434454373559
765 1.63411458315758
766 1.63389448788258
767 1.6336846614212
768 1.63348546484756
769 1.63329721685489
770 1.63312019393917
771 1.6329546307069
772 1.63280072030252
773 1.63265861495097
774 1.63252842661057
775 1.63241022773123
776 1.63230405211276
777 1.6322098958579
778 1.63212771841467
779 1.63205744370226
780 1.63199896131485
781 1.63195212779752
782 1.63191676798833
783 1.63189267642074
784 1.63187961878031
785 1.6318773334099
786 1.6318855328573
787 1.63190390545948
788 1.63193211695757
789 1.63196981213679
790 1.6320166164857
791 1.63207213786909
792 1.632135968209
793 1.63220768516866
794 1.63228685383388
795 1.63237302838708
796 1.63246575376882
797 1.63256456732221
798 1.63266900041562
799 1.63277858003931
800 1.71940711608606
801 1.73015413145479
802 1.7417048635447
803 1.75325883713661
804 1.76481558008648
805 1.77637462468547
806 1.78793550896916
807 1.79949777797349
808 1.81106098493491
809 1.82262469243265
810 1.83395533187709
811 1.84484719460983
812 1.85530382893311
813 1.86532133950493
814 1.87489376099459
815 1.88401364144802
816 1.89267250887265
817 1.90086122821208
818 1.90857027324637
819 1.91578993251427
820 1.92251109239593
821 1.92872638163723
822 1.93443051244085
823 1.93962009125766
824 1.94429348662697
825 1.94845072441666
826 1.95209340314718
827 1.95522462387722
828 1.95784893061649
829 1.9599722583317
830 1.96160188473098
831 1.96274638024659
832 1.96341555274711
833 1.96362038735322
834 1.96337298275208
835 1.96268648496665
836 1.96157501927647
837 1.96005362080309
838 1.9581381641435
839 1.9558452923446
840 1.95319234545186
841 1.9501972888398
842 1.94687864153201
843 1.94325540472676
844 1.93934699074608
845 1.93517315262255
846 1.9307539145308
847 1.92610950326135
848 1.9212602809244
849 1.91622667906073
850 1.9110291343263
851 1.90568802590693
852 1.90022361480921
853 1.89465598516373
854 1.88900498766657
855 1.88329018527467
856 1.87753080126074
857 1.87174566972274
858 1.86595318863314
859 1.86017127550257
860 1.8544173257225
861 1.84870817364163
862 1.84306005642057
863 1.83748858069969
864 1.83200869210544
865 1.826634647611
866 1.82137999075792
867 1.81625752973651
868 1.81127931831386
869 1.80645663959022
870 1.8017999925561
871 1.79731908141477
872 1.79302280762714
873 1.78891926462919
874 1.78501573516494
875 1.78131869117162
876 1.77783379614788
877 1.77456590992964
878 1.77151909579341
879 1.76869662980165
880 1.76610101230038
881 1.76373398147493
882 1.76159652886626
883 1.75968891674675
884 1.75801069725149
885 1.75656073315859
886 1.75533722020985
887 1.75433771086151
888 1.75355913935325
889 1.75299784798278
890 1.75264961447273
891 1.75250968031624
892 1.75257277998785
893 1.75283317090661
894 1.75328466403938
895 1.75392065503302
896 1.75473415576589
897 1.75571782621079
898 1.75686400650316
899 1.75816474911106
900 1.75961185100564
901 1.7611968857337
902 1.76291123529701
903 1.76474612174597
904 1.76669263839911
905 1.7687417806028
906 1.77088447594998
907 1.77311161388002
908 1.77541407458633
909 1.77778275716201
910 1.78020860691843
911 1.7826826418157
912 1.7851959779486
913 1.78773985403563
914 1.79030565486374
915 1.79288493364545
916 1.79546943324975
917 1.79805110627259
918 1.80062213391742
919 1.80317494366036
920 1.80570222567934
921 1.80819694803072
922 1.81065237056117
923 1.81306205754685
924 1.815419889056
925 1.81772007103517
926 1.81995714412298
927 1.82212599119936
928 1.82422184368168
929 1.82624028658279
930 1.82817726234935
931 1.83002907350197
932 1.831792384102
933 1.83346422007235
934 1.83504196840289
935 1.8365233752731
936 1.83790654312765
937 1.83918992674206
938 1.84037232831849
939 1.84145289165281
940 1.84243109541644
941 1.8433067455976
942 1.84407996714798
943 1.84475119488228
944 1.84532116367872
945 1.8457908980297
946 1.84616170099223
947 1.84643514258847
948 1.84661304770672
949 1.8466974835537
950 1.84669074670857
951 1.84659534982937
952 1.84641400806185
953 1.84614962520053
954 1.84580527965109
955 1.84538421024225
956 1.844889801935
957 1.84432557147534
958 1.84369515303621
959 1.84300228389267
960 1.84225079017332
961 1.8414445727294
962 1.8405875931616
963 1.83968386004302
964 1.838737415375
965 1.83775232131097
966 1.83673264718148
967 1.83568245685198
968 1.83460579644286
969 1.83350668243939
970 1.83238909021733
971 1.83125694300787
972 1.8301141013237
973 1.82896435286595
974 1.82781140292964
975 1.82665886532347
976 1.82551025381759
977 1.82436897413115
978 1.8232383164692
979 1.82212144861707
980 1.82102140959777
981 1.81994110389663
982 1.81888329625531
983 1.81785060703545
984 1.81684550815073
985 1.81587031956402
986 1.81492720634513
987 1.81401817628268
988 1.81314507804227
989 1.81230959986171
990 1.81151326877254
991 1.81075745033594
992 1.81004334887963
993 1.80937200822153
994 1.80874431286446
995 1.80816098964554
996 1.80762260982264
997 1.80712959157973
998 1.80668220293183
999 1.80628056500995
1000 1.80592465570544
1001 1.80561431365277
1002 1.80534924252949
1003 1.8051290156513
1004 1.80495308084035
1005 1.80482076554416
1006 1.80473128218292
1007 1.80468373370238
1008 1.80467711930977
1009 1.80471034037027
1010 1.8047822064415
1011 1.80489144142397
1012 1.80503668980527
1013 1.80521652297653
1014 1.80542944559983
1015 1.8056739020056
1016 1.80594828259971
1017 1.80625093026037
1018 1.8065801467055
1019 1.80693419881202
1020 1.8073113248689
1021 1.80770974074678
1022 1.80812764596753
1023 1.80856322965781
1024 1.80901467637185
1025 1.80948017176893
1026 1.80995790813237
1027 1.81044608971736
1028 1.81094293791601
1029 1.81144669622887
1030 1.81195563503284
1031 1.81246805613663
1032 1.81298229711556
1033 1.81349673541844
1034 1.81400979224033
1035 1.8145199361555
1036 1.81502568650636
1037 1.81552561654434
1038 1.81601835632012
1039 1.8165025953211
1040 1.81697708485499
1041 1.81744064017922
1042 1.8178921423765
1043 1.81833053997779
1044 1.81875485033467
1045 1.81916416074367
1046 1.81955762932593
1047 1.81993448566624
1048 1.820294031216
1049 1.82063563946537
1050 1.82095875589045
1051 1.82126289768161
1052 1.82154765326
1053 1.82181268158941
1054 1.82205771129114
1055 1.82228253957006
1056 1.82248703096021
1057 1.82267111589883
1058 1.82283478913776
1059 1.82297810800154
1060 1.82310119050176
1061 1.82320421331736
1062 1.82328740965068
1063 1.82335106696922
1064 1.82339552464321
1065 1.82342117148892
1066 1.82342844322796
1067 1.82341781987258
1068 1.82338982304687
1069 1.82334501325406
1070 1.82328398709944
1071 1.82320737447891
1072 1.8231158357425
1073 1.82301005884223
1074 1.82289075647358
1075 1.82275866321939
1076 1.82261453270487
1077 1.82245913477215
1078 1.82229325268244
1079 1.82211768035368
1080 1.82193321964097
1081 1.82174067766723
1082 1.82154086421057
1083 1.82133458915505
1084 1.82112266001069
1085 1.82090587950865
1086 1.82068504327665
1087 1.82046093759974
1088 1.82023433727076
1089 1.82000600353483
1090 1.81977668213128
1091 1.81954710143673
1092 1.81931797071186
1093 1.81908997845467
1094 1.8188637908622
1095 1.81864005040255
1096 1.81841937449843
1097 1.81820235432341
1098 1.81798955371124
1099 1.81778150817866
1100 1.81757872406154
1101 1.81738167776385
1102 1.81719081511868
1103 1.81700655086033
1104 1.81682926820581
1105 1.81665931854429
1106 1.81649702123232
1107 1.81634266349261
1108 1.81619650041393
1109 1.81605875504921
1110 1.815929618609
1111 1.81580925074698
1112 1.81569777993427
1113 1.81559530391875
1114 1.81550189026594
1115 1.81541757697727
1116 1.81534237318199
1117 1.81527625989838
1118 1.8152191908602
1119 1.81517109340396
1120 1.81513186941269
1121 1.81510139631176
1122 1.81507952811228
1123 1.8150660964976
1124 1.8150609119484
1125 1.81506376490186
1126 1.81507442694051
1127 1.81509265200614
1128 1.81511817763462
1129 1.815150726207
1130 1.81519000621292
1131 1.81523571352182
1132 1.81528753265814
1133 1.81534513807626
1134 1.81540819543143
1135 1.81547636284291
1136 1.81554929214555
1137 1.81562663012648
1138 1.81570801974331
1139 1.81579310132092
1140 1.81588151372339
1141 1.81597289549852
1142 1.81606688599198
1143 1.81616312642854
1144 1.81626126095802
1145 1.81636093766373
1146 1.8164618095313
1147 1.81656353537598
1148 1.81666578072687
1149 1.81676821866635
1150 1.81687053062352
1151 1.8169724071204
1152 1.81707354846992
1153 1.81717366542491
1154 1.81727247977743
1155 1.81736972490787
1156 1.81746514628371
1157 1.81755850190761
1158 1.81764956271493
1159 1.81773811292083
1160 1.81782395031728
1161 1.81790688652041
1162 1.81798674716882
1163 1.81806337207356
1164 1.81813661532075
1165 1.81820634532759
1166 1.81827244485318
1167 1.81833481096501
1168 1.81839335496273
1169 1.81844800226043
1170 1.81849869222892
1171 1.81854537799975
1172 1.81858802623237
1173 1.81862661684637
1174 1.81866114272046
1175 1.81869160935999
1176 1.81871803453504
1177 1.8187404478908
1178 1.81875889053233
1179 1.81877341458557
1180 1.81878408273674
1181 1.8187909677519
1182 1.81879415197892
1183 1.81879372683368
1184 1.81878979227268
1185 1.81878245625378
1186 1.81877183418743
1187 1.81875804837985
1188 1.81874122747059
1189 1.81872150586589
1190 1.81869902317002
1191 1.81867392361622
1192 1.818646355499
1193 1.8186164706096
1194 1.81858442367619
1195 1.81855037181027
1196 1.8185144739611
1197 1.81847689037925
1198 1.81843778209094
1199 1.8183973103843
1200 1.81835563630898
