1 2
2 2
3 2
4 2
5 2
6 2
7 2
8 2
9 2
10 2
11 2
12 2
13 2
14 2
15 2
16 2
17 2
18 2
19 2
20 2
21 2
22 2
23 2
24 2
25 2
26 2
27 2
28 2
29 2
30 2.25
31 2.28748783783784
32 2.32532567567568
33 2.36316351351351
34 2.40100135135135
35 2.43883918918919
36 2.47667702702703
37 2.51451486486486
38 2.5523527027027
39 2.59019054054054
40 2.62522781493395
41 2.65512069184733
42 2.68018331564119
43 2.70065379242162
44 2.71671573040872
45 2.72851037633145
46 2.73614606638928
47 2.73970558380554
48 2.73925188593333
49 2.73483256152596
50 2.7265146716828
51 2.7144352560938
52 2.69880645026763
53 2.67989345509727
54 2.65799872821891
55 2.6334506606488
56 2.60659552402835
57 2.57779179180736
58 2.54740617449205
59 2.51581088499883
60 2.48338142908741
61 2.45049388668069
62 2.41752122499375
63 2.38482904792847
64 2.35277130282339
65 2.32168623870644
66 2.29189276429472
67 2.26368726231685
68 2.23734086153763
69 2.21309713678659
70 2.19117019574791
71 2.17174312092402
72 2.15496675831564
73 2.14095886254492
74 2.12980361242576
75 2.12155150575597
76 2.11621963337317
77 2.11379232354341
78 2.11422214012974
79 2.11743121232767
80 2.12331287006766
81 2.13173355704893
82 2.14253499208967
83 2.15553654843029
84 2.17053781952842
85 2.18732133876252
86 2.20565541947233
87 2.22529708106907
88 2.24599502665957
89 2.26749263779864
90 2.28953095261379
91 2.31185159459691
92 2.33419962077577
93 2.35632625970995
94 2.37799151175733
95 2.39896658629597
96 2.41903615303412
97 2.43800038717316
98 2.45567679097603
99 2.4719017772067
100 2.48653200291026
101 2.49944544506223
102 2.51054221269315
103 2.5197450931544
104 2.5269998331991
105 2.53227515847557
106 2.53556253783972
107 2.53687570155894
108 2.53624992497835
109 2.53374109152649
110 2.52942455103235
111 2.52339379118999
112 2.51575894162683
113 2.5066451313948
114 2.49619072180139
115 2.48454543732456
116 2.47186841790972
117 2.45832621622823
118 2.44409076349031
119 2.42933732715642
120 2.41424248338986
121 2.39898212635176
122 2.38372953547162
123 2.36865352064889
124 2.35391666397206
125 2.33967367500118
126 2.3260698749696
127 2.31323982344241
128 2.30130609904794
129 2.29037824389593
130 2.28055187923874
131 2.27190799784229
132 2.26451243643593
133 2.25841552952961
134 2.25365194384304
135 2.25024069060909
136 2.24818531111105
137 2.24747422901063
138 2.24808126133806
139 2.24996627846236
140 2.25307600195393
141 2.25734492800376
142 2.26269636298376
143 2.26904355683003
144 2.27629091920823
145 2.28433530288413
146 2.29306733837145
147 2.302372803764
148 2.31213401367686
149 2.32223121141622
150 2.33254394886395
151 2.34295243909195
152 2.35333886740302
153 2.36358864731794
154 2.37359160898005
155 2.38324310851505
156 2.39244504805004
157 2.40110679734695
158 2.40914600932501
159 2.41648932311896
160 2.42307294972679
161 2.4288431367281
162 2.43375650998323
163 2.43778029164018
164 2.4408923951644
165 2.44308139945173
166 2.44434640537267
167 2.44469677931504
168 2.44415178942867
169 2.44274014132112
170 2.44049942089668
171 2.43747545286596
172 2.43372158417181
173 2.42929790217588
174 2.42427039792364
175 2.41871008515386
176 2.41269208593824
177 2.40629469393208
178 2.39959842618629
179 2.39268507432091
180 2.38563676559411
181 2.37853504402378
182 2.37145998123987
183 2.36448932617062
184 2.3576977020052
185 2.35115585813728
186 2.34492998398953
187 2.33908109075849
188 2.33366446621347
189 2.32872920674315
190 2.32431782988142
191 2.32046596956978
192 2.31720215543951
193 2.31454767643296
194 2.31251652814028
195 2.31111544231572
196 2.31034399616574
197 2.31019479817755
198 2.3106537464904
199 2.31170035510884
200 2.31330814262421
201 2.31544507755275
202 2.31807407392036
203 2.32115353032835
204 2.32463790542368
205 2.32847832247301
206 2.33262319560205
207 2.33701887020983
208 2.34161027010008
209 2.34634154398626
210 2.35115670421968
211 2.35600025085734
212 2.36081777452294
213 2.3655565319154
214 2.37016598827795
215 2.374598321651
216 2.37880888428695
217 2.38275661719674
218 2.38640441441954
219 2.38971943425076
220 2.39267335532129
221 2.3952425760857
222 2.39740835694107
223 2.39915690485325
224 2.40047940100855
225 2.40137197262658
226 2.40183561066052
227 2.40187603566734
228 2.40150351464682
229 2.40073263212132
230 2.39958201915226
231 2.39807404436224
232 2.39623447134973
233 2.39409208714476
234 2.39167830655727
235 2.38902675741439
236 2.386172851768
237 2.38315334818098
238 2.38000591016992
239 2.37676866579639
240 2.37347977325947
241 2.37017699715288
242 2.366897299814
243 2.36367645191242
244 2.36054866610749
245 2.35754625725162
246 2.35469933223395
247 2.35203551215181
248 2.34957968907129
249 2.34735381919741
250 2.34537675382462
251 2.34366410898523
252 2.34222817426051
253 2.34107786077417
254 2.34021868795229
255 2.33965280821513
256 2.33937906836665
257 2.33939310607214
258 2.33968747946607
259 2.34025182761467
260 2.34107305927339
261 2.34213556713032
262 2.3434214645156
263 2.34491084138403
264 2.34658203624537
265 2.34841192062421
266 2.35037619257901
267 2.35244967579732
268 2.35460662081049
269 2.35682100493537
270 2.3590668276503
271 2.36131839824692
272 2.36355061276463
273 2.36573921740937
274 2.36786105587889
275 2.36989429826046
276 2.37181864943023
277 2.3736155351632
278 2.37526826445511
279 2.37676216685915
280 2.37808470394793
281 2.37922555432002
282 2.38017667187878
283 2.38093231741417
284 2.38148906381327
285 2.38184577550962
286 2.3820035630513
287 2.38196571392135
288 2.38173760097867
289 2.381326570101
290 2.38074180880185
291 2.37999419775969
292 2.37909614733762
293 2.3780614212859
294 2.37690494990591
295 2.37564263501354
296 2.37429114907163
297 2.37286773086552
298 2.3713899800743
299 2.36987565304291
300 2.36834246198829
301 2.36680787977872
302 2.36528895230903
303 2.36380212035918
304 2.36236305267095
305 2.36098649180876
306 2.35968611418981
307 2.35847440547623
308 2.35736255232146
309 2.356360351257
310 2.35547613529529
311 2.35471671861398
312 2.3540873594767
313 2.35359174133997
314 2.35323197189485
315 2.35300859960015
316 2.35292064708094
317 2.35296566059506
318 2.35313977461271
319 2.35343779041032
320 2.35385326745292
321 2.35437862622805
322 2.3550052611016
323 2.35572366169053
324 2.35652354119179
325 2.35739397006848
326 2.3583235134759
327 2.35930037080943
328 2.36031251577358
329 2.36134783540639
330 2.3623942665446
331 2.36343992828164
332 2.36447324905164
333 2.36548308706676
334 2.36645884294117
335 2.36739056345106
336 2.36826903550487
337 2.36908586953005
338 2.36983357161993
339 2.37050560392552
340 2.37109643292051
341 2.37160156531139
342 2.37201757150758
343 2.37234209670617
344 2.3725738597822
345 2.37271264030542
346 2.37275925412806
347 2.37271551810361
348 2.37258420460292
349 2.37236898659011
350 2.37207437410606
351 2.37170564308125
352 2.3712687574611
353 2.37077028567651
354 2.37021731252857
355 2.3696173475804
356 2.36897823115991
357 2.36830803907605
358 2.36761498713717
359 2.36690733653512
360 2.3661933011217
361 2.3654809575577
362 2.36477815925745
363 2.364092454987
364 2.36343101290022
365 2.36280055071733
366 2.36220727266414
367 2.36165681370011
368 2.36115419146858
369 2.36070376630657
370 2.36030920955324
371 2.35997348029814
372 2.35969881061347
373 2.35948669921907
374 2.35933791343705
375 2.35925249920423
376 2.35922979882771
377 2.35926847609045
378 2.35936654824262
379 2.35952142434966
380 2.35972994941111
381 2.35998845361501
382 2.36029280605181
383 2.36063847217958
384 2.36102057430842
385 2.3614339543573
386 2.36187323812998
387 2.36233290035926
388 2.36280732977883
389 2.36329089350102
390 2.36377800000415
391 2.36426316006658
392 2.364741045024
393 2.36520654177198
394 2.36565480398637
395 2.36608129908974
396 2.36648185055074
397 2.36685267516576
398 2.36719041503675
399 2.36749216402479
400 2.11749216402479
401 2.04273944230806
402 1.96724490076776
403 1.89170759038532
404 1.81612706025825
405 1.74050334998655
406 1.66483697681476
407 1.58912891780492
408 1.51338058736381
409 1.43759381049138
410 1.36457430542727
411 1.29709043177775
412 1.23554218204454
413 1.2
414 1.2
415 1.2
416 1.2
417 1.2
418 1.2
419 1.2
420 1.2
421 1.20072973568147
422 1.20851367371311
423 1.22287654525539
424 1.24278725540512
425 1.26708092886353
426 1.29484735435615
427 1.32537465398964
428 1.35810558172484
429 1.39260347529494
430 1.42852572798914
431 1.4655949436539
432 1.5035063656894
433 1.54187497508263
434 1.58026921687079
435 1.61824444604763
436 1.65536758262778
437 1.69123160661382
438 1.72546317879978
439 1.75772571358786
440 1.78771953769893
441 1.81518036032562
442 1.83987774943636
443 1.86161514077567
444 1.88023120178012
445 1.89560153809967
446 1.90764005313024
447 1.91629962395679
448 1.92157200994693
449 1.92348704856522
450 1.92211125935845
451 1.91754599880123
452 1.90992529440897
453 1.8994134411883
454 1.88620239463837
455 1.87050896948442
456 1.85257185173779
457 1.83264844119123
458 1.8110115532556
459 1.78794601852227
460 1.76374522396408
461 1.73870764121226
462 1.7131333856826
463 1.68732084681449
464 1.66156342573831
465 1.63614641316601
466 1.611344037382
467 1.58741670967169
468 1.56460849204997
469 1.54314480950006
470 1.52323042598287
471 1.50504770021796
472 1.48875513373871
473 1.47448622009051
474 1.46234860038136
475 1.45242352678944
476 1.44476563213837
477 1.43940300029895
478 1.4363375289874
479 1.43554557352218
480 1.43697885729367
481 1.44056563211489
482 1.44621206928013
483 1.45380386008419
484 1.46320800276633
485 1.47427475135599
486 1.4868397007207
487 1.50072598125636
488 1.51574653611755
489 1.53170645365708
490 1.54840532782488
491 1.56563961965675
492 1.58320499365171
493 1.60089860377831
494 1.61852130504797
495 1.63587976802725
496 1.65278847530955
497 1.66907158080635
498 1.68456461472296
499 1.69911601922825
500 1.71258850208412
501 1.72486019784048
502 1.73582562859792
503 1.7453964587644
504 1.75350204065681
505 1.76008975019642
506 1.76512511429299
507 1.76859173378077
508 1.77049100793839
509 1.77084166867093
510 1.76967913433782
511 1.76705469495688
512 1.76303454208642
513 1.75769865807277
514 1.75113958053717
515 1.7434610589571
516 1.73477662096676
517 1.72520806655515
518 1.71488390868008
519 1.70393777894073
520 1.69250681686702
521 1.68073006109585
522 1.66874686022039
523 1.65669532043056
524 1.64471080622122
525 1.63292450944449
526 1.62146210083813
527 1.61044247688973
528 1.59997661351423
529 1.59016653654758
530 1.58110441751119
531 1.57287180149902
532 1.56553897240133
533 1.55916445902451
534 1.55379468401454
535 1.54946375586025
536 1.54619340265987
537 1.54399304479565
538 1.54286000219444
539 1.54277983046932
540 1.54372677895312
541 1.54566436246083
542 1.54854603756347
543 1.55231597323104
544 1.55690990491303
545 1.56225606047658
546 1.56827614591913
547 1.57488637841589
548 1.58199855405236
549 1.58952113752833
550 1.59736036119776
551 1.60542132102573
552 1.61360905739178
553 1.62182960914311
554 1.62999102989073
555 1.63800435623921
556 1.64578451843435
557 1.65325118479223
558 1.66032953222608
559 1.66695093620082
560 1.67305357450726
561 1.67858294034538
562 1.68349226132529
563 1.68774282212357
564 1.69130418965763
565 1.69415434075043
566 1.69627969333905
567 1.69767504332362
568 1.6983434101456
569 1.69829579511814
570 1.69755085739644
571 1.69613451326525
572 1.69407946512693
573 1.69142466719113
574 1.6882147353915
575 1.68449930948267
576 1.68033237559917
577 1.67577155778703
578 1.67087738714662
579 1.66571255725536
580 1.66034117447113
581 1.65482801155626
582 1.64923777281174
583 1.64363437857591
584 1.6380802765288
585 1.6326357867575
586 1.62735848698755
587 1.62230264377829
588 1.61751869482328
589 1.61305278680077
590 1.60894637249042
591 1.60523587012188
592 1.6019523871554
593 1.59912150992525
594 1.59676315981001
595 1.59489151583974
596 1.59351500291577
597 1.59263634411255
598 1.59225267485922
599 1.59235571616857
600 1.59293200349808
601 1.59396316729765
602 1.59542626082553
603 1.59729413040189
604 1.59953582292122
605 1.60211702516323
606 1.60500052922708
607 1.60814671826867
608 1.61151406664218
609 1.61505964853744
610 1.61873964925972
611 1.62250987341762
612 1.62632624446398
613 1.6301452902717
614 1.63392460971511
615 1.63762331556617
616 1.64120244939547
617 1.64462536458786
618 1.64785807403426
619 1.65086955953991
620 1.65363204048861
621 1.65612119981641
622 1.65831636587077
623 1.66020064925621
624 1.66176103428923
625 1.66298842519803
626 1.66387764770062
627 1.66442740707367
628 1.66464020427858
629 1.6645222121363
630 1.66408311393505
631 1.66333590721132
632 1.66229667576064
633 1.66098433321003
634 1.65942034171452
635 1.65762840952584
636 1.65563417132047
637 1.6534648552674
638 1.65114894086152
639 1.64871581154957
640 1.646195406131
641 1.64361787282892
642 1.64101322979817
643 1.63841103567076
644 1.63584007353651
645 1.63332805152171
646 1.63090132286466
647 1.62858462809744
648 1.62640086163197
649 1.62437086471987
650 1.62251324641347
651 1.62084423380354
652 1.61937755245261
653 1.61812433758478
654 1.61709307623769
655 1.61628958023401
656 1.61571698949171
657 1.61537580486832
658 1.61526394942721
659 1.61537685672735
660 1.61570758447347
661 1.6162469516248
662 1.61698369684866
663 1.6179046560219
664 1.61899495633048
665 1.62023822439529
666 1.62161680576199
667 1.62311199303425
668 1.62470425990259
669 1.62637349832543
670 1.62809925615343
671 1.62986097255179
672 1.63163820866671
673 1.6334108710994
674 1.63515942589273
675 1.63686510089858
676 1.63851007457682
677 1.64007764947684
678 1.64155240886617
679 1.64292035519694
680 1.64416902933489
681 1.64528760971658
682 1.64626699084365
683 1.64709984076739
684 1.64778063745822
685 1.64830568419152
686 1.64867310431073
687 1.64888281594765
688 1.64893648748785
689 1.64883747476224
690 1.64859074112375
691 1.64820276172838
692 1.64768141348155
693 1.64703585223269
694 1.64627637890217
695 1.64541429630474
696 1.64446175849219
697 1.64343161447461
698 1.6423372481949
699 1.64119241662538
700 1.64001108782848
701 1.63880728077777
702 1.63759490867017
703 1.63638762737783
704 1.63519869058949
705 1.63404081307766
706 1.63292604340156
707 1.63186564721794
708 1.63087000222483
709 1.62994850560804
710 1.6291094946999
711 1.62836018139526
712 1.62770660070328
713 1.62715357364752
714 1.62670468456225
715 1.62636227267214
716 1.62612743768714
717 1.6260000589954
718 1.62597882789759
719 1.62606129219476
720 1.6262439123229
721 1.62652212811954
722 1.62689043521314
723 1.62734246994481
724 1.62787110166501
725 1.62846853119541
726 1.62912639420836
727 1.62983586825355
728 1.63058778215307
729 1.63137272649231
730 1.6321811639542
731 1.63300353827772
732 1.63383038066757
733 1.63465241254026
734 1.63546064356019
735 1.63624646399843
736 1.63700173053403
737 1.63771884471295
738 1.63839082338055
739 1.63901136051047
740 1.63957487996199
741 1.64007657881104
742 1.64051246101309
743 1.64087936126949
744 1.64117495908088
745 1.64139778308025
746 1.64154720584377
747 1.64162342947792
748 1.6416274623764
749 1.64156108762782
750 1.64142682363592
751 1.64122787758594
752 1.64096809245412
753 1.64065188831116
754 1.64028419871483
755 1.63987040302104
756 1.63941625546717
757 1.63892781189536
758 1.63841135498784
759 1.63787331888079
760 1.63732021400792
761 1.63675855300132
762 1.63619477844394
763 1.63563519322786
764 1.63508589422425
765 1.63455270991642
766 1.63404114258706
767 1.63355631558506
768 1.63310292612798
769 1.63268520402305
770 1.63230687661462
771 1.63197114018875
772 1.63168063798853
773 1.63143744491655
774 1.63124305892455
775 1.63109839901659
776 1.63100380972034
777 1.63095907181316
778 1.63096341902571
779 1.63101556038658
780 1.63111370781752
781 1.63125560854027
782 1.63143858181406
783 1.63165955948693
784 1.63191512981463
785 1.6322015839789
786 1.63251496472085
787 1.63285111649701
788 1.63320573656346
789 1.63357442639819
790 1.63395274288325
791 1.63433624868536
792 1.63472056129678
793 1.63510140022683
794 1.63547463186765
795 1.63583631159592
796 1.63618272271369
797 1.63651041187669
798 1.6368162207065
799 1.63709731333254
800 1.88709731333254
801 1.90606578681655
802 1.92517818202264
803 1.94425814115636
804 1.96330470035147
805 1.98231729038044
806 2.00129573297248
807 2.020240232891
808 2.03915136596584
809 2.05803006331524
810 2.07407987268365
811 2.08517046847448
812 2.09197300022779
813 2.09500745398109
814 2.09467908464361
815 2.09130381940217
816 2.08512803693522
817 2.07634396492396
818 2.0651016646895
819 2.05151835770573
820 2.03571702273905
821 2.01787745229787
822 1.99823806305081
823 1.97707065849208
824 1.95466353754567
825 1.93131044875962
826 1.90730362961529
827 1.88292966336205
828 1.85846724680966
829 1.8341862258562
830 1.81034709565117
831 1.78719990157313
832 1.76498213432432
833 1.74391610240544
834 1.72420633982413
835 1.70603733516767
836 1.68957170110833
837 1.67494880485655
838 1.66228382599496
839 1.6516671821795
840 1.643164258358
841 1.63681539137114
842 1.63263608976774
843 1.63061748921706
844 1.63072704881826
845 1.63290948859593
846 1.63708796031764
847 1.64316543594835
848 1.65102629209516
849 1.66053806512269
850 1.67155335005089
851 1.68391181629253
852 1.69744231393878
853 1.71196504499398
854 1.72729377442262
855 1.74323805616154
856 1.75960544954855
857 1.77620370209445
858 1.79284287528711
859 1.8093373912039
860 1.82550797910798
861 1.84118350286325
862 1.85620265186251
863 1.87041548016434
864 1.8836847806374
865 1.89588728308602
866 1.90691466755847
867 1.91667438630044
868 1.92509029009189
869 1.93210305697443
870 1.93767042361323
871 1.94176722171966
872 1.94438522406219
873 1.94553280659121
874 1.94523443507903
875 1.94352998640915
876 1.9404739162257
877 1.9361342860602
878 1.93059166427768
879 1.9239379162195
880 1.91627489975894
881 1.90771308312335
882 1.8983701022719
883 1.8883692753501
884 1.8778380917748
885 1.86690669334004
886 1.85570636438244
887 1.84436804751287
888 1.83302090071993
889 1.82179091079183
890 1.81079957700068
891 1.80016267786122
892 1.78998913253085
893 1.78037996707572
894 1.77142739440662
895 1.76321401520513
896 1.75581214563446
897 1.74928327607682
898 1.7436776635797
899 1.73903405914325
900 1.73537956945766
901 1.73272965121877
902 1.73108823472831
903 1.73044797213505
904 1.73079060440937
905 1.73208743997706
906 1.73429993687956
907 1.73738037938627
908 1.74127263916717
909 1.74591301044731
910 1.7512311080122
911 1.75715081651863
912 1.76359127928873
913 1.77046791462689
914 1.77769344769689
915 1.78517894612704
916 1.79283484776919
917 1.80057196941779
918 1.80830248578934
919 1.8159408686634
920 1.8234047767835
921 1.83061588790007
922 1.8375006651973
923 1.84399105126938
924 1.85002508378781
925 1.85554742801794
926 1.86050982238699
927 1.86487143436597
928 1.86859912499135
929 1.87166762140729
930 1.87405959784481
931 1.87576566645829
932 1.87678428040337
933 1.87712155245244
934 1.87679099329687
935 1.87581317447031
936 1.87421532153801
937 1.87203084382714
938 1.86929880751781
939 1.86606335936944
940 1.86237310872034
941 1.85828047566736
942 1.85384101350729
943 1.84911271360239
944 1.84415530082031
945 1.83902952759734
946 1.83379647448473
947 1.82851686476759
948 1.82325040039715
949 1.81805512605819
950 1.81298682770814
951 1.80809847138256
952 1.803439687468
953 1.79905630500792
954 1.79498993993716
955 1.79127764044366
956 1.78795159194242
957 1.78503888342255
958 1.78256133620354
959 1.78053539541889
960 1.77897208384172
961 1.77787701698585
962 1.77725047776342
963 1.77708754836366
964 1.77737829644208
965 1.77810801218123
966 1.77925749230707
967 1.78080336672391
968 1.78271846306811
969 1.78497220417937
970 1.78753103325041
971 1.7903588612413
972 1.79341753103537
973 1.79666729276759
974 1.8000672847736
975 1.80357601468585
976 1.80715183534022
977 1.81075341034903
978 1.81434016444147
979 1.81787271396488
980 1.82131327327738
981 1.82462603313722
982 1.82777750760363
983 1.83073684640094
984 1.83347611015799
985 1.83597050641162
986 1.83819858475183
987 1.8401423899797
988 1.84178757264351
989 1.84312345680695
990 1.84414306538091
991 1.84484310381274
992 1.84522390336784
993 1.84528932565558
994 1.84504663043907
995 1.84450630912364
996 1.84368188663889
997 1.84258969471053
998 1.8412486197598
999 1.83967982886721
1000 1.83790647739379
1001 1.83595340196519
1002 1.83384680259246
1003 1.83161391772821
1004 1.82928269603902
1005 1.82688146861558
1006 1.82443862524298
1007 1.82198229821689
1008 1.81954005701943
1009 1.81713861696427
1010 1.8148035646868
1011 1.81255910309603
1012 1.81042781812237
1013 1.80843046929517
1014 1.80658580586813
1015 1.80491040988384
1016 1.80341856723507
1017 1.80212216744327
1018 1.80103063253805
1019 1.8001508750892
1020 1.79948728511849
1021 1.7990417453049
1022 1.79881367359857
1023 1.79880009207703
1024 1.79899572061606
1025 1.79939309370856
1026 1.79998269855042
1027 1.80075313232425
1028 1.80169127645146
1029 1.80278248545152
1030 1.804010787945
1031 1.80535909726485
1032 1.80680942909815
1033 1.80834312356768
1034 1.80994106917908
1035 1.81158392610423
1036 1.81325234634217
1037 1.81492718839655
1038 1.8165897242285
1039 1.81822183638655
1040 1.81980620337721
1041 1.82132647151893
1042 1.82276741171694
1043 1.82411505980272
1044 1.82535683929869
1045 1.82648166569219
1046 1.82748003153115
1047 1.82834407188361
1048 1.82906760993276
1049 1.82964618270501
1050 1.83007704714887
1051 1.83035916699473
1052 1.83049318102791
1053 1.83048135359719
1054 1.83032750835719
1055 1.83003694640359
1056 1.82961635010386
1057 1.82907367405159
1058 1.82841802467928
1059 1.82765953015117
1060 1.82680920222453
1061 1.82587879181385
1062 1.8248806400186
1063 1.8238275263806
1064 1.82273251612334
1065 1.82160880809222
1066 1.82046958506365
1067 1.81932786802226
1068 1.81819637592107
1069 1.81708739234049
1070 1.81601264034925
1071 1.81498316674711
1072 1.81400923673464
1073 1.81310023991389
1074 1.81226460837491
1075 1.81150974747011
1076 1.81084197972267
1077 1.81026650215813
1078 1.80978735719236
1079 1.80940741705526
1080 1.80912838158033
1081 1.808950789046
1082 1.80887403961819
1083 1.80889643081527
1084 1.80901520429766
1085 1.80922660317698
1086 1.80952593894292
1087 1.80990766702255
1088 1.81036546991587
1089 1.81089234679432
1090 1.81148070840535
1091 1.8121224760967
1092 1.81280918375847
1093 1.81353208147903
1094 1.8142822397224
1095 1.81505065285906
1096 1.81582834091896
1097 1.81660644848386
1098 1.81737633969515
1099 1.81812968842235
1100 1.81885856271539
1101 1.81955550274917
1102 1.8202135915612
1103 1.82082651798067
1104 1.82138863124908
1105 1.82189498693733
1106 1.82234138387069
1107 1.82272439187994
1108 1.82304137030336
1109 1.82329047726872
1110 1.82347066988569
1111 1.82358169557684
1112 1.82362407486749
1113 1.82359907604167
1114 1.82350868215083
1115 1.82335555093479
1116 1.82314296827861
1117 1.82287479588491
1118 1.82255541388827
1119 1.82218965917575
1120 1.82178276020604
1121 1.82134026913841
1122 1.82086799209186
1123 1.82037191835492
1124 1.81985814935743
1125 1.81933282819754
1126 1.81880207049114
1127 1.81827189727673
1128 1.8177481706675
1129 1.81723653289428
1130 1.81674234932915
1131 1.81627065602074
1132 1.81582611220821
1133 1.81541295821458
1134 1.8150349790497
1135 1.81469547398188
1136 1.81439723226428
1137 1.81414251512949
1138 1.8139330440928
1139 1.81376999553458
1140 1.8136540014624
1141 1.81358515628824
1142 1.81356302939332
1143 1.81358668319467
1144 1.81365469637392
1145 1.81376519188014
1146 1.81391586927539
1147 1.81410404095454
1148 1.81432667173974
1149 1.81458042132522
1150 1.8148616890297
1151 1.81516666030198
1152 1.81549135441982
1153 1.81583167282303
1154 1.81618344752914
1155 1.81654248909268
1156 1.81690463358818
1157 1.81726578812068
1158 1.81762197439659
1159 1.81796936992108
1160 1.81830434642533
1161 1.81862350516791
1162 1.81892370879806
1163 1.81920210951475
1164 1.81945617330316
1165 1.81968370007919
1166 1.81988283962242
1167 1.82005210322741
1168 1.82019037105265
1169 1.82029689519464
1170 1.82037129856127
1171 1.82041356966325
1172 1.82042405348484
1173 1.82040343863416
1174 1.82035274100988
1175 1.82027328425347
1176 1.820166677285
1177 1.82003478924553
1178 1.81987972218935
1179 1.81970378188584
1180 1.81950944710239
1181 1.81929933774744
1182 1.81907618225553
1183 1.81884278459514
1184 1.81860199127454
1185 1.81835665871156
1186 1.81810962131952
1187 1.81786366064529
1188 1.81762147587463
1189 1.81738565599728
1190 1.8171586538984
1191 1.81694276261459
1192 1.81674009396301
1193 1.81655255972046
1194 1.8163818554963
1195 1.81622944740996
1196 1.81609656164961
1197 1.81598417695479
1198 1.81589302003233
1199 1.81582356388209
1200 1.81577602897739
