1 2
2 2
3 2
4 2
5 2
6 2
7 2
8 2
9 2
10 2
11 2
12 2
13 2
14 2
15 2
16 2
17 2
18 2
19 2
20 2
21 2
22 2
23 2
24 2
25 2
26 2
27 2
28 2
29 2
30 2.25
31 2.27677702702703
32 2.30380405405405
33 2.33083108108108
34 2.35785810810811
35 2.38488513513513
36 2.41191216216216
37 2.43893918918919
38 2.46596621621622
39 2.49299324324324
40 2.51801986780997
41 2.53945762647728
42 2.55767628732553
43 2.57296044171741
44 2.58553100230442
45 2.59555931611957
46 2.60317815701947
47 2.60849028646706
48 2.61157512026476
49 2.61249392000381
50 2.61130984186231
51 2.60811479006502
52 2.60303177298107
53 2.59620327400036
54 2.58778329789314
55 2.57793200965295
56 2.56681220702001
57 2.55458707671914
58 2.54141883804692
59 2.52746799000716
60 2.51289283228014
61 2.49784884042166
62 2.4824877139081
63 2.46695624417415
64 2.45139518930283
65 2.43593825396443
66 2.420711218374
67 2.40583122707592
68 2.3914062297379
69 2.377534556698
70 2.36430460930079
71 2.35179464866629
72 2.34007267382866
73 2.32919638600926
74 2.31921323778293
75 2.31016056531289
76 2.30206580030821
77 2.29494675676037
78 2.28881198624665
79 2.28366119478471
80 2.27948571387371
81 2.27626901835396
82 2.27398728390011
83 2.2726099771923
84 2.27210047201821
85 2.27241668474112
86 2.27351172274812
87 2.27533453969254
88 2.27783059158365
89 2.28094248806153
90 2.28461063352514
91 2.28877385314982
92 2.29336999922724
93 2.29833653367744
94 2.30361108301151
95 2.30913196245944
96 2.31483866641686
97 2.32067232280319
98 2.32657610935955
99 2.33249563034423
100 2.33837925250384
101 2.34417839960589
102 2.34984780521128
103 2.35534572373945
104 2.36063410023354
105 2.36567869956434
106 2.37044919612007
107 2.37491922531132
108 2.37906639847671
109 2.38287228300378
110 2.38632234968071
111 2.38940588946825
112 2.3921159020261
113 2.39444895844624
114 2.39640504073588
115 2.3979873606567
116 2.39920216056557
117 2.40005849891509
118 2.40056802306281
119 2.40074473200568
120 2.40060473160383
121 2.40016598478568
122 2.39944805913736
123 2.39847187417384
124 2.39725945047035
125 2.39583366270092
126 2.39421799848877
127 2.39243632482256
128 2.39051266363474
129 2.38847097797487
130 2.38633497004448
131 2.38412789219106
132 2.38187237178967
133 2.37959025077275
134 2.37730244040302
135 2.37502879172204
136 2.37278798195053
137 2.37059741696497
138 2.3684731498311
139 2.36642981523854
140 2.36448057955307
141 2.36263710608457
142 2.3609095350596
143 2.35930647768939
144 2.35783502363523
145 2.35650076109619
146 2.35530780867703
147 2.35425885813804
148 2.35335522708347
149 2.35259692060985
150 2.35198270091121
151 2.3515101638232
152 2.3511758212827
153 2.35097518868356
154 2.35090287612103
155 2.35095268253788
156 2.35111769181261
157 2.35139036986473
158 2.35176266189217
159 2.35222608890208
160 2.35277184274664
161 2.35339087893015
162 2.35407400651186
163 2.35481197448949
164 2.3555955541113
165 2.35641561662876
166 2.3572632060665
167 2.35812960665174
168 2.35900640460967
169 2.35988554409542
170 2.36075937709515
171 2.36162070718982
172 2.36246282713277
173 2.36327955024827
174 2.36406523571035
175 2.3648148078105
176 2.36552376936864
177 2.36618820948343
178 2.36680480585617
179 2.36737082195644
180 2.36788409932764
181 2.36834304535619
182 2.36874661684978
183 2.3690942997878
184 2.36938608562018
185 2.3696224445008
186 2.369804295847
187 2.36993297661917
188 2.37001020771261
189 2.37003805884954
190 2.3700189123511
191 2.3699554261587
192 2.36985049646101
193 2.36970722026706
194 2.36952885824865
195 2.36931879815545
196 2.36908051908548
197 2.36881755687115
198 2.36853347081774
199 2.36823181200702
200 2.36791609335408
201 2.36758976158051
202 2.36725617124177
203 2.36691856092204
204 2.36658003168505
205 2.36624352784539
206 2.36591182010176
207 2.36558749105085
208 2.36527292307958
209 2.3649702886128
210 2.36468154267501
211 2.36440841770674
212 2.36415242056036
213 2.36391483158509
214 2.36369670569846
215 2.36349887532921
216 2.36332195510741
217 2.36316634816874
218 2.36303225393333
219 2.36291967721442
220 2.36282843850818
221 2.36275818531406
222 2.36270840433405
223 2.36267843439995
224 2.36266747997919
225 2.36267462511316
226 2.3626988476458
227 2.36273903360517
228 2.36279399160714
229 2.36286246715646
230 2.36294315672863
231 2.36303472152353
232 2.36313580079071
233 2.36324502463498
234 2.36336102622044
235 2.36348245330047
236 2.36360797901067
237 2.36373631187192
238 2.36386620495942
239 2.36399646420404
240 2.36412595580069
241 2.3642536127079
242 2.36437844023117
243 2.36449952069114
244 2.36461601718494
245 2.36472717645699
246 2.36483233090176
247 2.36493089972756
248 2.36502238931588
249 2.36510639281592
250 2.36518258901842
251 2.36525074055668
252 2.36531069148577
253 2.36536236429387
254 2.36540575640124
255 2.36544093620403
256 2.36546803872108
257 2.36548726090177
258 2.3654988566533
259 2.36550313164466
260 2.36550043794371
261 2.36549116854202
262 2.36547575182034
263 2.36545464600511
264 2.36542833366407
265 2.3653973162857
266 2.36536210898475
267 2.36532323537221
268 2.36528122262491
269 2.3652365967865
270 2.36518987832743
271 2.36514157798849
272 2.36509219292815
273 2.36504220319064
274 2.36499206850798
275 2.36494222544554
276 2.36489308489728
277 2.36484502993365
278 2.36479841400171
279 2.36475355947422
280 2.36471075654163
281 2.36467026243815
282 2.36463230099085
283 2.36459706247851
284 2.3645647037849
285 2.36453534882965
286 2.36450908925822
287 2.36448598537133
288 2.36446606727319
289 2.36444933621707
290 2.36443576612628
291 2.36442530526816
292 2.36441787805871
293 2.36441338697539
294 2.36441171455612
295 2.36441272546267
296 2.36441626858744
297 2.36442217918332
298 2.36443028099714
299 2.36444038838823
300 2.36445230841492
301 2.36446584287264
302 2.36448079026888
303 2.36449694772138
304 2.36451411276751
305 2.36453208507394
306 2.36455066803734
307 2.36456967026822
308 2.36458890695135
309 2.36460820107775
310 2.36462738454448
311 2.36464629911985
312 2.36466479727296
313 2.36468274286764
314 2.36470001172211
315 2.3647164920366
316 2.36473208469241
317 2.36474670342657
318 2.3647602748873
319 2.36477273857599
320 2.36478404668242
321 2.36479416382008
322 2.36480306666934
323 2.3648107435363
324 2.36481719383563
325 2.36482242750579
326 2.36482646436534
327 2.36482933341884
328 2.36483107212105
329 2.36483172560794
330 2.36483134590273
331 2.36482999110521
332 2.36482772457216
333 2.36482461409624
334 2.36482073109056
335 2.36481614978557
336 2.36481094644447
337 2.36480519860292
338 2.36479898433815
339 2.36479238157237
340 2.36478546741434
341 2.36477831754297
342 2.36477100563582
343 2.36476360284506
344 2.3647561773229
345 2.36474879379782
346 2.36474151320262
347 2.36473439235469
348 2.36472748368843
349 2.36472083503941
350 2.36471448947929
351 2.36470848520031
352 2.36470285544758
353 2.36469762849735
354 2.36469282767892
355 2.36468847143766
356 2.36468457343658
357 2.36468114269327
358 2.36467818374942
359 2.36467569686959
360 2.36467367826601
361 2.36467212034612
362 2.36467101197952
363 2.36467033878102
364 2.36467008340647
365 2.36467022585824
366 2.36467074379715
367 2.36467161285789
368 2.36467280696504
369 2.36467429864687
370 2.36467605934454
371 2.36467805971407
372 2.36468026991909
373 2.36468265991217
374 2.36468519970312
375 2.36468785961244
376 2.36469061050878
377 2.36469342402903
378 2.36469627278011
379 2.3646991305219
380 2.36470197233042
381 2.36470477474122
382 2.36470751587259
383 2.36471017552874
384 2.36471273528306
385 2.3647151785418
386 2.36471749058876
387 2.36471965861145
388 2.36472167170967
389 2.36472352088721
390 2.36472519902774
391 2.36472670085586
392 2.36472802288452
393 2.36472916334989
394 2.36473012213499
395 2.36473090068321
396 2.36473150190318
397 2.36473193006606
398 2.36473219069667
399 2.36473229045968
400 2.11473229045968
401 2.06117803839673
402 2.00712365111265
403 1.95306913863693
404 1.89901451153755
405 1.84495978080196
406 1.79090495772089
407 1.7368500537756
408 1.68279508052956
409 1.62874004952519
410 1.57668537421909
411 1.52843378829331
412 1.4839789828714
413 1.44332266619035
414 1.40646834560395
415 1.37342082503132
416 1.34418581685211
417 1.3187696445486
418 1.29717901579364
419 1.27942085018317
420 1.2654861428791
421 1.25532444694314
422 1.24883980977369
423 1.24590059710392
424 1.24634707979177
425 1.24999733275991
426 1.25665182520536
427 1.26609699591907
428 1.27810804143265
429 1.29245109346886
430 1.30888505054304
431 1.32716346110696
432 1.34703666512221
433 1.36825408955853
434 1.39056653362658
435 1.41372834502928
436 1.43749943258518
437 1.46164708991747
438 1.48594762389007
439 1.51018779326653
440 1.53416606890689
441 1.55769372630351
442 1.58059577633961
443 1.60271173565906
444 1.62389623659919
445 1.64401947749704
446 1.66296751600828
447 1.68064241011194
448 1.69696221330552
449 1.71186083193781
450 1.72528775363318
451 1.73720765638935
452 1.74759990830522
453 1.75645796814418
454 1.76378869713073
455 1.7696115925318
456 1.77395795367417
457 1.77686999107934
458 1.77839988934138
459 1.77860883422597
460 1.77756601423053
461 1.77534760652385
462 1.77203575678764
463 1.76771756202484
464 1.76248406488786
465 1.75642926752481
466 1.74964917234825
467 1.74224085650755
468 1.73430158619793
469 1.7259279762732
470 1.71721519995145
471 1.70825625272063
472 1.69914127386839
473 1.68995692838598
474 1.6807858513328
475 1.67170615610302
476 1.66279100741205
477 1.65410825922339
478 1.64572015726901
479 1.63768310528212
480 1.63004749356251
481 1.62285758803496
482 1.61615147754082
483 1.60996107672475
484 1.60431218154286
485 1.59922457412611
486 1.59471217348386
487 1.59078322832673
488 1.58744054812529
489 1.58468176839976
490 1.58249964615582
491 1.58088238134047
492 1.57981396018806
493 1.57927451635885
494 1.57924070583744
495 1.57968609165483
496 1.58058153462272
497 1.58189558641951
498 1.58359488154159
499 1.58564452482832
500 1.58800847148149
501 1.59064989672792
502 1.59353155251359
503 1.59661610886724
504 1.59986647782804
505 1.60324611809263
506 1.60671931879978
507 1.61025146113324
508 1.6138092566832
509 1.61736096176178
510 1.6208765671163
511 1.62432796272412
512 1.62768907758276
513 1.63093599462741
514 1.63404704111365
515 1.63700285499533
516 1.6397864280044
517 1.64238312630161
518 1.64478068971242
519 1.64696921069202
520 1.64894109427579
521 1.65069100036765
522 1.65221576979804
523 1.65351433564581
524 1.65458762136544
525 1.65543842729167
526 1.65607130710974
527 1.65649243588096
528 1.65670947120109
529 1.65673140904401
530 1.65656843580628
531 1.65623177802003
532 1.65573355114393
533 1.65508660877472
534 1.6543043935471
535 1.65340079090795
536 1.65238998686342
537 1.65128633070473
538 1.65010420362316
539 1.64885789402528
540 1.64756148025965
541 1.64622872136477
542 1.64487295634711
543 1.64350701239808
544 1.64214312236062
545 1.64079285166052
546 1.63946703482505
547 1.63817572162304
548 1.63692813277653
549 1.6357326251146
550 1.63459666596644
551 1.63352681652204
552 1.63252872382703
553 1.63160712102167
554 1.63076583538434
555 1.63000780369649
556 1.62933509440885
557 1.62874893605835
558 1.6282497513608
559 1.62783719638635
560 1.62751020421287
561 1.62726703244607
562 1.62710531399464
563 1.62702211049316
564 1.62701396777541
565 1.62707697281451
566 1.62720681156507
567 1.6273988271647
568 1.62764807797777
569 1.62794939499343
570 1.62829743812118
571 1.62868675096084
572 1.6291118136595
573 1.62956709350483
574 1.63004709294213
575 1.63054639474117
576 1.63105970407773
577 1.63158188733373
578 1.63210800745816
579 1.63263335576901
580 1.63315348011305
581 1.63366420933592
582 1.63416167404916
583 1.63464232371312
584 1.63510294008509
585 1.63554064711083
586 1.63595291736339
587 1.63633757515781
588 1.6366927964912
589 1.63701710597749
590 1.63730937096255
591 1.63756879301968
592 1.63779489703741
593 1.63798751812068
594 1.63814678653361
595 1.63827311091659
596 1.63836716001302
597 1.63842984314091
598 1.63846228964324
599 1.63846582754703
600 1.63844196165565
601 1.63839235129192
602 1.63831878790094
603 1.63822317271169
604 1.63810749464533
605 1.63797380864617
606 1.63782421459824
607 1.63766083697658
608 1.63748580536854
609 1.63730123598543
610 1.63710921427
611 1.63691177869059
612 1.63671090579736
613 1.63650849660161
614 1.6363063643243
615 1.6361062235461
616 1.63590968077711
617 1.63571822645186
618 1.63553322834207
619 1.63535592636861
620 1.63518742878242
621 1.63502870967462
622 1.63488060776645
623 1.63474382642145
624 1.63461893481493
625 1.6345063701892
626 1.63440644111771
627 1.63431933169662
628 1.6342451065786
629 1.63418371676122
630 1.63413500604025
631 1.63409871803745
632 1.63407450371211
633 1.63406192926656
634 1.634060484357
635 1.63406959052317
636 1.63408860975329
637 1.63411685310363
638 1.63415358929618
639 1.63419805322205
640 1.63424945428278
641 1.63430698450691
642 1.63436982638419
643 1.63443716036549
644 1.63450817198205
645 1.63458205854319
646 1.63465803537773
647 1.63473534158995
648 1.63481324530649
649 1.63489104839648
650 1.63496809065239
651 1.63504375342451
652 1.63511746270697
653 1.63518869167802
654 1.63525696270178
655 1.63532184880298
656 1.63538297463001
657 1.63544001692524
658 1.6354927045247
659 1.63554081791216
660 1.63558418835509
661 1.63562269665197
662 1.63565627152247
663 1.63568488767313
664 1.63570856357234
665 1.63572735896903
666 1.63574137219003
667 1.63575073725085
668 1.63575562081456
669 1.63575621903285
670 1.63575275430249
671 1.63574547196952
672 1.6357346370121
673 1.63572053073145
674 1.63570344747893
675 1.63568369144516
676 1.63566157353546
677 1.63563740835374
678 1.63561151131489
679 1.63558419590349
680 1.63555577109457
681 1.63552653894994
682 1.63549679240119
683 1.63546681322857
684 1.63543687024246
685 1.63540721767248
686 1.63537809376671
687 1.63534971960208
688 1.63532229810478
689 1.63529601327797
690 1.63527102963229
691 1.63524749181347
692 1.63522552441956
693 1.63520523199936
694 1.63518669922251
695 1.63516999121056
696 1.63515515401767
697 1.63514221524896
698 1.63513118480377
699 1.63512205573106
700 1.63511480518337
701 1.63510939545627
702 1.63510577509963
703 1.63510388008753
704 1.63510363503362
705 1.63510495443911
706 1.6351077439611
707 1.6351119016891
708 1.63511731941866
709 1.63512388391111
710 1.63513147812955
711 1.6351399824417
712 1.63514927578105
713 1.63515923675873
714 1.63516974471901
715 1.63518068073254
716 1.63519192852208
717 1.63520337531642
718 1.63521491262892
719 1.63522643695812
720 1.63523785040846
721 1.63524906123016
722 1.63525998427777
723 1.63527054138796
724 1.63528066167746
725 1.63529028176298
726 1.63529934590522
727 1.63530780607988
728 1.63531562197892
729 1.6353227609457
730 1.63532919784812
731 1.63533491489419
732 1.63533990139449
733 1.63534415347656
734 1.63534767375614
735 1.6353504709703
736 1.63535255957773
737 1.63535395933132
738 1.63535469482809
739 1.63535479504158
740 1.63535429284169
741 1.63535322450664
742 1.63535162923163
743 1.63534954863871
744 1.63534702629191
745 1.63534410722142
746 1.63534083746057
747 1.6353372635988
748 1.63533343235352
749 1.63532939016374
750 1.63532518280757
751 1.63532085504564
752 1.63531645029231
753 1.63531201031567
754 1.63530757496768
755 1.63530318194496
756 1.63529886658076
757 1.63529466166814
758 1.63529059731435
759 1.6352867008258
760 1.63528299662322
761 1.63527950618594
762 1.63527624802427
763 1.63527323767881
764 1.63527048774516
765 1.63526800792253
766 1.63526580508452
767 1.63526388337033
768 1.63526224429454
769 1.63526088687347
770 1.63525980776625
771 1.63525900142853
772 1.63525846027689
773 1.63525817486197
774 1.63525813404835
775 1.63525832519938
776 1.6352587343649
777 1.63525934647036
778 1.63526014550546
779 1.63526111471079
780 1.63526223676097
781 1.6352634939429
782 1.63526486832786
783 1.63526634193638
784 1.63526789689468
785 1.63526951558199
786 1.63527118076785
787 1.6352728757388
788 1.63527458441388
789 1.63527629144865
790 1.63527798232731
791 1.63527964344293
792 1.63528126216557
793 1.63528282689847
794 1.63528432712238
795 1.63528575342836
796 1.63528709753935
797 1.63528835232082
798 1.6352895117812
799 1.63529057106245
800 1.88529057106245
801 1.89867993335718
802 1.91219418747145
803 1.92570833281307
804 1.93922236975175
805 1.95273629956494
806 1.96625012437866
807 1.97976384710429
808 1.99327747137196
809 2.00679100146133
810 2.01830404741462
811 2.02633528606994
812 2.03143621256762
813 2.0340345667131
814 2.03446347080715
815 2.03298234786123
816 2.02979321608241
817 2.02505338125989
818 2.01888532331371
819 2.01138439725057
820 2.0026408380439
821 1.99276728183541
822 1.98190026825393
823 1.97018770873885
824 1.95778074946568
825 1.94482867905923
826 1.93147593245477
827 1.91786051288195
828 1.90411335128447
829 1.89035826571402
830 1.87671215855225
831 1.86328502085203
832 1.85017957516705
833 1.83749072533616
834 1.82530501111649
835 1.81370016620142
836 1.80274481795486
837 1.79249833242106
838 1.78301078972448
839 1.77432306671288
840 1.76646700255545
841 1.75946562816183
842 1.75333344876933
843 1.7480767755395
844 1.74369410427785
845 1.74017653894514
846 1.73750825626035
847 1.73566700631684
848 1.73462464314515
849 1.73434767867263
850 1.73479785350969
851 1.73593271830137
852 1.73770621984502
853 1.74006928664312
854 1.74297040896953
855 1.7463562088774
856 1.75017199589541
857 1.75436230447399
858 1.75887140957384
859 1.76364381714242
860 1.76862472660056
861 1.7737604628523
862 1.77899887572883
863 1.78428970517328
864 1.78958491086073
865 1.79483896532413
866 1.80000911001892
867 1.80505557410574
868 1.80994175606016
869 1.81463436852963
870 1.81910354714953
871 1.82332292430024
872 1.82726966903528
873 1.83092449463464
874 1.83427163543729
875 1.8372987947822
876 1.83999706603705
877 1.84236082881912
878 1.84438762261318
879 1.84607800006762
880 1.84743536230265
881 1.84846577859444
882 1.84917779280713
883 1.84958221893227
884 1.84969192806288
885 1.84952162907939
886 1.84908764525724
887 1.84840768892384
888 1.84750063619617
889 1.84638630372154
890 1.84508522922538
891 1.84361845754102
892 1.84200733366086
893 1.84027330420671
894 1.83843772857041
895 1.83652170082711
896 1.83454588337273
897 1.83253035308623
898 1.8304944606679
899 1.82845670365732
900 1.82643461349109
901 1.82444465682121
902 1.82250215118099
903 1.82062119495837
904 1.81881461151619
905 1.81709390718615
906 1.81546924275946
907 1.81394941800144
908 1.81254186863116
909 1.81125267513005
910 1.81008658267636
911 1.80904703144408
912 1.80813619645695
913 1.80735503614941
914 1.8067033487567
915 1.80617983563618
916 1.80578217061019
917 1.80550707441753
918 1.80535039336547
919 1.8053071812865
920 1.80537178392324
921 1.80553792489064
922 1.80579879239655
923 1.8061471259384
924 1.80657530223565
925 1.80707541970349
926 1.80763938082261
927 1.80825897181206
928 1.80892593906683
929 1.80963206187808
930 1.81036922101121
931 1.81112946277505
932 1.81190505827351
933 1.81268855758849
934 1.81347283869974
935 1.81425115100253
936 1.81501715333769
937 1.8157649465
938 1.81648910024003
939 1.81718467482075
940 1.81784723723356
941 1.81847287221861
942 1.81905818827097
943 1.81960031884738
944 1.82009691901825
945 1.82054615783509
946 1.82094670670641
947 1.82129772409324
948 1.82159883685065
949 1.82185011855299
950 1.82205206514832
951 1.82220556829219
952 1.82231188671192
953 1.82237261595115
954 1.82238965683923
955 1.82236518302305
956 1.82230160788871
957 1.82220155118854
958 1.82206780567442
959 1.82190330402267
960 1.82171108631788
961 1.82149426834414
962 1.8212560109122
963 1.82099949042976
964 1.82072787090085
965 1.82044427751777
966 1.82015177198711
967 1.81985332970874
968 1.81955181890476
969 1.81924998177323
970 1.8189504177206
971 1.81865556870583
972 1.81836770670945
973 1.81808892332198
974 1.81782112142825
975 1.81756600894749
976 1.8173250945736
977 1.81709968544582
978 1.81689088666729
979 1.81669960257748
980 1.81652653967453
981 1.81637221107483
982 1.81623694239019
983 1.81612087889697
984 1.8160239938673
985 1.81594609792939
986 1.81588684932225
987 1.81584576490966
988 1.81582223181872
989 1.81581551957043
990 1.81582479257223
991 1.81584912284662
992 1.81588750287425
993 1.81593885843564
994 1.81600206134174
995 1.81607594195027
996 1.81615930137221
997 1.81625092328046
998 1.81634958524072
999 1.81645406949306
1000 1.81656317312116
1001 1.81667571755462
1002 1.81679055735855
1003 1.8169065882731
1004 1.81702275447391
1005 1.81713805503274
1006 1.81725154956552
1007 1.81736236306264
1008 1.8174696899035
1009 1.8175727970644
1010 1.81767102653503
1011 1.81776379696502
1012 1.81785060456723
1013 1.81793102330962
1014 1.81800470443176
1015 1.81807137532595
1016 1.81813083782634
1017 1.81818296595204
1018 1.81822770315252
1019 1.81826505910539
1020 1.81829510611752
1021 1.81831797518152
1022 1.81833385173959
1023 1.81834297120638
1024 1.81834561430215
1025 1.81834210224603
1026 1.8183327918581
1027 1.81831807061691
1028 1.81829835171713
1029 1.81827406916959
1030 1.81824567298342
1031 1.81821362446708
1032 1.81817839168219
1033 1.81814044508099
1034 1.81810025335489
1035 1.81805827951856
1036 1.8180149772504
1037 1.81797078750722
1038 1.81792613542744
1039 1.81788142753404
1040 1.81783704924519
1041 1.81779336269772
1042 1.81775070488513
1043 1.81770938610965
1044 1.81766968874481
1045 1.81763186630256
1046 1.81759614279687
1047 1.81756271239345
1048 1.81753173933338
1049 1.81750335811677
1050 1.81747767393118
1051 1.81745476330792
1052 1.81743467498877
1053 1.81741743098433
1054 1.81740302780489
1055 1.81739143784407
1056 1.81738261089539
1057 1.8173764757815
1058 1.81737294207651
1059 1.81737190190136
1060 1.81737323177332
1061 1.81737679449067
1062 1.8173824410348
1063 1.81739001247227
1064 1.81739934184085
1065 1.81741025600404
1066 1.81742257745992
1067 1.81743612609141
1068 1.81745072084589
1069 1.81746618133369
1070 1.81748232933607
1071 1.8174989902145
1072 1.81751599421459
1073 1.81753317765889
1074 1.81755038402453
1075 1.8175674649023
1076 1.8175842808355
1077 1.81760070203765
1078 1.81761660898932
1079 1.81763189291552
1080 1.8176464561458
1081 1.81766021236021
1082 1.81767308672515
1083 1.81768501592375
1084 1.81769594808603
1085 1.817705842625
1086 1.81771466998475
1087 1.81772241130774
1088 1.81772905802809
1089 1.81773461139848
1090 1.81773908195819
1091 1.81774248894991
1092 1.81774485969305
1093 1.81774622892125
1094 1.81774663809165
1095 1.81774613467327
1096 1.81774477142178
1097 1.81774260564752
1098 1.81773969848344
1099 1.81773611415921
1100 1.81773191928732
1101 1.81772718216678
1102 1.81772197210929
1103 1.81771635879257
1104 1.81771041164485
1105 1.81770419926419
1106 1.81769778887574
1107 1.81769124582954
1108 1.81768463314104
1109 1.81767801107597
1110 1.81767143678076
1111 1.81766496395933
1112 1.81765864259637
1113 1.81765251872727
1114 1.81764663425393
1115 1.81764102680577
1116 1.81763572964465
1117 1.81763077161221
1118 1.8176261771178
1119 1.817621966165
1120 1.81761815441436
1121 1.81761475328006
1122 1.81761177005766
1123 1.81760920808036
1124 1.81760706690085
1125 1.81760534249584
1126 1.81760402749033
1127 1.81760311139863
1128 1.81760258087922
1129 1.81760242000049
1130 1.81760261051454
1131 1.81760313213623
1132 1.8176039628249
1133 1.81760507906611
1134 1.817606456151
1135 1.81760806845113
1136 1.8176098896865
1137 1.81761189318498
1138 1.81761405213127
1139 1.81761633980391
1140 1.81761872979889
1141 1.81762119623866
1142 1.81762371396555
1143 1.81762625871877
1144 1.81762880729435
1145 1.81763133768749
1146 1.81763382921718
1147 1.81763626263281
1148 1.81763862020292
1149 1.81764088578624
1150 1.81764304488534
1151 1.81764508468336
1152 1.81764699406447
1153 1.81764876361861
1154 1.81765038563149
1155 1.81765185406048
1156 1.81765316449759
1157 1.81765431412043
1158 1.8176553016321
1159 1.81765612719135
1160 1.81765679233395
1161 1.81765729988639
1162 1.81765765387324
1163 1.81765785941907
1164 1.81765792264624
1165 1.81765785056953
1166 1.81765765098879
1167 1.8176573323805
1168 1.81765690378936
1169 1.81765637472071
1170 1.81765575503483
1171 1.81765505484369
1172 1.81765428441109
1173 1.81765345405684
1174 1.81765257406545
1175 1.81765165460005
1176 1.81765070562191
1177 1.8176497368159
1178 1.81764875752237
1179 1.81764777667549
1180 1.81764680274841
1181 1.81764584370525
1182 1.81764490695997
1183 1.81764399934221
1184 1.81764312706983
1185 1.81764229572823
1186 1.81764151025615
1187 1.8176407749377
1188 1.81764009340057
1189 1.81763946861972
1190 1.8176389029267
1191 1.81763839802377
1192 1.81763795500281
1193 1.81763757436834
1194 1.81763725606444
1195 1.81763699950493
1196 1.81763680360655
1197 1.81763666682463
1198 1.8176365871908
1199 1.81763656235231
1200 1.81763658961256
