1 2
2 2
3 2
4 2
5 2
6 2
7 2
8 2
9 2
10 2
11 2
12 2
13 2
14 2
15 2
16 2
17 2
18 2
19 2
20 2
21 2
22 2
23 2
24 2
25 2
26 2
27 2
28 2
29 2
30 2.2
31 2.184
32 2.2
33 2.216
34 2.232
35 2.248
36 2.264
37 2.28
38 2.296
39 2.312
40 2.32737702
41 2.3418352414
42 2.3556160085936
43 2.36873341392498
44 2.3812119108279
45 2.39306893313237
46 2.40431652577147
47 2.41496261114953
48 2.42501197189866
49 2.43446701289689
50 2.44333029203405
51 2.4516069749507
52 2.45930412632656
53 2.46642977998906
54 2.47299291883118
55 2.47900333573916
56 2.48447154968721
57 2.48940875096861
58 2.49382676558276
59 2.4977380318279
60 2.50115557828187
61 2.50409299037324
62 2.5065643658308
63 2.50858426696258
64 2.51016767233308
65 2.51132992812308
66 2.51208669993967
67 2.51245392542013
68 2.51244776780602
69 2.5120845705593
70 2.51138081305246
71 2.51035306739315
72 2.50901795649107
73 2.50739211348245
74 2.50549214260931
75 2.50333458163323
76 2.50093586584834
77 2.49831229374348
78 2.49547999435061
79 2.49245489630588
80 2.48925269864091
81 2.48588884331405
82 2.48237848948505
83 2.47873648953024
84 2.4749773667897
85 2.47111529503267
86 2.46716407962296
87 2.46313714036137
88 2.45904749597864
89 2.45490775024849
90 2.45073007968746
91 2.44652622280497
92 2.44230747086479
93 2.43808466011657
94 2.433868165454
95 2.42966789545444
96 2.42549328875322
97 2.42135331170446
98 2.41725645727893
99 2.41321074514883
100 2.40922372290807
101 2.40530246837663
102 2.40145359293646
103 2.39768324584674
104 2.39399711948558
105 2.39040045546574
106 2.38689805157177
107 2.38349426946624
108 2.38019304311341
109 2.37699788786877
110 2.37391191018382
111 2.37093781787589
112 2.36807793091394
113 2.36533419267172
114 2.36270818160105
115 2.36020112327868
116 2.35781390278166
117 2.3555470773468
118 2.35340088927166
119 2.35137527901522
120 2.34946989845804
121 2.34768412428292
122 2.34601707143867
123 2.34446760665068
124 2.34303436194378
125 2.34171574814421
126 2.34050996832891
127 2.3394150311921
128 2.33842876430034
129 2.33754882720896
130 2.33677272441428
131 2.33609781811736
132 2.33552134077676
133 2.33504040742913
134 2.33465202775792
135 2.33435311789211
136 2.33414051191812
137 2.33401097308965
138 2.33396120472137
139 2.33398786075409
140 2.33408755597995
141 2.33425687591794
142 2.3344923863309
143 2.33479064237671
144 2.33514819738749
145 2.33556161127164
146 2.33602745853496
147 2.33654233591803
148 2.33710286964788
149 2.33770572230355
150 2.33834759929538
151 2.33902525495942
152 2.33973549826885
153 2.34047519816531
154 2.3412412885137
155 2.34203077268503
156 2.34284072777213
157 2.34366830844435
158 2.34451075044724
159 2.34536537375455
160 2.34622958537976
161 2.34710088185536
162 2.34797685138816
163 2.34885517569958
164 2.34973363156027
165 2.35061009202836
166 2.35148252740155
167 2.35234900589292
168 2.35320769404101
169 2.35405685686457
170 2.3548948577729
171 2.35572015824234
172 2.3565313172702
173 2.35732699061676
174 2.35810592984667
175 2.35886698118061
176 2.35960908416827
177 2.36033127019369
178 2.36103266082373
179 2.36171246601056
180 2.36236998215881
181 2.36300459006802
182 2.36361575276061
183 2.36420301320576
184 2.36476599194907
185 2.365304384658
186 2.36581795959245
187 2.36630655501005
188 2.36677007651511
189 2.36720849436019
190 2.36762184070878
191 2.36801020686747
192 2.36837374049548
193 2.36871264279952
194 2.3690271657211
195 2.36931760912358
196 2.36958431798583
197 2.36982767960874
198 2.37004812084103
199 2.37024610533006
200 2.37042213080325
201 2.37057672638536
202 2.37071044995648
203 2.37082388555543
204 2.37091764083277
205 2.37099234455755
206 2.37104864418132
207 2.3710872034629
208 2.37110870015706
209 2.37111382376967
210 2.37110327338221
211 2.37107775554756
212 2.3710379822592
213 2.37098466899557
214 2.37091853284095
215 2.37084029068413
216 2.37075065749577
217 2.37065034468537
218 2.3705400585381
219 2.37042049873201
220 2.37029235693559
221 2.3701563154856
222 2.37001304614497
223 2.36986320894005
224 2.3697074510769
225 2.3695464059355
226 2.36938069214108
227 2.36921091271149
228 2.36903765427923
229 2.3688614863869
230 2.36868296085448
231 2.368502611217
232 2.36832095223065
233 2.36813847944584
234 2.36795566884511
235 2.36777297654403
236 2.36759083855306
237 2.36740967059839
238 2.36722986799942
239 2.36705180560094
240 2.36687583775764
241 2.36670229836879
242 2.36653150096083
243 2.36636373881553
244 2.36619928514148
245 2.3660383932866
246 2.36588129698937
247 2.36572821066651
248 2.36557932973481
249 2.36543483096482
250 2.36529487286426
251 2.36515959608882
252 2.36502912387823
253 2.36490356251545
254 2.36478300180683
255 2.36466751558124
256 2.364557162206
257 2.36445198511782
258 2.36435201336671
259 2.3642572621709
260 2.36416773348121
261 2.36408341655276
262 2.36400428852264
263 2.36393031499163
264 2.36386145060859
265 2.36379763965583
266 2.36373881663412
267 2.36368490684588
268 2.36363582697526
269 2.36359148566379
270 2.36355178408047
271 2.36351661648512
272 2.36348587078393
273 2.36345942907623
274 2.3634371681915
275 2.36341896021578
276 2.36340467300667
277 2.36339417069614
278 2.36338731418052
279 2.36338396159697
280 2.36338396878597
281 2.36338718973917
282 2.36339347703235
283 2.36340268224289
284 2.36341465635158
285 2.36342925012836
286 2.36344631450184
287 2.36346570091239
288 2.3634872616486
289 2.36351085016713
290 2.36353632139581
291 2.36356353202
292 2.36359234075232
293 2.36362260858572
294 2.36365419903003
295 2.36368697833222
296 2.36372081568042
297 2.36375558339198
298 2.36379115708584
299 2.36382741583941
300 2.36386424233026
301 2.36390152296303
302 2.36393914798172
303 2.36397701156794
304 2.3640150119253
305 2.3640530513505
306 2.36409103629132
307 2.36412887739223
308 2.36416648952777
309 2.36420379182426
310 2.3642407076704
311 2.36427716471702
312 2.36431309486656
313 2.36434843425281
314 2.36438312321125
315 2.36441710624052
316 2.36445033195558
317 2.3644827530329
318 2.36451432614825
319 2.36454501190757
320 2.36457477477126
321 2.36460358297257
322 2.36463140843033
323 2.36465822665663
324 2.36468401665979
325 2.36470876084316
326 2.36473244490008
327 2.36475505770545
328 2.36477659120435
329 2.36479704029812
330 2.36481640272815
331 2.364834678958
332 2.36485187205393
333 2.36486798756443
334 2.36488303339898
335 2.36489701970632
336 2.36490995875268
337 2.36492186480012
338 2.36493275398538
339 2.36494264419948
340 2.36495155496823
341 2.36495950733409
342 2.36496652373946
343 2.36497262791162
344 2.36497784474965
345 2.36498220021333
346 2.36498572121444
347 2.36498843551033
348 2.3649903716002
349 2.36499155862405
350 2.36499202626442
351 2.36499180465122
352 2.36499092426947
353 2.36498941587026
354 2.36498731038497
355 2.36498463884273
356 2.36498143229124
357 2.36497772172098
358 2.3649735379929
359 2.36496891176947
360 2.36496387344933
361 2.36495845310531
362 2.36495268042596
363 2.3649465846606
364 2.36494019456773
365 2.36493353836696
366 2.36492664369423
367 2.3649195375605
368 2.36491224631364
369 2.36490479560361
370 2.36489721035091
371 2.36488951471804
372 2.3648817320841
373 2.36487388502241
374 2.364865995281
375 2.36485808376593
376 2.36485017052743
377 2.36484227474864
378 2.364834414737
379 2.36482660791807
380 2.36481887083176
381 2.36481121913092
382 2.36480366758205
383 2.36479623006816
384 2.36478891959364
385 2.36478174829107
386 2.36477472742974
387 2.36476786742602
388 2.36476117785519
389 2.36475466746496
390 2.36474834419022
391 2.36474221516927
392 2.36473628676113
393 2.3647305645641
394 2.36472505343528
395 2.36471975751103
396 2.36471468022832
397 2.36470982434682
398 2.36470519197167
399 2.36470078457681
400 2.11470078457681
401 2.14669682915946
402 2.11469309959794
403 2.08268959508405
404 2.05068631430132
405 2.01868325545021
406 1.98668041627348
407 1.95467779408151
408 1.92267538577761
409 1.89067318788315
410 1.85944990853749
411 1.82933793079604
412 1.80005221458124
413 1.77164907209365
414 1.74414699975099
415 1.71756514049333
416 1.69192290899567
417 1.66723971108091
418 1.6435347359544
419 1.62082680463428
420 1.59913183604283
421 1.57846039074646
422 1.55881896078137
423 1.54021113322793
424 1.52263758126221
425 1.50609631140804
426 1.49058284721891
427 1.47609038275317
428 1.46260991308114
429 1.45013034724848
430 1.4386386153119
431 1.42811978409338
432 1.41855718066864
433 1.40993251474677
434 1.40222599845525
435 1.39541646406334
436 1.38948147907603
437 1.38439745856202
438 1.38013977467789
439 1.37668286341779
440 1.37400032863172
441 1.37206504330049
442 1.37084924798806
443 1.3703246463757
444 1.37046249779472
445 1.37123370668275
446 1.37260890889701
447 1.37455855482768
448 1.37705298926403
449 1.38006252797436
450 1.3835575309692
451 1.38750847242441
452 1.39188600724831
453 1.39666103428448
454 1.40180475614926
455 1.40728873571018
456 1.41308494921889
457 1.41916583611882
458 1.42550434555464
459 1.43207397961693
460 1.43884883336135
461 1.44580363164778
462 1.45291376284987
463 1.46015530949091
464 1.46750507586664
465 1.47494061272009
466 1.48244023903769
467 1.48998306103968
468 1.49754898844154
469 1.5051187480661
470 1.51267389488897
471 1.52019682060248
472 1.52767075978559
473 1.53507979376907
474 1.54240885228699
475 1.54964371300687
476 1.55677099903194
477 1.56377817446984
478 1.57065353816248
479 1.57738621567225
480 1.58396614961975
481 1.59038408846808
482 1.59663157384829
483 1.6027009265201
484 1.60858523106102
485 1.61427831937625
486 1.61977475312032
487 1.62506980512035
488 1.63015943988909
489 1.63504029331444
490 1.63970965161023
491 1.64416542961121
492 1.64840614849321
493 1.65243091299725
494 1.65623938823408
495 1.65983177614346
496 1.66320879168011
497 1.6663716387955
498 1.66932198628262
499 1.67206194354776
500 1.67459403637117
501 1.67692118271556
502 1.67904666863866
503 1.68097412436371
504 1.68270750055863
505 1.68425104487206
506 1.685609278772
507 1.68678697472951
508 1.68778913378783
509 1.68862096355419
510 1.68928785664919
511 1.68979536964578
512 1.69014920252758
513 1.69035517869341
514 1.6904192255327
515 1.69034735559388
516 1.69014564836533
517 1.68982023268642
518 1.68937726980366
519 1.6888229370848
520 1.68816341240175
521 1.6874048591908
522 1.68655341219692
523 1.68561516390679
524 1.68459615167338
525 1.68350234553312
526 1.68233963671503
527 1.6811138268394
528 1.67983061780228
529 1.67849560234025
530 1.67711425526878
531 1.67569192538609
532 1.67423382803306
533 1.6727450382987
534 1.67123048485956
535 1.66969494444036
536 1.66814303688222
537 1.66657922080408
538 1.66500778984184
539 1.66343286944946
540 1.66185841424502
541 1.66028820588474
542 1.65872585144693
543 1.65717478230784
544 1.65563825349051
545 1.65411934346783
546 1.65262095440046
547 1.65114581279014
548 1.6496964705288
549 1.64827530632373
550 1.64688452747894
551 1.64552617201313
552 1.64420211109429
553 1.64291405177147
554 1.64166353998413
555 1.64045196382976
556 1.6392805570707
557 1.63815040286114
558 1.63706243767601
559 1.6360174554232
560 1.63501611172142
561 1.63405892832611
562 1.63314629768625
563 1.63227848761538
564 1.63145564606072
565 1.63067780595433
566 1.62994489013137
567 1.62925671630043
568 1.62861300205168
569 1.62801336988929
570 1.62745735227468
571 1.62694439666809
572 1.62647387055634
573 1.62604506645522
574 1.62565720687559
575 1.62530944924265
576 1.6250008907587
577 1.62473057319997
578 1.62449748763888
579 1.62430057908353
580 1.62413875102684
581 1.62401086989823
582 1.6239157694114
583 1.62385225480216
584 1.6238191069509
585 1.62381508638473
586 1.62383893715486
587 1.62388939058528
588 1.62396516888932
589 1.62406498865098
590 1.62418756416868
591 1.62433161065916
592 1.62449584731997
593 1.62467900024929
594 1.62487980522217
595 1.62509701032281
596 1.62532937843274
597 1.62557568957508
598 1.62583474311567
599 1.62610535982171
600 1.62638638377937
601 1.6266766841717
602 1.62697515691874
603 1.62728072618175
604 1.62759234573394
605 1.62790900020005
606 1.62822970616764
607 1.62855351317289
608 1.62887950456401
609 1.62920679824546
610 1.6295345473064
611 1.6298619405369
612 1.63018820283545
613 1.63051259551165
614 1.63083441648776
615 1.63115300040309
616 1.63146771862524
617 1.63177797917211
618 1.63208322654883
619 1.63238294150365
620 1.63267664070692
621 1.63296387635732
622 1.63324423571934
623 1.63351734059623
624 1.63378284674247
625 1.63404044321969
626 1.63428985170028
627 1.63453082572241
628 1.63476314990056
629 1.63498663909519
630 1.63520113754562
631 1.6354065179695
632 1.63560268063273
633 1.63578955239324
634 1.6359670857221
635 1.63613525770537
636 1.63629406902978
637 1.63644354295564
638 1.6365837242797
639 1.63671467829127
640 1.636836489724
641 1.63694926170645
642 1.6370531147137
643 1.63714818552272
644 1.63723462617372
645 1.63731260293975
646 1.63738229530684
647 1.63744389496632
648 1.63749760482171
649 1.63754363801149
650 1.63758221694971
651 1.63761357238589
652 1.63763794248562
653 1.63765557193319
654 1.63766671105752
655 1.63767161498238
656 1.63767054280204
657 1.63766375678302
658 1.63765152159303
659 1.63763410355749
660 1.63761176994439
661 1.63758478827797
662 1.63755342568162
663 1.63751794825019
664 1.63747862045221
665 1.63743570456193
666 1.6373894601213
667 1.63734014343203
668 1.63728800707747
669 1.63723329947425
670 1.63717626445349
671 1.63711714087128
672 1.63705616224807
673 1.63699355643664
674 1.63692954531815
675 1.63686434452591
676 1.63679816319607
677 1.63673120374503
678 1.63666366167258
679 1.63659572539041
680 1.63652757607514
681 1.63645938754519
682 1.6363913261608
683 1.63632355074642
684 1.63625621253459
685 1.6361894551307
686 1.63612341449761
687 1.63605821895944
688 1.63599398922361
689 1.63593083842034
690 1.63586887215874
691 1.63580818859856
692 1.63574887853692
693 1.63569102550892
694 1.63563470590152
695 1.63557998907968
696 1.63552693752401
697 1.63547560697898
698 1.6354260466111
699 1.63537829917595
700 1.63533240119355
701 1.63528838313111
702 1.63524626959251
703 1.63520607951358
704 1.63516782636277
705 1.63513151834612
706 1.63509715861614
707 1.63506474548381
708 1.63503427263298
709 1.63500572933674
710 1.63497910067496
711 1.63495436775249
712 1.63493150791757
713 1.63491049497973
714 1.6348912994268
715 1.63487388864052
716 1.63485822711026
717 1.63484427664445
718 1.63483199657933
719 1.63482134398449
720 1.63481227386511
721 1.63480473936027
722 1.63479869193719
723 1.63479408158108
724 1.63479085698033
725 1.63478896570671
726 1.63478835439054
727 1.63478896889047
728 1.63479075445769
729 1.63479365589461
730 1.63479761770757
731 1.63480258425378
732 1.6348084998821
733 1.63481530906782
734 1.63482295654124
735 1.63483138741002
736 1.63484054727538
737 1.63485038234198
738 1.6348608395216
739 1.63487186653063
740 1.63488341198131
741 1.63489542546696
742 1.63490785764101
743 1.63492066029011
744 1.63493378640133
745 1.63494719022347
746 1.63496082732279
747 1.63497465463298
748 1.63498863049979
749 1.63500271472023
750 1.63501686857657
751 1.63503105486535
752 1.63504523792137
753 1.63505938363697
754 1.63507345947673
755 1.63508743448773
756 1.63510127930549
757 1.63511496615588
758 1.63512846885306
759 1.63514176279375
760 1.63515482494781
761 1.63516763384551
762 1.6351801695616
763 1.6351924136963
764 1.6352043493534
765 1.6352159611158
766 1.63522723501841
767 1.63523815851881
768 1.63524872046567
769 1.63525891106532
770 1.6352687218463
771 1.63527814562244
772 1.63528717645434
773 1.63529580960953
774 1.63530404152143
775 1.63531186974736
776 1.63531929292557
777 1.63532631073153
778 1.6353329238337
779 1.63533913384874
780 1.63534494329638
781 1.63535035555414
782 1.63535537481187
783 1.63536000602637
784 1.63536425487603
785 1.63536812771583
786 1.63537163153258
787 1.63537477390054
788 1.63537756293769
789 1.63538000726243
790 1.63538211595106
791 1.63538389849596
792 1.63538536476459
793 1.63538652495936
794 1.63538738957844
795 1.63538796937755
796 1.63538827533283
797 1.63538831860471
798 1.63538811050298
799 1.63538766245301
800 1.73538698596309
801 1.72738609259308
802 1.73538499392422
803 1.74338370153027
804 1.75138222694987
805 1.7593805816602
806 1.76737877705193
807 1.77537682440552
808 1.7833747348687
809 1.79137251943538
810 1.79905869892573
811 1.80628537466766
812 1.81317322927628
813 1.81972931911632
814 1.82596588085688
815 1.83189164111112
816 1.83751263177734
817 1.84283282321182
818 1.84785461559711
819 1.85257921994213
820 1.85700792345733
821 1.8611433169174
822 1.86498894029985
823 1.86854881783454
824 1.87182744795894
825 1.87482973377924
826 1.87756094111582
827 1.8800266711179
828 1.88223284245691
829 1.88418567962348
830 1.88589170191938
831 1.88735770674517
832 1.88859074732785
833 1.8895981088639
834 1.89038728436206
835 1.89096595032794
836 1.89134194267432
837 1.8915232330289
838 1.89151790552756
839 1.89133413412917
840 1.89098016046774
841 1.89046427227217
842 1.88979478240755
843 1.88898000859548
844 1.88802825386205
845 1.88694778775336
846 1.88574682835084
847 1.88443352511128
848 1.88301594255019
849 1.88150204478158
850 1.87989968092293
851 1.87821657137025
852 1.87646029494482
853 1.87463827691028
854 1.8727577778556
855 1.87082588343723
856 1.86884949497119
857 1.8668353208635
858 1.86478986886589
859 1.86271943914139
860 1.86063011812321
861 1.85852777314853
862 1.85641804784797
863 1.85430635826973
864 1.85219788971701
865 1.85009759427592
866 1.84801018901049
867 1.84594015480075
868 1.84389173579908
869 1.8418689394798
870 1.8398755372563
871 1.83791506563984
872 1.83599082791406
873 1.8341058962987
874 1.83226311457642
875 1.83046510115634
876 1.82871425254795
877 1.8270127472194
878 1.82536254981418
879 1.82376541570043
880 1.82222289582768
881 1.82073634186582
882 1.81930691160175
883 1.81793557456949
884 1.81662311789006
885 1.81537015229793
886 1.81417711833144
887 1.81304429266502
888 1.81197179456196
889 1.8109595924267
890 1.81000751043676
891 1.80911523523458
892 1.80828232266076
893 1.80750820451041
894 1.80679219529555
895 1.80613349899675
896 1.80553121578832
897 1.80498434872191
898 1.80449181035416
899 1.80405242930493
900 1.80366495673318
901 1.80332807271851
902 1.80304039253704
903 1.80280047282105
904 1.80260681759256
905 1.80245788416181
906 1.80235208888217
907 1.80228781275394
908 1.80226340686996
909 1.80227719769684
910 1.80232749218616
911 1.80241258271071
912 1.80253075182142
913 1.80268027682132
914 1.80285943415341
915 1.80306650359994
916 1.80329977229116
917 1.80355753852216
918 1.80383811537684
919 1.80413983415876
920 1.80446104762886
921 1.80480013305074
922 1.80515549504436
923 1.8055255682498
924 1.80590881980266
925 1.80630375162349
926 1.80670890252377
927 1.80712285013124
928 1.80754421263788
929 1.80797165037393
930 1.80840386721186
931 1.80883961180407
932 1.80927767865879
933 1.80971690905841
934 1.81015619182504
935 1.81059446393794
936 1.81103071100785
937 1.81146396761333
938 1.81189331750418
939 1.81231789367732
940 1.81273687833041
941 1.81314950269877
942 1.81355504678086
943 1.81395283895802
944 1.8143422555139
945 1.81472272005904
946 1.81509370286622
947 1.81545472012205
948 1.81580533310009
949 1.81614514726117
950 1.81647381128602
951 1.81679101604557
952 1.81709649351416
953 1.81739001563069
954 1.81767139311274
955 1.81794047422862
956 1.81819714353208
957 1.81844132056437
958 1.81867295852823
959 1.81889204293822
960 1.81909859025166
961 1.81929264648434
962 1.81947428581502
963 1.81964360918254
964 1.81980074287932
965 1.81994583714466
966 1.82007906476145
967 1.82020061965936
968 1.82031071552765
969 1.82040958444058
970 1.82049747549813
971 1.82057465348469
972 1.82064139754816
973 1.8206979999017
974 1.82074476455049
975 1.82078200604515
976 1.82081004826402
977 1.82082922322577
978 1.82083986993391
979 1.82084233325473
980 1.82083696282974
981 1.82082411202393
982 1.82080413691069
983 1.82077739529428
984 1.82074424577063
985 1.82070504682707
986 1.82066015598135
987 1.82060992896048
988 1.82055471891958
989 1.82049487570085
990 1.82043074513275
991 1.82036266836933
992 1.82029098126958
993 1.82021601381645
994 1.82013808957542
995 1.82005752519203
996 1.8199746299279
997 1.81988970523489
998 1.81980304436645
999 1.8197149320258
1000 1.81962564404993
1001 1.81953544712884
1002 1.81944459855898
1003 1.81935334603014
1004 1.8192619274448
1005 1.81917057076891
1006 1.81907949391322
1007 1.81898890464399
1008 1.81889900052209
1009 1.81880996886944
1010 1.81872198676152
1011 1.81863522104509
1012 1.81854982837972
1013 1.81846595530217
1014 1.81838373831241
1015 1.81830330398014
1016 1.81822476907066
1017 1.81814824068892
1018 1.81807381644068
1019 1.81800158460959
1020 1.81793162434904
1021 1.8178640058878
1022 1.81779879074824
1023 1.81773603197604
1024 1.81767577438049
1025 1.81761805478414
1026 1.81756290228095
1027 1.81751033850185
1028 1.8174603778868
1029 1.81741302796241
1030 1.81736828962413
1031 1.81732615742227
1032 1.81728661985082
1033 1.81724965963846
1034 1.81721525404074
1035 1.81718337513282
1036 1.81715399010204
1037 1.81712706153951
1038 1.81710254773017
1039 1.81708040294062
1040 1.81706057770421
1041 1.81704301910264
1042 1.81702767104378
1043 1.81701447453499
1044 1.81700336795163
1045 1.81699428730024
1046 1.81698716647596
1047 1.81698193751395
1048 1.81697853083428
1049 1.81697687548017
1050 1.81697689934911
1051 1.8169785294168
1052 1.81698169195351
1053 1.81698631273279
1054 1.81699231723224
1055 1.8169996308264
1056 1.81700817897135
1057 1.81701788738123
1058 1.81702868219636
1059 1.81704049014311
1060 1.81705323868534
1061 1.81706685616753
1062 1.81708127194952
1063 1.817096416533
1064 1.81711222167968
1065 1.81712862052132
1066 1.81714554766169
1067 1.8171629392705
1068 1.81718073316949
1069 1.81719886891079
1070 1.8172172878477
1071 1.81723593319803
1072 1.8172547501002
1073 1.81727368566227
1074 1.81729268900405
1075 1.81731171129257
1076 1.81733070577104
1077 1.81734962778149
1078 1.8173684347815
1079 1.8173870863549
1080 1.81740554421706
1081 1.81742377221465
1082 1.81744173632036
1083 1.8174594046227
1084 1.81747674731108
1085 1.81749373665653
1086 1.81751034698821
1087 1.81752655466595
1088 1.81754233804912
1089 1.81755767746195
1090 1.81757255515574
1091 1.81758695526792
1092 1.81760086377841
1093 1.81761426846344
1094 1.81762715884697
1095 1.81763952615009
1096 1.81765136323842
1097 1.81766266456795
1098 1.81767342612924
1099 1.81768364539048
1100 1.81769332123938
1101 1.81770245392416
1102 1.81771104499384
1103 1.817719097238
1104 1.81772661462611
1105 1.81773360224667
1106 1.81774006624633
1107 1.81774601376905
1108 1.81775145289549
1109 1.81775639258286
1110 1.81776084260512
1111 1.81776481349395
1112 1.81776831648038
1113 1.81777136343727
1114 1.81777396682275
1115 1.81777613962471
1116 1.81777789530645
1117 1.81777924775344
1118 1.81778021122153
1119 1.81778080028636
1120 1.81778102979432
1121 1.8177809148149
1122 1.81778047059462
1123 1.81777971251255
1124 1.81777865603736
1125 1.81777731668611
1126 1.81777570998467
1127 1.81777385142985
1128 1.81777175645323
1129 1.81776944038675
1130 1.81776691842999
1131 1.81776420561926
1132 1.81776131679834
1133 1.81775826659104
1134 1.81775506937542
1135 1.81775173925976
1136 1.81774829006022
1137 1.81774473528016
1138 1.81774108809113
1139 1.8177373613155
1140 1.81773356741063
1141 1.81772971845468
1142 1.81772582613393
1143 1.81772190173156
1144 1.81771795611794
1145 1.8177139997423
1146 1.81771004262583
1147 1.81770609435604
1148 1.81770216408251
1149 1.81769826051375
1150 1.8176943919154
1151 1.8176905661095
1152 1.81768679047484
1153 1.81768307194846
1154 1.81767941702807
1155 1.81767583177541
1156 1.81767232182064
1157 1.81766889236742
1158 1.81766554819892
1159 1.81766229368452
1160 1.81765913278726
1161 1.81765606907192
1162 1.8176531057137
1163 1.81765024550751
1164 1.81764749087771
1165 1.81764484388839
1166 1.81764230625404
1167 1.81763987935057
1168 1.81763756422672
1169 1.81763536161576
1170 1.81763327194739
1171 1.81763129535993
1172 1.81762943171261
1173 1.81762768059809
1174 1.81762604135496
1175 1.81762451308043
1176 1.81762309464299
1177 1.81762178469505
1178 1.81762058168561
1179 1.81761948387285
1180 1.8176184893366
1181 1.81761759599076
1182 1.81761680159552
1183 1.81761610376946
1184 1.81761550000143
1185 1.81761498766232
1186 1.81761456401644
1187 1.81761422623283
1188 1.81761397139619
1189 1.81761379651763
1190 1.81761369854503
1191 1.81761367437321
1192 1.8176137208537
1193 1.81761383480422
1194 1.81761401301788
1195 1.81761425227192
1196 1.81761454933626
1197 1.81761490098156
1198 1.817615303987
1199 1.8176157551477
1200 1.81761625128177
