1 2
2 2
3 2
4 2
5 2
6 2
7 2
8 2
9 2
10 2
11 2
12 2
13 2
14 2
15 2
16 2
17 2
18 2
19 2
20 2
21 2
22 2
23 2
24 2
25 2
26 2
27 2
28 2
29 2
30 2
31 2
32 2
33 2
34 2
35 2
36 2
37 2
38 2
39 2
40 2
41 2
42 2
43 2
44 2
45 2
46 2
47 2
48 2
49 2
50 2
51 2
52 2
53 2
54 2
55 2
56 2
57 2
58 2
59 2
60 2
61 2
62 2
63 2
64 2
65 2
66 2
67 2
68 2
69 2
70 2
71 2
72 2
73 2
74 2
75 2
76 2
77 2
78 2
79 2
80 2
81 2
82 2
83 2
84 2
85 2
86 2
87 2
88 2
89 2
90 2
91 2
92 2
93 2
94 2
95 2
96 2
97 2
98 2
99 2
100 2
101 2
102 2
103 2
104 2
105 2
106 2
107 2
108 2
109 2
110 2
111 2
112 2
113 2
114 2
115 2
116 2
117 2
118 2
119 2
120 2
121 2
122 2
123 2
124 2
125 2
126 2
127 2
128 2
129 2
130 2
131 2
132 2
133 2
134 2
135 2
136 2
137 2
138 2
139 2
140 2
141 2
142 2
143 2
144 2
145 2
146 2
147 2
148 2
149 2
150 2
151 2
152 2
153 2
154 2
155 2
156 2
157 2
158 2
159 2
160 2
161 2
162 2
163 2
164 2
165 2
166 2
167 2
168 2
169 2
170 2
171 2
172 2
173 2
174 2
175 2
176 2
177 2
178 2
179 2
180 2
181 2
182 2
183 2
184 2
185 2
186 2
187 2
188 2
189 2
190 2
191 2
192 2
193 2
194 2
195 2
196 2
197 2
198 2
199 2
200 2
201 2.25
202 2.5
203 2.75
204 2.8
205 2.8
206 2.8
207 2.8
208 2.8
209 2.8
210 2.8
211 2.8
212 2.8
213 2.8
214 2.8
215 2.73192811963439
216 2.56509080955698
217 2.39568735697979
218 2.27100381262395
219 2.20453995801417
220 2.18971488556137
221 2.2107976518329
222 2.25051327387583
223 2.29447172705625
224 2.33301875485657
225 2.36129807030232
226 2.37829872317119
227 2.38551738928344
228 2.38566789792716
229 2.38167605356624
230 2.37604076857016
231 2.37053636584086
232 2.36617435862808
233 2.36332606756024
234 2.36191677060364
235 2.36162492167807
236 2.36204627434248
237 2.36280597793135
238 2.36361864913068
239 2.36430638934241
240 2.36478866817783
241 2.36505764497216
242 2.36514969127911
243 2.36512016150901
244 2.36502492368076
245 2.36490941202189
246 2.36480420216283
247 2.36472526790475
248 2.36467693826756
249 2.36465587209737
250 2.36465486636488
251 2.36466583483876
252 2.36468172703854
253 2.36469745602443
254 2.36471006579566
255 2.36471841997572
256 2.36472266921638
257 2.36472369103138
258 2.36472262111604
259 2.36472052848304
260 2.36471823750108
261 2.36471627041096
262 2.36471487164257
263 2.36471407549571
264 2.36471378627718
265 2.36471385034884
266 2.36471410957638
267 2.3647144335817
268 2.36471473334794
269 2.36471496125865
270 2.36471510316286
271 2.36471516728249
272 2.36471517339762
273 2.36471514427383
274 2.36471510005396
275 2.36471505546877
276 2.36471501923919
277 2.36471499488054
278 2.36471498217537
279 2.36471497875596
280 2.36471498144695
281 2.36471498720904
282 2.36471499366707
283 2.36471499929243
284 2.36471500334749
285 2.36471500570093
286 2.36471500660269
287 2.36471500647862
288 2.36471500577597
289 2.36471500486861
290 2.36471500401545
291 2.36471500335811
292 2.36471500294212
293 2.36471500274783
294 2.36471500272107
295 2.36471500279783
296 2.36471500292064
297 2.36471500304687
298 2.36471500315086
299 2.36471500322179
300 2.36471500325968
301 2.36471500327088
302 2.36471500326426
303 2.36471500324844
304 2.36471500323026
305 2.36471500321419
306 2.36471500320246
307 2.36471500319552
308 2.36471500319273
309 2.36471500319292
310 2.36471500319482
311 2.36471500319736
312 2.36471500319979
313 2.36471500320168
314 2.3647150032029
315 2.36471500320349
316 2.36471500320359
317 2.36471500320338
318 2.36471500320303
319 2.36471500320267
320 2.36471500320237
321 2.36471500320216
322 2.36471500320205
323 2.36471500320202
324 2.36471500320203
325 2.36471500320207
326 2.36471500320212
327 2.36471500320217
328 2.36471500320221
329 2.36471500320223
330 2.36471500320224
331 2.36471500320225
332 2.36471500320224
333 2.36471500320224
334 2.36471500320223
335 2.36471500320223
336 2.36471500320222
337 2.36471500320222
338 2.36471500320222
339 2.36471500320221
340 2.36471500320221
341 2.36471500320221
342 2.36471500320221
343 2.36471500320221
344 2.36471500320221
345 2.36471500320221
346 2.36471500320221
347 2.36471500320221
348 2.36471500320221
349 2.36471500320221
350 2.36471500320221
351 2.36471500320221
352 2.36471500320221
353 2.36471500320221
354 2.36471500320222
355 2.36471500320222
356 2.36471500320222
357 2.36471500320221
358 2.36471500320221
359 2.36471500320221
360 2.36471500320221
361 2.36471500320221
362 2.36471500320221
363 2.36471500320221
364 2.3647150032022
365 2.3647150032022
366 2.3647150032022
367 2.3647150032022
368 2.36471492495683
369 2.36471451846906
370 2.36471344995244
371 2.36471154367943
372 2.36470907833313
373 2.36470691886137
374 2.36470647241702
375 2.36470949186089
376 2.36471773216258
377 2.36473247064705
378 2.36475394128009
379 2.36478081013152
380 2.36480993014892
381 2.36483674598488
382 2.36485687487271
383 2.36486799995102
384 2.36487061149443
385 2.36486724127372
386 2.36486089553919
387 2.36485390823146
388 2.36484740443069
389 2.36484125402182
390 2.36483437947496
391 2.36481181018544
392 2.36476957732808
393 2.36471033690118
394 2.36465103010083
395 2.36460402062933
396 2.36457454556484
397 2.36456306833543
398 2.36456686390009
399 2.36458139012349
400 2.11458139012349
401 1.86458139012349
402 1.61458139012349
403 1.36458139012349
404 1.2
405 1.2
406 1.2
407 1.2
408 1.2
409 1.2
410 1.2
411 1.2
412 1.2
413 1.2
414 1.2
415 1.2
416 1.2
417 1.2
418 1.2
419 1.2
420 1.2
421 1.2
422 1.21263416262915
423 1.37135081878974
424 1.55626094196431
425 1.70400007136418
426 1.79156427746436
427 1.82114128118835
428 1.80757747621898
429 1.76929655250934
430 1.72269512804017
431 1.67948468242384
432 1.64617356436671
433 1.62484621829601
434 1.61451985330852
435 1.61255922007435
436 1.61584173885279
437 1.62154514350262
438 1.62755800061242
439 1.63258748464795
440 1.63606726513419
441 1.63796490541384
442 1.63856679769193
443 1.63829096923774
444 1.63755207667864
445 1.63668290423939
446 1.63590407854025
447 1.63532788792645
448 1.63498137681994
449 1.63483630918649
450 1.63483739988705
451 1.63492409842117
452 1.63504439679051
453 1.63516129803699
454 1.63525373057791
455 1.63531402460471
456 1.6353438543598
457 1.63535005931434
458 1.63534119739405
459 1.63532519059152
460 1.63530806461908
461 1.63529357328987
462 1.63528341465207
463 1.63527775308249
464 1.63527582069639
465 1.6352764497313
466 1.63527846205879
467 1.63528089992128
468 1.63528311907456
469 1.63528478322317
470 1.63528580155883
471 1.63528624489214
472 1.6352862653341
473 1.63528603350102
474 1.63528569808073
475 1.63528536630262
476 1.63528510043773
477 1.63528492438529
478 1.63528483491653
479 1.63528481349225
480 1.63528483614568
481 1.63528488032958
482 1.63528492866435
483 1.63528497014585
484 1.63528499962914
485 1.63528501639915
486 1.63528502247967
487 1.63528502111392
488 1.63528501563783
489 1.63528500880052
490 1.63528500247811
491 1.63528499767336
492 1.63528499468343
493 1.635284993334
494 1.63528499320735
495 1.63528499382314
496 1.63528499475655
497 1.63528499569707
498 1.63528499646098
499 1.63528499697434
500 1.63528499724187
501 1.63528499731362
502 1.63528499725661
503 1.63528499713493
504 1.63528499699868
505 1.63528499688005
506 1.63528499679458
507 1.635284996745
508 1.63528499672604
509 1.63528499672869
510 1.63528499674353
511 1.63528499676268
512 1.63528499678067
513 1.63528499679453
514 1.63528499680329
515 1.63528499680738
516 1.63528499680793
517 1.63528499680631
518 1.63528499680371
519 1.63528499680105
520 1.63528499679886
521 1.63528499679736
522 1.63528499679657
523 1.63528499679634
524 1.63528499679648
525 1.63528499679682
526 1.6352849967972
527 1.63528499679754
528 1.63528499679779
529 1.63528499679793
530 1.63528499679798
531 1.63528499679798
532 1.63528499679793
533 1.63528499679788
534 1.63528499679783
535 1.63528499679782
536 1.63528499679802
537 1.63528499679909
538 1.63528499680244
539 1.63528499681028
540 1.63528499682455
541 1.6352849968447
542 1.63528499686435
543 1.63528499686779
544 1.63528499682825
545 1.63528499671003
546 1.63528499647698
547 1.63528499610837
548 1.63528499562125
549 1.63528499509406
550 1.63528499468199
551 1.63528499461274
552 1.63528499515516
553 1.63528499656163
554 1.63528499899587
555 1.63528500246523
556 1.63528500677936
557 1.63528501155352
558 1.63528501627295
559 1.63528502041482
560 1.63528502358235
561 1.63528502559046
562 1.63528502645661
563 1.63528502629937
564 1.63528502518789
565 1.63528502300618
566 1.63528501939687
567 1.63528509207861
568 1.6352854905542
569 1.63528654842602
570 1.63528850442086
571 1.63529126991228
572 1.63529416180454
573 1.63529575362922
574 1.63529399001961
575 1.63528653021671
576 1.63527129573643
577 1.63524717047289
578 1.63521472773467
579 1.63517673618444
580 1.63513803464729
581 1.63510418543884
582 1.63507963486995
583 1.63506655656059
584 1.63506439313466
585 1.63507031926262
586 1.63508059565503
587 1.63509188285034
588 1.63510184563243
589 1.63510925816845
590 1.63512725328501
591 1.6351587076306
592 1.63520100608552
593 1.63524954886764
594 1.63529542375303
595 1.63532601609778
596 1.63533961046335
597 1.63534061512163
598 1.63533580783976
599 1.63533166397139
600 1.6353326735709
601 1.63534050005536
602 1.63535387938079
603 1.63536927959425
604 1.63538242124325
605 1.63539000753656
606 1.63539068484677
607 1.63538509120651
608 1.63537526630493
609 1.63536381090517
610 1.63535312049717
611 1.63534488151656
612 1.63533919957308
613 1.63532802191977
614 1.63530788012564
615 1.63528162012522
616 1.63525556662658
617 1.6352359894471
618 1.63522671323427
619 1.63522832917591
620 1.63523869383087
621 1.63525410980222
622 1.63527060978154
623 1.63528495088134
624 1.63529514783264
625 1.635300556084
626 1.63530162688096
627 1.63529949564671
628 1.6352955502354
629 1.63529108091191
630 1.63528706111961
631 1.635284062617
632 1.63528227822025
633 1.63528161156983
634 1.63528179316131
635 1.63528249047149
636 1.63528339236018
637 1.6352842600463
638 1.63528494636943
639 1.63528539076317
640 1.63528559953696
641 1.63528562052615
642 1.63528551901795
643 1.63528535911613
644 1.63528519213834
645 1.63528505169475
646 1.63528495393381
647 1.6352849010014
648 1.63528488586308
649 1.63528489706359
650 1.63528492254067
651 1.63528495212166
652 1.63528497872262
653 1.6352849985108
654 1.63528501039106
655 1.63528501516983
656 1.63528501467777
657 1.63528501103336
658 1.63528500613358
659 1.63528500138138
660 1.63528499761128
661 1.6352849951509
662 1.63528499395476
663 1.63528499375703
664 1.63528499420697
665 1.63528499496801
666 1.63528499577582
667 1.63528499646014
668 1.63528499694034
669 1.63528499720576
670 1.63528499729041
671 1.63528499724913
672 1.63528499713905
673 1.63528499700793
674 1.63528499688877
675 1.63528499679935
676 1.63528499674485
677 1.63528499672182
678 1.6352849967222
679 1.6352849967367
680 1.63528499675701
681 1.63528499677699
682 1.635284996793
683 1.63528499680357
684 1.63528499680887
685 1.63528499680997
686 1.63528499680833
687 1.63528499680535
688 1.63528499680212
689 1.63528499679936
690 1.63528499679739
691 1.63528499679628
692 1.6352849967959
693 1.63528499679603
694 1.63528499679644
695 1.63528499679694
696 1.63528499679741
697 1.63528499679775
698 1.63528499679797
699 1.63528499679806
700 1.63528499679807
701 1.63528499679802
702 1.63528499679794
703 1.63528499679787
704 1.63528499679781
705 1.63528499679777
706 1.63528499679775
707 1.63528499679774
708 1.63528499679775
709 1.63528499679776
710 1.63528499679777
711 1.63528499679778
712 1.63528499679778
713 1.63528499679779
714 1.63528499679779
715 1.6352849967978
716 1.6352849967978
717 1.6352849967978
718 1.63528499679781
719 1.63528499679781
720 1.63528499679781
721 1.63528499679779
722 1.63528499679776
723 1.6352849967977
724 1.63528499679761
725 1.6352849967975
726 1.63528499679739
727 1.63528499679731
728 1.63528499679728
729 1.63528499679736
730 1.63528499679758
731 1.63528499679797
732 1.63528499679853
733 1.63528499679925
734 1.63528499680006
735 1.63528499680071
736 1.63528499680049
737 1.63528499679788
738 1.63528499679048
739 1.63528499677582
740 1.63528499675345
741 1.63528499672846
742 1.63528499671577
743 1.63528499674337
744 1.635284996852
745 1.63528499708825
746 1.63528499748874
747 1.63528499805531
748 1.63528499872541
749 1.63528499934687
750 1.6352849996699
751 1.63528499936764
752 1.63528499809021
753 1.63528499554656
754 1.63528499159683
755 1.63528498632956
756 1.63528498009713
757 1.63528497348118
758 1.63528496718045
759 1.63528496185763
760 1.63528495799743
761 1.63528495582762
762 1.63528495534025
763 1.63528495640737
764 1.63528495893755
765 1.63528496300274
766 1.6352849688714
767 1.63528497691099
768 1.63528498736621
769 1.63528500007273
770 1.63528501422394
771 1.63528502836951
772 1.63528504072451
773 1.6352850496688
774 1.63528505424817
775 1.6352850544788
776 1.63528505131023
777 1.63528504627176
778 1.63528504098238
779 1.63528503671505
780 1.63528503341961
781 1.63528503013471
782 1.63528502573468
783 1.63528501949392
784 1.63528501155229
785 1.63528500315249
786 1.63528499587948
787 1.63528499085303
788 1.63528498829004
789 1.63528498751213
790 1.63528498729203
791 1.63528498636396
792 1.63528498391866
793 1.63528497992476
794 1.63528497514559
795 1.63528497083384
796 1.63528496825218
797 1.6352849682284
798 1.63528497090484
799 1.63528497573847
800 1.88528497573847
801 2.13528497573847
802 2.38528497573847
803 2.63528497573847
804 2.8
805 2.67832797291653
806 2.42832797291653
807 2.17832797291653
808 1.92832797291653
809 1.67832797291653
810 1.48121349039326
811 1.4398172587746
812 1.4938006303499
813 1.59106624707605
814 1.69367698910368
815 1.77889802487138
816 1.83705500249693
817 1.86786427389798
818 1.87653032110907
819 1.87043270725035
820 1.8567820766416
821 1.84128761834237
822 1.82766987376762
823 1.81776082797869
824 1.81192801111933
825 1.80960639920178
826 1.80979081929373
827 1.81141018345889
828 1.81356019944245
829 1.81560812752354
830 1.81720219397615
831 1.81822316586238
832 1.81871124564455
833 1.81879251143543
834 1.81861922240675
835 1.81832973659465
836 1.818027648168
837 1.81777622013264
838 1.81760286861496
839 1.81750868749987
840 1.81747910191491
841 1.8174931366459
842 1.81753008948577
843 1.81757339780478
844 1.81761211355736
845 1.81764069028329
846 1.81765781974867
847 1.81766493409592
848 1.81766479947429
849 1.81766043372253
850 1.81765442239423
851 1.81764860018491
852 1.81764400817869
853 1.81764102128946
854 1.8176395511527
855 1.81763925432628
856 1.81763970358858
857 1.81764050463841
858 1.81764135829972
859 1.81764207876677
860 1.8176425825267
861 1.81764286219151
862 1.81764295649811
863 1.81764292382446
864 1.81764282286147
865 1.81764270120226
866 1.8176425907744
867 1.81764250816861
868 1.81764245777997
869 1.81764243599672
870 1.81764243519932
871 1.81764244687925
872 1.81764246364145
873 1.81764248016622
874 1.81764249337516
875 1.81764250209784
876 1.81764250650927
877 1.81764250754093
878 1.81764250638949
879 1.81764250417736
880 1.81764250176754
881 1.81764249970485
882 1.81764249824249
883 1.81764249741379
884 1.81764249711649
885 1.8176424971884
886 1.81764249746332
887 1.8176424978046
888 1.81764249811925
889 1.81764249835778
890 1.81764249850576
891 1.81764249857212
892 1.8176424985778
893 1.81764249854674
894 1.81764249850007
895 1.81764249845321
896 1.81764249841525
897 1.8176424983898
898 1.8176424983766
899 1.81764249837313
900 1.81764249837605
901 1.81764249838215
902 1.81764249838896
903 1.81764249839487
904 1.81764249839912
905 1.81764249840157
906 1.8176424984025
907 1.81764249840235
908 1.8176424984016
909 1.81764249840064
910 1.81764249839974
911 1.81764249839905
912 1.81764249839862
913 1.81764249839842
914 1.81764249839839
915 1.81764249839847
916 1.81764249839859
917 1.81764249839871
918 1.81764249839881
919 1.81764249839888
920 1.81764249839893
921 1.81764249839897
922 1.81764249839903
923 1.81764249839911
924 1.81764249839922
925 1.81764249839936
926 1.81764249839949
927 1.81764249839956
928 1.81764249839953
929 1.81764249839934
930 1.81764249839894
931 1.8176424983983
932 1.81764249839743
933 1.81764249839636
934 1.81764249839517
935 1.81764249839395
936 1.8176424983928
937 1.81764249839184
938 1.81764249839112
939 1.81764249839074
940 1.81764249839074
941 1.81764249839118
942 1.81764249839214
943 1.81764249839368
944 1.81764249839584
945 1.81764249839864
946 1.81764249840197
947 1.81764249840566
948 1.8176424984094
949 1.81764249841281
950 1.81764249841555
951 1.81764249841732
952 1.81764249841797
953 1.81764249841753
954 1.81764249841615
955 1.81764249841408
956 1.81764249841154
957 1.81764249840869
958 1.81764249840559
959 1.81764249840225
960 1.81764249839866
961 1.81764249839493
962 1.81764249839129
963 1.81764249838811
964 1.81764249838576
965 1.81764249838451
966 1.81764249838443
967 1.81764242013996
968 1.81764201365369
969 1.8176409451387
970 1.81763897627079
971 1.8176361967788
972 1.81763332949989
973 1.81763196458664
974 1.81763444966117
975 1.81764341347966
976 1.8176610259462
977 1.81768808667527
978 1.8177230787236
979 1.81776153154973
980 1.8177962635604
981 1.81781915035019
982 1.81782365944841
983 1.81780686391025
984 1.817770698775
985 1.8177218764114
986 1.81766995308577
987 1.81762447957103
988 1.81759278518618
989 1.81757870837561
990 1.81756861555327
991 1.817556023166
992 1.81753797773372
993 1.81751335197638
994 1.81748673144887
995 1.81747526667778
996 1.81748928703546
997 1.81752655902899
998 1.81757947130908
999 1.81763961908838
1000 1.81769738577766
1001 1.81773954520043
1002 1.81775805344447
1003 1.81775248788308
1004 1.81772859778578
1005 1.81769522280387
1006 1.81766121977974
1007 1.81763330915512
1008 1.8176151186922
1009 1.81760726945827
1010 1.81760813449619
1011 1.8176148649133
1012 1.81762435685794
1013 1.81763396134016
1014 1.81764186696416
1015 1.8176471833411
1016 1.81764980907254
1017 1.81765018545707
1018 1.81764902598645
1019 1.8176470851477
1020 1.81764499949241
1021 1.81764320741796
1022 1.8176419357902
1023 1.81764123228152
1024 1.8176410207146
1025 1.81764116030675
1026 1.81764149585656
1027 1.81764189241601
1028 1.81764225339809
1029 1.81764252469803
1030 1.81764268918621
1031 1.8176427561941
1032 1.81764274987238
1033 1.81764269907544
1034 1.81764263014066
1035 1.81764256285938
1036 1.8176425092103
1037 1.81764247405557
1038 1.8176424569247
1039 1.81764245413349
1040 1.81764246070641
1041 1.81764247181081
1042 1.8176424836157
1043 1.81764249363168
1044 1.81764250066578
1045 1.81764250454776
1046 1.81764250576782
1047 1.81764250512867
1048 1.81764250347276
1049 1.81764250150748
1050 1.81764249972372
1051 1.81764249838703
1052 1.81764249757505
1053 1.817642497236
1054 1.81764249724891
1055 1.81764249747356
1056 1.81764249778457
1057 1.81764249808932
1058 1.8176424983327
1059 1.81764249849283
1060 1.81764249857218
1061 1.81764249858753
1062 1.8176424985612
1063 1.81764249851458
1064 1.81764249846451
1065 1.81764249842181
1066 1.81764249839167
1067 1.81764249837482
1068 1.81764249836919
1069 1.81764249837141
1070 1.81764249837796
1071 1.81764249838587
1072 1.81764249839311
1073 1.81764249839857
1074 1.81764249840192
1075 1.81764249840337
1076 1.8176424984034
1077 1.81764249840256
1078 1.81764249840136
1079 1.81764249840017
1080 1.81764249839921
1081 1.81764249839858
1082 1.81764249839826
1083 1.81764249839818
1084 1.81764249839827
1085 1.81764249839845
1086 1.81764249839863
1087 1.8176424983988
1088 1.81764249839891
1089 1.81764249839898
1090 1.817642498399
1091 1.81764249839899
1092 1.81764249839897
1093 1.81764249839894
1094 1.81764249839892
1095 1.8176424983989
1096 1.81764249839889
1097 1.81764249839888
1098 1.81764249839888
1099 1.81764249839888
1100 1.81764249839888
1101 1.81764249839889
1102 1.81764249839889
1103 1.81764249839889
1104 1.81764249839889
1105 1.81764249839889
1106 1.81764249839889
1107 1.81764249839889
1108 1.81764249839889
1109 1.81764249839889
1110 1.81764249839889
1111 1.81764249839889
1112 1.81764249839889
1113 1.81764249839889
1114 1.81764249839889
1115 1.81764249839889
1116 1.81764249839889
1117 1.81764249839889
1118 1.81764249839889
1119 1.8176424983989
1120 1.8176424983989
1121 1.8176424983989
1122 1.8176424983989
1123 1.8176424983989
1124 1.8176424983989
1125 1.8176424983989
1126 1.8176424983989
1127 1.8176424983989
1128 1.8176424983989
1129 1.8176424983989
1130 1.8176424983989
1131 1.8176424983989
1132 1.8176424983989
1133 1.8176424983989
1134 1.81764249839893
1135 1.81764249839916
1136 1.81764249840023
1137 1.81764249840361
1138 1.81764249841161
1139 1.81764249842667
1140 1.8176424984491
1141 1.81764249847333
1142 1.81764249848335
1143 1.81764249844919
1144 1.81764249832762
1145 1.81764249807039
1146 1.81764249764283
1147 1.81764249705257
1148 1.81764249638335
1149 1.81764249582244
1150 1.81764249566599
1151 1.81764249628786
1152 1.81764249806521
1153 1.81764250126769
1154 1.81764250593395
1155 1.8176425117721
1156 1.81764251812413
1157 1.81764252403295
1158 1.81764252842291
1159 1.81764253034944
1160 1.81764252924521
1161 1.81764252508127
1162 1.81764251837089
1163 1.8176425099937
1164 1.81764250089932
1165 1.81764249180191
1166 1.81764248298431
1167 1.81764247430248
1168 1.81764246542295
1169 1.81764245623712
1170 1.81764244728855
1171 1.81764243995355
1172 1.81764243620875
1173 1.8176424380431
1174 1.81764244669775
1175 1.81764246200674
1176 1.8176424821497
1177 1.81764250396954
1178 1.817642523724
1179 1.81764253799914
1180 1.81764254525208
1181 1.81764254589095
1182 1.81764254175519
1183 1.81764253540192
1184 1.8176425291644
1185 1.81764252392382
1186 1.81764251911442
1187 1.81764251365502
1188 1.8176425067541
1189 1.81764249826157
1190 1.817642488771
1191 1.81764247971148
1192 1.81764247292433
1193 1.81764246996137
1194 1.81764247149558
1195 1.81764247709525
1196 1.81764248539747
1197 1.81764249455383
1198 1.81764250275409
1199 1.81764250865466
1200 1.81764251160932
