1 2
2 2
3 2
4 2
5 2
6 2
7 2
8 2
9 2
10 2
11 2
12 2
13 2
14 2
15 2
16 2
17 2
18 2
19 2
20 2
21 2
22 2
23 2
24 2
25 2
26 2
27 2
28 2
29 2
30 2.25
31 2.27574
32 2.30174
33 2.32774
34 2.35374
35 2.37974
36 2.40574
37 2.43174
38 2.45774
39 2.48374
40 2.5086760280325
41 2.53166285892995
42 2.55282627408379
43 2.57225740271075
44 2.59002244455805
45 2.60616841388936
46 2.62072760328415
47 2.63372104979802
48 2.64516122454848
49 2.65505411789731
50 2.66340538246245
51 2.67022865071268
52 2.67554736452693
53 2.67939255677077
54 2.68180128582463
55 2.68281552788261
56 2.68248139620738
57 2.68084859213704
58 2.67797001890646
59 2.67390150864797
60 2.66870160779871
61 2.66243135158767
62 2.65515399000458
63 2.64693467632833
64 2.63784013982397
65 2.6279383557598
66 2.61729822038855
67 2.60598923498152
68 2.59408120077177
69 2.58164392531386
70 2.56874694008125
71 2.55545922905638
72 2.54184896843157
73 2.52798327792773
74 2.51392798441843
75 2.49974739855433
76 2.48550410500495
77 2.47125876682239
78 2.45706994431369
79 2.44299392870026
80 2.4290845907495
81 2.41539324448589
82 2.40196852602145
83 2.38885628748452
84 2.37609950596676
85 2.3637382073509
86 2.35180940482527
87 2.34034705183731
88 2.32938200918568
89 2.31894202590253
90 2.30905173353101
91 2.29973265336163
92 2.29100321615214
93 2.28287879382003
94 2.27537174256573
95 2.26849145685529
96 2.26224443366691
97 2.25663434638375
98 2.25166212769701
99 2.24732606086816
100 2.24362187868746
101 2.24054286945693
102 2.2380799893204
103 2.23622198026056
104 2.23495549308312
105 2.2342652147114
106 2.23413399912
107 2.23454300124492
108 2.23547181321784
109 2.23689860228558
110 2.23880024979071
111 2.24115249060673
112 2.24393005244025
113 2.24710679443355
114 2.25065584452329
115 2.25454973503538
116 2.25876053602068
117 2.26325998586346
118 2.26801961872105
119 2.27301088838217
120 2.27820528815994
121 2.28357446646531
122 2.28909033773664
123 2.29472518843144
124 2.30045177781673
125 2.30624343332486
126 2.31207414027219
127 2.31791862576799
128 2.32375243667083
129 2.32955201147903
130 2.33529474607077
131 2.34095905323714
132 2.34652441597948
133 2.35197143456831
134 2.35728186738731
135 2.36243866561016
136 2.36742600178197
137 2.3722292923992
138 2.37683521460381
139 2.38123171712689
140 2.38540802563669
141 2.38935464266268
142 2.39306334228438
143 2.39652715978807
144 2.3997403765084
145 2.40269850008387
146 2.40539824036647
147 2.40783748123469
148 2.41001524856777
149 2.4119316746456
150 2.41358795924424
151 2.41498632770127
152 2.41612998622796
153 2.41702307474715
154 2.41767061753611
155 2.4180784719528
156 2.41825327552256
157 2.41820239165889
158 2.41793385428855
159 2.41745631164605
160 2.41677896949686
161 2.41591153404215
162 2.41486415475022
163 2.41364736735173
164 2.41227203722699
165 2.41074930340373
166 2.40909052337416
167 2.4073072189291
168 2.40541102319625
169 2.40341362905804
170 2.40132673911282
171 2.39916201733119
172 2.396931042547
173 2.39464526391017
174 2.39231595841613
175 2.38995419061396
176 2.38757077458312
177 2.38517623825603
178 2.38278079015151
179 2.38039428857198
180 2.37802621330532
181 2.37568563986069
182 2.3733812162561
183 2.37112114236448
184 2.36891315181426
185 2.36676449643019
186 2.36468193319006
187 2.36267171366368
188 2.36073957589133
189 2.35889073865041
190 2.35712989805106
191 2.35546122639384
192 2.35388837321592
193 2.3524144684454
194 2.35104212757784
195 2.34977345878369
196 2.34861007185035
197 2.34755308885875
198 2.34660315649042
199 2.34576045985798
200 2.34502473774962
201 2.34439529917593
202 2.34387104110601
203 2.34345046727898
204 2.34313170797631
205 2.34291254064062
206 2.342790411227
207 2.34276245617387
208 2.34282552488175
209 2.34297620259013
210 2.34321083354479
211 2.34352554435043
212 2.3439162674065
213 2.34437876432701
214 2.34490864924901
215 2.34550141193782
216 2.34615244060139
217 2.34685704433019
218 2.34761047508368
219 2.34840794914871
220 2.34924466800035
221 2.35011583850008
222 2.35101669237165
223 2.35194250489958
224 2.3528886128007
225 2.35385043122402
226 2.35482346983938
227 2.35580334798056
228 2.35678580881344
229 2.35776673250497
230 2.35874214837346
231 2.3597082460058
232 2.36066138533167
233 2.3615981056498
234 2.3625151336053
235 2.36340939012195
236 2.36427799629715
237 2.36511827827126
238 2.36592777108703
239 2.36670422155821
240 2.36744559017002
241 2.36815005203709
242 2.36881599694784
243 2.36944202852659
244 2.37002696254761
245 2.37056982443723
246 2.37106984600259
247 2.37152646142716
248 2.37193930257496
249 2.37230819364658
250 2.37263314523155
251 2.37291434780226
252 2.37315216469566
253 2.37334712462897
254 2.37349991379669
255 2.37361136759545
256 2.37368246202378
257 2.37371430480333
258 2.37370812626749
259 2.37366527006304
260 2.3735871837093
261 2.37347540905853
262 2.3733315727001
263 2.3731573763498
264 2.37295458726416
265 2.37272502871828
266 2.37247057058401
267 2.37219312004366
268 2.37189461247265
269 2.37157700252261
270 2.37124225543457
271 2.37089233860996
272 2.37052921346492
273 2.37015482759164
274 2.36977110724823
275 2.36937995019642
276 2.3689832189046
277 2.36858273413121
278 2.36818026890175
279 2.3677775428905
280 2.36737621721578
281 2.36697788965599
282 2.3665840902913
283 2.36619627757418
284 2.36581583482999
285 2.36544406718717
286 2.36508219893454
287 2.36473137130194
288 2.3643926406585
289 2.3640669771215
290 2.36375526356736
291 2.36345829503469
292 2.36317677850845
293 2.3629113330728
294 2.36266249041921
295 2.36243069569549
296 2.36221630868038
297 2.36201960526763
298 2.36184077924275
299 2.36167994433495
300 2.36153713652637
301 2.36141231660017
302 2.36130537290878
303 2.36121612434324
304 2.36114432348457
305 2.3610896599179
306 2.36105176369011
307 2.36103020889176
308 2.36102451734451
309 2.36103416237496
310 2.36105857265664
311 2.36109713610202
312 2.36114920378667
313 2.36121409388858
314 2.36129109562576
315 2.3613794731762
316 2.36147846956456
317 2.36158731050088
318 2.36170520815732
319 2.36183136486931
320 2.3619649767489
321 2.36210523719824
322 2.36225134031241
323 2.36240248416139
324 2.36255787394195
325 2.36271672499102
326 2.36287826565296
327 2.36304173999409
328 2.36320641035856
329 2.36337155976069
330 2.36353649410945
331 2.36370054426204
332 2.3638630679038
333 2.36402345125294
334 2.36418111058914
335 2.36433549360572
336 2.36448608058624
337 2.3646323854064
338 2.3647739563636
339 2.36491037683636
340 2.36504126577709
341 2.36516627804179
342 2.36528510456101
343 2.36539747235695
344 2.36550314441189
345 2.36560191939362
346 2.36569363124409
347 2.36577814863753
348 2.36585537431493
349 2.36592524430186
350 2.36598772701679
351 2.36604282227753
352 2.3660905602133
353 2.36613100009009
354 2.36616422905734
355 2.36619036082364
356 2.36620953426934
357 2.36622191200414
358 2.36622767887718
359 2.36622704044771
360 2.36622022142374
361 2.36620746407629
362 2.36618902663657
363 2.36616518168332
364 2.36613621452711
365 2.36610242159851
366 2.36606410884648
367 2.36602159015331
368 2.36597518577187
369 2.36592522079103
370 2.36587202363437
371 2.36581592459728
372 2.36575725442709
373 2.36569634295068
374 2.36563351775325
375 2.3655691029123
376 2.3655034177898
377 2.36543677588555
378 2.36536948375443
379 2.36530183998961
380 2.36523413427372
381 2.36516664649946
382 2.36509964596086
383 2.36503339061603
384 2.36496812642203
385 2.364904086742
386 2.36484149182451
387 2.36478054835476
388 2.36472144907701
389 2.36466437248722
390 2.36460948259493
391 2.36455692875263
392 2.36450684555137
393 2.36445935278041
394 2.36441455544903
395 2.36437254386827
396 2.36433339379
397 2.36429716660104
398 2.36426390956938
399 2.36423365613983
400 2.11423365613983
401 2.06272945671006
402 2.01070828191268
403 1.95869011373956
404 1.90667492247308
405 1.85466266721401
406 1.80265329643706
407 1.7506467485706
408 1.69864295259765
409 1.64664182867463
410 1.59570714484528
411 1.54683349276009
412 1.50008553995513
413 1.45553083330112
414 1.41323578071733
415 1.37326522771781
416 1.335682158824
417 1.30054749662054
418 1.26791997532463
419 1.23785607092698
420 1.21040544634775
421 1.2
422 1.2
423 1.2
424 1.2
425 1.2
426 1.2
427 1.2
428 1.2
429 1.2
430 1.2
431 1.20066716460585
432 1.20337256999093
433 1.20789438789774
434 1.21404866805915
435 1.22168147319666
436 1.23066276585539
437 1.240881621053
438 1.25224247291745
439 1.26466216793544
440 1.27806764763834
441 1.29239128328339
442 1.30756152852058
443 1.32349931125091
444 1.34012099859506
445 1.35734051923644
446 1.37507087478236
447 1.39322520533177
448 1.4117175311326
449 1.43046325999465
450 1.44937952620977
451 1.46838542110495
452 1.4874021926424
453 1.50635347082293
454 1.5251655154761
455 1.54376746210673
456 1.5620915517142
457 1.58007333717963
458 1.59765186309444
459 1.6147698185524
460 1.63137366398311
461 1.64741373389195
462 1.66284431747923
463 1.67762371868279
464 1.69171429665171
465 1.70508248734874
466 1.71769880688777
467 1.7295378372314
468 1.74057819493784
469 1.75080248371999
470 1.7601972316433
471 1.76875281383633
472 1.77646336161651
473 1.78332665894919
474 1.78934402716541
475 1.7945201988686
476 1.79886318196238
477 1.80238411473343
478 1.8050971129224
479 1.80701910971256
480 1.80816968956007
481 1.80857091678011
482 1.80824715979102
483 1.80722491190275
484 1.80553260951757
485 1.80320044858979
486 1.80026020016751
487 1.79674502581325
488 1.79268929367223
489 1.78812839592657
490 1.78309856834176
491 1.7776367125779
492 1.77178022190275
493 1.76556681090747
494 1.75903434978765
495 1.75222070371407
496 1.74516357777797
497 1.7379003679556
498 1.7304680184966
499 1.7229028860999
500 1.71524061120058
501 1.70751599665
502 1.69976289403175
503 1.69201409781589
504 1.6843012475146
505 1.67665473796386
506 1.6691036378181
507 1.66167561630788
508 1.65439687827489
509 1.64729210746434
510 1.6403844180212
511 1.63369531410527
512 1.62724465750931
513 1.62105064313598
514 1.61512978216177
515 1.60949689269059
516 1.60416509767604
517 1.59914582986863
518 1.59444884352448
519 1.59008223259303
520 1.58605245508447
521 1.58236436330299
522 1.57902123961819
523 1.57602483743616
524 1.57337542702189
525 1.57107184581676
526 1.56911155288893
527 1.5674906871501
528 1.56620412896904
529 1.56524556481155
530 1.56460755453676
531 1.56428160098153
532 1.56425822146823
533 1.56452702087588
534 1.56507676592075
535 1.56589546029966
536 1.56697042035791
537 1.56828835095328
538 1.56983542119795
539 1.57159733977206
540 1.57355942951462
541 1.57570670101104
542 1.57802392491
543 1.58049570271723
544 1.58310653582846
545 1.58584089257955
546 1.58868327310732
547 1.59161827183113
548 1.59463063738115
549 1.59770532981626
550 1.60082757499063
551 1.60398291594493
552 1.60715726121449
553 1.61033692996316
554 1.61350869386773
555 1.61665981569376
556 1.6197780845194
557 1.62285184757878
558 1.62587003871163
559 1.62882220342008
560 1.63169852054752
561 1.63448982060761
562 1.63718760080454
563 1.63978403679754
564 1.64227199127433
565 1.64464501940889
566 1.6468973712893
567 1.64902399141075
568 1.65102051533737
569 1.65288326364501
570 1.6546092332639
571 1.65619608634689
572 1.65764213679487
573 1.65894633457562
574 1.66010824797718
575 1.66112804394
576 1.66200646661525
577 1.66274481429866
578 1.66334491489097
579 1.6638091000366
580 1.66414017809256
581 1.66434140607901
582 1.66441646076186
583 1.66436940901608
584 1.66420467761634
585 1.6639270225986
586 1.66354149833342
587 1.66305342644767
588 1.66246836472746
589 1.66179207613056
590 1.66103049803152
591 1.66018971181768
592 1.65927591294859
593 1.65829538158562
594 1.65725445389237
595 1.65615949410055
596 1.6550168674292
597 1.65383291393884
598 1.65261392339535
599 1.65136611121177
600 1.6500955955292
601 1.64880837549145
602 1.64751031076108
603 1.64620710231792
604 1.64490427457425
605 1.64360715883443
606 1.64232087812025
607 1.64105033337674
608 1.63980019106742
609 1.63857487216145
610 1.63737854250971
611 1.63621510460114
612 1.63508819068533
613 1.63400115724204
614 1.63295708077386
615 1.63195875489322
616 1.6310086886709
617 1.63010910620906
618 1.62926194739806
619 1.628468869813
620 1.62773125170253
621 1.62705019602002
622 1.62642653544415
623 1.62586083833426
624 1.62535341556341
625 1.62490432817093
626 1.62451339577434
627 1.62418020568014
628 1.62390412263157
629 1.62368429913145
630 1.62351968627779
631 1.62340904504984
632 1.62335095798279
633 1.62334384116969
634 1.62338595652994
635 1.62347542428501
636 1.62361023558271
637 1.62378826521331
638 1.6240072843621
639 1.62426497334477
640 1.62455893427395
641 1.62488670360747
642 1.62524576453079
643 1.62563355912863
644 1.62604750030327
645 1.62648498339921
646 1.62694339749688
647 1.62742013634043
648 1.62791260886749
649 1.62841824931151
650 1.62893452685009
651 1.62945895477538
652 1.62998909916555
653 1.6305225870391
654 1.63105711397641
655 1.63159045119579
656 1.63212045207389
657 1.632645058103
658 1.63316230428032
659 1.63367032392681
660 1.63416735293558
661 1.63465173345224
662 1.6351219169917
663 1.63557646699835
664 1.63601406085823
665 1.63643349137401
666 1.63683366771544
667 1.63721361585938
668 1.63757247853553
669 1.63790951469492
670 1.63822409852025
671 1.6385157179977
672 1.63878397307147
673 1.63902857340302
674 1.63924933575792
675 1.6394461810439
676 1.63961913102448
677 1.63976830473269
678 1.63989391461021
679 1.63999626239714
680 1.64007573479797
681 1.64013279894932
682 1.64016799771478
683 1.64018194483237
684 1.64017531993935
685 1.64014886349939
686 1.6401033716559
687 1.64003969103557
688 1.63995871352487
689 1.63986137104207
690 1.6397486303263
691 1.63962148776438
692 1.63948096427548
693 1.63932810027246
694 1.63916395071794
695 1.63898958029215
696 1.63880605868838
697 1.63861445605109
698 1.63841583857022
699 1.63821126424459
700 1.63800177882574
701 1.63778841195265
702 1.63757217348658
703 1.63735405005414
704 1.63713500180553
705 1.63691595939378
706 1.63669782117972
707 1.6364814506664
708 1.63626767416536
709 1.63605727869646
710 1.6358510101217
711 1.63564957151254
712 1.63545362174943
713 1.63526377435113
714 1.63508059653073
715 1.63490460847436
716 1.63473628283781
717 1.63457604445557
718 1.63442427025619
719 1.63428128937702
720 1.63414738347108
721 1.63402278719808
722 1.63390768889113
723 1.63380223139047
724 1.63370651303483
725 1.63362058880102
726 1.63354447158188
727 1.63347813359256
728 1.63342150789487
729 1.63337449002949
730 1.63333693974539
731 1.63330868281618
732 1.63328951293286
733 1.63327919366252
734 1.63327746046273
735 1.6332840227414
736 1.63329856595203
737 1.63332075371466
738 1.63335022995277
739 1.63338662103695
740 1.63342953792619
741 1.6334785782982
742 1.63353332866035
743 1.63359336643315
744 1.63365826199892
745 1.63372758070813
746 1.63380088483699
747 1.63387773548962
748 1.63395769443917
749 1.63404032590233
750 1.63412519824228
751 1.63421188559563
752 1.63429996941918
753 1.63438903995311
754 1.63447869759736
755 1.6345685541986
756 1.63465823424566
757 1.63474737597161
758 1.63483563236127
759 1.63492267206325
760 1.63500818020617
761 1.63509185911887
762 1.63517342895519
763 1.63525262822392
764 1.63532921422505
765 1.63540296339389
766 1.63547367155468
767 1.63554115408589
768 1.63560524599963
769 1.63566580193767
770 1.63572269608715
771 1.63577582201898
772 1.63582509245236
773 1.63587043894894
774 1.63591181154018
775 1.63594917829198
776 1.63598252481039
777 1.63601185369246
778 1.63603718392647
779 1.63605855024574
780 1.63607600244018
781 1.63608960463
782 1.63609943450584
783 1.63610558253947
784 1.63610815116958
785 1.63610725396656
786 1.63610301478068
787 1.63609556687758
788 1.63608505206513
789 1.63607161981552
790 1.63605542638636
791 1.63603663394438
792 1.63601540969533
793 1.6359919250233
794 1.63596635464285
795 1.63593887576677
796 1.63590966729249
797 1.63587890900982
798 1.63584678083245
799 1.6358134620556
800 1.77240913064196
801 1.78524396253787
802 1.79820813102141
803 1.81117180608413
804 1.82413515384765
805 1.83709833601637
806 1.85006150936725
807 1.86302482527756
808 1.87598842929111
809 1.88895246072344
810 1.90133557034659
811 1.91265918683937
812 1.92300103375127
813 1.93241841166438
814 1.94095377690765
815 1.94863812802325
816 1.95549363888989
817 1.96153570479518
818 1.96677453147823
819 1.97121636840955
820 1.97486693990058
821 1.97773602747719
822 1.9798384624628
823 1.98119289784484
824 1.98182094919522
825 1.9817465937966
826 1.98099575341966
827 1.97959600661413
828 1.97757639141311
829 1.97496727038354
830 1.97180022748651
831 1.96810795858471
832 1.96392413513818
833 1.95928324740612
834 1.95422043914929
835 1.94877134108202
836 1.94297190724215
837 1.93685825646746
838 1.93046651993211
839 1.92383269495608
840 1.91699250492994
841 1.9099812651679
842 1.90283375470726
843 1.89558409428906
844 1.88826563085512
845 1.88091082890205
846 1.87355116899007
847 1.8662170536449
848 1.85893772082737
849 1.85174116508842
850 1.8446540664784
851 1.83770172723912
852 1.83090801627352
853 1.82429532135638
854 1.81788450902063
855 1.81169489202457
856 1.80574420427754
857 1.80004858307455
858 1.7946225584647
859 1.78947904955409
860 1.78462936752168
861 1.7800832251062
862 1.77584875230336
863 1.77193251799605
864 1.76833955722497
865 1.76507340379409
866 1.76213612789384
867 1.75952837841483
868 1.75724942961728
869 1.75529723181465
870 1.75366846572522
871 1.75235860014222
872 1.75136195257169
873 1.75067175248681
874 1.75028020684909
875 1.75017856754956
876 1.75035720042684
877 1.75080565552496
878 1.75151273825976
879 1.75246658117075
880 1.75365471594408
881 1.75506414540179
882 1.75668141516354
883 1.75849268469824
884 1.7604837974953
885 1.76264035009854
886 1.76494775975877
887 1.76739133047574
888 1.76995631721435
889 1.77262798809501
890 1.77539168437344
891 1.77823287804046
892 1.78113722688808
893 1.78409062690386
894 1.78707926187131
895 1.79008965006971
896 1.79310868798241
897 1.79612369093802
898 1.79912243062415
899 1.8020931694283
900 1.80502469157491
901 1.80790633104215
902 1.81072799625539
903 1.81348019156797
904 1.81615403555244
905 1.81874127613791
906 1.82123430264074
907 1.82362615474693
908 1.82591052851508
909 1.82808177947862
910 1.83013492293506
911 1.83206563151875
912 1.83387023016126
913 1.83554568855049
914 1.83708961120646
915 1.83850022529676
916 1.83977636632041
917 1.84091746179243
918 1.84192351306561
919 1.84279507542846
920 1.84353323662091
921 1.84413959391066
922 1.84461622987412
923 1.84496568702631
924 1.84519094144351
925 1.84529537552206
926 1.84528275001474
927 1.84515717548465
928 1.84492308331393
929 1.84458519640148
930 1.84414849968089
931 1.84361821058567
932 1.84299974958465
933 1.84229871090626
934 1.84152083356492
935 1.84067197279821
936 1.83975807201748
937 1.83878513536942
938 1.83775920099979
939 1.83668631510465
940 1.83557250684838
941 1.83442376422114
942 1.83324601090238
943 1.8320450841903
944 1.83082671405104
945 1.8295965033344
946 1.82835990919721
947 1.8271222257683
948 1.82588856808338
949 1.82466385731161
950 1.82345280728967
951 1.82225991237331
952 1.82108943661039
953 1.8199454042342
954 1.8188315914701
955 1.81775151964366
956 1.81670844957345
957 1.81570537722683
958 1.81474503061291
959 1.81382986788249
960 1.81296207660078
961 1.8121435741555
962 1.81137600925905
963 1.81066076450079
964 1.80999895990258
965 1.80939145742805
966 1.80883886639423
967 1.80834154973192
968 1.80789963103972
969 1.80751300237532
970 1.80718133272641
971 1.80690407710303
972 1.80668048619242
973 1.80650961651729
974 1.8063903410384
975 1.80632136014252
976 1.80630121295733
977 1.80632828893559
978 1.80640083965158
979 1.80651699075415
980 1.80667475402198
981 1.80687203946785
982 1.8071066674408
983 1.80737638067642
984 1.80767885624775
985 1.80801171737118
986 1.80837254502392
987 1.80875888933193
988 1.80916828068959
989 1.80959824057474
990 1.81004629202531
991 1.81050996974634
992 1.81098682981861
993 1.81147445898305
994 1.81197048347743
995 1.81247257740462
996 1.81297847061432
997 1.81348595608291
998 1.81399289677837
999 1.8144972320001
1000 1.81499698318578
1001 1.81549025917994
1002 1.81597526096128
1003 1.81645028582818
1004 1.81691373104386
1005 1.81736409694517
1006 1.81779998952072
1007 1.8182201224662
1008 1.8186233187266
1009 1.81900851153682
1010 1.81937474497373
1011 1.81972117403439
1012 1.82004706425658
1013 1.82035179089898
1014 1.82063483769967
1015 1.8208957952327
1016 1.82113435888336
1017 1.82135032646371
1018 1.82154359549055
1019 1.82171416014885
1020 1.82186210796381
1021 1.8219876162055
1022 1.82209094804993
1023 1.82217244852087
1024 1.82223254023659
1025 1.82227171898577
1026 1.82229054915665
1027 1.82228965904324
1028 1.82226973605216
1029 1.82223152183307
1030 1.82217580735559
1031 1.82210342795443
1032 1.82201525836442
1033 1.82191220776605
1034 1.82179521486146
1035 1.82166524300007
1036 1.82152327537209
1037 1.82137031028737
1038 1.82120735655578
1039 1.82103542898484
1040 1.82085554400875
1041 1.82066871546235
1042 1.82047595051225
1043 1.82027824575643
1044 1.82007658350235
1045 1.81987192823286
1046 1.81966522326762
1047 1.81945738762721
1048 1.8192493131056
1049 1.81904186155582
1050 1.81883586239255
1051 1.81863211031444
1052 1.8184313632477
1053 1.81823434051197
1054 1.81804172120807
1055 1.81785414282667
1056 1.81767220007586
1057 1.81749644392496
1058 1.81732738086081
1059 1.81716547235238
1060 1.81701113451863
1061 1.81686473799387
1062 1.81672660798442
1063 1.81659702450963
1064 1.81647622281996
1065 1.81636439398417
1066 1.8162616856374
1067 1.8161682028815
1068 1.81608400932863
1069 1.81600912827886
1070 1.81594354402232
1071 1.81588720325623
1072 1.81584001660697
1073 1.81580186024745
1074 1.81577257759962
1075 1.81575198111237
1076 1.81573985410482
1077 1.81573595266522
1078 1.81574000759568
1079 1.81575172639325
1080 1.81577079525784
1081 1.81579688111798
1082 1.81582963366531
1083 1.8158686873893
1084 1.81591366360373
1085 1.81596417245702
1086 1.81601981491861
1087 1.81608018473414
1088 1.81614487034245
1089 1.81621345674794
1090 1.81628552734203
1091 1.8163606656681
1092 1.81643845712468
1093 1.81651849060185
1094 1.8166003600467
1095 1.81668366595368
1096 1.81676801677648
1097 1.81685303025825
1098 1.81693833467764
1099 1.81702357000837
1100 1.81710838899067
1101 1.81719245811312
1102 1.81727545850418
1103 1.81735708673261
1104 1.81743705551687
1105 1.81751509434368
1106 1.81759094999631
1107 1.81766438699363
1108 1.81773518794115
1109 1.81780315379576
1110 1.81786810404587
1111 1.81792987680947
1112 1.8179883288522
1113 1.8180433355284
1114 1.81809479064793
1115 1.81814260627182
1116 1.81818671244029
1117 1.81822705683627
1118 1.81826360438835
1119 1.8182963368167
1120 1.81832525212579
1121 1.81835036404802
1122 1.81837170144204
1123 1.81838930764989
1124 1.818403239817
1125 1.81841356817922
1126 1.81842037532077
1127 1.81842375540733
1128 1.81842381339817
1129 1.81842066424137
1130 1.81841443205593
1131 1.81840524930459
1132 1.81839325596119
1133 1.81837859867599
1134 1.8183614299426
1135 1.81834190726984
1136 1.81832019236167
1137 1.8182964503084
1138 1.81827084879205
1139 1.8182435573086
1140 1.8182147464098
1141 1.81818458696689
1142 1.81815324945861
1143 1.81812090328543
1144 1.81808771611205
1145 1.81805385323975
1146 1.81801947701024
1147 1.81798474624234
1148 1.81794981570257
1149 1.81791483561082
1150 1.81787995118169
1151 1.81784530220241
1152 1.81781102264752
1153 1.81777724033082
1154 1.81774407659473
1155 1.81771164603677
1156 1.81768005627346
1157 1.81764940774076
1158 1.81761979353116
1159 1.81759129926631
1160 1.81756400300487
1161 1.81753797518448
1162 1.81751327859712
1163 1.81748996839654
1164 1.81746809213689
1165 1.81744768984113
1166 1.81742879409796
1167 1.81741143018593
1168 1.81739561622318
1169 1.81738136334138
1170 1.81736867588232
1171 1.81735755161552
1172 1.81734798197527
1173 1.81733995231539
1174 1.81733344218018
1175 1.81732842558974
1176 1.81732487133809
1177 1.8173227433024
1178 1.81732200076164
1179 1.81732259872305
1180 1.81732448825486
1181 1.81732761682356
1182 1.81733192863428
1183 1.8173373649728
1184 1.81734386454759
1185 1.81735136383063
1186 1.81735979739553
1187 1.81736909825178
1188 1.81737919817377
1189 1.81739002802351
1190 1.81740151806586
1191 1.81741359827534
1192 1.81742619863343
1193 1.81743924941555
1194 1.81745268146694
1195 1.81746642646655
1196 1.81748041717843
1197 1.81749458768989
1198 1.81750887363605
1199 1.81752321241019
1200 1.81753754335961
