1 2
2 2
3 2
4 2
5 2
6 2
7 2
8 2
9 2
10 2
11 2
12 2
13 2
14 2
15 2
16 2
17 2
18 2
19 2
20 2
21 2
22 2
23 2
24 2
25 2
26 2
27 2
28 2
29 2
30 2.1000005
31 2.1000015
32 2.1000025
33 2.1000035
34 2.1000045
35 2.1000055
36 2.1000065
37 2.1000075
38 2.1000085
39 2.1000095
40 2.09985475344255
41 2.09944538237398
42 2.09885181465661
43 2.0981282176671
44 2.09731612659813
45 2.09644726905704
46 2.09554576370311
47 2.0946298313708
48 2.09371312651858
49 2.09280577300102
50 2.09191541215925
51 2.09104813704715
52 2.09020885745172
53 2.08940136984042
54 2.08862846381311
55 2.08789204493355
56 2.08719326096166
57 2.08653262347611
58 2.08591012028106
59 2.08532531628015
60 2.08477744162324
61 2.08426546653901
62 2.08378816360937
63 2.08334415944349
64 2.08293197767533
65 2.08255007472693
66 2.08219686945584
67 2.08187076758372
68 2.08157018164788
69 2.08129354710488
70 2.0810393351297
71 2.08080606258777
72 2.08059229960222
73 2.08039667508953
74 2.08021788059041
75 2.08005467268005
76 2.07990587420329
77 2.07977037454605
78 2.0796471291244
79 2.07953515824631
80 2.07943354547844
81 2.07934143563032
82 2.079258032451
83 2.07918259611843
84 2.07911444058861
85 2.07905293086041
86 2.07899748020219
87 2.07894754737795
88 2.07890263390357
89 2.0788622813575
90 2.07882606876511
91 2.07879361007115
92 2.07876455171158
93 2.07873857029206
94 2.07871537037862
95 2.07869468240298
96 2.07867626068395
97 2.07865988156424
98 2.07864534166121
99 2.07863245622902
100 2.07862105762881
101 2.07861099390318
102 2.07860212745062
103 2.07859433379546
104 2.07858750044851
105 2.0785815258536
106 2.07857631841531
107 2.07857179560283
108 2.07856788312553
109 2.07856451417533
110 2.07856162873168
111 2.07855917292463
112 2.07855709845199
113 2.0785553620467
114 2.07855392499052
115 2.07855275267065
116 2.07855181417598
117 2.07855108192973
118 2.0785505313556
119 2.07855014057478
120 2.07854989013114
121 2.07854976274231
122 2.07854974307441
123 2.07854981753839
124 2.07854997410613
125 2.07855020214444
126 2.07855049226555
127 2.07855083619232
128 2.07855122663715
129 2.07855165719305
130 2.07855212223581
131 2.07855261683638
132 2.0785531366822
133 2.07855367800688
134 2.07855423752727
135 2.07855481238726
136 2.07855540010757
137 2.07855599854109
138 2.07855660583296
139 2.0785572203852
140 2.07855784082516
141 2.07855846597764
142 2.07855909484001
143 2.07855972656035
144 2.07856036041797
145 2.0785609958063
146 2.07856163221775
147 2.07856226923041
148 2.07856290649629
149 2.07856354373104
150 2.07856418070492
151 2.07856481723493
152 2.07856545317783
153 2.07856608842418
154 2.07856672289305
155 2.07856735652751
156 2.07856798929062
157 2.07856862116206
158 2.07856925213515
159 2.07856988221434
160 2.07857051141303
161 2.07857113975173
162 2.07857176725642
163 2.07857239395731
164 2.07857301988763
165 2.0785736450827
166 2.07857426957917
167 2.07857489341435
168 2.07857551662566
169 2.07857613925022
170 2.0785767613245
171 2.078577382884
172 2.07857800396312
173 2.07857862459493
174 2.07857924481108
175 2.07857986464174
176 2.07858048411553
177 2.07858110325951
178 2.07858172209918
179 2.07858234065849
180 2.07858295895991
181 2.07858357702439
182 2.07858419487152
183 2.07858481251947
184 2.07858542998515
185 2.07858604728422
186 2.07858666443116
187 2.07858728143934
188 2.07858789832109
189 2.07858851508775
190 2.07858913174976
191 2.0785897483167
192 2.07859036479733
193 2.07859098119969
194 2.07859159753113
195 2.07859221379834
196 2.07859283000746
197 2.07859344616404
198 2.07859406227316
199 2.07859467833943
200 2.07859529436703
201 2.07859591035976
202 2.07859652632105
203 2.07859714225403
204 2.0785977581615
205 2.07859837404602
206 2.07859898990987
207 2.07859960575512
208 2.07860022158364
209 2.07860083739711
210 2.07860145319703
211 2.07860206898476
212 2.07860268476151
213 2.07860330052837
214 2.07860391628632
215 2.07860453203622
216 2.07860514777887
217 2.07860576351495
218 2.07860637924508
219 2.07860699496982
220 2.07860761068965
221 2.07860822640503
222 2.07860884211632
223 2.07860945782389
224 2.07861007352803
225 2.07861068922901
226 2.07861130492708
227 2.07861192062244
228 2.07861253631527
229 2.07861315200575
230 2.07861376769401
231 2.07861438338018
232 2.07861499906437
233 2.07861561474667
234 2.07861623042718
235 2.07861684610596
236 2.07861746178308
237 2.07861807745859
238 2.07861869313254
239 2.07861930880498
240 2.07861992447593
241 2.07862054014542
242 2.0786211558135
243 2.07862177148016
244 2.07862238714545
245 2.07862300280936
246 2.07862361847191
247 2.07862423413313
248 2.078624849793
249 2.07862546545155
250 2.07862608110877
251 2.07862669676468
252 2.07862731241928
253 2.07862792807256
254 2.07862854372454
255 2.07862915937521
256 2.07862977502457
257 2.07863039067264
258 2.07863100631939
259 2.07863162196485
260 2.078632237609
261 2.07863285325184
262 2.07863346889338
263 2.07863408453362
264 2.07863470017255
265 2.07863531581017
266 2.07863593144649
267 2.07863654708149
268 2.07863716271519
269 2.07863777834757
270 2.07863839397864
271 2.07863900960841
272 2.07863962523685
273 2.07864024086399
274 2.07864085648981
275 2.07864147211431
276 2.0786420877375
277 2.07864270335937
278 2.07864331897993
279 2.07864393459916
280 2.07864455021708
281 2.07864516583368
282 2.07864578144896
283 2.07864639706292
284 2.07864701267556
285 2.07864762828688
286 2.07864824389688
287 2.07864885950555
288 2.07864947511291
289 2.07865009071894
290 2.07865070632365
291 2.07865132192704
292 2.0786519375291
293 2.07865255312985
294 2.07865316872927
295 2.07865378432736
296 2.07865439992414
297 2.07865501551959
298 2.07865563111371
299 2.07865624670652
300 2.07865686229799
301 2.07865747788815
302 2.07865809347698
303 2.07865870906449
304 2.07865932465067
305 2.07865994023553
306 2.07866055581906
307 2.07866117140127
308 2.07866178698216
309 2.07866240256172
310 2.07866301813996
311 2.07866363371687
312 2.07866424929246
313 2.07866486486672
314 2.07866548043966
315 2.07866609601127
316 2.07866671158156
317 2.07866732715053
318 2.07866794271817
319 2.07866855828448
320 2.07866917384948
321 2.07866978941314
322 2.07867040497549
323 2.0786710205365
324 2.0786716360962
325 2.07867225165456
326 2.07867286721161
327 2.07867348276733
328 2.07867409832172
329 2.07867471387479
330 2.07867532942654
331 2.07867594497696
332 2.07867656052605
333 2.07867717607383
334 2.07867779162027
335 2.07867840716539
336 2.07867902270919
337 2.07867963825167
338 2.07868025379281
339 2.07868086933264
340 2.07868148487114
341 2.07868210040831
342 2.07868271594416
343 2.07868333147869
344 2.07868394701189
345 2.07868456254376
346 2.07868517807431
347 2.07868579360354
348 2.07868640913144
349 2.07868702465802
350 2.07868764018327
351 2.0786882557072
352 2.0786888712298
353 2.07868948675108
354 2.07869010227104
355 2.07869071778967
356 2.07869133330697
357 2.07869194882295
358 2.07869256433761
359 2.07869317985094
360 2.07869379536295
361 2.07869441087363
362 2.07869502638299
363 2.07869564189102
364 2.07869625739773
365 2.07869687290312
366 2.07869748840718
367 2.07869810390991
368 2.07869871941132
369 2.07869933491141
370 2.07869995041017
371 2.07870056590761
372 2.07870118140372
373 2.07870179689851
374 2.07870241239197
375 2.07870302788411
376 2.07870364337492
377 2.07870425886441
378 2.07870487435258
379 2.07870548983942
380 2.07870610532494
381 2.07870672080913
382 2.078707336292
383 2.07870795177354
384 2.07870856725376
385 2.07870918273265
386 2.07870979821022
387 2.07871041368647
388 2.07871102916139
389 2.07871164463498
390 2.07871226010725
391 2.0787128755782
392 2.07871349104782
393 2.07871410651612
394 2.07871472198309
395 2.07871533744874
396 2.07871595291307
397 2.07871656837607
398 2.07871718383774
399 2.07871779929809
400 1.87871741475712
401 1.87871603021482
402 1.8787146456712
403 1.87871326112625
404 1.87871187657998
405 1.87871049203239
406 1.87870910748347
407 1.87870772293322
408 1.87870633838165
409 1.87870495382876
410 1.87901506238945
411 1.87983441997104
412 1.88102217084891
413 1.88246998026973
414 1.88409477784816
415 1.88583310836951
416 1.88763673451521
417 1.88946921461634
418 1.89130323975596
419 1.89311856222495
420 1.89489989934101
421 1.89663506499643
422 1.89831423961719
423 1.89992983026835
424 1.90147625775021
425 1.90294971093525
426 1.90434789430362
427 1.90566978469799
428 1.90691540651002
429 1.90808562993246
430 1.90918199466557
431 1.91020656025202
432 1.91116178152794
433 1.91205040527501
434 1.91287538422533
435 1.91363980553481
436 1.91434683148833
437 1.9149996506426
438 1.91560143792297
439 1.91615532241635
440 1.91666436177277
441 1.91713152226136
442 1.91755966363585
443 1.91795152806331
444 1.9183097324623
445 1.91863676368246
446 1.91893497603408
447 1.91920659074533
448 1.91945369698409
449 1.91967825413441
450 1.91988209506295
451 1.92006693015067
452 1.92023435189948
453 1.92038583995345
454 1.9205227664006
455 1.92064640124318
456 1.92075791794448
457 1.9208583989765
458 1.92094884130748
459 1.9210301617805
460 1.92110320234486
461 1.92116873511101
462 1.92122746720708
463 1.92128004542169
464 1.92132706062285
465 1.92136905194707
466 1.92140651075675
467 1.92143988436647
468 1.92146957954149
469 1.92149596577352
470 1.92151937834026
471 1.92154012115653
472 1.92155846942532
473 1.92157467209798
474 1.92158895415291
475 1.92160151870242
476 1.92161254893739
477 1.92162220991939
478 1.92163065022973
479 1.92163800348452
480 1.9216443897249
481 1.92164991669077
482 1.92165468098647
483 1.92165876914615
484 1.92166225860631
485 1.92166521859251
486 1.92166771092697
487 1.92166979076328
488 1.92167150725403
489 1.92167290415683
490 1.92167402038395
491 1.92167489050012
492 1.92167554517312
493 1.92167601158101
494 1.92167631378008
495 1.92167647303667
496 1.92167650812636
497 1.92167643560338
498 1.92167627004295
499 1.92167602425909
500 1.92167570950015
501 1.92167533562429
502 1.9216749112566
503 1.92167444392986
504 1.92167394021038
505 1.92167340581038
506 1.92167284568839
507 1.92167226413869
508 1.92167166487095
509 1.92167105108116
510 1.92167042551457
511 1.92166979052165
512 1.92166914810761
513 1.92166849997632
514 1.92166784756914
515 1.92166719209921
516 1.92166653458171
517 1.92166587586047
518 1.92166521663148
519 1.92166455746342
520 1.92166389881576
521 1.92166324105454
522 1.92166258446621
523 1.92166192926965
524 1.92166127562671
525 1.92166062365129
526 1.92165997341723
527 1.9216593249652
528 1.92165867830855
529 1.92165803343836
530 1.92165739032784
531 1.92165674893601
532 1.92165610921083
533 1.92165547109195
534 1.9216548345129
535 1.92165419940302
536 1.921653565689
537 1.92165293329625
538 1.9216523021499
539 1.92165167217573
540 1.92165104330081
541 1.92165041545411
542 1.92164978856685
543 1.92164916257289
544 1.92164853740892
545 1.92164791301461
546 1.92164728933272
547 1.92164666630913
548 1.92164604389283
549 1.92164542203591
550 1.92164480069348
551 1.92164417982357
552 1.92164355938707
553 1.92164293934758
554 1.9216423196713
555 1.92164170032694
556 1.92164108128551
557 1.92164046252028
558 1.92163984400658
559 1.92163922572173
560 1.92163860764485
561 1.92163798975681
562 1.92163737204005
563 1.9216367544785
564 1.92163613705748
565 1.92163551976358
566 1.92163490258456
567 1.92163428550928
568 1.9216336685276
569 1.9216330516303
570 1.92163243480901
571 1.92163181805614
572 1.92163120136481
573 1.92163058472879
574 1.92162996814246
575 1.92162935160072
576 1.92162873509899
577 1.92162811863313
578 1.9216275021994
579 1.92162688579446
580 1.92162626941529
581 1.92162565305918
582 1.9216250367237
583 1.92162442040668
584 1.92162380410616
585 1.9216231878204
586 1.92162257154784
587 1.92162195528709
588 1.9216213390369
589 1.92162072279618
590 1.92162010656394
591 1.9216194903393
592 1.92161887412149
593 1.92161825790982
594 1.92161764170367
595 1.92161702550252
596 1.92161640930588
597 1.92161579311333
598 1.9216151769245
599 1.92161456073906
600 1.92161394455674
601 1.92161332837726
602 1.92161271220043
603 1.92161209602604
604 1.92161147985392
605 1.92161086368393
606 1.92161024751594
607 1.92160963134985
608 1.92160901518554
609 1.92160839902296
610 1.92160778286201
611 1.92160716670264
612 1.92160655054481
613 1.92160593438845
614 1.92160531823355
615 1.92160470208006
616 1.92160408592796
617 1.92160346977722
618 1.92160285362784
619 1.92160223747978
620 1.92160162133305
621 1.92160100518762
622 1.9216003890435
623 1.92159977290068
624 1.92159915675914
625 1.9215985406189
626 1.92159792447994
627 1.92159730834226
628 1.92159669220587
629 1.92159607607077
630 1.92159545993694
631 1.92159484380441
632 1.92159422767315
633 1.92159361154319
634 1.92159299541451
635 1.92159237928713
636 1.92159176316104
637 1.92159114703624
638 1.92159053091273
639 1.92158991479053
640 1.92158929866962
641 1.92158868255001
642 1.92158806643171
643 1.92158745031471
644 1.92158683419901
645 1.92158621808462
646 1.92158560197154
647 1.92158498585977
648 1.92158436974931
649 1.92158375364017
650 1.92158313753233
651 1.92158252142581
652 1.92158190532061
653 1.92158128921672
654 1.92158067311415
655 1.92158005701289
656 1.92157944091296
657 1.92157882481434
658 1.92157820871704
659 1.92157759262107
660 1.92157697652641
661 1.92157636043307
662 1.92157574434106
663 1.92157512825037
664 1.921574512161
665 1.92157389607295
666 1.92157327998623
667 1.92157266390083
668 1.92157204781675
669 1.921571431734
670 1.92157081565257
671 1.92157019957246
672 1.92156958349368
673 1.92156896741623
674 1.92156835134009
675 1.92156773526529
676 1.9215671191918
677 1.92156650311965
678 1.92156588704881
679 1.92156527097931
680 1.92156465491112
681 1.92156403884427
682 1.92156342277873
683 1.92156280671453
684 1.92156219065165
685 1.92156157459009
686 1.92156095852986
687 1.92156034247095
688 1.92155972641338
689 1.92155911035712
690 1.92155849430219
691 1.92155787824859
692 1.92155726219631
693 1.92155664614536
694 1.92155603009574
695 1.92155541404743
696 1.92155479800046
697 1.92155418195481
698 1.92155356591049
699 1.92155294986749
700 1.92155233382582
701 1.92155171778547
702 1.92155110174645
703 1.92155048570876
704 1.92154986967239
705 1.92154925363734
706 1.92154863760363
707 1.92154802157123
708 1.92154740554017
709 1.92154678951043
710 1.92154617348201
711 1.92154555745492
712 1.92154494142916
713 1.92154432540472
714 1.92154370938161
715 1.92154309335982
716 1.92154247733936
717 1.92154186132022
718 1.92154124530241
719 1.92154062928593
720 1.92154001327077
721 1.92153939725694
722 1.92153878124443
723 1.92153816523325
724 1.92153754922339
725 1.92153693321486
726 1.92153631720765
727 1.92153570120178
728 1.92153508519722
729 1.92153446919399
730 1.92153385319209
731 1.92153323719151
732 1.92153262119226
733 1.92153200519434
734 1.92153138919774
735 1.92153077320246
736 1.92153015720852
737 1.92152954121589
738 1.9215289252246
739 1.92152830923462
740 1.92152769324598
741 1.92152707725866
742 1.92152646127266
743 1.92152584528799
744 1.92152522930465
745 1.92152461332263
746 1.92152399734194
747 1.92152338136257
748 1.92152276538453
749 1.92152214940781
750 1.92152153343242
751 1.92152091745836
752 1.92152030148562
753 1.9215196855142
754 1.92151906954412
755 1.92151845357535
756 1.92151783760792
757 1.9215172216418
758 1.92151660567702
759 1.92151598971356
760 1.92151537375142
761 1.92151475779061
762 1.92151414183113
763 1.92151352587297
764 1.92151290991614
765 1.92151229396063
766 1.92151167800645
767 1.92151106205359
768 1.92151044610206
769 1.92150983015186
770 1.92150921420298
771 1.92150859825542
772 1.92150798230919
773 1.92150736636429
774 1.92150675042071
775 1.92150613447846
776 1.92150551853753
777 1.92150490259793
778 1.92150428665966
779 1.92150367072271
780 1.92150305478708
781 1.92150243885278
782 1.92150182291981
783 1.92150120698816
784 1.92150059105784
785 1.92149997512884
786 1.92149935920117
787 1.92149874327482
788 1.9214981273498
789 1.92149751142611
790 1.92149689550374
791 1.92149627958269
792 1.92149566366297
793 1.92149504774458
794 1.92149443182751
795 1.92149381591177
796 1.92149319999735
797 1.92149258408426
798 1.92149196817249
799 1.92149135226205
800 1.97149098635293
801 1.97149087044514
802 1.97149075453868
803 1.97149063863354
804 1.97149052272973
805 1.97149040682724
806 1.97149029092607
807 1.97149017502624
808 1.97149005912772
809 1.97148994323054
810 1.97141195405595
811 1.97120665262713
812 1.97090925287524
813 1.9705468384886
814 1.97014017706355
815 1.96970513240377
816 1.96925376383889
817 1.96879518178615
818 1.96833621347479
819 1.96788192083207
820 1.96743612452858
821 1.96700187109125
822 1.96658161541357
823 1.96617725572929
824 1.96579018683833
825 1.96542136152257
826 1.96507135366197
827 1.96474041904586
828 1.96442855157634
829 1.9641355337052
830 1.96386098050739
831 1.96360437709725
832 1.96336510976572
833 1.96314249181741
834 1.96293578506927
835 1.96274421773234
836 1.9625669992354
837 1.96240333243926
838 1.96225242361259
839 1.96211349048366
840 1.96198576863997
841 1.96186851651423
842 1.96176101916801
843 1.96166259105954
844 1.96157257795917
845 1.96149035815452
846 1.96141534306799
847 1.96134697739255
848 1.96128473883622
849 1.961228137553
850 1.96117671532622
851 1.96113004456064
852 1.96108772713078
853 1.96104939312562
854 1.96101469952317
855 1.96098332882285
856 1.96095498765884
857 1.96092940541315
858 1.96090633284371
859 1.96088554073976
860 1.96086681861396
861 1.96084997343872
862 1.96083482843198
863 1.96082122189661
864 1.96080900611559
865 1.9607980463048
866 1.96078821962364
867 1.96077941424347
868 1.96077152847296
869 1.9607644699392
870 1.96075815482275
871 1.96075250714491
872 1.96074745810494
873 1.960742945465
874 1.96073891298048
875 1.96073530987331
876 1.96073209034577
877 1.96072921313246
878 1.96072664108807
879 1.96072434080856
880 1.96072228228364
881 1.96072043857835
882 1.96071878554159
883 1.96071730153983
884 1.96071596721394
885 1.96071476525755
886 1.96071368021507
887 1.96071269829813
888 1.96071180721858
889 1.960710996037
890 1.96071025502534
891 1.96070957554241
892 1.96070894992128
893 1.9607083713674
894 1.96070783386673
895 1.96070733210268
896 1.96070686138134
897 1.96070641756416
898 1.96070599700734
899 1.96070559650738
900 1.96070521325217
901 1.96070484477719
902 1.96070448892616
903 1.96070414381589
904 1.9607038078048
905 1.96070347946483
906 1.96070315755635
907 1.9607028410058
908 1.96070252888575
909 1.9607022203972
910 1.96070191485385
911 1.96070161166808
912 1.96070131033858
913 1.96070101043939
914 1.96070071161016
915 1.96070041354761
916 1.96070011599796
917 1.96069981875022
918 1.96069952163043
919 1.96069922449639
920 1.96069892723325
921 1.96069862974949
922 1.9606983319735
923 1.96069803385057
924 1.96069773534022
925 1.96069743641399
926 1.96069713705341
927 1.96069683724832
928 1.96069653699538
929 1.96069623629681
930 1.96069593515933
931 1.96069563359316
932 1.96069533161133
933 1.96069502922891
934 1.96069472646253
935 1.96069442332986
936 1.96069411984921
937 1.96069381603924
938 1.96069351191866
939 1.96069320750603
940 1.96069290281959
941 1.96069259787708
942 1.96069229269571
943 1.960691987292
944 1.96069168168179
945 1.96069137588016
946 1.96069106990142
947 1.9606907637591
948 1.96069045746595
949 1.96069015103395
950 1.96068984447432
951 1.96068953779756
952 1.96068923101343
953 1.96068892413105
954 1.96068861715886
955 1.96068831010468
956 1.96068800297577
957 1.9606876957788
958 1.96068738851994
959 1.96068708120486
960 1.96068677383878
961 1.96068646642649
962 1.96068615897237
963 1.96068585148044
964 1.96068554395437
965 1.96068523639752
966 1.96068492881294
967 1.96068462120343
968 1.9606843135715
969 1.96068400591947
970 1.96068369824944
971 1.96068339056329
972 1.96068308286276
973 1.96068277514939
974 1.96068246742459
975 1.96068215968963
976 1.96068185194567
977 1.96068154419374
978 1.96068123643476
979 1.96068092866959
980 1.96068062089896
981 1.96068031312357
982 1.960680005344
983 1.96067969756082
984 1.96067938977451
985 1.9606790819855
986 1.96067877419419
987 1.96067846640092
988 1.960678158606
989 1.9606778508097
990 1.96067754301228
991 1.96067723521396
992 1.96067692741492
993 1.96067661961534
994 1.96067631181537
995 1.96067600401515
996 1.9606756962148
997 1.96067538841441
998 1.96067508061409
999 1.96067477281392
1000 1.96067446501396
1001 1.96067415721428
1002 1.96067384941494
1003 1.96067354161598
1004 1.96067323381744
1005 1.96067292601937
1006 1.96067261822179
1007 1.96067231042473
1008 1.96067200262822
1009 1.96067169483227
1010 1.96067138703691
1011 1.96067107924214
1012 1.96067077144799
1013 1.96067046365445
1014 1.96067015586155
1015 1.96066984806929
1016 1.96066954027768
1017 1.96066923248672
1018 1.96066892469642
1019 1.96066861690677
1020 1.9606683091178
1021 1.96066800132948
1022 1.96066769354184
1023 1.96066738575486
1024 1.96066707796856
1025 1.96066677018293
1026 1.96066646239797
1027 1.96066615461368
1028 1.96066584683006
1029 1.96066553904712
1030 1.96066523126485
1031 1.96066492348326
1032 1.96066461570233
1033 1.96066430792208
1034 1.9606640001425
1035 1.96066369236359
1036 1.96066338458535
1037 1.96066307680779
1038 1.96066276903089
1039 1.96066246125466
1040 1.9606621534791
1041 1.96066184570421
1042 1.96066153792999
1043 1.96066123015643
1044 1.96066092238354
1045 1.96066061461132
1046 1.96066030683977
1047 1.96065999906888
1048 1.96065969129866
1049 1.96065938352911
1050 1.96065907576022
1051 1.96065876799199
1052 1.96065846022443
1053 1.96065815245754
1054 1.9606578446913
1055 1.96065753692574
1056 1.96065722916084
1057 1.9606569213966
1058 1.96065661363302
1059 1.96065630587011
1060 1.96065599810787
1061 1.96065569034628
1062 1.96065538258536
1063 1.96065507482511
1064 1.96065476706551
1065 1.96065445930658
1066 1.96065415154832
1067 1.96065384379071
1068 1.96065353603377
1069 1.96065322827749
1070 1.96065292052187
1071 1.96065261276692
1072 1.96065230501263
1073 1.960651997259
1074 1.96065168950604
1075 1.96065138175373
1076 1.96065107400209
1077 1.96065076625111
1078 1.9606504585008
1079 1.96065015075115
1080 1.96064984300215
1081 1.96064953525383
1082 1.96064922750616
1083 1.96064891975916
1084 1.96064861201282
1085 1.96064830426714
1086 1.96064799652212
1087 1.96064768877777
1088 1.96064738103407
1089 1.96064707329105
1090 1.96064676554868
1091 1.96064645780697
1092 1.96064615006593
1093 1.96064584232555
1094 1.96064553458583
1095 1.96064522684678
1096 1.96064491910838
1097 1.96064461137065
1098 1.96064430363358
1099 1.96064399589717
1100 1.96064368816143
1101 1.96064338042635
1102 1.96064307269193
1103 1.96064276495817
1104 1.96064245722507
1105 1.96064214949264
1106 1.96064184176087
1107 1.96064153402976
1108 1.96064122629931
1109 1.96064091856953
1110 1.96064061084041
1111 1.96064030311195
1112 1.96063999538415
1113 1.96063968765702
1114 1.96063937993054
1115 1.96063907220473
1116 1.96063876447958
1117 1.9606384567551
1118 1.96063814903127
1119 1.96063784130811
1120 1.96063753358561
1121 1.96063722586377
1122 1.9606369181426
1123 1.96063661042208
1124 1.96063630270223
1125 1.96063599498304
1126 1.96063568726452
1127 1.96063537954665
1128 1.96063507182945
1129 1.96063476411291
1130 1.96063445639703
1131 1.96063414868182
1132 1.96063384096726
1133 1.96063353325337
1134 1.96063322554014
1135 1.96063291782758
1136 1.96063261011567
1137 1.96063230240443
1138 1.96063199469385
1139 1.96063168698393
1140 1.96063137927467
1141 1.96063107156608
1142 1.96063076385815
1143 1.96063045615088
1144 1.96063014844427
1145 1.96062984073833
1146 1.96062953303304
1147 1.96062922532842
1148 1.96062891762447
1149 1.96062860992117
1150 1.96062830221853
1151 1.96062799451656
1152 1.96062768681525
1153 1.9606273791146
1154 1.96062707141462
1155 1.9606267637153
1156 1.96062645601663
1157 1.96062614831864
1158 1.9606258406213
1159 1.96062553292462
1160 1.96062522522861
1161 1.96062491753326
1162 1.96062460983857
1163 1.96062430214455
1164 1.96062399445118
1165 1.96062368675848
1166 1.96062337906644
1167 1.96062307137506
1168 1.96062276368435
1169 1.96062245599429
1170 1.9606221483049
1171 1.96062184061617
1172 1.96062153292811
1173 1.9606212252407
1174 1.96062091755396
1175 1.96062060986788
1176 1.96062030218246
1177 1.9606199944977
1178 1.96061968681361
1179 1.96061937913018
1180 1.96061907144741
1181 1.9606187637653
1182 1.96061845608385
1183 1.96061814840307
1184 1.96061784072295
1185 1.96061753304349
1186 1.96061722536469
1187 1.96061691768656
1188 1.96061661000909
1189 1.96061630233228
1190 1.96061599465613
1191 1.96061568698064
1192 1.96061537930582
1193 1.96061507163165
1194 1.96061476395815
1195 1.96061445628532
1196 1.96061414861314
1197 1.96061384094163
1198 1.96061353327077
1199 1.96061322560058
1200 1.96061291793106
