1 0.8
2 0.8
3 0.8
4 0.8
5 0.8
6 0.8
7 0.8
8 0.8
9 0.8
10 0.8
11 0.8
12 0.8
13 0.8
14 0.8
15 0.8
16 0.8
17 0.8
18 0.8
19 0.8
20 0.8
21 0.8
22 0.8
23 0.8
24 0.8
25 0.8
26 0.8
27 0.8
28 0.8
29 0.8
30 0.8
31 0.8
32 0.8
33 0.8
34 0.8
35 0.8
36 0.8
37 0.8
38 0.8
39 0.8
40 0.8
41 0.8
42 0.8
43 0.8
44 0.8
45 0.8
46 0.8
47 0.8
48 0.8
49 0.8
50 0.8
51 0.8
52 0.8
53 0.8
54 0.8
55 0.8
56 0.8
57 0.8
58 0.8
59 0.8
60 0.8
61 0.8
62 0.8
63 0.8
64 0.8
65 0.8
66 0.8
67 0.8
68 0.8
69 0.8
70 0.8
71 0.8
72 0.8
73 0.8
74 0.8
75 0.8
76 0.8
77 0.8
78 0.8
79 0.8
80 0.8
81 0.8
82 0.8
83 0.8
84 0.8
85 0.8
86 0.8
87 0.8
88 0.8
89 0.8
90 0.8
91 0.8
92 0.8
93 0.8
94 0.8
95 0.8
96 0.8
97 0.8
98 0.8
99 0.8
100 0.8
101 0.8
102 0.8
103 0.8
104 0.8
105 0.8
106 0.8
107 0.8
108 0.8
109 0.8
110 0.8
111 0.8
112 0.8
113 0.8
114 0.8
115 0.8
116 0.8
117 0.8
118 0.8
119 0.8
120 0.8
121 0.8
122 0.8
123 0.8
124 0.8
125 0.8
126 0.8
127 0.8
128 0.8
129 0.8
130 0.8
131 0.8
132 0.8
133 0.8
134 0.8
135 0.8
136 0.8
137 0.8
138 0.8
139 0.8
140 0.8
141 0.8
142 0.8
143 0.8
144 0.8
145 0.8
146 0.8
147 0.8
148 0.8
149 0.8
150 0.8
151 0.8
152 0.8
153 0.8
154 0.8
155 0.8
156 0.8
157 0.8
158 0.8
159 0.8
160 0.8
161 0.8
162 0.8
163 0.8
164 0.8
165 0.8
166 0.8
167 0.8
168 0.8
169 0.8
170 0.8
171 0.8
172 0.8
173 0.8
174 0.8
175 0.8
176 0.8
177 0.8
178 0.8
179 0.8
180 0.8
181 0.8
182 0.8
183 0.8
184 0.8
185 0.8
186 0.8
187 0.8
188 0.8
189 0.8
190 0.8
191 0.8
192 0.8
193 0.8
194 0.8
195 0.8
196 0.8
197 0.8
198 0.8
199 0.8
200 0.8
201 0.8
202 0.8
203 0.8
204 0.8
205 0.8
206 0.8
207 0.8
208 0.8
209 0.8
210 0.8
211 0.800778725
212 0.80360926925
213 0.809412565748
214 0.818215714898255
215 0.829286889816548
216 0.841918473471702
217 0.85556936539215
218 0.869827678611113
219 0.884381706727413
220 0.89899733176974
221 0.913500447983848
222 0.927763291690398
223 0.941693812748994
224 0.955227414305679
225 0.968109658263383
226 0.979658894251111
227 0.989096291740888
228 0.995999829563748
229 1.00039246467485
230 1.00264413282245
231 1.00330995760511
232 1.00297772413569
233 1.00215925278482
234 1.00123377342454
235 1.00043583499408
236 0.999873503046265
237 0.999561896068782
238 0.999459890926035
239 0.99950198555256
240 0.99962139726294
241 0.999763693681223
242 0.999892314640589
243 0.999988313359534
244 1.00004677887284
245 1.00007201352492
246 1.00007291652086
247 1.00005938210082
248 1.00003998959419
249 1.00002089820389
250 1.00000566273726
251 0.999995625996538
252 0.999990574474701
253 0.999989422584681
254 0.999990782032377
255 0.999993354225129
256 0.999996143296575
257 0.999998522844643
258 1.00000020396302
259 1.00000115149278
260 1.00000148600555
261 1.0000013962829
262 1.00000107480727
263 1.00000067918057
264 1.00000031619049
265 1.00000004223901
266 0.999999873293503
267 0.999999798511995
268 0.999999793402415
269 0.999999830174947
270 0.999999884453821
271 0.99999993855996
272 0.999999982148752
273 1.00000001117246
274 1.00000002605892
275 1.00000002978086
276 1.00000002623256
277 1.00000001909963
278 1.00000001123563
279 1.00000000445639
280 0.999999999618988
281 0.999999996852718
282 0.999999995834766
283 0.999999996039064
284 0.999999996921511
285 0.999999998032158
286 0.999999999062952
287 0.999999999848433
288 1.0000000003387
289 1.00000000056129
290 1.0000000005839
291 1.00000000048476
292 1.00000000033325
293 1.00000000018015
294 1.0000000000556
295 0.999999999971787
296 0.999999999928017
297 0.999999999916182
298 0.99999999992537
299 0.999999999945131
300 0.999999999967294
301 0.9999999999866
302 1.00000000000051
303 1.00000000000858
304 1.00000000001167
305 1.00000000001123
306 1.00000000000881
307 1.0000000000057
308 1.00000000000277
309 1.00000000000052
310 0.999999999999099
311 0.999999999998438
312 0.99999999999835
313 0.999999999998616
314 0.999999999999038
315 0.999999999999471
316 0.999999999999826
317 1.00000000000007
318 1.0000000000002
319 1.00000000000023
320 1.00000000000021
321 1.00000000000016
322 1.00000000000009
323 1.00000000000004
324 1
325 0.999999999999977
326 0.999999999999968
327 0.999999999999969
328 0.999999999999975
329 0.999999999999984
330 0.999999999999992
331 0.999999999999999
332 1
333 1
334 1
335 1
336 1
337 1
338 0.999999999999999
339 0.999999999999998
340 0.999999999999998
341 0.999999999999997
342 0.999999999999998
343 0.999999999999998
344 0.999999999999998
345 0.999999999999999
346 0.999999999999999
347 1
348 1
349 1
350 1
351 1
352 1
353 1
354 1
355 1
356 1
357 1
358 1
359 1
360 1
361 1
362 1
363 1
364 1
365 1
366 1
367 1
368 1
369 1
370 1
371 1
372 1
373 1
374 1
375 1
376 1
377 1
378 0.999999999762803
379 0.999999997887899
380 0.999999990383678
381 0.999999969877991
382 0.999999926920804
383 0.999999854085185
384 0.99999975234158
385 0.999999638313614
386 0.99999955048138
387 0.999999552067138
388 0.99999972830502
389 1.00000017633547
390 1.00000098748818
391 1.00000222468318
392 1.0000039025431
393 1.00000598012103
394 1.00000837073362
395 1.00001096406851
396 1.0000136500771
397 1.0000163359071
398 1.0000189525702
399 1.00002145226976
400 1.00002379967012
401 1.00002591923895
402 1.00002765180088
403 1.00002877504287
404 1.00002908268853
405 1.00002846900103
406 1.00002695508683
407 1.00002467198225
408 1.00002182351356
409 1.00001864332818
410 0.999236567924132
411 0.99640258342006
412 0.990595817328844
413 0.981166234391345
414 0.967937544771267
415 0.951573662692495
416 0.933064224540567
417 0.913165587659326
418 0.892453107826492
419 0.871361825890049
420 0.850218127449762
421 0.829264372632223
422 0.808678051476413
423 0.788586676520791
424 0.769079356286212
425 0.750215784675015
426 0.732033218763824
427 0.714551890858471
428 0.697779202060538
429 0.681712967778959
430 0.666343925787111
431 0.651657670821694
432 0.637673917949511
433 0.624891129035112
434 0.614161438573885
435 0.606052060247003
436 0.600661735114462
437 0.597682941944408
438 0.596563258002103
439 0.596674486539031
440 0.597442460036865
441 0.598422151018468
442 0.599322348094384
443 0.599993713435403
444 0.600396321220494
445 0.600560627225692
446 0.60055164422329
447 0.60044163164655
448 0.600292886322344
449 0.600149685345118
450 0.60003709968387
451 0.599964038543024
452 0.599928173127093
453 0.599921005222749
454 0.599932038873659
455 0.599951618865791
456 0.599972438068909
457 0.599989971968832
458 0.600002199074549
459 0.60000895552797
460 0.60001119898394
461 0.600010360797505
462 0.600007874675231
463 0.600004899603618
464 0.600002210131171
465 0.600000205994353
466 0.599998989937114
467 0.599998470574166
468 0.599998460149693
469 0.599998750478108
470 0.599999161456852
471 0.599999564138739
472 0.599999884428348
473 0.600000094692661
474 0.600000199892087
475 0.600000223164735
476 0.600000193864856
477 0.600000139344615
478 0.600000080515322
479 0.600000030481761
480 0.599999995243363
481 0.599999975473666
482 0.599999968590166
483 0.599999970596177
484 0.599999977434272
485 0.59999998579246
486 0.599999993433927
487 0.599999999183608
488 0.600000002715912
489 0.600000004266582
490 0.600000004355485
491 0.600000003569197
492 0.600000002420529
493 0.600000001280268
494 0.600000000364455
495 0.599999999756699
496 0.599999999446776
497 0.599999999371348
498 0.599999999448092
499 0.59999999959939
500 0.599999999765325
501 0.599999999907908
502 0.600000000009335
503 0.600000000067076
504 0.600000000088058
505 0.600000000083422
506 0.600000000064641
507 0.600000000041172
508 0.600000000019469
509 0.600000000002981
510 0.599999999992729
511 0.59999999998811
512 0.599999999987688
513 0.59999999998981
514 0.599999999993018
515 0.599999999996245
516 0.599999999998863
517 0.600000000000619
518 0.600000000001531
519 0.600000000001772
520 0.600000000001573
521 0.600000000001154
522 0.600000000000687
523 0.600000000000281
524 0.599999999999989
525 0.599999999999821
526 0.599999999999757
527 0.599999999999767
528 0.599999999999819
529 0.599999999999884
530 0.599999999999946
531 0.599999999999993
532 0.600000000000022
533 0.600000000000036
534 0.600000000000037
535 0.600000000000031
536 0.600000000000022
537 0.600000000000013
538 0.600000000000005
539 0.6
540 0.599999999999997
541 0.599999999999996
542 0.599999999999997
543 0.599999999999997
544 0.599999999999998
545 0.599999999999999
546 0.600000000000001
547 0.600000000000006
548 0.600000000000028
549 0.600000000000095
550 0.600000000000261
551 0.6000000000006
552 0.600000000001183
553 0.600000000002008
554 0.600000000002894
555 0.600000000003342
556 0.600000000002409
557 0.599999999998666
558 0.59999999999033
559 0.599999999975661
560 0.599999999953679
561 0.599999999925118
562 0.599999999893459
563 0.599999999865729
564 0.599999999852738
565 0.599999999868472
566 0.599999999928551
567 0.600000000047897
568 0.600000000238062
569 0.600000000504877
570 0.600000000847154
571 0.600000001256812
572 0.600000001720289
573 0.600000002220537
574 0.60000000273868
575 0.600000003254537
576 0.600000003745738
577 0.600000004423075
578 0.6000000066549
579 0.600000014394766
580 0.600000035163288
581 0.600000079458767
582 0.600000157519494
583 0.60000027292914
584 0.600000413875683
585 0.60000054415668
586 0.600000596774178
587 0.600000473255119
588 0.600000051477447
589 0.59999920335778
590 0.59999782070129
591 0.599995842259195
592 0.599993271828122
593 0.599990180697926
594 0.599986693775127
595 0.599982963916706
596 0.599979143354043
597 0.59997536120994
598 0.599971711375721
599 0.599968250226457
600 0.599965043298522
601 0.599962208278972
602 0.599959900133746
603 0.599958277974628
604 0.59995746141957
605 0.599957474992593
606 0.599958231585763
607 0.599959571349324
608 0.599961315971792
609 0.599963314808041
610 0.599965471663585
611 0.599967749581591
612 0.599970156594732
613 0.599972719306547
614 0.599975454365749
615 0.599978348416785
616 0.599981352460297
617 0.599984389816645
618 0.599987372357193
619 0.599990218367955
620 0.599992866640694
621 0.599995283868535
622 0.599997462943208
623 0.599999391349901
624 0.600001018954513
625 0.600002267337674
626 0.60000306582745
627 0.600003387789525
628 0.60000326920077
629 0.600002804661979
630 0.600002126089276
631 0.600001373935825
632 0.600000670569117
633 0.60000010228362
634 0.599999712379991
635 0.599999504270849
636 0.599999451432445
637 0.599999510325688
638 0.59999963285448
639 0.599999776029523
640 0.599999907786273
641 0.600000009013155
642 0.600000072589815
643 0.600000100572731
644 0.60000010065991
645 0.600000082833824
646 0.600000056747254
647 0.600000030083502
648 0.600000007857585
649 0.599999992458035
650 0.599999984158914
651 0.599999981838396
652 0.59999998369529
653 0.59999998783026
654 0.599999992632259
655 0.599999996969134
656 0.600000000218698
657 0.600000002193389
658 0.600000003012067
659 0.600000002962672
660 0.600000002384907
661 0.600000001587439
662 0.600000000802178
663 0.600000000170229
664 0.599999999750172
665 0.599999999538648
666 0.599999999494693
667 0.599999999561827
668 0.599999999684585
669 0.599999999818514
670 0.599999999934261
671 0.600000000017242
672 0.600000000064668
673 0.600000000081498
674 0.6000000000765
675 0.600000000059128
676 0.600000000037473
677 0.600000000017273
678 0.600000000001753
679 0.599999999991995
680 0.599999999987573
681 0.599999999987225
682 0.599999999989416
683 0.599999999992735
684 0.599999999996113
685 0.59999999999889
686 0.600000000000781
687 0.600000000001777
688 0.600000000002045
689 0.600000000001821
690 0.600000000001343
691 0.6000000000008
692 0.600000000000322
693 0.599999999999972
694 0.599999999999766
695 0.599999999999687
696 0.599999999999698
697 0.599999999999762
698 0.599999999999845
699 0.599999999999925
700 0.599999999999987
701 0.600000000000027
702 0.600000000000046
703 0.600000000000049
704 0.600000000000041
705 0.600000000000029
706 0.600000000000016
707 0.600000000000005
708 0.599999999999998
709 0.599999999999994
710 0.599999999999993
711 0.599999999999994
712 0.599999999999995
713 0.599999999999997
714 0.599999999999999
715 0.6
716 0.600000000000001
717 0.600000000000002
718 0.600000000000002
719 0.600000000000001
720 0.600000000000001
721 0.600000000000001
722 0.600000000000001
723 0.6
724 0.6
725 0.6
726 0.6
727 0.6
728 0.6
729 0.6
730 0.600000000000001
731 0.600000000000001
732 0.600000000000001
733 0.600000000000001
734 0.599999999999999
735 0.599999999999997
736 0.599999999999994
737 0.599999999999988
738 0.599999999999982
739 0.599999999999974
740 0.599999999999967
741 0.599999999999962
742 0.599999999999962
743 0.599999999999968
744 0.599999999999985
745 0.600000000000013
746 0.60000000000005
747 0.600000000000086
748 0.60000000000009
749 0.600000000000004
750 0.599999999999743
751 0.599999999999214
752 0.59999999999838
753 0.599999999997377
754 0.599999999996667
755 0.599999999997215
756 0.600000000000594
757 0.600000000008918
758 0.6000000000245
759 0.600000000049123
760 0.600000000082958
761 0.600000000123252
762 0.600000000163101
763 0.600000000190696
764 0.60000000018946
765 0.600000000139333
766 0.600000000019237
767 0.59999999981038
768 0.599999999499693
769 0.599999999082538
770 0.59999999856397
771 0.599999997958245
772 0.599999997286901
773 0.5999999965762
774 0.599999995854961
775 0.599999995153542
776 0.599999994504153
777 0.59999999394194
778 0.599999993505657
779 0.599999993236502
780 0.599999993174058
781 0.599999993349472
782 0.599999993777617
783 0.59999999445104
784 0.599999995338269
785 0.599999996387753
786 0.599999997536661
787 0.599999998721978
788 0.599999999890636
789 0.600000001006066
790 0.600000002047744
791 0.600000003004072
792 0.600000003863929
793 0.600000004611198
794 0.600000005224624
795 0.600000005683672
796 0.600000005977046
797 0.600000006108402
798 0.600000006096268
799 0.600000005968458
800 0.600000005753582
801 0.600000005473085
802 0.600000005136754
803 0.600000004743262
804 0.600000004285381
805 0.6000000037577
806 0.600000003163729
807 0.60000000251972
808 0.600000001853969
809 0.600000001202067
810 0.600778725581185
811 0.603609269240001
812 0.609412565175214
813 0.618838693789809
814 0.632064394427396
815 0.648049262229851
816 0.664785568595449
817 0.680414118842518
818 0.693569570288185
819 0.703267208695156
820 0.708974519191002
821 0.710973356873757
822 0.710254170237667
823 0.707986545794361
824 0.70519309437173
825 0.702597518410448
826 0.700599519129975
827 0.699326269633275
828 0.698717333287938
829 0.698611937309448
830 0.698820284197931
831 0.699171447220511
832 0.699538114285395
833 0.6998428694766
834 0.700052364212898
835 0.700165464458649
836 0.700200121886308
837 0.7001820107338
838 0.700136381253702
839 0.700083365302844
840 0.700036209570872
841 0.700001566011013
842 0.699980933098455
843 0.699972494676451
844 0.699972837899214
845 0.699978269308744
846 0.699985641551857
847 0.699992733626228
848 0.699998295806428
849 0.700001889063888
850 0.700003634753612
851 0.700003959807257
852 0.700003388337267
853 0.700002400600845
854 0.7000013586545
855 0.700000485468279
856 0.699999879441756
857 0.699999546906574
858 0.699999438930089
859 0.69999948355865
860 0.699999609176676
861 0.699999758153695
862 0.699999892163088
863 0.699999991588086
864 0.700000051571255
865 0.700000076854181
866 0.70000007690039
867 0.70000006212342
868 0.700000041489766
869 0.700000021390348
870 0.700000005473874
871 0.699999995076924
872 0.699999989921522
873 0.699999988835444
874 0.699999990347193
875 0.699999993092872
876 0.699999996034313
877 0.699999998524411
878 0.700000000270197
879 0.70000000124298
880 0.70000000157473
881 0.70000000146632
882 0.7000000011204
883 0.700000000701653
884 0.700000000320767
885 0.700000000035431
886 0.699999999861115
887 0.699999999785525
888 0.699999999782442
889 0.699999999822514
890 0.699999999880204
891 0.699999999937131
892 0.699999999982651
893 0.700000000012711
894 0.700000000027911
895 0.70000000003146
896 0.700000000027487
897 0.700000000019864
898 0.700000000011566
899 0.700000000004468
900 0.699999999999442
901 0.699999999996599
902 0.699999999995585
903 0.69999999999584
904 0.699999999996791
905 0.699999999997967
906 0.699999999999048
907 0.699999999999866
908 0.700000000000372
909 0.700000000000597
910 0.700000000000613
911 0.700000000000505
912 0.700000000000343
913 0.700000000000182
914 0.700000000000052
915 0.699999999999965
916 0.69999999999992
917 0.699999999999909
918 0.69999999999992
919 0.699999999999941
920 0.699999999999965
921 0.699999999999985
922 0.7
923 0.700000000000009
924 0.700000000000012
925 0.700000000000011
926 0.700000000000009
927 0.700000000000005
928 0.700000000000002
929 0.7
930 0.699999999999998
931 0.699999999999997
932 0.699999999999997
933 0.699999999999998
934 0.7
935 0.700000000000004
936 0.70000000000001
937 0.700000000000019
938 0.700000000000028
939 0.700000000000039
940 0.700000000000047
941 0.700000000000051
942 0.700000000000048
943 0.700000000000032
944 0.700000000000002
945 0.699999999999954
946 0.699999999999886
947 0.699999999999797
948 0.69999999999969
949 0.699999999999566
950 0.699999999999431
951 0.69999999999929
952 0.69999999999915
953 0.699999999999021
954 0.699999999998911
955 0.699999999998832
956 0.699999999998796
957 0.699999999998811
958 0.699999999998887
959 0.699999999999029
960 0.699999999999235
961 0.699999999999501
962 0.699999999999815
963 0.700000000000161
964 0.700000000000522
965 0.700000000000879
966 0.700000000001217
967 0.70000000000152
968 0.700000000001776
969 0.700000000001976
970 0.700000000002111
971 0.700000000002176
972 0.700000000002165
973 0.700000000002078
974 0.70000000000192
975 0.7000000000017
976 0.700000000001433
977 0.699999999763939
978 0.699999997888727
979 0.699999990384203
980 0.69999996968847
981 0.699999925264572
982 0.699999846961005
983 0.699999731984857
984 0.69999959481684
985 0.699999477416702
986 0.699999455879463
987 0.699999639450069
988 0.70000015835061
989 0.700001138766759
990 0.700002667518613
991 0.700004755661797
992 0.700007314605419
993 0.700010155226553
994 0.700013013664566
995 0.700015599911122
996 0.700017656506056
997 0.700019009730976
998 0.700019599710448
999 0.700019484321434
1000 0.700018776408196
1001 0.700017569629674
1002 0.700015914900309
1003 0.700013819000349
1004 0.700011266978053
1005 0.700008294212235
1006 0.700005053543526
1007 0.700001805401154
1008 0.69999885702795
1009 0.699996499309377
1010 0.699994954443676
1011 0.699994323085898
1012 0.699994552059268
1013 0.699995450561368
1014 0.699996744626517
1015 0.699998145591716
1016 0.699999409803144
1017 0.700000375700113
1018 0.700000974628439
1019 0.700001219643588
1020 0.700001180770042
1021 0.700000955879743
1022 0.700000644589927
1023 0.700000329646173
1024 0.700000067255211
1025 0.699999885485437
1026 0.69999978847026
1027 0.699999763707702
1028 0.699999790022653
1029 0.699999844441302
1030 0.699999907034611
1031 0.699999963507991
1032 0.70000000582974
1033 0.700000031468147
1034 0.700000041874717
1035 0.7000000407695
1036 0.70000003262366
1037 0.700000021554452
1038 0.700000010691073
1039 0.700000001958774
1040 0.699999996168169
1041 0.699999993280174
1042 0.699999992731467
1043 0.699999993736537
1044 0.699999995518091
1045 0.6999999974492
1046 0.699999999113564
1047 0.700000000303403
1048 0.700000000978959
1049 0.700000001211817
1050 0.7000000011289
1051 0.700000000867445
1052 0.700000000545279
1053 0.700000000246162
1054 0.700000000017167
1055 0.699999999873998
1056 0.699999999810157
1057 0.699999999806769
1058 0.699999999840928
1059 0.699999999891583
1060 0.699999999942777
1061 0.699999999984676
1062 0.700000000013037
1063 0.700000000027823
1064 0.700000000031572
1065 0.700000000027907
1066 0.700000000020431
1067 0.700000000012049
1068 0.700000000004699
1069 0.699999999999361
1070 0.699999999996249
1071 0.699999999995073
1072 0.699999999995291
1073 0.699999999996312
1074 0.699999999997625
1075 0.699999999998866
1076 0.69999999999983
1077 0.700000000000444
1078 0.700000000000731
1079 0.700000000000765
1080 0.700000000000641
1081 0.700000000000445
1082 0.700000000000242
1083 0.700000000000074
1084 0.699999999999959
1085 0.699999999999897
1086 0.699999999999879
1087 0.699999999999892
1088 0.699999999999919
1089 0.699999999999951
1090 0.69999999999998
1091 0.700000000000001
1092 0.700000000000013
1093 0.700000000000018
1094 0.700000000000018
1095 0.700000000000014
1096 0.700000000000009
1097 0.700000000000004
1098 0.700000000000001
1099 0.699999999999998
1100 0.699999999999997
1101 0.699999999999997
1102 0.699999999999998
1103 0.699999999999998
1104 0.699999999999999
1105 0.699999999999999
1106 0.7
1107 0.7
1108 0.7
1109 0.7
1110 0.7
1111 0.7
1112 0.7
1113 0.7
1114 0.7
1115 0.7
1116 0.7
1117 0.7
1118 0.7
1119 0.7
1120 0.7
1121 0.7
1122 0.7
1123 0.7
1124 0.7
1125 0.7
1126 0.7
1127 0.7
1128 0.7
1129 0.7
1130 0.7
1131 0.7
1132 0.7
1133 0.7
1134 0.7
1135 0.7
1136 0.7
1137 0.7
1138 0.7
1139 0.7
1140 0.7
1141 0.7
1142 0.7
1143 0.7
1144 0.7
1145 0.700000000000001
1146 0.700000000000006
1147 0.700000000000028
1148 0.700000000000096
1149 0.700000000000266
1150 0.700000000000622
1151 0.70000000000125
1152 0.700000000002174
1153 0.700000000003234
1154 0.700000000003915
1155 0.700000000003175
1156 0.699999999999343
1157 0.699999999990226
1158 0.69999999997354
1159 0.699999999947779
1160 0.699999999913474
1161 0.699999999874661
1162 0.699999999840168
1163 0.699999999824194
1164 0.699999999845661
1165 0.699999999925996
1166 0.700000000085385
1167 0.700000000338031
1168 0.700000000687483
1169 0.700000001123351
1170 0.700000001620574
1171 0.700000002141778
1172 0.700000002642389
1173 0.700000003077185
1174 0.700000003406424
1175 0.700000003599789
1176 0.700000003637198
1177 0.700000003506723
1178 0.700000003201146
1179 0.700000002715516
1180 0.700000002047975
1181 0.700000001204793
1182 0.700000000208246
1183 0.699999999104033
1184 0.69999999796422
1185 0.699999996882632
1186 0.699999995962051
1187 0.699999995295768
1188 0.69999999494841
1189 0.699999994941412
1190 0.699999995249502
1191 0.699999995809995
1192 0.699999996540084
1193 0.699999997356161
1194 0.699999998189473
1195 0.69999999899239
1196 0.69999999973419
1197 0.700000000392037
1198 0.700000000943655
1199 0.700000001364711
1200 0.700000001631016
