0 0.8
1 0.8
2 0.8
3 0.8
4 0.8
5 0.8
6 0.8
7 0.8
8 0.8
9 0.8
10 0.8
11 0.8
12 0.8
13 0.8
14 0.8
15 0.8
16 0.8
17 0.8
18 0.8
19 0.8
20 0.8
21 0.80062298
22 0.8022644354
23 0.8046426371984
24 0.807540903320204
25 0.810793084254634
26 0.814272263762844
27 0.817881963632202
28 0.821549298642919
29 0.825219650354242
30 0.828852523692192
31 0.832418324612062
32 0.835895854977218
33 0.839270365871479
34 0.842532045673436
35 0.845674846570135
36 0.848695574490539
37 0.851593184032545
38 0.854368232882222
39 0.857022460291254
40 0.859558462020062
41 0.86197944026174
42 0.864289011819108
43 0.866491061512354
44 0.868589630680542
45 0.870588832887755
46 0.872492790695057
47 0.874305588722542
48 0.876031239287285
49 0.87767365772957
50 0.87923664518335
51 0.880723877047975
52 0.882138895808267
53 0.883485107153621
54 0.884765778583085
55 0.885984039867191
56 0.887142884880319
57 0.88824517442854
58 0.889293639784336
59 0.89029088670675
60 0.891239399777646
61 0.892141546925233
62 0.892999584037377
63 0.893815659591512
64 0.894591819246745
65 0.895330010358286
66 0.89603208638546
67 0.896699811173221
68 0.897334863093596
69 0.897938839038575
70 0.898513258259737
71 0.899059566052788
72 0.899579137287345
73 0.900073279783881
74 0.900543237540902
75 0.900990193816267
76 0.90141527406709
77 0.901819548753099
78 0.90220403600848
79 0.902569704187399
80 0.902917474288398
81 0.90324822226282
82 0.903562781212348
83 0.903861943480619
84 0.904146462643739
85 0.904417055404357
86 0.904674403393803
87 0.904919154886623
88 0.90515192643166
89 0.905373304403665
90 0.905583846479237
91 0.905784083040758
92 0.905974518511762
93 0.906155632627094
94 0.90632788164099
95 0.906491699476108
96 0.906647498816389
97 0.906795672146462
98 0.906936592740223
99 0.907070615601043
100 0.907198078355993
101 0.907319302106303
102 0.907434592236217
103 0.907544239182264
104 0.907648519164883
105 0.907747694884242
106 0.907842016182011
107 0.907931720670734
108 0.908017034332413
109 0.908098172087781
110 0.908175338337723
111 0.908248727478191
112 0.908318524389918
113 0.908384904904165
114 0.908448036245666
115 0.908508077453899
116 0.908565179783731
117 0.908619487086457
118 0.908671136172187
119 0.908720257154495
120 0.908766973778196
121 0.908811403731086
122 0.908853658940416
123 0.908893845854857
124 0.908932065712663
125 0.908968414796712
126 0.909002984677056
127 0.909035862441608
128 0.909067130915524
129 0.909096868869865
130 0.909125151220028
131 0.909152049214475
132 0.909177630614221
133 0.909201959863534
134 0.909225098252287
135 0.909247104070354
136 0.909268032754452
137 0.909287937027803
138 0.909306867032946
139 0.90932487045806
140 0.909341992657096
141 0.909358276764036
142 0.909373763801553
143 0.909388492784353
144 0.909402500817465
145 0.909415823189709
146 0.909428493462603
147 0.909440543554902
148 0.909452003823016
149 0.909462903137475
150 0.909473268955664
151 0.909483127390995
152 0.909492503278687
153 0.909501420238331
154 0.909509900733396
155 0.909517966127814
156 0.909525636739805
157 0.909532931893055
158 0.909539869965402
159 0.909546468435133
160 0.909552743925011
161 0.909558712244154
162 0.90956438842786
163 0.909569786775483
164 0.909574920886459
165 0.90957980369456
166 0.909584447500483
167 0.909588864002831
168 0.90959306432759
169 0.909597059056154
170 0.90960085825198
171 0.909604471485946
172 0.909607907860455
173 0.909611176032369
174 0.909614284234815
175 0.909617240297931
176 0.909620051668585
177 0.909622725429138
178 0.909625268315289
179 0.909627686733035
180 0.909629986774818
181 0.909632174234869
182 0.909634254623802
183 0.909636233182502
184 0.909638114895323
185 0.909639904502648
186 0.909641606512828
187 0.909643225213541
188 0.909644764682592
189 0.909646228798189
190 0.909647621248709
191 0.909648945541992
192 0.909650205014178
193 0.909651402838109
194 0.909652542031326
195 0.909653625463665
196 0.909654655864494
197 0.909655635829583
198 0.909656567827643
199 0.909657454206552
200 0.909658297199259
