1 2
2 2
3 2
4 2
5 2
6 2
7 2
8 2
9 2
10 2
11 2
12 2
13 2
14 2
15 2
16 2
17 2
18 2
19 2
20 2
21 2
22 2
23 2
24 2
25 2
26 2
27 2
28 2
29 2
30 2.207
31 2.207
32 2.225
33 2.243
34 2.261
35 2.279
36 2.297
37 2.315
38 2.333
39 2.351
40 2.3683326482495
41 2.38457428018864
42 2.39991062979314
43 2.41438407035179
44 2.42803028338225
45 2.44087504096027
46 2.45293649519503
47 2.46422695676622
48 2.47475427570418
49 2.48452291256367
50 2.49353692013464
51 2.50180331790026
52 2.50933207136487
53 2.51613501739632
54 2.52222554302791
55 2.52761832321061
56 2.53232914532133
57 2.53637479190337
58 2.53977296282535
59 2.54254222357361
60 2.5447019634589
61 2.5462723441246
62 2.54727423262436
63 2.54772912658907
64 2.54765907693523
65 2.54708661009877
66 2.54603465118019
67 2.54452644873217
68 2.54258550153216
69 2.54023548745043
70 2.53750019441607
71 2.53440345349674
72 2.53096907418383
73 2.52722078202259
74 2.52318215872822
75 2.51887658491187
76 2.5143271855195
77 2.50955677806386
78 2.50458782370876
79 2.49944238124696
80 2.49414206399742
81 2.4887079996351
82 2.4831607929555
83 2.47752049156603
84 2.47180655448694
85 2.46603782363585
86 2.46023249816158
87 2.45440811158543
88 2.44858151170107
89 2.4427688431776
90 2.43698553280448
91 2.43124627731178
92 2.42556503369417
93 2.41995501196283
94 2.41442867024553
95 2.40899771215161
96 2.40367308631576
97 2.39846498803151
98 2.39338286288356
99 2.38843541228578
100 2.38363060083066
101 2.37897566535427
102 2.37447712562071
103 2.37014079652875
104 2.36597180174378
105 2.36197458865789
106 2.35815294458149
107 2.35451001407033
108 2.35104831729277
109 2.34776976934325
110 2.34467570040906
111 2.34176687669935
112 2.3390435220466
113 2.33650534009314
114 2.33415153697696
115 2.33198084443356
116 2.32999154323263
117 2.32818148687124
118 2.32654812544734
119 2.32508852964042
120 2.32379941472878
121 2.32267716457577
122 2.32171785552026
123 2.32091728010964
124 2.3202709706166
125 2.31977422228399
126 2.31942211624534
127 2.31920954207135
128 2.31913121989616
129 2.31918172208014
130 2.31935549436888
131 2.31964687651148
132 2.32005012230395
133 2.32055941902681
134 2.32116890624871
135 2.32187269397108
136 2.32266488009141
137 2.32353956716578
138 2.32449087845395
139 2.32551297323297
140 2.32660006136782
141 2.32774641713032
142 2.32894639225975
143 2.33019442826107
144 2.33148506793911
145 2.33281296616874
146 2.33417289990388
147 2.33555977742949
148 2.33696864686291
149 2.33839470391293
150 2.3398332989061
151 2.34127994309195
152 2.34273031424
153 2.34418026154293
154 2.34562580984153
155 2.3470631631884
156 2.34848870776823
157 2.34989901419382
158 2.35129083919771
159 2.35266112674008
160 2.35400700855455
161 2.35532580415386
162 2.35661502031826
163 2.35787235008964
164 2.35909567129504
165 2.36028304462333
166 2.36143271127914
167 2.36254309023832
168 2.36361277512922
169 2.36464053076404
170 2.36562528934462
171 2.36656614636673
172 2.3674623562468
173 2.36831332769494
174 2.3691186188574
175 2.36987793225183
176 2.37059110951776
177 2.37125812600467
178 2.37187908521933
179 2.37245421315361
180 2.37298385251337
181 2.37346845686865
182 2.37390858474429
183 2.37430489367005
184 2.37465813420813
185 2.37496914397555
186 2.37523884167808
187 2.37546822117162
188 2.37565834556631
189 2.37581034138767
190 2.37592539280867
191 2.37600473596535
192 2.37604965336843
193 2.376061468422
194 2.37604154006012
195 2.37599125751089
196 2.37591203519734
197 2.37580530778315
198 2.37567252537096
199 2.37551514886
200 2.37533464546906
201 2.37513248443039
202 2.37491013285888
203 2.3746690518009
204 2.37441069246579
205 2.37413649264295
206 2.37384787330643
207 2.37354623540862
208 2.37323295686376
209 2.37290938972181
210 2.37257685753227
211 2.37223665289731
212 2.37189003521297
213 2.37153822859683
214 2.3711824199998
215 2.37082375749981
216 2.37046334877412
217 2.37010225974722
218 2.36974151341047
219 2.36938208880962
220 2.36902492019593
221 2.3686708963363
222 2.36832085997769
223 2.36797560746072
224 2.36763588847742
225 2.3673024059675
226 2.36697581614785
227 2.36665672866937
228 2.3663457068955
229 2.36604326829653
230 2.36574988495365
231 2.36546598416686
232 2.36519194916062
233 2.36492811988128
234 2.36467479388007
235 2.36443222727578
236 2.36420063579113
237 2.36398019585667
238 2.36377104577667
239 2.36357328695082
240 2.36338698514635
241 2.3632121718147
242 2.36304884544739
243 2.3628969729657
244 2.36275649113876
245 2.36262730802522
246 2.36250930443322
247 2.3624023353942
248 2.36230623164558
249 2.36222080111815
250 2.3621458304237
251 2.36208108633875
252 2.36202631728068
253 2.36198125477225
254 2.36194561489113
255 2.36191909970104
256 2.36190139866129
257 2.36189219001184
258 2.36189114213096
259 2.36189791486303
260 2.36191216081401
261 2.3619335266124
262 2.36196165413364
263 2.36199618168613
264 2.36203674515724
265 2.36208297911779
266 2.36213451788373
267 2.36219099653394
268 2.36225205188306
269 2.36231732340873
270 2.36238645413245
271 2.36245909145373
272 2.36253488793705
273 2.36261350205153
274 2.36269459886329
275 2.3627778506805
276 2.36286293765135
277 2.36294954831538
278 2.36303738010843
279 2.36312613982189
280 2.36321554401695
281 2.36330531939444
282 2.36339520312124
283 2.36348494311415
284 2.36357429828222
285 2.36366303872862
286 2.3637509459132
287 2.36383781277694
288 2.36392344382954
289 2.3640076552015
290 2.36409027466196
291 2.36417114160381
292 2.36425010699733
293 2.36432703331395
294 2.36440179442156
295 2.36447427545277
296 2.36454437264773
297 2.36461199317299
298 2.36467705491783
299 2.36473948626964
300 2.36479922586988
301 2.36485622235196
302 2.36491043406275
303 2.36496182876891
304 2.36501038334976
305 2.36505608347783
306 2.36509892328875
307 2.3651389050416
308 2.36517603877124
309 2.36521034193382
310 2.36524183904676
311 2.36527056132437
312 2.36529654631042
313 2.36531983750867
314 2.36534048401254
315 2.36535854013496
316 2.36537406503937
317 2.36538712237291
318 2.3653977799027
319 2.36540610915596
320 2.36541218506505
321 2.36541608561795
322 2.36541789151502
323 2.36541768583279
324 2.36541555369526
325 2.36541158195345
326 2.36540585887359
327 2.36539847383456
328 2.365389517035
329 2.36537907921046
330 2.36536725136092
331 2.3653541244891
332 2.36533978934976
333 2.36532433621011
334 2.36530785462182
335 2.36529043320443
336 2.36527215944047
337 2.36525311948238
338 2.36523339797116
339 2.36521307786678
340 2.36519224029042
341 2.36517096437835
342 2.36514932714742
343 2.3651274033721
344 2.36510526547277
345 2.36508298341525
346 2.36506062462135
347 2.36503825389007
348 2.36501593332942
349 2.36499372229854
350 2.36497167735973
351 2.36494985224029
352 2.36492829780369
353 2.36490706202993
354 2.36488619000458
355 2.36486572391631
356 2.36484570306246
357 2.36482616386236
358 2.36480713987806
359 2.36478866184194
360 2.36477075769106
361 2.36475345260775
362 2.364736769066
363 2.36472072688348
364 2.36470534327855
365 2.3646906329322
366 2.36467660805418
367 2.36466327845332
368 2.36465065161144
369 2.36463873276053
370 2.36462752496293
371 2.36461702919411
372 2.36460724442769
373 2.36459816772242
374 2.36458979431078
375 2.36458211768886
376 2.36457512970729
377 2.36456882066281
378 2.36456317939036
379 2.36455819335521
380 2.36455384874511
381 2.36455013056202
382 2.36454702271323
383 2.36454450810171
384 2.3645425687154
385 2.36454118571531
386 2.36454033952211
387 2.36454000990122
388 2.36454017604604
389 2.36454081665929
390 2.36454191003234
391 2.36454343412221
392 2.36454536662639
393 2.36454768505514
394 2.36455036680127
395 2.3645533892074
396 2.36455672963041
397 2.36456036550321
398 2.36456427439369
399 2.36456843406085
400 2.11456843406085
401 2.11457302958582
402 2.07857781082853
403 2.0425827568153
404 2.00658784700042
405 1.9705930613047
406 1.93459838015119
407 1.89860378449797
408 1.86260925586809
409 1.82661477637672
410 1.79142632327852
411 1.75755556109877
412 1.72482412822464
413 1.69325599446182
414 1.66286641904982
415 1.63367317513288
416 1.60569570594023
417 1.57895448160484
418 1.55347051157798
419 1.52926497758752
420 1.5063563614053
421 1.48475694389734
422 1.46447313574394
423 1.44550679867767
424 1.42785563156493
425 1.41151355729475
426 1.39647102717414
427 1.38271526695692
428 1.3702304793138
429 1.35899801373666
430 1.34899652039793
431 1.34020210993929
432 1.3325885257838
433 1.32612732106002
434 1.32078803514834
435 1.3165383684278
436 1.31334435401003
437 1.31117052581649
438 1.30998008268874
439 1.30973504843064
440 1.31039642777932
441 1.31192435827516
442 1.31427825790933
443 1.31741696836928
444 1.32129889369574
445 1.32588213417631
446 1.33112461531831
447 1.33698421176409
448 1.34341886603357
449 1.35038670199828
450 1.3578461330095
451 1.36575596461954
452 1.37407549185091
453 1.38276459098287
454 1.39178380584029
455 1.40109442858379
456 1.41065857501473
457 1.42043925442248
458 1.43040043401418
459 1.44050709798073
460 1.45072530126407
461 1.46102221810274
462 1.47136618544353
463 1.4817267413169
464 1.49207465828369
465 1.50238197206937
466 1.51262200551022
467 1.52276938794337
468 1.53280007017975
469 1.5426913352047
470 1.55242180475719
471 1.56197144194302
472 1.57132155004201
473 1.58045476767278
474 1.5893550604817
475 1.59800770952547
476 1.60639929651826
477 1.61451768611621
478 1.62235200541264
479 1.62989262081793
480 1.63713111249759
481 1.64406024654188
482 1.6506739450389
483 1.65696725422179
484 1.66293631085882
485 1.66857830705281
486 1.67389145361365
487 1.67887494216498
488 1.68352890614242
489 1.68785438083751
490 1.69185326263754
491 1.69552826760716
492 1.69888288955382
493 1.70192135771389
494 1.70464859419225
495 1.70707017128271
496 1.70919226879191
497 1.71102163148412
498 1.71256552675892
499 1.71383170266869
500 1.71482834637712
501 1.71556404315471
502 1.71604773600146
503 1.71628868598177
504 1.71629643335072
505 1.71608075954555
506 1.71565165011065
507 1.71501925861893
508 1.71419387164702
509 1.71318587485647
510 1.7120057202279
511 1.71066389448978
512 1.70917088877868
513 1.70753716956268
514 1.70577315085499
515 1.70388916774002
516 1.70189545122963
517 1.69980210446295
518 1.69761908025878
519 1.69535616002551
520 1.69302293402968
521 1.69062878302027
522 1.68818286120249
523 1.68569408055102
524 1.68317109644988
525 1.68062229464239
526 1.67805577947241
527 1.67547936339465
528 1.67290055772989
529 1.67032656463797
530 1.66776427027965
531 1.66522023913617
532 1.66270070945335
533 1.66021158977575
534 1.65775845653432
535 1.65534655265019
536 1.65298078711554
537 1.65066573551164
538 1.64840564142338
539 1.64620441870854
540 1.64406565457975
541 1.64199261345641
542 1.63998824154359
543 1.63805517209491
544 1.63619573131582
545 1.63441194486452
546 1.6327055449071
547 1.63107797768448
548 1.62953041154861
549 1.62806374542615
550 1.62667861766833
551 1.62537541524647
552 1.62415428325307
553 1.62301513466982
554 1.62195766036403
555 1.6209813392767
556 1.62008544876577
557 1.6192690750699
558 1.61853112385858
559 1.61787033083611
560 1.61728527236787
561 1.6167743760987
562 1.61633593153451
563 1.6159681005595
564 1.61566892786275
565 1.61543635124921
566 1.61526821181169
567 1.61516226394155
568 1.61511618515736
569 1.61512758573209
570 1.61519401810084
571 1.61531298603238
572 1.61548195354914
573 1.61569835358175
574 1.61595959634542
575 1.61626307742668
576 1.61660618557057
577 1.61698631015932
578 1.61740084837483
579 1.6178472120387
580 1.61832283412433
581 1.61882517493709
582 1.61935172795941
583 1.61990002535882
584 1.62046764315788
585 1.62105220606607
586 1.62165139197448
587 1.6222629361151
588 1.62288463488733
589 1.62351434935527
590 1.62415000841985
591 1.62478961167082
592 1.62543123192426
593 1.62607301745162
594 1.62671319390742
595 1.62735006596272
596 1.62798201865237
597 1.62860751844427
598 1.62922511403948
599 1.62983343691221
600 1.63043120159917
601 1.63101720574797
602 1.63159032993473
603 1.6321495372608
604 1.63269387273936
605 1.63322246248207
606 1.63373451269668
607 1.63422930850616
608 1.63470621260012
609 1.63516466372936
610 1.63560417505424
611 1.63602433235748
612 1.6364247921322
613 1.63680527955555
614 1.63716558635834
615 1.63750556860102
616 1.63782514436592
617 1.63812429137575
618 1.6384030445479
619 1.63866149349413
620 1.63889977997465
621 1.63911809531566
622 1.63931667779894
623 1.63949581003186
624 1.63965581630583
625 1.63979705995109
626 1.6399199406951
627 1.64002489203176
628 1.64011237860825
629 1.64018289363591
630 1.64023695633128
631 1.6402751093931
632 1.6402979165207
633 1.64030595997891
634 1.64029983821411
635 1.64028016352601
636 1.64024755979912
637 1.6402026602977
638 1.64014610552749
639 1.64007854116751
640 1.64000061607441
641 1.63991298036208
642 1.63981628355842
643 1.6397111728413
644 1.63959829135506
645 1.63947827660895
646 1.63935175895835
647 1.6392193601696
648 1.63908169206873
649 1.63893935527447
650 1.63879293801527
651 1.63864301503027
652 1.63849014655352
653 1.63833487738093
654 1.63817773601889
655 1.6380192339136
656 1.63785986475971
657 1.63770010388694
658 1.6375404077231
659 1.63738121333163
660 1.63722293802203
661 1.63706597903098
662 1.63691071327214
663 1.63675749715253
664 1.63660666645297
665 1.63645853627047
666 1.63631340101987
667 1.63617153449253
668 1.63603318996917
669 1.63589860038463
670 1.63576797854156
671 1.63564151737071
672 1.63551939023492
673 1.63540175127425
674 1.63528873578955
675 1.63518046066174
676 1.63507702480427
677 1.63497850964593
678 1.63488497964166
679 1.63479648280848
680 1.63471305128428
681 1.63463470190677
682 1.63456143681029
683 1.63449324403797
684 1.634430098167
685 1.63437196094468
686 1.63431878193309
687 1.63427049916018
688 1.6342270397753
689 1.63418832070705
690 1.63415424932178
691 1.63412472408055
692 1.63409963519315
693 1.63407886526728
694 1.63406228995136
695 1.63404977856959
696 1.63404119474756
697 1.63403639702744
698 1.63403523947116
699 1.63403757225066
700 1.63404324222402
701 1.63405209349648
702 1.63406396796548
703 1.63407870584884
704 1.63409614619544
705 1.63411612737752
706 1.63413848756428
707 1.63416306517606
708 1.63418969931876
709 1.63421823019809
710 1.6342484995134
711 1.63428035083084
712 1.63431362993569
713 1.63434818516376
714 1.63438386771183
715 1.63442053192721
716 1.63445803557636
717 1.63449624009291
718 1.63453501080509
719 1.63457421714286
720 1.63461373282511
721 1.63465343602709
722 1.63469320952862
723 1.63473294084332
724 1.63477252232938
725 1.63481185128239
726 1.63485083001061
727 1.63488936589327
728 1.63492737142251
729 1.63496476422942
730 1.63500146709487
731 1.63503740794568
732 1.63507251983679
733 1.63510674092005
734 1.63514001440032
735 1.63517228847942
736 1.63520351628877
737 1.63523365581124
738 1.63526266979289
739 1.6352905256454
740 1.63531719533961
741 1.63534265529116
742 1.63536688623853
743 1.63538987311437
744 1.63541160491076
745 1.63543207453879
746 1.63545127868342
747 1.63546921765393
748 1.63548589523075
749 1.63550131850909
750 1.63551549774013
751 1.63552844617006
752 1.63554017987775
753 1.63555071761137
754 1.63556008062459
755 1.6355682925127
756 1.63557537904919
757 1.63558136802324
758 1.63558628907847
759 1.63559017355332
760 1.63559305432351
761 1.6355949656469
762 1.63559594301106
763 1.63559602298382
764 1.63559524306716
765 1.63559364155469
766 1.63559125739291
767 1.63558813004651
768 1.63558429936788
769 1.63557980547111
770 1.63557468861049
771 1.63556898906377
772 1.63556274702026
773 1.63555600247385
774 1.63554879512112
775 1.63554116426448
776 1.63553314872054
777 1.63552478673361
778 1.63551611589444
779 1.63550717306419
780 1.63549799430358
781 1.6354886148072
782 1.63547906884305
783 1.63546938969708
784 1.6354596096228
785 1.63544975979592
786 1.6354398702737
787 1.63542996995929
788 1.63542008657059
789 1.63541024661374
790 1.6354004753611
791 1.63539079683348
792 1.63538123378661
793 1.63537180770167
794 1.63536253877968
795 1.63535344593969
796 1.63534454682058
797 1.63533585778629
798 1.63532739393433
799 1.63531916910749
800 1.73881119590839
801 1.73880348571697
802 1.7477960487105
803 1.75678889388613
804 1.76578202908572
805 1.77477546102281
806 1.78376919531155
807 1.79276323649744
808 1.80175758808979
809 1.81075225259553
810 1.81941355567927
811 1.82752966567023
812 1.83519344927217
813 1.84242609199047
814 1.84924543262909
815 1.8556643544949
816 1.86169193017543
817 1.86733431084794
818 1.8725954167102
819 1.87747747260814
820 1.881982498932
821 1.886113998886
822 1.88987694819272
823 1.89327725780428
824 1.89632161334295
825 1.89901734401634
826 1.90137233490999
827 1.90339496839538
828 1.90509408524642
829 1.90647895882178
830 1.90755927420351
831 1.90834510248546
832 1.90884686734539
833 1.90907530766066
834 1.90904143889351
835 1.90875651423798
836 1.90823198622121
837 1.90747946912484
838 1.90651070239763
839 1.90533751511456
840 1.9039717914836
841 1.90242543740817
842 1.90071034815083
843 1.89883837716839
844 1.89682130618848
845 1.89467081658993
846 1.89239846213823
847 1.89001564311628
848 1.88753358188002
849 1.88496329985963
850 1.88231559601919
851 1.87960102678133
852 1.87682988741821
853 1.8740121949046
854 1.87115767222472
855 1.86827573411973
856 1.86537547425878
857 1.86246565381283
858 1.85955469140671
859 1.85665065442178
860 1.85376125161866
861 1.85089382704673
862 1.84805535520455
863 1.84525243741361
864 1.84249129936517
865 1.83977778979906
866 1.83711738027098
867 1.83451516596416
868 1.83197586749977
869 1.82950383369958
870 1.82710304525388
871 1.82477711924666
872 1.82252931449004
873 1.82036253761946
874 1.81827934990113
875 1.81628197470324
876 1.8143723055826
877 1.81255191493885
878 1.81082206318841
879 1.80918370841155
880 1.80763751642579
881 1.80618387124043
882 1.80482288584717
883 1.80355441330327
884 1.80237805806425
885 1.80129318752468
886 1.80029894372646
887 1.79939425519535
888 1.79857784886774
889 1.79784826207123
890 1.79720385452348
891 1.79664282031586
892 1.79616319984931
893 1.79576289169166
894 1.79543966432706
895 1.79519116776975
896 1.79501494501575
897 1.79490844330796
898 1.7948690251913
899 1.79489397933642
900 1.79498053111184
901 1.79512585288597
902 1.79532707404203
903 1.79558129069039
904 1.79588557506418
905 1.79623698458578
906 1.79663257059294
907 1.79706938671483
908 1.7975444968897
909 1.79805498301714
910 1.79859795223914
911 1.79917054384565
912 1.79976993580127
913 1.8003933508911
914 1.80103806248481
915 1.80170139991912
916 1.80238075349987
917 1.80307357912599
918 1.80377740253833
919 1.80448982319773
920 1.8052085177969
921 1.80593124341206
922 1.80665584030075
923 1.80738023435293
924 1.80810243920319
925 1.80882055801264
926 1.80953278492922
927 1.8102374062362
928 1.81093280119852
929 1.81161744261763
930 1.81228989710533
931 1.81294882508781
932 1.81359298055113
933 1.81422121053973
934 1.81483245441987
935 1.81542574291959
936 1.81600019695761
937 1.81655502627298
938 1.81708952786776
939 1.81760308427486
940 1.81809516166314
941 1.81856530779184
942 1.81901314982631
943 1.8194383920269
944 1.81984081332264
945 1.82022026478132
946 1.82057666698727
947 1.82091000733787
948 1.82122033726978
949 1.82150776942533
950 1.82177247476954
951 1.82201467966769
952 1.82223466293312
953 1.8224327528548
954 1.82260932421347
955 1.8227647952953
956 1.82289962491117
957 1.82301430942968
958 1.82310937983151
959 1.82318539879218
960 1.82324295780023
961 1.82328267431716
962 1.82330518898523
963 1.82331116288881
964 1.82330127487452
965 1.82327621893514
966 1.82323670166178
967 1.82318343976842
968 1.82311715769262
969 1.82303858527593
970 1.82294845552674
971 1.8228475024686
972 1.82273645907615
973 1.82261605530064
974 1.82248701618686
975 1.8223500600827
976 1.82220589694239
977 1.82205522672423
978 1.82189873788318
979 1.82173710595845
980 1.82157099225611
981 1.82140104262621
982 1.82122788633388
983 1.82105213502359
984 1.82087438177543
985 1.82069520025221
986 1.82051514393587
987 1.82033474545158
988 1.82015451597768
989 1.81997494473946
990 1.81979649858474
991 1.81961962163883
992 1.81944473503667
993 1.81927223672943
994 1.81910250136316
995 1.81893588022673
996 1.81877270126621
997 1.81861326916301
998 1.81845786547272
999 1.81830674882188
1000 1.8181601551596
1001 1.81801829806098
1002 1.81788136907952
1003 1.81774953814523
1004 1.81762295400568
1005 1.81750174470674
1006 1.81738601811014
1007 1.81727586244495
1008 1.81717134688982
1009 1.81707252218329
1010 1.81697942125916
1011 1.81689205990428
1012 1.81681043743583
1013 1.81673453739549
1014 1.81666432825793
1015 1.81659976415094
1016 1.81654078558486
1017 1.81648732018881
1018 1.81643928345146
1019 1.81639657946409
1020 1.81635910166383
1021 1.81632673357492
1022 1.81629934954621
1023 1.81627681548286
1024 1.81625898957056
1025 1.81624572299056
1026 1.81623686062391
1027 1.81623224174352
1028 1.81623170069247
1029 1.81623506754748
1030 1.81624216876616
1031 1.81625282781708
1032 1.81626686579154
1033 1.81628410199622
1034 1.81630435452578
1035 1.81632744081477
1036 1.81635317816812
1037 1.81638138426972
1038 1.81641187766858
1039 1.81644447824214
1040 1.81647900763647
1041 1.81651528968307
1042 1.81655315079219
1043 1.81659242032245
1044 1.81663293092684
1045 1.81667451887507
1046 1.81671702435247
1047 1.81676029173546
1048 1.816804169844
1049 1.81684851217109
1050 1.8168931770898
1051 1.81693802803819
1052 1.81698293368245
1053 1.81702776805881
1054 1.8170724106947
1055 1.81711674670972
1056 1.81716066689688
1057 1.81720406778492
1058 1.81724685168209
1059 1.81728892670231
1060 1.81733020677409
1061 1.81737061163322
1062 1.81741006679962
1063 1.81744850353939
1064 1.81748585881246
1065 1.81752207520695
1066 1.8175571008606
1067 1.8175908893704
1068 1.81762339969082
1069 1.81765459602167
1070 1.81768444768623
1071 1.8177129290003
1072 1.81774001913313
1073 1.81776570196072
1074 1.8177899659124
1075 1.81781280381131
1076 1.8178342127094
1077 1.81785419371788
1078 1.81787275183345
1079 1.81788989576126
1080 1.81790563773503
1081 1.81791999333503
1082 1.81793298130452
1083 1.81794462336516
1084 1.817954944032
1085 1.81796397042855
1086 1.81797173210241
1087 1.81797826084206
1088 1.81798359049506
1089 1.81798775678831
1090 1.81799079715067
1091 1.81799275053835
1092 1.81799365726339
1093 1.8179935588257
1094 1.81799249774879
1095 1.81799051741969
1096 1.81798766193313
1097 1.81798397594039
1098 1.81797950450291
1099 1.81797429295098
1100 1.81796838674759
1101 1.81796183135766
1102 1.81795467212277
1103 1.81794695414144
1104 1.81793872215518
1105 1.81793002044027
1106 1.81792089270541
1107 1.81791138199518
1108 1.81790153059944
1109 1.81789137996857
1110 1.81788097063463
1111 1.81787034213833
1112 1.81785953296183
1113 1.81784858046723
1114 1.81783752084079
1115 1.81782638904268
1116 1.81781521876227
1117 1.81780404237875
1118 1.81779289092706
1119 1.81778179406888
1120 1.81777078006874
1121 1.81775987577486
1122 1.81774910660477
1123 1.81773849653546
1124 1.81772806809787
1125 1.81771784237567
1126 1.817707839008
1127 1.81769807619615
1128 1.81768857071382
1129 1.81767933792099
1130 1.81767039178101
1131 1.81766174488086
1132 1.81765340845438
1133 1.81764539240816
1134 1.81763770535008
1135 1.8176303546202
1136 1.81762334632382
1137 1.81761668536659
1138 1.81761037549141
1139 1.81760441931703
1140 1.81759881837804
1141 1.81759357316627
1142 1.81758868317324
1143 1.81758414693362
1144 1.81757996206949
1145 1.81757612533522
1146 1.81757263266291
1147 1.81756947920818
1148 1.81756665939609
1149 1.81756416696724
1150 1.81756199502378
1151 1.81756013607524
1152 1.81755858208406
1153 1.81755732451073
1154 1.8175563543584
1155 1.81755566221689
1156 1.81755523830597
1157 1.81755507251784
1158 1.81755515445878
1159 1.81755547348972
1160 1.81755601876592
1161 1.81755677927544
1162 1.81755774387651
1163 1.81755890133365
1164 1.8175602403526
1165 1.81756174961383
1166 1.81756341780481
1167 1.81756523365087
1168 1.81756718594465
1169 1.81756926357415
1170 1.81757145554928
1171 1.81757375102705
1172 1.81757613933521
1173 1.81757860999451
1174 1.81758115273938
1175 1.81758375753727
1176 1.81758641460646
1177 1.81758911443247
1178 1.81759184778301
1179 1.81759460572154
1180 1.81759737961949
1181 1.81760016116702
1182 1.81760294238253
1183 1.81760571562086
1184 1.81760847358018
1185 1.81761120930766
1186 1.81761391620398
1187 1.8176165880266
1188 1.81761921889201
1189 1.81762180327676
1190 1.81762433601762
1191 1.8176268123106
1192 1.81762922770911
1193 1.81763157812117
1194 1.81763385980576
1195 1.8176360693684
1196 1.81763820375589
1197 1.81764026025043
1198 1.81764223646293
1199 1.81764413032584
1200 1.8176459400853
