1 2
2 2
3 2
4 2
5 2
6 2
7 2
8 2
9 2
10 2
11 2
12 2
13 2
14 2
15 2
16 2
17 2
18 2
19 2
20 2
21 2
22 2
23 2
24 2
25 2
26 2
27 2
28 2
29 2
30 2.25
31 2.27121090909091
32 2.29280181818182
33 2.31439272727273
34 2.33598363636364
35 2.35757454545454
36 2.37916545454545
37 2.40075636363636
38 2.42234727272727
39 2.44393818181818
40 2.46400600037988
41 2.48137199096706
42 2.49636785663132
43 2.50924794246048
44 2.52020973736835
45 2.52940647121287
46 2.53695692791119
47 2.5429530878966
48 2.5474660798172
49 2.55055081528957
50 2.55225887710443
51 2.55265490456303
52 2.55181834402904
53 2.54983698823451
54 2.54680269377132
55 2.5428086030726
56 2.53794741414714
57 2.53231036974983
58 2.52598673166401
59 2.51906357424963
60 2.51162572453176
61 2.50375564677854
62 2.49553318300173
63 2.48703521038651
64 2.47833529525278
65 2.46950338475752
66 2.46060555403975
67 2.45170381260401
68 2.44285596606845
69 2.43411552568029
70 2.42553165703465
71 2.41714916084429
72 2.40900848135574
73 2.4011457402717
74 2.39359279498992
75 2.38637732002349
76 2.37952291017421
77 2.37304920367827
78 2.36697202326777
79 2.36130353294068
80 2.35605240820462
81 2.35122401762754
82 2.34682061364453
83 2.3428415306973
84 2.33928338889947
85 2.3361403015243
86 2.33340408470686
87 2.33106446784401
88 2.32910930327001
89 2.32752477388214
90 2.32629559749292
91 2.32540522678971
92 2.32483604388875
93 2.32456954857685
94 2.32458653943838
95 2.32486728716785
96 2.32539169946795
97 2.32613947702943
98 2.32709026018235
99 2.32822376589729
100 2.32951991490069
101 2.33095894874929
102 2.33252153678527
103 2.33418887296523
104 2.33594276262338
105 2.3377656992909
106 2.33964093175039
107 2.34155252155592
108 2.34348539129619
109 2.34542536391954
110 2.34735919347639
111 2.34927458766675
112 2.35116022260702
113 2.35300575025346
114 2.35480179893721
115 2.35653996748007
116 2.35821281336989
117 2.35981383548054
118 2.36133745182369
119 2.36277897281917
120 2.36413457056595
121 2.36540124458958
122 2.36657678453178
123 2.36765973023632
124 2.36864932967089
125 2.36954549510895
126 2.37034875797757
127 2.3710602227583
128 2.37168152030769
129 2.37221476094267
130 2.3726624876139
131 2.37302762946745
132 2.37331345607191
133 2.37352353256476
134 2.37366167594834
135 2.37373191274238
136 2.37373843817702
137 2.37368557708759
138 2.37357774664994
139 2.37341942107399
140 2.37321509835171
141 2.37296926913626
142 2.37268638780934
143 2.37237084577583
144 2.37202694700735
145 2.37165888584046
146 2.37127072701964
147 2.37086638796156
148 2.37044962320404
149 2.37002401099134
150 2.36959294193673
151 2.36915960969384
152 2.36872700355979
153 2.36829790292566
154 2.36787487348379
155 2.36746026509586
156 2.36705621122162
157 2.36666462980473
158 2.36628722550966
159 2.36592549320234
160 2.36558072256596
161 2.36525400374401
162 2.36494623390266
163 2.36465812460663
164 2.36439020990402
165 2.36414285501862
166 2.36391626555102
167 2.36371049709308
168 2.36352546516463
169 2.36336095538499
170 2.36321663379664
171 2.36309205726294
172 2.36298668386662
173 2.3628998832411
174 2.36283094677124
175 2.36277909760611
176 2.36274350043065
177 2.36272327094918
178 2.36271748503818
179 2.36272518753128
180 2.36274540060404
181 2.36277713173128
182 2.36281938119402
183 2.36287114911798
184 2.36293144202955
185 2.36299927891968
186 2.36307369680948
187 2.36315375581561
188 2.36323854371644
189 2.36332718002344
190 2.36341881956524
191 2.3635126555941
192 2.36360792242759
193 2.36370389763979
194 2.36379990381887
195 2.36389530990913
196 2.36398953215743
197 2.36408203468484
198 2.36417232970554
199 2.36425997741596
200 2.36434458557718
201 2.36442580881478
202 2.36450334765983
203 2.36457694735528
204 2.36464639645159
205 2.36471152521526
206 2.36477220387367
207 2.36482834071871
208 2.36487988009166
209 2.36492680027031
210 2.36496911127917
211 2.36500685264224
212 2.365040091097
213 2.3650689182873
214 2.36509344845173
215 2.36511381612282
216 2.36513017385146
217 2.36514268996972
218 2.36515154640403
219 2.36515693654963
220 2.36515906321591
221 2.36515813665141
222 2.36515437265563
223 2.36514799078444
224 2.36513921265402
225 2.36512826034799
226 2.36511535493083
227 2.36510071507018
228 2.36508455576946
229 2.36506708721164
230 2.36504851371391
231 2.3650290327927
232 2.36500883433744
233 2.36498809989099
234 2.36496700203424
235 2.36494570387165
236 2.36492435861424
237 2.36490310925592
238 2.36488208833907
239 2.36486141780465
240 2.36484120892197
241 2.36482156229328
242 2.36480256792776
243 2.36478430537995
244 2.36476684394701
245 2.36475024291966
246 2.36473455188138
247 2.36471981105066
248 2.364706051661
249 2.36469329637371
250 2.36468155971841
251 2.36467084855661
252 2.36466116256356
253 2.36465249472407
254 2.36464483183819
255 2.36463815503244
256 2.36463244027329
257 2.36462765887897
258 2.3646237780267
259 2.36462076125205
260 2.36461856893796
261 2.36461715879075
262 2.36461648630093
263 2.36461650518692
264 2.36461716781983
265 2.36461842562794
266 2.3646202294795
267 2.36462253004293
268 2.3646252781236
269 2.36462842497653
270 2.36463192259469
271 2.36463572397266
272 2.36463978334562
273 2.36464405640376
274 2.36464850048249
275 2.36465307472875
276 2.36465774024409
277 2.36466246020504
278 2.36466719996173
279 2.36467192711541
280 2.36467661157592
281 2.36468122560017
282 2.36468574381246
283 2.36469014320808
284 2.36469440314097
285 2.3646985052969
286 2.36470243365319
287 2.36470617442615
288 2.36470971600753
289 2.36471304889103
290 2.3647161655902
291 2.36471906054861
292 2.36472173004365
293 2.36472417208494
294 2.36472638630831
295 2.36472837386648
296 2.36473013731724
297 2.36473168051022
298 2.36473300847291
299 2.36473412729677
300 2.36473504402428
301 2.36473576653745
302 2.36473630344858
303 2.36473666399359
304 2.36473685792881
305 2.36473689543122
306 2.364736787003
307 2.36473654338037
308 2.36473617544718
309 2.36473569415356
310 2.36473511043961
311 2.36473443516447
312 2.36473367904076
313 2.36473285257451
314 2.36473196601055
315 2.36473102928336
316 2.36473005197337
317 2.36472904326851
318 2.36472801193103
319 2.36472696626937
320 2.36472591411494
321 2.3647248628036
322 2.36472381916165
323 2.36472278949619
324 2.36472177958945
325 2.36472079469701
326 2.36471983954954
327 2.36471891835793
328 2.36471803482138
329 2.36471719213837
330 2.36471639302012
331 2.36471563970626
332 2.36471493398263
333 2.36471427720074
334 2.36471367029875
335 2.36471311382373
336 2.36471260795496
337 2.36471215252803
338 2.36471174705949
339 2.36471139077198
340 2.36471108261951
341 2.36471082131274
342 2.36471060534415
343 2.36471043301293
344 2.36471030244937
345 2.36471021163869
346 2.36471015844427
347 2.36471014062993
348 2.36471015588146
349 2.36471020182714
350 2.36471027605719
351 2.36471037614221
352 2.36471049965037
353 2.36471064416359
354 2.36471080729233
355 2.36471098668936
356 2.36471118006219
357 2.36471138518431
358 2.36471159990526
359 2.36471182215945
360 2.36471204997392
361 2.36471228147481
362 2.36471251489292
363 2.36471274856799
364 2.36471298095221
365 2.36471321061251
366 2.36471343623217
367 2.36471365661137
368 2.36471387066703
369 2.36471407743193
370 2.36471427605302
371 2.36471446578919
372 2.36471464600844
373 2.36471481618451
374 2.36471497589306
375 2.36471512480745
376 2.36471526269418
377 2.36471538940798
378 2.36471550488674
379 2.36471560914619
380 2.36471570227445
381 2.36471578442647
382 2.36471585581842
383 2.3647159167221
384 2.36471596745929
385 2.36471600839627
386 2.36471603993829
387 2.36471606252431
388 2.36471607662176
389 2.36471608272155
390 2.36471608133321
391 2.36471607298034
392 2.36471605819612
393 2.36471603751926
394 2.36471601149
395 2.36471598064655
396 2.36471594552164
397 2.36471590663944
398 2.36471586451272
399 2.36471581964026
400 2.11471581964026
401 2.07229395252362
402 2.02911208405194
403 1.98593021464763
404 1.94274834471019
405 1.89956647461516
406 1.8563846047133
407 1.81320273533004
408 1.77002086676501
409 1.72683899929193
410 1.68518022340058
411 1.64635250109939
412 1.61024471376532
413 1.57677783789803
414 1.54589241219075
415 1.51754411483824
416 1.49170031923867
417 1.46833741584675
418 1.44743873058443
419 1.42899290771627
420 1.41298337508955
421 1.39937300745551
422 1.38810192224183
423 1.37909335003823
424 1.37225792315006
425 1.36749683321034
426 1.3647041510306
427 1.36376852744083
428 1.36457443797109
429 1.36700309235935
430 1.37093315509168
431 1.37624146973111
432 1.38280388454188
433 1.39049613441906
434 1.39919470912441
435 1.40877766853616
436 1.41912538533386
437 1.43012120803704
438 1.44165204491866
439 1.45360887365031
440 1.46588718339062
441 1.47838735551665
442 1.49101498715323
443 1.50368115979822
444 1.51630265456674
445 1.52880211559785
446 1.54110816352401
447 1.55315546133796
448 1.56488473537287
449 1.57624275438334
450 1.58718226986455
451 1.59766192079532
452 1.60764610597305
453 1.61710482706305
454 1.6260135054305
455 1.63435277576732
456 1.64210825946541
457 1.64927032061883
458 1.65583380745693
459 1.66179778191701
460 1.66716523995868
461 1.67194282510421
462 1.67614053756193
463 1.67977144115525
464 1.68285137013997
465 1.68539863784896
466 1.68743374895703
467 1.68897911701131
468 1.69005878872436
469 1.69069817637946
470 1.69092379955139
471 1.6907630372019
472 1.69024389106762
473 1.68939476112117
474 1.68824423375259
475 1.68682088319036
476 1.68515308655848
477 1.68326885284907
478 1.6811956659794
479 1.67896034199814
480 1.67658890040805
481 1.67410644948213
482 1.67153708536664
483 1.66890380468804
484 1.66622843031189
485 1.66353154983935
486 1.66083246637196
487 1.65814916102706
488 1.65549826664459
489 1.65289505209102
490 1.65035341653749
491 1.64788589306659
492 1.64550366094515
493 1.64321656588936
494 1.64103314764212
495 1.63896067418139
496 1.63700518188154
497 1.63517152095722
498 1.63346340553063
499 1.63188346767798
500 1.63043331482914
501 1.62911358991537
502 1.62792403368347
503 1.62686354862066
504 1.62593026396169
505 1.62512160127919
506 1.6244343401885
507 1.62386468372956
508 1.62340832302084
509 1.62306050081253
510 1.62281607359908
511 1.62266957198411
512 1.62261525902295
513 1.62264718630021
514 1.62275924753151
515 1.62294522950867
516 1.62319886023801
517 1.62351385414959
518 1.62388395428313
519 1.62430297138238
520 1.62476481985479
521 1.62526355057655
522 1.62579338054541
523 1.62634871940392
524 1.62692419287455
525 1.62751466316598
526 1.62811524642489
527 1.62872132732252
528 1.62932857087737
529 1.62993293162674
530 1.63053066026945
531 1.63111830791011
532 1.63169272804212
533 1.63225107641192
534 1.6327908089111
535 1.63330967764586
536 1.63380572533478
537 1.63427727818676
538 1.63472293741008
539 1.63514156950253
540 1.6355322954699
541 1.63589447911727
542 1.63622771455344
543 1.63653181304461
544 1.63680678934801
545 1.63705284765101
546 1.63727036723466
547 1.63745988797484
548 1.63762209578697
549 1.63775780811358
550 1.63786795954698
551 1.63795358767173
552 1.63801581920483
553 1.63805585650372
554 1.63807496450544
555 1.63807445815268
556 1.63805569035577
557 1.63802004053269
558 1.6379689037623
559 1.63790368057985
560 1.63782576743745
561 1.6377365478463
562 1.63763738421187
563 1.63752961036795
564 1.63741452481034
565 1.63729338462663
566 1.6371674001138
567 1.63703773007186
568 1.63690547775774
569 1.63677168748063
570 1.63663734181713
571 1.63650335942164
572 1.63637059340566
573 1.63623983025742
574 1.63611178927186
575 1.63598712245957
576 1.63586641490246
577 1.63575018552312
578 1.63563888823441
579 1.63553291343563
580 1.63543258982173
581 1.63533818647205
582 1.63524991518599
583 1.63516793303305
584 1.63509234508601
585 1.63502320730676
586 1.63496052955535
587 1.63490427869404
588 1.63485438175968
589 1.6348107291788
590 1.63477317800145
591 1.63474155513139
592 1.63471566053168
593 1.63469527038642
594 1.63468014020084
595 1.63467000782387
596 1.63466459637852
597 1.63466361708737
598 1.6346667719818
599 1.6346737564852
600 1.634684261862
601 1.6346979775256
602 1.6347145931998
603 1.63473380092969
604 1.63475529693918
605 1.63477878333345
606 1.63480396964595
607 1.63483057423042
608 1.63485832549952
609 1.63488696301241
610 1.63491623841468
611 1.63494591623444
612 1.63497577453947
613 1.63500560546037
614 1.63503521558584
615 1.63506442623599
616 1.63509307362045
617 1.63512100888808
618 1.63514809807545
619 1.63517422196132
620 1.63519927583465
621 1.63522316918339
622 1.63524582531184
623 1.63526718089366
624 1.63528718546811
625 1.63530580088665
626 1.63532300071694
627 1.63533876961097
628 1.63535310264417
629 1.63536600463153
630 1.63537748942698
631 1.63538757921171
632 1.63539630377687
633 1.63540369980568
634 1.63540981015974
635 1.63541468317392
636 1.63541837196389
637 1.6354209337498
638 1.63542242919973
639 1.63542292179545
640 1.63542247722354
641 1.63542116279374
642 1.63541904688675
643 1.63541619843285
644 1.63541268642286
645 1.63540857945215
646 1.63540394529875
647 1.63539885053561
648 1.63539336017757
649 1.63538753736261
650 1.63538144306744
651 1.63537513585668
652 1.63536867166515
653 1.63536210361225
654 1.63535548184757
655 1.63534885342659
656 1.63534226221515
657 1.63533574882131
658 1.63532935055333
659 1.63532310140208
660 1.63531703204639
661 1.63531116987973
662 1.63530553905657
663 1.63530016055674
664 1.63529505226619
665 1.63529022907244
666 1.63528570297313
667 1.63528148319599
668 1.63527757632873
669 1.63527398645733
670 1.63527071531114
671 1.63526776241349
672 1.63526512523638
673 1.63526279935801
674 1.63526077862179
675 1.63525905529592
676 1.63525762023223
677 1.63525646302336
678 1.63525557215751
679 1.63525493516963
680 1.63525453878859
681 1.63525436907947
682 1.63525441158038
683 1.63525465143342
684 1.63525507350915
685 1.63525566252433
686 1.63525640315259
687 1.63525728012772
688 1.63525827833954
689 1.63525938292211
690 1.63526057933429
691 1.63526185343269
692 1.63526319153689
693 1.63526458048726
694 1.63526600769538
695 1.63526746118714
696 1.63526892963905
697 1.63527040240759
698 1.63527186955229
699 1.63527332185241
700 1.63527475081798
701 1.63527614869511
702 1.63527750846621
703 1.63527882384538
704 1.63528008926928
705 1.63528129988393
706 1.63528245152773
707 1.63528354071117
708 1.63528456459349
709 1.63528552095673
710 1.63528640817744
711 1.63528722519645
712 1.63528797148708
713 1.63528864702199
714 1.63528925223903
715 1.63528978800642
716 1.63529025558752
717 1.63529065660536
718 1.63529099300737
719 1.63529126703028
720 1.63529148116559
721 1.63529163812583
722 1.63529174081151
723 1.6352917922793
724 1.6352917957112
725 1.63529175438519
726 1.63529167164707
727 1.63529155088397
728 1.63529139549928
729 1.63529120888927
730 1.63529099442136
731 1.63529075541398
732 1.63529049511829
733 1.63529021670147
734 1.63528992323174
735 1.63528961766509
736 1.63528930283362
737 1.63528898143554
738 1.63528865602665
739 1.63528832901341
740 1.63528800264746
741 1.63528767902149
742 1.63528736006647
743 1.63528704755011
744 1.63528674307649
745 1.63528644808684
746 1.63528616386123
747 1.63528589152133
748 1.63528563203387
749 1.63528538621504
750 1.63528515473541
751 1.6352849381256
752 1.6352847367824
753 1.63528455097535
754 1.63528438085374
755 1.63528422645391
756 1.63528408770673
757 1.63528396444533
758 1.63528385641289
759 1.63528376327051
760 1.63528368460509
761 1.63528361993709
762 1.63528356872826
763 1.63528353038922
764 1.63528350428678
765 1.63528348975113
766 1.63528348608275
767 1.63528349255901
768 1.63528350844051
769 1.63528353297703
770 1.63528356541327
771 1.63528360499405
772 1.63528365096931
773 1.63528370259866
774 1.63528375915552
775 1.63528381993101
776 1.6352838842373
777 1.6352839514107
778 1.63528402081435
779 1.63528409184054
780 1.63528416391269
781 1.63528423648699
782 1.6352843090537
783 1.63528438113815
784 1.63528445230145
785 1.63528452214088
786 1.63528459029007
787 1.63528465641889
788 1.63528472023313
789 1.63528478147393
790 1.63528483991708
791 1.6352848953721
792 1.63528494768115
793 1.63528499671785
794 1.63528504238592
795 1.63528508461776
796 1.63528512337291
797 1.63528515863647
798 1.63528519041741
799 1.6352852187469
800 1.8308729709493
801 1.84147844709494
802 1.85227391999842
803 1.86306938976228
804 1.87386485650257
805 1.88466032034718
806 1.89545578143417
807 1.90625123991016
808 1.91704669592882
809 1.92784214964934
810 1.93744600997485
811 1.94497257742555
812 1.95074364248205
813 1.95500769456116
814 1.95795821162206
815 1.95974582358744
816 1.96048778788221
817 1.96027537019224
818 1.95917959350858
819 1.95725571616014
820 1.95455397940879
821 1.95113272261994
822 1.94705962471173
823 1.94240648297898
824 1.93724586437506
825 1.93164903930472
826 1.92568479441856
827 1.91941883661438
828 1.91291358474109
829 1.90622820658917
830 1.89941875854759
831 1.89253826722847
832 1.88563668629314
833 1.8787607807305
834 1.87195400357614
835 1.86525639785379
836 1.85870453705783
837 1.85233150621911
838 1.84616691957644
839 1.8402369681365
840 1.8345644898989
841 1.82916905688169
842 1.82406707543109
843 1.81927189818558
844 1.81479394685752
845 1.81064084505983
846 1.80681756019335
847 1.80332655315811
848 1.8001679344659
849 1.79733962524722
850 1.79483752165966
851 1.79265566128955
852 1.79078639025832
853 1.78922052986706
854 1.787947541722
855 1.78695569037773
856 1.78623220261939
857 1.78576342258332
858 1.78553496199259
859 1.78553184486133
860 1.78573864609957
861 1.7861396235287
862 1.78671884289444
863 1.78746029553947
864 1.78834800846939
865 1.7893661466147
866 1.79049910715591
867 1.79173160584021
868 1.79304875527529
869 1.79443613523931
870 1.79587985509556
871 1.79736660844585
872 1.79888372019818
873 1.80041918626215
874 1.80196170611868
875 1.80350070854081
876 1.80502637076791
877 1.80652963145765
878 1.80800219775891
879 1.80943654686316
880 1.81082592240389
881 1.81216432608182
882 1.8134465048988
883 1.81466793438597
884 1.81582479821137
885 1.81691396454935
886 1.81793295958925
887 1.81887993855338
888 1.81975365458546
889 1.82055342585951
890 1.8212791012471
891 1.82193102486681
892 1.82250999982499
893 1.82301725144086
894 1.82345439023236
895 1.82382337492152
896 1.82412647570042
897 1.82436623798041
898 1.82454544682886
899 1.82466709227908
900 1.82473433568071
901 1.82475047723943
902 1.82471892487694
903 1.82464316452435
904 1.82452673194522
905 1.82437318616761
906 1.82418608458855
907 1.82396895979926
908 1.82372529816447
909 1.82345852017576
910 1.82317196258572
911 1.82286886231746
912 1.82255234213307
913 1.82222539803387
914 1.82189088835613
915 1.82155152451713
916 1.82120986335879
917 1.82086830102926
918 1.82052906833697
919 1.82019422750623
920 1.8198656702595
921 1.81954511714776
922 1.81923411804749
923 1.81893405374095
924 1.81864613849505
925 1.8183714235532
926 1.81811080145466
927 1.81786501109615
928 1.81763464345177
929 1.81742014786833
930 1.8172218388555
931 1.81703990329226
932 1.8168744079739
933 1.81672530742669
934 1.81659245192074
935 1.81647559561494
936 1.81637440477158
937 1.81628846598201
938 1.81621729434887
939 1.81616034157412
940 1.81611700390655
941 1.81608662990621
942 1.81606852798775
943 1.81606197370811
944 1.81606621676882
945 1.81608048770628
946 1.81610400424796
947 1.81613597731562
948 1.81617561666072
949 1.81622213612008
950 1.81627475848388
951 1.81633271997035
952 1.81639527430513
953 1.81646169640573
954 1.81653128567393
955 1.8166033689017
956 1.81667730279807
957 1.81675247614643
958 1.81682831160358
959 1.81690426715332
960 1.81697983722884
961 1.81705455351926
962 1.81712798547686
963 1.817199740542
964 1.81726946410403
965 1.81733683921614
966 1.81740158608335
967 1.81746346134227
968 1.81752225715179
969 1.81757780011365
970 1.81762995004162
971 1.81767859859769
972 1.81772366781351
973 1.81776510851444
974 1.81780289866338
975 1.81783704164062
976 1.81786756447553
977 1.81789451604475
978 1.81791796525121
979 1.81793799919703
980 1.81795472136289
981 1.8179682498051
982 1.8179787153812
983 1.81798626001357
984 1.81799103499994
985 1.81799319937853
986 1.81799291835486
987 1.81799036179624
988 1.81798570279918
989 1.8179791163341
990 1.8179707779708
991 1.81796086268769
992 1.81794954376662
993 1.81793699177478
994 1.8179233736343
995 1.8179088517797
996 1.81789358340253
997 1.81787771978231
998 1.81786140570213
999 1.8178447789469
1000 1.81782796988197
1001 1.81781110110923
1002 1.8177942871977
1003 1.81777763448523
1004 1.81776124094771
1005 1.81774519613203
1006 1.81772958114884
1007 1.81771446872107
1008 1.817699923284
1009 1.81768600113274
1010 1.81767275061292
1011 1.81766021235028
1012 1.81764841951504
1013 1.81763739811698
1014 1.81762716732706
1015 1.8176177398218
1016 1.81760912214646
1017 1.81760131509346
1018 1.81759431409246
1019 1.81758810960872
1020 1.81758268754669
1021 1.81757802965561
1022 1.81757411393456
1023 1.81757091503417
1024 1.81756840465271
1025 1.81756655192424
1026 1.81756532379694
1027 1.8175646853997
1028 1.8175646003955
1029 1.81756503132005
1030 1.8175659399046
1031 1.81756728738178
1032 1.81756903477377
1033 1.81757114316193
1034 1.81757357393767
1035 1.81757628903389
1036 1.81757925113712
1037 1.81758242388006
1038 1.8175857720147
1039 1.81758926156625
1040 1.81759285996817
1041 1.8175965361786
1042 1.81760026077896
1043 1.817604006055
1044 1.81760774606122
1045 1.81761145666924
1046 1.81761511560094
1047 1.81761870244722
1048 1.81762219867328
1049 1.81762558761112
1050 1.81762885444054
1051 1.81763198615915
1052 1.81763497154263
1053 1.81763780109613
1054 1.81764046699752
1055 1.81764296303377
1056 1.81764528453104
1057 1.81764742827953
1058 1.81764939245395
1059 1.81765117653028
1060 1.81765278119988
1061 1.81765420828137
1062 1.81765546063136
1063 1.81765654205434
1064 1.81765745721272
1065 1.81765821153731
1066 1.81765881113896
1067 1.81765926272185
1068 1.8176595734988
1069 1.81765975110911
1070 1.81765980353921
1071 1.81765973904655
1072 1.81765956608684
1073 1.81765929324515
1074 1.81765892917071
1075 1.81765848251595
1076 1.81765796187956
1077 1.81765737575389
1078 1.81765673247666
1079 1.81765604018698
1080 1.8176553067857
1081 1.81765453990003
1082 1.81765374685241
1083 1.8176529346335
1084 1.81765210987918
1085 1.8176512788515
1086 1.81765044742333
1087 1.81764962106668
1088 1.81764880484436
1089 1.81764800340498
1090 1.81764722098095
1091 1.81764646138938
1092 1.81764572803558
1093 1.8176450239191
1094 1.81764435164194
1095 1.81764371341883
1096 1.81764311108932
1097 1.81764254613155
1098 1.81764201967737
1099 1.81764153252873
1100 1.81764108517509
1101 1.81764067781171
1102 1.81764031035853
1103 1.81763998247968
1104 1.81763969360319
1105 1.81763944294102
1106 1.81763922950901
1107 1.81763905214683
1108 1.81763890953768
1109 1.81763880022765
1110 1.81763872264467
1111 1.81763867511693
1112 1.81763865589066
1113 1.81763866314728
1114 1.81763869501972
1115 1.817638749608
1116 1.81763882499394
1117 1.81763891925495
1118 1.81763903047694
1119 1.81763915676627
1120 1.81763929626074
1121 1.8176394471396
1122 1.81763960763268
1123 1.81763977602846
1124 1.81763995068126
1125 1.81764013001751
1126 1.81764031254107
1127 1.81764049683773
1128 1.81764068157883
1129 1.8176408655241
1130 1.81764104752369
1131 1.81764122651948
1132 1.81764140154574
1133 1.81764157172907
1134 1.8176417362878
1135 1.81764189453079
1136 1.81764204585576
1137 1.81764218974709
1138 1.81764232577327
1139 1.81764245358396
1140 1.81764257290666
1141 1.8176426835432
1142 1.81764278536588
1143 1.81764287831352
1144 1.81764296238723
1145 1.81764303764617
1146 1.81764310420315
1147 1.81764316222023
1148 1.81764321190422
1149 1.81764325350234
1150 1.81764328729772
1151 1.81764331360517
1152 1.81764333276689
1153 1.81764334514836
1154 1.81764335113435
1155 1.81764335112507
1156 1.81764334553251
1157 1.81764333477688
1158 1.81764331928336
1159 1.81764329947893
1160 1.81764327578947
1161 1.81764324863702
1162 1.81764321843732
1163 1.81764318559749
1164 1.81764315051398
1165 1.81764311357067
1166 1.81764307513727
1167 1.81764303556783
1168 1.81764299519952
1169 1.81764295435156
1170 1.8176429133244
1171 1.817642872399
1172 1.81764283183638
1173 1.81764279187722
1174 1.81764275274173
1175 1.81764271462958
1176 1.81764267772004
1177 1.81764264217218
1178 1.81764260812521
1179 1.81764257569897
1180 1.81764254499444
1181 1.81764251609439
1182 1.81764248906408
1183 1.81764246395206
1184 1.81764244079098
1185 1.81764241959844
1186 1.81764240037798
1187 1.81764238311997
1188 1.81764236780258
1189 1.81764235439278
1190 1.81764234284731
1191 1.8176423331137
1192 1.81764232513119
1193 1.81764231883175
1194 1.81764231414098
1195 1.81764231097908
1196 1.8176423092617
1197 1.81764230890085
1198 1.81764230980569
1199 1.81764231188332
1200 1.81764231503958
