1 2
2 2
3 2
4 2
5 2
6 2
7 2
8 2
9 2
10 2
11 2
12 2
13 2
14 2
15 2
16 2
17 2
18 2
19 2
20 2
21 2
22 2
23 2
24 2
25 2
26 2
27 2
28 2
29 2
30 2.25
31 2.28243243243243
32 2.31486486486486
33 2.3472972972973
34 2.37972972972973
35 2.41216216216216
36 2.44459459459459
37 2.47702702702703
38 2.50945945945946
39 2.54189189189189
40 2.57192500945946
41 2.59759807822023
42 2.61926443987168
43 2.63719800397112
44 2.65161087145636
45 2.6626670592716
46 2.67049318811353
47 2.67518680475483
48 2.6768228619677
49 2.67545876344795
50 2.67116131792385
51 2.66404444401629
52 2.65427266261157
53 2.64204452108195
54 2.62758092858103
55 2.61111703853758
56 2.59289667759594
57 2.57316858947647
58 2.55218396132343
59 2.53019484692195
60 2.50745298808943
61 2.48420835113201
62 2.46070707900883
63 2.43718911446099
64 2.41388582068064
65 2.39101777825711
66 2.36879284309368
67 2.34740449220648
68 2.32703045060137
69 2.30783157436887
70 2.28995095912502
71 2.27351324908235
72 2.25862413562985
73 2.24537004506819
74 2.23381801820869
75 2.2240157823846
76 2.21599201236388
77 2.20975677247772
78 2.20530212883543
79 2.20260291809092
80 2.2016176578435
81 2.20228958316832
82 2.20454779362084
83 2.20830849503001
84 2.2134763203375
85 2.21994571365596
86 2.22760236167212
87 2.23632465657823
88 2.24598517492486
89 2.25645215717015
90 2.26759097325191
91 2.27926556021181
92 2.29133981872892
93 2.30367895634857
94 2.31615076620171
95 2.32862683108401
96 2.34098364389112
97 2.35310363657567
98 2.36487611099214
99 2.37619806621622
100 2.38697491815304
101 2.39712110847229
102 2.40656060111421
103 2.41522726578807
104 2.42306514902273
105 2.430028634417
106 2.43608249476784
107 2.44120183971813
108 2.44537196345645
109 2.4485880978134
110 2.45085507682638
111 2.45218691948536
112 2.45260633792074
113 2.45214417875163
114 2.45083880567483
115 2.44873543164476
116 2.44588540917011
117 2.44234548733915
118 2.43817704418233
119 2.43344530289345
120 2.42821854026211
121 2.42256729542616
122 2.41656358673766
123 2.41028014415644
124 2.40378966414688
125 2.39716409356362
126 2.39047394847629
127 2.38378767331001
128 2.37717104507399
129 2.37068662682202
130 2.36439327384393
131 2.35834569543208
132 2.35259407440934
133 2.34718374595116
134 2.34215493659041
135 2.33754256366559
136 2.33337609486687
137 2.32967946695472
138 2.32647106217746
139 2.32376374040192
140 2.32156492449759
141 2.31987673608412
142 2.31869617836627
143 2.31801536244163
144 2.31782177317666
145 2.31809857050629
146 2.31882492182224
147 2.3199763609751
148 2.32152516932477
149 2.3234407742318
150 2.32569016038747
151 2.32823828943028
152 2.33104852339047
153 2.33408304763711
154 2.33730328917422
155 2.34067032633742
156 2.34414528617969
157 2.34768972609866
158 2.35126599654615
159 2.35483758196865
160 2.3583694174519
161 2.3618281788796
162 2.36518254476172
163 2.36840342823853
164 2.37146417811784
165 2.37434074815279
166 2.37701183411093
167 2.37945897852075
168 2.38166664330492
169 2.38362225081827
170 2.38531619410047
171 2.38674181742585
172 2.38789536848429
173 2.38877592375577
174 2.38938528884539
175 2.38972787572501
176 2.3898105589805
177 2.38964251329017
178 2.38923503445935
179 2.38860134640917
180 2.38775639656381
181 2.38671664210102
182 2.38549982952614
183 2.38412477000096
184 2.38261111280736
185 2.38097911925251
186 2.3792494392292
187 2.37744289253385
188 2.37558025691669
189 2.37368206469645
190 2.37176840961683
191 2.36985876545663
192 2.36797181773112
193 2.36612530964181
194 2.36433590324667
195 2.36261905663521
196 2.36098891770497
197 2.35945823494901
198 2.35803828548051
199 2.35673882034192
200 2.35556802697362
201 2.35453250855251
202 2.35363727975587
203 2.35288577836065
204 2.35227989195492
205 2.35181999891677
206 2.35150502270794
207 2.35133249843444
208 2.35129865054576
209 2.35139848047799
210 2.35162586299351
211 2.35197364993264
212 2.35243378006844
213 2.35299739374621
214 2.3536549509927
215 2.3543963517962
216 2.35521105728753
217 2.35608821059146
218 2.35701675616906
219 2.35798555653153
220 2.35898350527491
221 2.35999963546208
222 2.36102322246152
223 2.36204388044137
224 2.36305165181072
225 2.36403708899681
226 2.36499132804604
227 2.36590615363701
228 2.36677405519428
229 2.36758827389146
230 2.36834284043024
231 2.36903260357708
232 2.36965324953165
233 2.37020131228825
234 2.37067417523429
235 2.37107006430718
236 2.37138803310149
237 2.37162794038293
238 2.37179042052304
239 2.37187684741826
240 2.37188929250013
241 2.37183047747791
242 2.3717037224825
243 2.37151289030008
244 2.37126232739601
245 2.37095680243424
246 2.37060144299522
247 2.37020167118577
248 2.36976313881894
249 2.36929166281982
250 2.36879316148599
251 2.36827359219853
252 2.36773889114251
253 2.3671949155542
254 2.36664738896793
255 2.36610184988718
256 2.36556360425495
257 2.365037682046
258 2.36452879825092
259 2.36404131846802
260 2.36357922926544
261 2.36314611342231
262 2.36274513010587
263 2.36237899999007
264 2.36204999527275
265 2.36175993450136
266 2.36151018207339
267 2.36130165223683
268 2.36113481737803
269 2.36100972035038
270 2.36092599056685
271 2.36088286355286
272 2.3608792036335
273 2.36091352941078
274 2.3609840416723
275 2.36108865336241
276 2.36122502124093
277 2.3613905788522
278 2.36158257042874
279 2.36179808535911
280 2.36203409285826
281 2.36228747649043
282 2.36255506820974
283 2.36283368160111
284 2.3631201440243
285 2.36341132738618
286 2.36370417729022
287 2.36399574033818
288 2.36428318938554
289 2.36456384658022
290 2.36483520404255
291 2.36509494207312
292 2.3653409448039
293 2.36557131323657
294 2.36578437563982
295 2.36597869530468
296 2.36615307568277
297 2.36630656295766
298 2.3664384461224
299 2.36654825465855
300 2.36663575393166
301 2.36670093843663
302 2.366744023042
303 2.3667654323968
304 2.36676578867484
305 2.3667458978415
306 2.36670673463518
307 2.36664942646105
308 2.36657523639793
309 2.36648554551985
310 2.36638183473323
311 2.36626566632749
312 2.36613866543199
313 2.36600250156605
314 2.36585887046035
315 2.36570947631869
316 2.36555601467822
317 2.36540015601412
318 2.36524353022204
319 2.36508771209745
320 2.36493420791698
321 2.36478444321174
322 2.3646397518074
323 2.36450136619038
324 2.36437040924441
325 2.36424788738608
326 2.36413468511348
327 2.36403156096726
328 2.36393914488975
329 2.36385793695438
330 2.36378830742525
331 2.36373049809516
332 2.3636846248397
333 2.36365068131549
334 2.36362854372198
335 2.36361797653914
336 2.36361863914665
337 2.36363009322564
338 2.36365181083969
339 2.36368318308929
340 2.36372352923239
341 2.36377210616302
342 2.36382811814082
343 2.36389072666572
344 2.36395906039485
345 2.36403222500214
346 2.36410931288566
347 2.36418941263262
348 2.36427161815808
349 2.36435503743968
350 2.36443880077787
351 2.36452206851815
352 2.3646040381801
353 2.36468395094549
354 2.36476109746607
355 2.3648348229601
356 2.36490453157445
357 2.36496968999766
358 2.36502983031696
359 2.36508455212025
360 2.36513352385126
361 2.36517648343327
362 2.36521323818336
363 2.36524366404528
364 2.36526770417474
365 2.365285366916
366 2.36529672321303
367 2.36530190350265
368 2.36530109414014
369 2.36529453341058
370 2.36528250718119
371 2.3652653442514
372 2.36524341145812
373 2.36521710859392
374 2.36518686319551
375 2.36515312525877
376 2.36511636193548
377 2.36507705226468
378 2.36503568198931
379 2.36499273850601
380 2.36494870599279
381 2.36490406075577
382 2.36485926683257
383 2.36481477188567
384 2.36477100341538
385 2.36472836531722
386 2.3646872348046
387 2.3646479597131
388 2.36461085619821
389 2.36457620683416
390 2.36454425911718
391 2.3645152243724
392 2.3644892770596
393 2.36446655446948
394 2.36444715679819
395 2.3644311475851
396 2.36441855449531
397 2.36440937042608
398 2.36440355491369
399 2.36440103581542
400 2.11440103581542
401 2.04953991140461
402 1.98468169727067
403 1.91982621589715
404 1.85497326963112
405 1.79012264340744
406 1.72527410754014
407 1.66042742055074
408 1.59558233200413
409 1.53073858532377
410 1.46829524190636
411 1.41052404198937
412 1.35759663074735
413 1.30965011121599
414 1.26679451419677
415 1.22911862555626
416 1.2
417 1.2
418 1.2
419 1.2
420 1.2
421 1.2
422 1.2
423 1.20467813167288
424 1.21415787532615
425 1.22816088704062
426 1.24634353344053
427 1.26808417817897
428 1.29264424492995
429 1.31944607543348
430 1.34803747301359
431 1.378064078213
432 1.40924784551216
433 1.44132537549187
434 1.47400279573153
435 1.50696387398957
436 1.53988047075502
437 1.57242394737935
438 1.60427763039737
439 1.63514604420988
440 1.66475954933
441 1.69287596289523
442 1.71928026574079
443 1.74378359061528
444 1.76622261506688
445 1.78645958333626
446 1.80438264844462
447 1.81990626376439
448 1.83297139401352
449 1.84354538752749
450 1.85162145811364
451 1.8572178047125
452 1.86037643532609
453 1.86116177057026
454 1.85965908806578
455 1.85597284595713
456 1.85022490696363
457 1.84255267645736
458 1.83310716644483
459 1.82205099958555
460 1.8095563710235
461 1.79580298884292
462 1.78097601546251
463 1.76526403216803
464 1.74885704766336
465 1.73194456959835
466 1.71471375599878
467 1.69734766162481
468 1.68002359257249
469 1.66291158085856
470 1.64617298920676
471 1.62995925470952
472 1.61441077843719
473 1.5996559664053
474 1.58581042561647
475 1.57297631720161
476 1.56124186703132
477 1.55068103257853
478 1.54135332330626
479 1.53330377044103
480 1.5265630406797
481 1.52114768717208
482 1.51706053002728
483 1.51429115761443
484 1.51281653907343
485 1.51260173772188
486 1.51360071444469
487 1.51575720968346
488 1.51900569230417
489 1.52327236341223
490 1.52847620310018
491 1.53453004815204
492 1.54134168888319
493 1.54881497356037
494 1.55685090921614
495 1.56534874813732
496 1.57420704986069
497 1.58332470914141
498 1.59260194106204
499 1.60194121521209
500 1.61124813168116
501 1.62043223246122
502 1.62940774273753
503 1.63809423745126
504 1.64641722943191
505 1.65430867631341
506 1.66170740435646
507 1.66855944819131
508 1.67481830636293
509 1.68044511339526
510 1.68540872988782
511 1.68968575290789
512 1.6932604496412
513 1.69612461790709
514 1.69827737772692
515 1.69972489865381
516 1.70048006802442
517 1.70056210567792
518 1.69999613100229
519 1.69881268841296
520 1.69704723754424
521 1.69473961454074
522 1.69193347087518
523 1.688675696094
524 1.68501583080429
525 1.68100547606931
526 1.67669770517782
527 1.67214648350018
528 1.66740610184401
529 1.66253062838163
530 1.65757338384259
531 1.65258644425492
532 1.64762017508228
533 1.64272280014617
534 1.63794000824914
535 1.63331459993079
536 1.62888617629869
537 1.62469087138681
538 1.62076112900856
539 1.61712552459546
540 1.61380863204955
541 1.61083093519278
542 1.60820878297231
543 1.60595438718135
544 1.60407586108361
545 1.60257729698753
546 1.60145888050747
547 1.60071703897405
548 1.60034462121647
549 1.60033110573688
550 1.60066283413132
551 1.60132326648367
552 1.60229325536798
553 1.60355133504051
554 1.60507402238416
555 1.60683612618446
556 1.60881106136526
557 1.61097116489343
558 1.61328801017136
559 1.61573271687387
560 1.61827625334772
561 1.62088972887613
562 1.62354467331464
563 1.62621330182486
564 1.62886876266731
565 1.63148536625989
566 1.63403879396247
567 1.63650628530727
568 1.63886680265647
569 1.64110117253054
570 1.6431922031099
571 1.64512477766676
572 1.64688592393092
573 1.64846485963027
574 1.64985301467316
575 1.65104403065146
576 1.65203373854164
577 1.65282011566197
578 1.65340322310805
579 1.65378512503487
580 1.65396979127939
581 1.65396298492526
582 1.65377213649786
583 1.65340620654487
584 1.65287553840494
585 1.65219170299419
586 1.65136733744888
587 1.65041597945253
588 1.6493518990479
589 1.64818992969
590 1.64694530023611
591 1.64563346949448
592 1.6442699648657
593 1.64287022651131
594 1.64144945837472
595 1.6400224872607
596 1.63860363105411
597 1.63720657702647
598 1.6358442710433
599 1.63452881834617
600 1.63327139644323
601 1.63208218050228
602 1.63097028150159
603 1.62994369725822
604 1.62900927632191
605 1.62817269459603
606 1.62743844442695
607 1.62680983579006
608 1.62628900909565
609 1.62587695904149
610 1.62557356885204
611 1.62537765416722
612 1.6252870157765
613 1.62529850033818
614 1.62540806817755
615 1.62561086722298
616 1.6259013121144
617 1.62627316750481
618 1.62671963457182
619 1.62723343976207
620 1.6278069248073
621 1.62843213707496
622 1.62910091934909
623 1.6298049981776
624 1.63053606996943
625 1.63128588407861
626 1.63204632217145
627 1.63280947323655
628 1.63356770366529
629 1.63431372190079
630 1.63504063722635
631 1.6357420123388
632 1.63641190942683
633 1.63704492954962
634 1.63763624518468
635 1.6381816258866
636 1.63867745706823
637 1.63912075198363
638 1.63950915705583
639 1.63984095075274
640 1.6401150362704
641 1.64033092833392
642 1.64048873447236
643 1.64058913116489
644 1.64063333529074
645 1.64062307134521
646 1.6405605349079
647 1.64044835286787
648 1.64028954092257
649 1.64008745887505
650 1.63984576425479
651 1.63956836478445
652 1.63925937020576
653 1.63892304396456
654 1.63856375523699
655 1.63818593175716
656 1.63779401388077
657 1.63739241029047
658 1.63698545571684
659 1.63657737101455
660 1.63617222589714
661 1.63577390459578
662 1.63538607466849
663 1.63501215914632
664 1.63465531216308
665 1.63431839817506
666 1.63400397483782
667 1.63371427956819
668 1.63345121978263
669 1.63321636676671
670 1.63301095309657
671 1.63283587350145
672 1.63269168902615
673 1.63257863432574
674 1.63249662790004
675 1.6324452850537
676 1.63242393334952
677 1.63243163030638
678 1.63246718308109
679 1.63252916986349
680 1.63261596270811
681 1.63272575152156
682 1.63285656892484
683 1.63300631571145
684 1.63317278662733
685 1.6333536962058
686 1.6335467044006
687 1.63374944177181
688 1.63395953399338
689 1.63417462546661
690 1.63439240184089
691 1.63461061126153
692 1.63482708418412
693 1.63503975161487
694 1.63524666165756
695 1.63544599426903
696 1.63563607414633
697 1.63581538169045
698 1.63598256201218
699 1.63613643196672
700 1.63627598522331
701 1.63640039539546
702 1.63650901727546
703 1.63660138623387
704 1.6366772158605
705 1.63673639393772
706 1.63677897684997
707 1.63680518254484
708 1.63681538217066
709 1.63681009052418
710 1.6367899554483
711 1.63675574632473
712 1.63670834180998
713 1.63664871696484
714 1.6365779299275
715 1.63649710827947
716 1.63640743525059
717 1.63631013590536
718 1.63620646344773
719 1.63609768577479
720 1.63598507240246
721 1.63586988187804
722 1.63575334978478
723 1.63563667743443
724 1.6355210213325
725 1.63540748349082
726 1.63529710265006
727 1.63519084646413
728 1.63508960468634
729 1.63499418338618
730 1.63490530021407
731 1.63482358072061
732 1.63474955572593
733 1.6346836597249
734 1.63462623030396
735 1.63457750853654
736 1.63453764031546
737 1.63450667857318
738 1.63448458633387
739 1.63447124053514
740 1.63446643655218
741 1.6344698933527
742 1.63448125920749
743 1.63450011787888
744 1.6345259952078
745 1.63455836601894
746 1.63459666126381
747 1.634640275322
748 1.63468857338248
749 1.63474089882919
750 1.63479658055771
751 1.63485494015359
752 1.63491529886679
753 1.63497698432125
754 1.6350393369036
755 1.63510171578037
756 1.63516350449842
757 1.63522411612964
758 1.63528299792642
759 1.63533963546097
760 1.63539355622738
761 1.63544433269158
762 1.63549158478029
763 1.63553498180611
764 1.63557424383121
765 1.63560914247801
766 1.63563950119988
767 1.63566519503015
768 1.63568614983176
769 1.63570234107442
770 1.63571379216918
771 1.6357205723942
772 1.63572279444762
773 1.63572061166618
774 1.63571421494987
775 1.63570382943412
776 1.6356897109523
777 1.63567214233122
778 1.63565142956287
779 1.63562789789476
780 1.63560188788054
781 1.63557375143157
782 1.63554384790817
783 1.63551254028769
784 1.63548019144424
785 1.63544716057247
786 1.63541379978517
787 1.63538045091153
788 1.63534744251998
789 1.63531508718638
790 1.63528367902497
791 1.63525349149641
792 1.63522477550392
793 1.63519775778511
794 1.63517263960412
795 1.63514959574534
796 1.63512877380713
797 1.63511029379081
798 1.63509424797786
799 1.63508070108523
800 1.88508070108523
801 1.90128845450056
802 1.91749874105504
803 1.93371152185366
804 1.9499267348882
805 1.96614429653772
806 1.9823641032246
807 1.99858603320371
808 2.01480994846222
809 2.03103569670663
810 2.04486369287998
811 2.05448858697146
812 2.06052620067105
813 2.06345591949936
814 2.06365086589791
815 2.06140140228159
816 2.05693343848323
817 2.05042269208989
818 2.04200579628802
819 2.03178895207411
820 2.0198776955046
821 2.00641530292104
822 1.99158444564938
823 1.97558878755278
824 1.95864080603069
825 1.94095398369349
826 1.9227380329763
827 1.90419619382399
828 1.88552392075726
829 1.86690847661034
830 1.84852887476047
831 1.83055546731273
832 1.81314890730519
833 1.79645878349998
834 1.78062227547399
835 1.76576300495446
836 1.75199015406777
837 1.73939785971255
838 1.72806486010434
839 1.71805435414971
840 1.70941403178882
841 1.70217624303154
842 1.69635828959315
843 1.6919628351711
844 1.68897843395905
845 1.68738017506317
846 1.68713043676606
847 1.68817974096676
848 1.69046769543889
849 1.6939240100247
850 1.69846957242438
851 1.70401756954501
852 1.71047464103812
853 1.7177420523443
854 1.72571687513316
855 1.73429316349287
856 1.7433631146596
857 1.75281820355931
858 1.76255028100869
859 1.77245262610821
860 1.78242094415168
861 1.7923543022519
862 1.80215599581507
863 1.81173433996291
864 1.82100338098254
865 1.82988352386899
866 1.83830207300459
867 1.846193683987
868 1.85350072556724
869 1.86017355158232
870 1.86617068365859
871 1.87145890631146
872 1.87601327687018
873 1.87981705340328
874 1.88286154450856
875 1.88514588545379
876 1.88667674570871
877 1.88746797339198
878 1.88754018256669
879 1.88692028965338
880 1.88564100549084
881 1.88374028976102
882 1.88126077460774
883 1.87824916432029
884 1.87475561792461
885 1.87083312143097
886 1.86653685632893
887 1.86192357070453
888 1.8570509590834
889 1.85197705678274
890 1.84675965418966
891 1.84145573597852
892 1.83612094984104
893 1.83080910883589
894 1.82557173097505
895 1.82045761915758
896 1.81551248404385
897 1.81077861193996
898 1.80629457923833
899 1.8020950144417
900 1.79821040828892
901 1.79466697200624
902 1.79148654323221
903 1.78868653871121
904 1.78627995242416
905 1.78427539742765
906 1.78267718930821
907 1.78148546882809
908 1.78069636104568
909 1.78030216793814
910 1.78029159133753
911 1.78064998281554
912 1.78135961701496
913 1.7823999848298
914 1.7837481027782
915 1.78537883489319
916 1.78726522347411
917 1.78937882509471
918 1.7916900483508
919 1.79416848994799
920 1.79678326587775
921 1.7995033346029
922 1.80229780937129
923 1.80513625699425
924 1.80798898066248
925 1.81082728462275
926 1.81362371880144
927 1.81635230173266
928 1.8189887204253
929 1.82151050608416
930 1.82389718487954
931 1.82613040323731
932 1.82819402739294
933 1.83007421721672
934 1.83175947457129
935 1.83324066670325
936 1.83451102539827
937 1.83556612283983
938 1.83640382530538
939 1.83702422600906
940 1.83742955855535
941 1.83762409260289
942 1.83761401345204
943 1.83740728736222
944 1.83701351447656
945 1.83644377128139
946 1.83571044455728
947 1.8348270587871
948 1.83380809897538
949 1.83266883080361
950 1.83142511999827
951 1.8300932527239
952 1.82868975873403
953 1.82723123891857
954 1.82573419878014
955 1.82421488925437
956 1.82268915616224
957 1.82117229944782
958 1.8196789432142
959 1.81822291742429
960 1.81681715198559
961 1.81547358378728
962 1.81420307710925
963 1.81301535767382
964 1.81191896046651
965 1.81092119131108
966 1.81002810204921
967 1.80924447904656
968 1.80857384462623
969 1.80801847091837
970 1.80757940551201
971 1.80725650820216
972 1.80704849804297
973 1.80695300984654
974 1.80696665920676
975 1.80708511507879
976 1.80730317890763
977 1.80761486927327
978 1.80801351100519
979 1.80849182771513
980 1.80904203670372
981 1.80965594521342
982 1.81032504702624
983 1.81104061844004
984 1.81179381270028
985 1.81257575201501
986 1.8133776163381
987 1.81419072816916
988 1.81500663268643
989 1.81581717260174
990 1.81661455720168
991 1.81739142511759
992 1.81814090044599
993 1.81885664192155
994 1.81953288492452
995 1.82016447618375
996 1.8207469011136
997 1.82127630379852
998 1.82174949971052
999 1.82216398131369
1000 1.82251791677394
1001 1.82281014205163
1002 1.82304014670977
1003 1.82320805381924
1004 1.82331459438635
1005 1.82336107676571
1006 1.82334935155282
1007 1.82328177247678
1008 1.82316115383256
1009 1.82299072500605
1010 1.82277408265215
1011 1.8225151410881
1012 1.82221808145999
1013 1.82188730023133
1014 1.82152735752772
1015 1.82114292585301
1016 1.82073873966853
1017 1.82031954629972
1018 1.8198900586034
1019 1.81945490979515
1020 1.81901861079919
1021 1.81858551044481
1022 1.81815975879237
1023 1.81774527383065
1024 1.81734571174418
1025 1.81696444090688
1026 1.81660451971525
1027 1.81626867833208
1028 1.81595930437063
1029 1.81567843250879
1030 1.81542773798483
1031 1.81520853388941
1032 1.81502177213487
1033 1.81486804795057
1034 1.81474760772458
1035 1.81466035998555
1036 1.81460588929579
1037 1.81458347280637
1038 1.81459209920876
1039 1.81463048980374
1040 1.81469712139836
1041 1.81479025073475
1042 1.81490794015083
1043 1.81504808417243
1044 1.81520843673862
1045 1.81538663876728
1046 1.81558024577591
1047 1.81578675528293
1048 1.81600363372771
1049 1.81622834266217
1050 1.81645836398351
1051 1.816691223996
1052 1.81692451610956
1053 1.81715592200342
1054 1.81738323110522
1055 1.81760435825806
1056 1.81781735947087
1057 1.81802044567045
1058 1.8182119943963
1059 1.81839055940188
1060 1.81855487814824
1061 1.81870387719699
1062 1.81883667553021
1063 1.81895258584421
1064 1.81905111388241
1065 1.81913195588916
1066 1.81919499428199
1067 1.81924029165337
1068 1.81926808322554
1069 1.81927876789218
1070 1.81927289798978
1071 1.81925116794834
1072 1.81921440197655
1073 1.81916354094002
1074 1.81909962859316
1075 1.8190237973252
1076 1.81893725357987
1077 1.81884126310503
1078 1.81873713618429
1079 1.81862621299718
1080 1.81850984924712
1081 1.81838940218895
1082 1.81826621717831
1083 1.81814161485561
1084 1.81801687906665
1085 1.81789324561067
1086 1.81777189189507
1087 1.81765392756404
1088 1.81754038615608
1089 1.81743221783309
1090 1.81733028321174
1091 1.81723534831537
1092 1.81714808065342
1093 1.81706904642338
1094 1.81699870882006
1095 1.81693742742596
1096 1.81688545864747
1097 1.81684295715216
1098 1.81680997825464
1099 1.81678648119089
1100 1.8167723332146
1101 1.81676731444362
1102 1.81677112337965
1103 1.81678338302099
1104 1.81680364748522
1105 1.81683140905677
1106 1.81686610557363
1107 1.81690712806715
1108 1.81695382856999
1109 1.81700552800856
1110 1.81706152409889
1111 1.81712109916798
1112 1.81718352782615
1113 1.81724808442063
1114 1.81731405020507
1115 1.8173807201653
1116 1.81744740944714
1117 1.81751345933816
1118 1.81757824276152
1119 1.81764116924647
1120 1.81770168934653
1121 1.81775929848311
1122 1.81781354019861
1123 1.81786400880967
1124 1.81791035145748
1125 1.8179522695581
1126 1.81798951966146
1127 1.81802191373342
1128 1.81804931888026
1129 1.81807165653965
1130 1.8180889011668
1131 1.81810107844795
1132 1.81810826307715
1133 1.81811057613495
1134 1.81810818211032
1135 1.81810128560863
1136 1.81809012779063
1137 1.81807498258747
1138 1.8180561527381
1139 1.81803396569471
1140 1.81800876944181
1141 1.81798092827349
1142 1.81795081857213
1143 1.81791882463013
1144 1.81788533455431
1145 1.81785073629005
1146 1.81781541380001
1147 1.81777974342899
1148 1.81774409048371
1149 1.81770880605309
1150 1.81767422409097
1151 1.8176406587801
1152 1.81760840219255
1153 1.81757772225822
1154 1.81754886104963
1155 1.81752203338779
1156 1.81749742577057
1157 1.81747519562169
1158 1.81745547085539
1159 1.81743834974908
1160 1.81742390111322
1161 1.81741216474543
1162 1.81740315215334
1163 1.81739684752882
1164 1.81739320895423
1165 1.81739216981987
1166 1.81739364043055
1167 1.81739750977824
1168 1.81740364745666
1169 1.81741190569385
1170 1.81742212147776
1171 1.81743411875055
1172 1.81744771064722
1173 1.8174627017548
1174 1.81747889036895
1175 1.817496070726
1176 1.81751403518903
1177 1.81753257636858
1178 1.81755148915921
1179 1.81757057267534
1180 1.81758963207092
1181 1.81760848022966
1182 1.81762693931391
1183 1.81764484216251
1184 1.81766203352949
1185 1.81767837115766
1186 1.8176937266827
1187 1.8177079863655
1188 1.81772105165194
1189 1.81773283956143
1190 1.81774328290679
1191 1.81775233034992
1192 1.81775994629886
1193 1.81776611065358
1194 1.81777081840857
1195 1.81777407912191
1196 1.81777591626095
1197 1.81777636643599
1198 1.81777547853376
1199 1.81777331276301
1200 1.81776993962522
