1 2
2 2
3 2
4 2
5 2
6 2
7 2
8 2
9 2
10 2
11 2
12 2
13 2
14 2
15 2
16 2
17 2
18 2
19 2
20 2
21 2
22 2
23 2
24 2
25 2
26 2
27 2
28 2
29 2
30 2.25
31 2.27384615384615
32 2.29769230769231
33 2.32153846153846
34 2.34538461538462
35 2.36923076923077
36 2.39307692307692
37 2.41692307692308
38 2.44076923076923
39 2.46461538461539
40 2.48720809072115
41 2.50753919712467
42 2.52581943831991
43 2.54221025118147
44 2.55683480517456
45 2.56978658780857
46 2.58113608607151
47 2.59093598503594
48 2.59922521170693
49 2.60603207964781
50 2.61138301794417
51 2.61531398036125
52 2.61787236598636
53 2.61911329621181
54 2.61909705783321
55 2.61788737538762
56 2.61555026793674
57 2.61215331332901
58 2.60776519277199
59 2.60245542497198
60 2.59629419411897
61 2.58935215671816
62 2.5817001705468
63 2.57340897135436
64 2.56454883734351
65 2.55518926397801
66 2.54539866051651
67 2.53524407279278
68 2.52479093271057
69 2.51410283270512
70 2.5032413225276
71 2.49226572598586
72 2.48123297628831
73 2.47019746956819
74 2.45921093658755
75 2.448322332661
76 2.43757774570913
77 2.42702032217097
78 2.41669021033318
79 2.40662452050015
80 2.39685730133855
81 2.38741953167799
82 2.37833912702039
83 2.36964095999289
84 2.36134689396252
85 2.35347582901387
86 2.34604375947517
87 2.33906384216324
88 2.33254647450717
89 2.32649938170382
90 2.32092771205636
91 2.31583413964982
92 2.31121897352462
93 2.30708027252001
94 2.30341396497335
95 2.3002139724788
96 2.29747233692906
97 2.29517935008638
98 2.29332368495452
99 2.29189252825028
100 2.29087171330268
101 2.29024585273866
102 2.28999847034674
103 2.29011213154359
104 2.29056857190329
105 2.2913488232447
106 2.29243333680826
107 2.29380210309037
108 2.29543476794019
109 2.29731074456053
110 2.29940932109123
111 2.30170976348985
112 2.30419141346039
113 2.30683378121618
114 2.30961663289763
115 2.31252007249935
116 2.31552461819385
117 2.3186112729708
118 2.32176158954129
119 2.32495772948581
120 2.32818251665264
121 2.33141948483969
122 2.33465291981813
123 2.33786789577946
124 2.34105030630997
125 2.34418689001661
126 2.34726525094759
127 2.350273873968
128 2.35320213526648
129 2.3560403081832
130 2.35877956456168
131 2.36141197183813
132 2.36393048609129
133 2.36632894128365
134 2.3686020349315
135 2.37074531044611
136 2.37275513639197
137 2.37462868291064
138 2.37636389555931
139 2.37795946681339
140 2.37941480548096
141 2.38073000427448
142 2.38190580578167
143 2.38294356707325
144 2.38384522317969
145 2.38461324966307
146 2.3852506245034
147 2.38576078951099
148 2.38614761146832
149 2.38641534319628
150 2.38656858473025
151 2.38661224478185
152 2.38655150265244
153 2.38639177075398
154 2.38613865788243
155 2.38579793337816
156 2.38537549229734
157 2.38487732170715
158 2.38430946820701
159 2.38367800676738
160 2.38298901096676
161 2.38224852469734
162 2.38146253539926
163 2.38063694887324
164 2.37977756571189
165 2.37889005938008
166 2.37797995596576
167 2.37705261561378
168 2.37611321564665
169 2.3751667353683
170 2.37421794253903
171 2.37327138150279
172 2.37233136294095
173 2.3714019552207
174 2.37048697729995
175 2.36958999314547
176 2.36871430761611
177 2.36786296375814
178 2.36703874145616
179 2.36624415737918
180 2.36548146615854
181 2.36475266273164
182 2.36405948578327
183 2.36340342221459
184 2.36278571256827
185 2.36220735733771
186 2.3616691240872
187 2.36117155531015
188 2.36071497695227
189 2.36029950752728
190 2.35992506775363
191 2.35959139064131
192 2.35929803195983
193 2.35904438101967
194 2.35882967170133
195 2.35865299366855
196 2.35851330370403
197 2.35840943710892
198 2.35834011910955
199 2.35830397621787
200 2.35829954749478
201 2.35832529566859
202 2.35837961806364
203 2.35846085729757
204 2.35856731170857
205 2.35869724547706
206 2.35884889840985
207 2.35902049535724
208 2.35921025523757
209 2.35941639964598
210 2.35963716102786
211 2.3598707904001
212 2.36011556460624
213 2.36036979309469
214 2.36063182421169
215 2.36090005100342
216 2.36117291652442
217 2.36144891865168
218 2.36172661440616
219 2.36200462378595
220 2.3622816331169
221 2.36255639792898
222 2.36282774536815
223 2.36309457615535
224 2.36335586610555
225 2.36361066722166
226 2.36385810837878
227 2.36409739561592
228 2.36432781205304
229 2.36454871745218
230 2.36475954744227
231 2.36495981242772
232 2.36514909620143
233 2.3653270542832
234 2.36549341200491
235 2.36564796236358
236 2.36579056366407
237 2.36592113697255
238 2.36603966340191
239 2.36614618125024
240 2.36624078301272
241 2.36632361228731
242 2.36639486059369
243 2.36645476412478
244 2.36650360044917
245 2.36654168518236
246 2.3665693686438
247 2.36658703251612
248 2.36659508652204
249 2.36659396513353
250 2.36658412432707
251 2.36656603839793
252 2.36654019684533
253 2.36650710133968
254 2.3664672627819
255 2.36642119846417
256 2.36636942934027
257 2.36631247741289
258 2.36625086324444
259 2.36618510359684
260 2.36611570920502
261 2.36604318268791
262 2.36596801659999
263 2.36589069162551
264 2.36581167491692
265 2.36573141857807
266 2.36565035829216
267 2.36556891209388
268 2.36548747928418
269 2.3654064394859
270 2.36532615183766
271 2.365246954323
272 2.3651691632313
273 2.36509307274646
274 2.36501895465905
275 2.36494705819711
276 2.36487760997072
277 2.36481081402481
278 2.36474685199486
279 2.3646858833595
280 2.36462804578425
281 2.36457345555019
282 2.36452220806144
283 2.36447437842526
284 2.36443002209832
285 2.36438917559311
286 2.36435185723802
287 2.3643180679851
288 2.36428779225916
289 2.36426099884243
290 2.36423764178877
291 2.36421766136181
292 2.36420098499127
293 2.36418752824239
294 2.36417719579304
295 2.36416988241369
296 2.36416547394555
297 2.36416384827229
298 2.36416487628126
299 2.36416842281008
300 2.36417434757504
301 2.36418250607782
302 2.36419275048726
303 2.36420493049349
304 2.36421889413161
305 2.36423448857262
306 2.36425156087961
307 2.36426995872722
308 2.36428953108293
309 2.3643101288489
310 2.36433160546315
311 2.36435381745943
312 2.36437662498509
313 2.36439989227671
314 2.36442348809315
315 2.36444728610631
316 2.36447116524971
317 2.36449501002537
318 2.36451871076963
319 2.36454216387862
320 2.36456527199446
321 2.36458794415299
322 2.36461009589454
323 2.36463164933879
324 2.36465253322522
325 2.36467268292074
326 2.36469204039593
327 2.36471055417161
328 2.36472817923747
329 2.36474487694449
330 2.36476061487291
331 2.36477536667765
332 2.36478911191286
333 2.36480183583768
334 2.36481352920473
335 2.36482418803352
336 2.36483381337024
337 2.36484241103594
338 2.36484999136484
339 2.36485656893428
340 2.36486216228829
341 2.36486679365605
342 2.36487048866709
343 2.36487327606458
344 2.3648751874181
345 2.36487625683739
346 2.36487652068829
347 2.36487601731207
348 2.36487478674933
349 2.36487287046957
350 2.36487031110728
351 2.36486715220568
352 2.36486343796871
353 2.36485921302211
354 2.36485452218437
355 2.3648494102479
356 2.36484392177119
357 2.36483810088218
358 2.36483199109336
359 2.3648256351288
360 2.36481907476337
361 2.36481235067426
362 2.36480550230499
363 2.3647985677418
364 2.36479158360245
365 2.36478458493737
366 2.36477760514298
367 2.364770675887
368 2.36476382704544
369 2.36475708665116
370 2.36475048085345
371 2.3647440338885
372 2.36473776806015
373 2.36473170373068
374 2.36472585932114
375 2.36472025132061
376 2.36471489430416
377 2.36470980095881
378 2.36470498211702
379 2.36470044679719
380 2.36469620225072
381 2.36469225401488
382 2.3646886059712
383 2.36468526040868
384 2.36468221809132
385 2.36467947832948
386 2.36467703905449
387 2.36467489689608
388 2.36467304726205
389 2.36467148441972
390 2.36467020157879
391 2.36466919097491
392 2.36466844395388
393 2.36466795105573
394 2.36466770209847
395 2.36466768626116
396 2.36466789216576
397 2.3646683079577
398 2.3646689213846
399 2.36466971987306
400 2.11466971987306
401 2.06697854215787
402 2.01928751058994
403 1.97159661203045
404 1.92390583336493
405 1.87621516156324
406 1.82852458373634
407 1.78083408718947
408 1.73314365947196
409 1.68545328842333
410 1.6390164148233
411 1.59496074225859
412 1.55327984124276
413 1.51397699110153
414 1.47706262818735
415 1.44255237803552
416 1.41046554140723
417 1.38082393296158
418 1.35365099372718
419 1.32897111601231
420 1.30680284844847
421 1.28714840374437
422 1.26999147927204
423 1.25530056281482
424 1.24303146711232
425 1.2331292811812
426 1.22552988064439
427 1.22016110460534
428 1.21694368030831
429 1.21579195691092
430 1.21661452613526
431 1.21931483768407
432 1.22379187067821
433 1.22994084500995
434 1.2376539387358
435 1.2468209907182
436 1.25733017655349
437 1.26906865166964
438 1.28192315924978
439 1.29578060298844
440 1.31052858591602
441 1.32605591663604
442 1.34225308362984
443 1.35901269754865
444 1.37622990107887
445 1.39380274596578
446 1.41163253694238
447 1.42962414253266
448 1.44768627292415
449 1.46573172530441
450 1.48367759721856
451 1.50144546863135
452 1.5189615534775
453 1.53615682157028
454 1.5529670918175
455 1.56933309776965
456 1.58520052659582
457 1.6005200326482
458 1.61524722683474
459 1.62934264306977
460 1.64277168311503
461 1.65550454115726
462 1.66751610949472
463 1.6787858667231
464 1.68929774982258
465 1.6990400115518
466 1.70800506455229
467 1.71618931355851
468 1.72359297709394
469 1.73021990001387
470 1.73607735823035
471 1.74117585692444
472 1.7455289235164
473 1.74915289662568
474 1.75206671221001
475 1.7542916880269
476 1.75585130751203
477 1.75677100411725
478 1.75707794709724
479 1.75680082967798
480 1.7559696604827
481 1.75461555903267
482 1.75277055608043
483 1.75046739947313
484 1.74773936618317
485 1.74462008108317
486 1.74114334298207
487 1.73734295837978
488 1.73325258333899
489 1.72890557381538
490 1.72433484473069
491 1.7195727380185
492 1.71465089981911
493 1.7096001669484
494 1.70445046271625
495 1.69923070212215
496 1.69396870641111
497 1.68869112692929
498 1.68342337817885
499 1.67818957993313
500 1.6730125082378
501 1.66791355509069
502 1.66291269656253
503 1.6580284690933
504 1.65327795367327
505 1.64867676759577
506 1.64423906344828
507 1.63997753499137
508 1.63590342955959
509 1.63202656660644
510 1.62835536200501
511 1.62489685770812
512 1.62165675636648
513 1.61863946049959
514 1.61584811581298
515 1.61328465825582
516 1.61094986441566
517 1.60884340485083
518 1.6069638999675
519 1.60530897805518
520 1.60387533510403
521 1.60265879603676
522 1.60165437700011
523 1.60085634837267
524 1.60025829815989
525 1.59985319546111
526 1.59963345370875
527 1.59959099339554
528 1.59971730402213
529 1.60000350501393
530 1.60044040537356
531 1.60101856185231
532 1.60172833544183
533 1.60255994600471
534 1.6035035248803
535 1.60454916531959
536 1.60568697062022
537 1.60690709984997
538 1.60819981106346
539 1.60955550193364
540 1.61096474773513
541 1.61241833663221
542 1.61390730223919
543 1.61542295343482
544 1.61695690142676
545 1.6185010840745
546 1.62004778749212
547 1.62158966496331
548 1.62311975321274
549 1.62463148608726
550 1.62611870571063
551 1.6275756711836
552 1.62899706490936
553 1.6303779966315
554 1.63171400527791
555 1.63300105870993
556 1.63423555148069
557 1.63541430071099
558 1.63653454019446
559 1.63759391284643
560 1.63859046161323
561 1.63952261895998
562 1.64038919505578
563 1.64118936477543
564 1.64192265363663
565 1.64258892279046
566 1.64318835318192
567 1.64372142899513
568 1.64418892049571
569 1.64459186638005
570 1.64493155573813
571 1.64520950973313
572 1.64542746309726
573 1.64558734553921
574 1.64569126315457
575 1.64574147992559
576 1.64574039939259
577 1.64569054657397
578 1.6455945502071
579 1.64545512537733
580 1.64527505659705
581 1.64505718139178
582 1.64480437444509
583 1.64451953234878
584 1.64420555899996
585 1.64386535168138
586 1.6435017878564
587 1.64311771270526
588 1.64271592742437
589 1.64229917830578
590 1.64187014660952
591 1.64143143923719
592 1.64098558021089
593 1.64053500295779
594 1.64008204339688
595 1.63962893382052
596 1.63917779756065
597 1.63873064442571
598 1.63828936689195
599 1.63785573702976
600 1.63743140414321
601 1.63701789309892
602 1.63661660331808
603 1.63622880840386
604 1.6358556563746
605 1.63549817047209
606 1.63515725051275
607 1.63483367474889
608 1.63452810220617
609 1.63424107546306
610 1.63397302383746
611 1.63372426694581
612 1.63349501859956
613 1.63328539100434
614 1.63309539922737
615 1.63292496589901
616 1.63277392611497
617 1.63264203250656
618 1.6325289604469
619 1.6324343133622
620 1.63235762811805
621 1.63229838045203
622 1.63225599042478
623 1.63222982786344
624 1.63221921777212
625 1.63222344568603
626 1.63224176294677
627 1.63227339187828
628 1.63231753084394
629 1.63237335916718
630 1.63244004189928
631 1.63251673441955
632 1.63260258685476
633 1.63269674830598
634 1.6327983708725
635 1.6329066134642
636 1.6330206453947
637 1.63313964974951
638 1.63326282652436
639 1.6333893955304
640 1.63351859906415
641 1.63364970434131
642 1.63378200569457
643 1.63391482653692
644 1.63404752109262
645 1.63417947589928
646 1.63431011108531
647 1.63443888142766
648 1.63456527719584
649 1.63468882478876
650 1.63480908717149
651 1.63492566411989
652 1.63503819228123
653 1.63514634505976
654 1.63524983233614
655 1.63534840003039
656 1.63544182951796
657 1.63552993690896
658 1.63561257220053
659 1.6356896183127
660 1.63576099001773
661 1.63582663277345
662 1.63588652147049
663 1.63594065910368
664 1.63598907537743
665 1.63603182525495
666 1.63606898746069
667 1.6361006629455
668 1.63612697332327
669 1.63614805928801
670 1.63616407901944
671 1.63617520658543
672 1.63618163034851
673 1.6361835513841
674 1.63618118191698
675 1.63617474378249
676 1.6361644669185
677 1.63615058789357
678 1.6361333484765
679 1.63611299425182
680 1.63608977328551
681 1.63606393484466
682 1.6360357281744
683 1.63600540133507
684 1.635973200102
685 1.63593936693001
686 1.63590413998432
687 1.63586775223904
688 1.63583043064428
689 1.63579239536219
690 1.63575385907232
691 1.63571502634603
692 1.63567609308944
693 1.63563724605431
694 1.63559866241557
695 1.63556050941446
696 1.63552294406548
697 1.63548611292559
698 1.63545015192348
699 1.63541518624693
700 1.63538133028587
701 1.6353486876286
702 1.63531735110872
703 1.63528740289986
704 1.6352589146557
705 1.63523194769206
706 1.63520655320848
707 1.63518277254605
708 1.63516063747863
709 1.63514017053451
710 1.63512138534534
711 1.63510428701957
712 1.63508887253724
713 1.63507513116343
714 1.63506304487738
715 1.63505258881453
716 1.63504373171889
717 1.63503643640293
718 1.63503066021263
719 1.63502635549527
720 1.63502347006742
721 1.63502194768131
722 1.63502172848706
723 1.63502274948921
724 1.63502494499535
725 1.63502824705544
726 1.63503258589002
727 1.63503789030592
728 1.63504408809819
729 1.63505110643697
730 1.63505887223834
731 1.63506731251805
732 1.63507635472744
733 1.63508592707091
734 1.63509595880409
735 1.63510638051268
736 1.63511712437118
737 1.63512812438161
738 1.63513931659195
739 1.63515063929425
740 1.63516203320259
741 1.63517344161091
742 1.63518481053113
743 1.63519608881175
744 1.63520722823731
745 1.63521818360939
746 1.63522891280944
747 1.63523937684417
748 1.6352495398741
749 1.63525936922603
750 1.63526883539006
751 1.63527791200198
752 1.63528657581188
753 1.63529480663976
754 1.63530258731888
755 1.63530990362797
756 1.63531674421295
757 1.63532310049904
758 1.63532896659432
759 1.63533433918544
760 1.63533921742642
761 1.63534360282137
762 1.63534749910206
763 1.63535091210103
764 1.63535384962116
765 1.63535632130243
766 1.63535833848667
767 1.63535991408099
768 1.6353610624206
769 1.63536179913172
770 1.6353621409952
771 1.6353621058114
772 1.63536171226701
773 1.63536097980423
774 1.63535992849289
775 1.63535857890585
776 1.63535695199825
777 1.63535506899087
778 1.63535295125796
779 1.63535062021991
780 1.63534809724094
781 1.6353454035321
782 1.63534256005974
783 1.6353395874596
784 1.63533650595673
785 1.63533333529115
786 1.63533009464958
787 1.63532680260294
788 1.63532347704992
789 1.63532013516642
790 1.63531679336082
791 1.63531346723509
792 1.63531017155154
793 1.6353069202051
794 1.63530372620109
795 1.63530060163814
796 1.63529755769628
797 1.63529460462981
798 1.63529175176494
799 1.63528900750178
800 1.79624791778217
801 1.80816848917687
802 1.82008918889954
803 1.83201002174728
804 1.84393099165991
805 1.85585210174358
806 1.8677733542973
807 1.87969475084182
808 1.89161629215076
809 1.90353797828371
810 1.91465278111433
811 1.92432880280987
812 1.9327311124064
813 1.93998734347996
814 1.94619601553971
815 1.95143301370157
816 1.95575663386964
817 1.95921151062829
818 1.96183167492472
819 1.96364293399882
820 1.96466876973692
821 1.96493781635309
822 1.96448505980289
823 1.96334938074562
824 1.96157190511235
825 1.95919492396505
826 1.95626121028311
827 1.95281360875092
828 1.94889481006279
829 1.94454724708877
830 1.93981304868851
831 1.93473397610821
832 1.92935130609319
833 1.9237056785785
834 1.91783693562175
835 1.91178396634685
836 1.90558456515682
837 1.89927530589659
838 1.89289143199729
839 1.88646676122637
840 1.88003360313862
841 1.87362268755751
842 1.86726310311502
843 1.86098224550558
844 1.854805775394
845 1.84875758594926
846 1.84285977989696
847 1.83713265587269
848 1.83159470375617
849 1.82626260858924
850 1.82115126263318
851 1.81627378509758
852 1.81164154906522
853 1.80726421513508
854 1.80314977130455
855 1.79930457860906
856 1.79573342203503
857 1.79243956622002
858 1.78942481545354
859 1.78668957749438
860 1.78423293072454
861 1.78205269416722
862 1.78014549990535
863 1.77850686744853
864 1.77713127960878
865 1.77601225946019
866 1.77514244797261
867 1.77451368192678
868 1.7741170717354
869 1.77394307881381
870 1.77398159216291
871 1.77422200384733
872 1.77465328307203
873 1.77526404858189
874 1.77604263912972
875 1.77697718177972
876 1.77805565783481
877 1.7792659661976
878 1.78059598399597
879 1.78203362432543
880 1.78356689098078
881 1.78518393007013
882 1.78687307842374
883 1.78862290872991
884 1.79042227134799
885 1.79226033276717
886 1.79412661069642
887 1.79601100578769
888 1.79790383000971
889 1.79979583170484
890 1.80167821737513
891 1.80354267025664
892 1.80538136575337
893 1.80718698381306
894 1.80895271833755
895 1.81067228372945
896 1.81233991868556
897 1.81395038735437
898 1.81549897798216
899 1.81698149917723
900 1.818394273927
901 1.81973413150618
902 1.82099839741761
903 1.82218488150944
904 1.82329186441369
905 1.82431808245211
906 1.82526271115514
907 1.82612534753911
908 1.82690599128549
909 1.82760502496398
910 1.8282231934389
911 1.82876158259513
912 1.8292215975164
913 1.82960494024476
914 1.82991358724574
915 1.83014976669878
916 1.83031593572775
917 1.83041475768069
918 1.83044907956256
919 1.83042190971883
920 1.83033639586189
921 1.83019580352591
922 1.83000349502995
923 1.8297629090223
924 1.82947754067338
925 1.82915092257751
926 1.82878660641813
927 1.82838814544457
928 1.82795907780218
929 1.82750291075197
930 1.82702310580965
931 1.8265230648282
932 1.82600611704286
933 1.82547550709155
934 1.82493438401884
935 1.8243857912665
936 1.82383265764886
937 1.82327778930685
938 1.82272386263009
939 1.82217341813263
940 1.82162885526401
941 1.82109242813406
942 1.82056624212629
943 1.82005225137233
944 1.8195522570566
945 1.81906790651863
946 1.81860069311783
947 1.81815195682399
948 1.81772288549509
949 1.81731451680264
950 1.81692774076384
951 1.81656330283881
952 1.81622180755077
953 1.81590372258651
954 1.81560938333447
955 1.81533899781764
956 1.81509265197897
957 1.81487031527718
958 1.8146718465517
959 1.814497000116
960 1.81434543203978
961 1.81421670658128
962 1.81411030273235
963 1.81402562084025
964 1.8139619892713
965 1.81391867108343
966 1.81389487067583
967 1.81388974038594
968 1.81390238700543
969 1.81393187818881
970 1.81397724872997
971 1.81403750668385
972 1.81411163931223
973 1.81419861883455
974 1.81429740796647
975 1.81440696523074
976 1.81452625002669
977 1.81465422744671
978 1.81478987282941
979 1.81493217604134
980 1.81508014548046
981 1.81523281179651
982 1.81538923132457
983 1.8155484892301
984 1.81570970236477
985 1.81587202183415
986 1.81603463527911
987 1.81619676887473
988 1.81635768905093
989 1.81651670394066
990 1.81667316456213
991 1.81682646574281
992 1.8169760467933
993 1.81712139194052
994 1.81726203052976
995 1.81739753700616
996 1.81752753068645
997 1.81765167533242
998 1.8177696785377
999 1.81788129094007
1000 1.81798630527142
1001 1.81808455525775
1002 1.81817591438184
1003 1.81826029452107
1004 1.81833764447273
1005 1.81840794837952
1006 1.81847122406721
1007 1.81852752130676
1008 1.81857692001257
1009 1.8186195283885
1010 1.81865548103288
1011 1.8186849370133
1012 1.81870807792174
1013 1.81872510592009
1014 1.81873624178553
1015 1.81874172296511
1016 1.81874180164795
1017 1.81873674286339
1018 1.81872682261254
1019 1.8187123260404
1020 1.81869354565512
1021 1.81867077960025
1022 1.81864432998565
1023 1.81861450128183
1024 1.81858159878213
1025 1.81854592713664
1026 1.81850778896109
1027 1.81846748352367
1028 1.81842530551186
1029 1.81838154388137
1030 1.81833648078828
1031 1.81829039060547
1032 1.81824353902368
1033 1.81819618223724
1034 1.81814856621423
1035 1.81810092605022
1036 1.81805348540442
1037 1.81800645601716
1038 1.81796003730648
1039 1.81791441604231
1040 1.81786976609553
1041 1.81782624825974
1042 1.81778401014276
1043 1.81774318612508
1044 1.81770389738212
1045 1.81766625196704
1046 1.81763034495077
1047 1.81759625861583
1048 1.81756406270026
1049 1.81753381468821
1050 1.81750556014351
1051 1.8174793330824
1052 1.81745515638204
1053 1.81743304222079
1054 1.81741299254701
1055 1.81739499957244
1056 1.81737904628688
1057 1.81736510699071
1058 1.8173531478417
1059 1.81734312741312
1060 1.81733499725973
1061 1.81732870248882
1062 1.81732418233327
1063 1.81732137072394
1064 1.81732019685861
1065 1.81732058576517
1066 1.81732245885658
1067 1.81732573447539
1068 1.81733032842597
1069 1.81733615449235
1070 1.81734312494005
1071 1.81735115100047
1072 1.81736014333615
1073 1.81737001248594
1074 1.81738066928887
1075 1.81739202528572
1076 1.81740399309769
1077 1.81741648678134
1078 1.81742942215947
1079 1.81744271712736
1080 1.81745629193448
1081 1.81747006944121
1082 1.8174839753508
1083 1.81749793841671
1084 1.81751189062546
1085 1.81752576735541
1086 1.81753950751195
1087 1.81755305363948
1088 1.81756635201101
1089 1.81757935269587
1090 1.81759200960636
1091 1.81760428052423
1092 1.81761612710773
1093 1.81762751488023
1094 1.81763841320133
1095 1.81764879522152
1096 1.81765863782132
1097 1.81766792153603
1098 1.81767663046706
1099 1.81768475218098
1100 1.81769227759741
1101 1.81769920086665
1102 1.81770551923832
1103 1.81771123292196
1104 1.81771634494061
1105 1.8177208609785
1106 1.8177247892238
1107 1.81772814020731
1108 1.81773092663829
1109 1.81773316323801
1110 1.81773486657222
1111 1.81773605488315
1112 1.81773674792198
1113 1.81773696678247
1114 1.8177367337365
1115 1.81773607207221
1116 1.81773500593527
1117 1.81773356017406
1118 1.81773176018908
1119 1.81772963178721
1120 1.81772720104123
1121 1.81772449415501
1122 1.8177215373347
1123 1.81771835666623
1124 1.81771497799941
1125 1.81771142683882
1126 1.81770772824163
1127 1.8177039067226
1128 1.81769998616625
1129 1.81769598974625
1130 1.81769193985215
1131 1.81768785802333
1132 1.81768376489018
1133 1.81767968012243
1134 1.81767562238444
1135 1.8176716092975
1136 1.81766765740873
1137 1.81766378216656
1138 1.81765999790263
1139 1.81765631781965
1140 1.81765275398527
1141 1.81764931733142
1142 1.81764601765912
1143 1.81764286364819
1144 1.81763986287187
1145 1.81763702181576
1146 1.81763434590099
1147 1.8176318395112
1148 1.81762950602301
1149 1.81762734783973
1150 1.81762536642798
1151 1.81762356235682
1152 1.8176219353392
1153 1.81762048427534
1154 1.81761920729783
1155 1.81761810181802
1156 1.81761716457356
1157 1.81761639167673
1158 1.8176157786633
1159 1.81761532054172
1160 1.81761501184231
1161 1.81761484666633
1162 1.81761481873457
1163 1.81761492143535
1164 1.81761514787177
1165 1.81761549090792
1166 1.81761594321392
1167 1.8176164973097
1168 1.81761714560728
1169 1.81761788045157
1170 1.81761869415935
1171 1.81761957905654
1172 1.81762052751362
1173 1.81762153197906
1174 1.81762258501073
1175 1.81762367930531
1176 1.81762480772554
1177 1.81762596332544
1178 1.81762713937331
1179 1.81762832937266
1180 1.81762952708097
1181 1.81763072652642
1182 1.81763192202241
1183 1.81763310818014
1184 1.81763427991916
1185 1.81763543247592
1186 1.81763656141045
1187 1.81763766261121
1188 1.81763873229815
1189 1.8176397670241
1190 1.81764076367447
1191 1.81764171946548
1192 1.81764263194094
1193 1.81764349896756
1194 1.81764431872912
1195 1.81764508971932
1196 1.81764581073363
1197 1.81764648086006
1198 1.81764709946906
1199 1.81764766620261
1200 1.81764818096249
