1 2
2 2
3 2
4 2
5 2
6 2
7 2
8 2
9 2
10 2
11 2
12 2
13 2
14 2
15 2
16 2
17 2
18 2
19 2
20 2
21 2
22 2
23 2
24 2
25 2
26 2
27 2
28 2
29 2
30 2.25
31 2.27343333333333
32 2.29876666666667
33 2.3241
34 2.34943333333333
35 2.37476666666667
36 2.4001
37 2.42543333333333
38 2.45076666666667
39 2.4761
40 2.49989703869583
41 2.52094723198894
42 2.53953312421294
43 2.55585575720941
44 2.57006956651284
45 2.58229273890695
46 2.59261532859484
47 2.60110557421483
48 2.60781481465642
49 2.61278131365045
50 2.61604267537996
51 2.61765215074496
52 2.61768055606376
53 2.61621007662773
54 2.61333015020543
55 2.60913468462594
56 2.60372021849465
57 2.59718474111137
58 2.58962696722848
59 2.58114592054498
60 2.57184066429918
61 2.5618099799071
62 2.55115190300547
63 2.53996317426355
64 2.52833868185903
65 2.51637093659077
66 2.5041495990776
67 2.49176106537549
68 2.47928810977854
69 2.46680957958272
70 2.45440013520632
71 2.44213003005113
72 2.43006492690465
73 2.41826574972639
74 2.40678857047941
75 2.39568453063604
76 2.38499979661341
77 2.37477554794751
78 2.36504799662861
79 2.355848435747
80 2.34720331544423
81 2.33913434410688
82 2.33165861273795
83 2.32478874045797
84 2.31853303910403
85 2.31289569490642
86 2.30787696523348
87 2.30347338841079
88 2.29967800464482
89 2.29648058611693
90 2.29386787436018
91 2.29182382308923
92 2.29032984472058
93 2.28936505889468
94 2.28890654139193
95 2.28892957192036
96 2.28940787934243
97 2.29031388300154
98 2.29161892890536
99 2.29329351962106
100 2.29530753683754
101 2.29763045565069
102 2.3002315497287
103 2.3030800866148
104 2.30614551252504
105 2.30939762609625
106 2.31280674063583
107 2.3163438345182
108 2.31998068946376
109 2.32369001652299
110 2.32744556967243
111 2.33122224700846
112 2.33499617960062
113 2.33874480813684
114 2.3424469475594
115 2.34608283995198
116 2.34963419599472
117 2.3530842253558
118 2.3564176564349
119 2.35962074591517
120 2.36268127861734
121 2.36558855818076
122 2.36833338912353
123 2.37090805085535
124 2.37330626423437
125 2.37552315127225
126 2.37755518859981
127 2.37940015531062
128 2.38105707579964
129 2.38252615821137
130 2.38380872910469
131 2.38490716493171
132 2.38582482091473
133 2.38656595788943
134 2.3871356676641
135 2.3875397974236
136 2.38778487368414
137 2.38787802628024
138 2.38782691283894
139 2.38763964416882
140 2.38732471096286
141 2.38689091218451
142 2.38634728547633
143 2.38570303990021
144 2.38496749128708
145 2.3841500004437
146 2.38325991443327
147 2.38230651111651
148 2.38129894711018
149 2.38024620929097
150 2.37915706994432
151 2.37804004563076
152 2.37690335981562
153 2.37575490928335
154 2.37460223433341
155 2.37345249273229
156 2.3723124373751
157 2.37118839759011
158 2.37008626400166
159 2.36901147684978
160 2.3679690176498
161 2.36696340406119
162 2.36599868782302
163 2.36507845560233
164 2.36420583259278
165 2.36338348869312
166 2.36261364708873
167 2.36189809505455
168 2.36123819679429
169 2.36063490812866
170 2.36008879284397
171 2.35960004051328
172 2.3591684856031
173 2.35879362768126
174 2.35847465254483
175 2.35821045409135
176 2.35799965676163
177 2.35784063838824
178 2.35773155329039
179 2.35767035546302
180 2.35765482171562
181 2.35768257462429
182 2.35775110516926
183 2.35785779493877
184 2.35799993778917
185 2.35817476086068
186 2.35837944485699
187 2.35861114350699
188 2.35886700213549
189 2.35914417527987
190 2.35943984329803
191 2.35975122792263
192 2.36007560672495
193 2.36041032646052
194 2.3607528152767
195 2.3611005937705
196 2.36145128489223
197 2.36180262269802
198 2.36215245996083
199 2.36249877465586
200 2.36283967534249
201 2.36317340546984
202 2.36349834663851
203 2.36381302085523
204 2.36411609182147
205 2.36440636530043
206 2.36468278861016
207 2.36494444929299
208 2.3651905730141
209 2.36542052074327
210 2.36563378527573
211 2.36582998714877
212 2.36600887001124
213 2.36617029550351
214 2.36631423770513
215 2.36644077720685
216 2.3665500948631
217 2.36664246527977
218 2.36671825009063
219 2.36677789107441
220 2.36682190316241
221 2.36685086738474
222 2.36686542380076
223 2.36686626445716
224 2.36685412641459
225 2.36682978488088
226 2.36679404648652
227 2.36674774273505
228 2.36669172365833
229 2.36662685170363
230 2.36655399587697
231 2.36647402616373
232 2.36638780824547
233 2.36629619852826
234 2.36620003949598
235 2.36610015539857
236 2.36599734828331
237 2.36589239437429
238 2.36578604080295
239 2.36567900269054
240 2.36557196058082
241 2.36546555821951
242 2.36536040067521
243 2.36525705279444
244 2.36515603798208
245 2.36505783729702
246 2.36496288885125
247 2.36487158749965
248 2.36478428480673
249 2.36470128927526
250 2.36462286682156
251 2.36454924148106
252 2.36448059632739
253 2.36441707458815
254 2.36435878093971
255 2.36430578296383
256 2.36425811274839
257 2.36421576861501
258 2.36417871695605
259 2.36414689416431
260 2.36412020863856
261 2.36409854284897
262 2.36408175544654
263 2.3640696834017
264 2.36406214415751
265 2.3640589377837
266 2.3640598491187
267 2.36406464988727
268 2.3640731007824
269 2.36408495350094
270 2.36409995272311
271 2.36411783802712
272 2.36413834573084
273 2.36416121065349
274 2.36418616779095
275 2.36421295389936
276 2.36424130898254
277 2.3642709776793
278 2.36430171054791
279 2.36433326524539
280 2.36436540760044
281 2.36439791257904
282 2.364430565143
283 2.36446316100192
284 2.36449550725978
285 2.36452742295819
286 2.36455873951831
287 2.36458930108456
288 2.36461896477321
289 2.36464760082948
290 2.36467509269727
291 2.36470133700577
292 2.36472624347746
293 2.36474973476245
294 2.36477174620401
295 2.36479222554053
296 2.36481113254898
297 2.36482843863545
298 2.36484412637775
299 2.36485818902575
300 2.36487062996451
301 2.36488146214554
302 2.3648907074913
303 2.36489839627809
304 2.36490456650194
305 2.36490926323256
306 2.3649125379596
307 2.36491444793579
308 2.36491505552084
309 2.3649144275303
310 2.36491263459272
311 2.36490975051874
312 2.36490585168519
313 2.36490101643705
314 2.36489532450995
315 2.36488885647559
316 2.36488169321208
317 2.36487391540114
318 2.36486560305369
319 2.36485683506509
320 2.36484768880122
321 2.36483823971607
322 2.36482856100163
323 2.36481872327019
324 2.36480879426945
325 2.36479883863018
326 2.36478891764635
327 2.36477908908715
328 2.36476940704041
329 2.36475992178661
330 2.36475067970261
331 2.36474172319404
332 2.36473309065525
333 2.36472481645549
334 2.36471693095008
335 2.36470946051514
336 2.36470242760424
337 2.36469585082573
338 2.36468974503886
339 2.36468412146734
340 2.36467898782854
341 2.36467434847682
342 2.36467020455934
343 2.36466655418267
344 2.36466339258866
345 2.36466071233813
346 2.36465850350057
347 2.36465675384869
348 2.36465544905617
349 2.36465457289741
350 2.36465410744779
351 2.36465403328336
352 2.3646543296788
353 2.36465497480235
354 2.364655945907
355 2.36465721951672
356 2.36465877160705
357 2.36466057777922
358 2.36466261342706
359 2.3646648538962
360 2.36466727463484
361 2.36466985133586
362 2.36467256006966
363 2.36467537740763
364 2.36467828053591
365 2.36468124735923
366 2.36468425659491
367 2.36468728785684
368 2.36469032172949
369 2.36469333983217
370 2.36469632487351
371 2.36469926069649
372 2.3647021323142
373 2.36470492593659
374 2.3647076289887
375 2.36471023012041
376 2.3647127192085
377 2.36471508735106
378 2.36471732685496
379 2.3647194312167
380 2.3647213950971
381 2.36472321429045
382 2.36472488568845
383 2.36472640723951
384 2.36472777790391
385 2.36472899760532
386 2.3647300671791
387 2.36473098831798
388 2.36473176351549
389 2.36473239600761
390 2.3647328897132
391 2.36473324917342
392 2.36473347949083
393 2.36473358626828
394 2.36473357554819
395 2.36473345375243
396 2.3647332276232
397 2.36473290416511
398 2.36473249058894
399 2.36473199425708
400 2.11473199425708
401 2.06786468818082
402 2.01719732183259
403 1.96652990267995
404 1.91586243810389
405 1.8651949353591
406 1.81452740153721
407 1.76385984353299
408 1.71319226801352
409 1.66252468139047
410 1.61339338092009
411 1.56715292277593
412 1.52377641838989
413 1.48327614017934
414 1.44566803764036
415 1.4109707134484
416 1.37920453447401
417 1.35039095411375
418 1.32455199850034
419 1.30170987967759
420 1.28187726623606
421 1.26504219256478
422 1.25116559848677
423 1.24018672178518
424 1.2320270564892
425 1.22659343097165
426 1.22378040849646
427 1.22347216726034
428 1.22554398031415
429 1.22986338764139
430 1.23629118913495
431 1.24468244438354
432 1.25488757813499
433 1.26675355163673
434 1.28012503412575
435 1.29484553583874
436 1.31075848070726
437 1.32770820809104
438 1.34554090015048
439 1.36410543598065
440 1.38325417593237
441 1.40284367954375
442 1.42273535889585
443 1.44279606765249
444 1.46289862545345
445 1.48292227747261
446 1.5027530894211
447 1.52228427884219
448 1.54141648408445
449 1.56005797279029
450 1.5781247920794
451 1.59554086285041
452 1.61223802079945
453 1.62815600689382
454 1.64324241016171
455 1.65745256577061
456 1.67074941146523
457 1.68310330551725
458 1.69449180940081
459 1.70489943844621
460 1.71431738374099
461 1.72274320854176
462 1.73018052243437
463 1.73663863643544
464 1.74213220216744
465 1.74668083816294
466 1.75030874626355
467 1.7530443209764
468 1.75491975453662
469 1.75597064030018
470 1.7562355769581
471 1.75575577592196
472 1.75457467408342
473 1.75273755399787
474 1.75029117338564
475 1.7472834056849
476 1.74376289322921
477 1.73977871446092
478 1.73538006643004
479 1.73061596366815
480 1.72553495436899
481 1.72018485465194
482 1.71461250153398
483 1.70886352508837
484 1.70298214012693
485 1.6970109576067
486 1.69099081583198
487 1.6849606313994
488 1.67895726971779
489 1.67301543482538
490 1.66716757812594
491 1.66144382557166
492 1.65587192273522
493 1.65047719713576
494 1.64528253711393
495 1.64030838648976
496 1.63557275418339
497 1.63109123793305
498 1.62687706120642
499 1.62294112237141
500 1.61929205516843
501 1.61593629951077
502 1.61287818162948
503 1.61012000257661
504 1.60766213410341
505 1.60550312093893
506 1.60363978850875
507 1.60206735515257
508 1.60077954792345
509 1.59976872107925
510 1.59902597640894
511 1.59854128457163
512 1.59830360666456
513 1.59830101527737
514 1.59852081433289
515 1.59894965706033
516 1.59957366149281
517 1.60037852292925
518 1.60134962284909
519 1.60247213381726
520 1.60373111996587
521 1.60511163268823
522 1.60659880122905
523 1.60817791790261
524 1.60983451771752
525 1.61155445223193
526 1.61332395750787
527 1.61512971607528
528 1.6169589128577
529 1.61879928505007
530 1.62063916597632
531 1.62246752298865
532 1.62427398950349
533 1.6260488912985
534 1.62778326722343
535 1.62946888450249
536 1.63109824882899
537 1.63266460947334
538 1.6341619596437
539 1.63558503235393
540 1.63692929206681
541 1.63819092239148
542 1.63936681012257
543 1.64045452591491
544 1.64145230189213
545 1.6423590064897
546 1.64317411683328
547 1.64389768895186
548 1.64453032612192
549 1.64507314563408
550 1.64552774426745
551 1.64589616274912
552 1.64618084946747
553 1.64638462369774
554 1.64651063858744
555 1.64656234413716
556 1.64654345039943
557 1.64645789110534
558 1.64630978791427
559 1.64610341546796
560 1.64584316741568
561 1.64553352356203
562 1.64517901827418
563 1.64478421027044
564 1.64435365389696
565 1.64389187198479
566 1.6434033303649
567 1.64289241410482
568 1.64236340551642
569 1.6418204639714
570 1.64126760754793
571 1.64070869651972
572 1.64014741868716
573 1.63958727653892
574 1.63903157622235
575 1.63848341829088
576 1.63794569018818
577 1.63742106042002
578 1.63691197435781
579 1.63642065161051
580 1.63594908489609
581 1.63549904033803
582 1.63507205910806
583 1.63466946033236
584 1.63429234517544
585 1.63394160201344
586 1.63361791260668
587 1.63332175918053
588 1.63305343232256
589 1.63281303960466
590 1.63260051483882
591 1.63241562787674
592 1.63225799486498
593 1.63212708886922
594 1.6320222507839
595 1.63194270044619
596 1.63188754787635
597 1.63185580457013
598 1.63184639477256
599 1.63185816666618
600 1.63188990341124
601 1.63194033397952
602 1.63200814372759
603 1.63209198466035
604 1.63219048533966
605 1.63230226039777
606 1.63242591961979
607 1.63256007656389
608 1.63270335669233
609 1.63285440499104
610 1.63301189305953
611 1.63317452565719
612 1.63334104669603
613 1.63351024467379
614 1.63368095754502
615 1.63385207703129
616 1.63402255237496
617 1.63419139354395
618 1.63435767389814
619 1.63452053233032
620 1.63467917489734
621 1.63483287595919
622 1.6349809788459
623 1.6351228960736
624 1.635258109133
625 1.63538616787466
626 1.63550668951652
627 1.63561935730015
628 1.63572391882269
629 1.6358201840723
630 1.63590802319462
631 1.6359873640186
632 1.63605818936928
633 1.6361205341954
634 1.63617448253905
635 1.63622016437411
636 1.63625775233964
637 1.63628745839353
638 1.63630953041078
639 1.63632424874994
640 1.63633192281006
641 1.63633288759925
642 1.63632750033508
643 1.63631613709529
644 1.63629918953639
645 1.63627706169611
646 1.63625016689445
647 1.63621892474663
648 1.63618375829972
649 1.63614509130368
650 1.63610334562571
651 1.63605893881595
652 1.63601228183075
653 1.63596377691878
654 1.63591381567391
655 1.63586277725746
656 1.63581102679141
657 1.63575891392292
658 1.63570677155956
659 1.63565491477366
660 1.63560363987306
661 1.63555322363509
662 1.63550392269929
663 1.63545597311411
664 1.63540959003193
665 1.63536496754619
666 1.63532227866396
667 1.63528167540675
668 1.63524328903202
669 1.63520723036754
670 1.6351735902505
671 1.63514244006304
672 1.63511383235574
673 1.63508780155061
674 1.63506436471502
675 1.63504352239813
676 1.63502525952129
677 1.6350095463143
678 1.63499633928928
679 1.63498558224435
680 1.63497720728942
681 1.63497113588675
682 1.63496727989924
683 1.63496554263966
684 1.6349658199146
685 1.63496800105696
686 1.63497196994158
687 1.63497760597867
688 1.63498478508037
689 1.63499338059604
690 1.6350032642123
691 1.63501430681443
692 1.63502637930597
693 1.63503935338383
694 1.63505310226673
695 1.63506750137504
696 1.63508242896063
697 1.63509776668562
698 1.63511340014928
699 1.6351292193628
700 1.63514511917177
701 1.63516099962686
702 1.63517676630301
703 1.63519233056826
704 1.63520760980309
705 1.63522252757189
706 1.63523701374782
707 1.6352510045931
708 1.63526444279649
709 1.63527727747015
710 1.63528946410798
711 1.6353009645079
712 1.63531174666048
713 1.63532178460624
714 1.63533105826443
715 1.63533955323563
716 1.63534726058096
717 1.63535417658034
718 1.63536030247249
719 1.63536564417919
720 1.63537021201627
721 1.63537402039385
722 1.63537708750819
723 1.63537943502743
724 1.63538108777348
725 1.63538207340214
726 1.63538242208351
727 1.63538216618454
728 1.63538133995564
729 1.6353799792228
730 1.63537812108698
731 1.63537580363208
732 1.63537306564281
733 1.63536994633357
734 1.63536648508945
735 1.63536272122026
736 1.6353586937282
737 1.63535444109011
738 1.63535000105449
739 1.63534541045404
740 1.63534070503372
741 1.63533591929476
742 1.63533108635448
743 1.63532623782211
744 1.63532140369034
745 1.63531661224247
746 1.63531188997488
747 1.63530726153439
748 1.63530274967018
749 1.63529837519971
750 1.63529415698805
751 1.63529011194014
752 1.63528625500517
753 1.6352825991926
754 1.6352791555988
755 1.63527593344396
756 1.63527294011807
757 1.6352701812356
758 1.63526766069776
759 1.63526538076178
760 1.63526334211627
761 1.63526154396197
762 1.63525998409701
763 1.63525865900614
764 1.6352575639528
765 1.63525669307378
766 1.63525603947538
767 1.63525559533061
768 1.63525535197677
769 1.63525530001271
770 1.63525542939534
771 1.63525572953472
772 1.63525618938732
773 1.63525679754696
774 1.63525754233298
775 1.63525841187537
776 1.63525939419632
777 1.63526047728808
778 1.63526164918679
779 1.63526289804202
780 1.63526421218184
781 1.63526558017339
782 1.63526699087865
783 1.63526843350546
784 1.63526989765366
785 1.63527137335644
786 1.63527285111678
787 1.63527432193917
788 1.63527577735651
789 1.63527720945245
790 1.63527861087917
791 1.6352799748708
792 1.63528129525261
793 1.63528256644615
794 1.63528378347051
795 1.63528494193994
796 1.63528603805803
797 1.63528706860862
798 1.63528803094377
799 1.6352889229689
800 1.83257307645881
801 1.84429049037135
802 1.85695783082577
803 1.86962509774588
804 1.88229229150172
805 1.89495941288315
806 1.90762646307241
807 1.92029344361576
808 1.93296035639453
809 1.94562720359564
810 1.95708164637365
811 1.96641003726034
812 1.97390926098814
813 1.97979964398172
814 1.98425232212299
815 1.98740011287701
816 1.98934600961736
817 1.99016979708373
818 1.98993320335764
819 1.98868391191701
820 1.98646613585802
821 1.98333383712344
822 1.97935208397741
823 1.9745919287269
824 1.96912711349582
825 1.96303196000017
826 1.95638008036959
827 1.94924364826966
828 1.94169304477587
829 1.93379674814052
830 1.92562133038816
831 1.91723139986053
832 1.90868942056179
833 1.90005545865046
834 1.89138691998745
835 1.88273831175073
836 1.87416104277485
837 1.86570326636468
838 1.85740976326953
839 1.8493218595125
840 1.84147737294207
841 1.83391058344056
842 1.82665222386348
843 1.81972949053743
844 1.81316607285537
845 1.80698220151503
846 1.80119471467814
847 1.79581714101128
848 1.79085979830816
849 1.78632990622885
850 1.78223171162409
851 1.77856662492092
852 1.77533336609452
853 1.77252811880957
854 1.77014469136758
855 1.76817468314107
856 1.76660765521578
857 1.76543130400247
858 1.76463163662337
859 1.76419314692808
860 1.76409899104895
861 1.76433116146653
862 1.76487065862025
863 1.76569765916707
864 1.76679168005981
865 1.76813173768719
866 1.76969650138833
867 1.77146444072529
868 1.77341396596801
869 1.77552356131583
870 1.77777191044943
871 1.78013801407442
872 1.78260129918461
873 1.78514171983716
874 1.78773984929402
875 1.79037696344394
876 1.79303511547605
877 1.79569720183039
878 1.79834701950154
879 1.80096931481957
880 1.80354982387656
881 1.80607530480857
882 1.80853356217999
883 1.81091346375161
884 1.8132049499441
885 1.8153990363357
886 1.81748780955639
887 1.81946441696084
888 1.82132305047924
889 1.82305892505839
890 1.82466825211562
891 1.8261482084353
892 1.82749690094171
893 1.82871332778337
894 1.82979733616268
895 1.83074957734057
896 1.8315714592397
897 1.83226509706137
898 1.83283326232046
899 1.83327933069076
900 1.83360722903846
901 1.83382138200651
902 1.83392665849529
903 1.83392831836705
904 1.83383195968244
905 1.83364346675787
906 1.83336895931131
907 1.83301474294377
908 1.83258726118166
909 1.83209304928421
910 1.83153868999799
911 1.83093077141943
912 1.83027584710448
913 1.82958039854382
914 1.82885080010116
915 1.82809328649228
916 1.82731392286283
917 1.82651857750416
918 1.82571289722863
919 1.82490228540845
920 1.82409188266602
921 1.82328655018848
922 1.82249085562472
923 1.82170906150997
924 1.8209451161509
925 1.82020264689266
926 1.81948495567987
927 1.81879501681372
928 1.81813547680016
929 1.81750865617683
930 1.81691655320072
931 1.81636084927369
932 1.81584291597925
933 1.81536382360116
934 1.81492435099235
935 1.81452499666188
936 1.81416599094734
937 1.81384730914083
938 1.81356868543794
939 1.81332962758142
940 1.81312943207388
941 1.8129671998373
942 1.81284185220105
943 1.8127521471044
944 1.81269669540478
945 1.81267397718768
946 1.8126823579804
947 1.81272010477708
948 1.81278540178908
949 1.81287636584081
950 1.81299106133762
951 1.81312751473893
952 1.81328372847646
953 1.81345769426369
954 1.8136474057497
955 1.81385087047669
956 1.81406612110694
957 1.8142912258913
958 1.81452429835731
959 1.81476350620089
960 1.81500707937126
961 1.81525331734417
962 1.81550059558356
963 1.81574737119681
964 1.81599218779306
965 1.81623367955875
966 1.81647057456798
967 1.81670169734932
968 1.81692597073397
969 1.81714241701273
970 1.81735015843261
971 1.81754841706552
972 1.81773651408395
973 1.81791386848008
974 1.81807999526605
975 1.81823450319443
976 1.81837709203831
977 1.81850754947155
978 1.81862574758918
979 1.81873163910866
980 1.81882525329191
981 1.81890669162786
982 1.81897612331432
983 1.81903378057731
984 1.81907995386465
985 1.81911498694967
986 1.81913927197915
987 1.81915324449851
988 1.81915737848512
989 1.81915218141939
990 1.81913818942112
991 1.81911596247676
992 1.81908607978149
993 1.81904913521782
994 1.81900573299056
995 1.81895648343582
996 1.81890199902002
997 1.8188428905425
998 1.81877976355366
999 1.81871321499843
1000 1.81864383009309
1001 1.81857217944161
1002 1.81849881639582
1003 1.81842427466221
1004 1.81834906615621
1005 1.81827367910368
1006 1.8181985763875
1007 1.81812419413594
1008 1.81805094054835
1009 1.8179791949522
1010 1.8179093070848
1011 1.81784159659169
1012 1.81777635273315
1013 1.81771383428923
1014 1.81765426965318
1015 1.8175978571025
1016 1.81754476523639
1017 1.81749513356789
1018 1.817449073259
1019 1.81740666798625
1020 1.81736797492488
1021 1.817333025839
1022 1.81730182826548
1023 1.81727436677959
1024 1.81725060433005
1025 1.81723048363194
1026 1.81721392860588
1027 1.81720084585232
1028 1.8171911261502
1029 1.8171846459696
1030 1.81718126898865
1031 1.8171808476052
1032 1.8171832244345
1033 1.81718823378477
1034 1.8171957031027
1035 1.81720545438218
1036 1.81721730552941
1037 1.81723107167888
1038 1.81724656645469
1039 1.81726360317276
1040 1.81728199597987
1041 1.81730156092598
1042 1.81732211696722
1043 1.81734348689702
1044 1.81736549820386
1045 1.81738798385436
1046 1.81741078300106
1047 1.81743374161475
1048 1.81745671304154
1049 1.81747955848548
1050 1.81750214741785
1051 1.81752435791456
1052 1.81754607692356
1053 1.81756720046449
1054 1.81758763376296
1055 1.81760729132222
1056 1.81762609693516
1057 1.81764398363984
1058 1.81766089362185
1059 1.8176767780669
1060 1.81769159696739
1061 1.81770531888634
1062 1.81771792068273
1063 1.81772938720174
1064 1.81773971093371
1065 1.81774889164569
1066 1.81775693598907
1067 1.81776385708716
1068 1.81776967410605
1069 1.81777441181247
1070 1.81777810012187
1071 1.81778077363996
1072 1.81778247120089
1073 1.81778323540504
1074 1.81778311215906
1075 1.81778215022103
1076 1.81778040075307
1077 1.81777791688363
1078 1.81777475328173
1079 1.81777096574491
1080 1.81776661080276
1081 1.81776174533742
1082 1.81775642622254
1083 1.81775070998185
1084 1.81774465246823
1085 1.81773830856424
1086 1.81773173190471
1087 1.81772497462173
1088 1.81771808711261
1089 1.81771111783071
1090 1.81770411309936
1091 1.8176971169486
1092 1.81769017097454
1093 1.81768331422101
1094 1.8176765830829
1095 1.81767001123072
1096 1.81766362955553
1097 1.81765746613365
1098 1.81765154621017
1099 1.81764589220034
1100 1.81764052370791
1101 1.81763545755947
1102 1.81763070785347
1103 1.81762628602312
1104 1.81762220091184
1105 1.81761845886024
1106 1.81761506380339
1107 1.81761201737736
1108 1.81760931903373
1109 1.81760696616111
1110 1.81760495421247
1111 1.81760327683718
1112 1.8176019260168
1113 1.8176008922035
1114 1.81760016446025
1115 1.81759973060169
1116 1.81759957733498
1117 1.8175996903996
1118 1.81760005470546
1119 1.81760065446851
1120 1.81760147334316
1121 1.81760249455096
1122 1.81760370100484
1123 1.81760507542863
1124 1.81760660047104
1125 1.81760825881412
1126 1.81761003327554
1127 1.81761190690457
1128 1.81761386307142
1129 1.81761588554988
1130 1.81761795859305
1131 1.81762006700202
1132 1.81762219618765
1133 1.81762433222525
1134 1.81762646190239
1135 1.81762857275971
1136 1.81763065312519
1137 1.8176326921416
1138 1.8176346797878
1139 1.81763660689366
1140 1.81763846514921
1141 1.81764024710801
1142 1.81764194618522
1143 1.81764355665057
1144 1.81764507361656
1145 1.81764649302224
1146 1.81764781161293
1147 1.81764902691613
1148 1.81765013721408
1149 1.81765114151325
1150 1.81765203951113
1151 1.81765283156063
1152 1.81765351863254
1153 1.81765410227625
1154 1.81765458457909
1155 1.81765496812474
1156 1.81765525595079
1157 1.81765545150592
1158 1.81765555860698
1159 1.81765558139603
1160 1.81765552429795
1161 1.81765539197843
1162 1.81765518930297
1163 1.81765492129678
1164 1.81765459310594
1165 1.81765420995991
1166 1.81765377713559
1167 1.81765329992302
1168 1.8176527835929
1169 1.81765223336588
1170 1.81765165438395
1171 1.81765105168375
1172 1.81765043017199
1173 1.81764979460299
1174 1.81764914955835
1175 1.81764849942873
1176 1.81764784839779
1177 1.81764720042826
1178 1.81764655925004
1179 1.8176459283504
1180 1.81764531096611
1181 1.81764471007759
1182 1.8176441284048
1183 1.81764356840501
1184 1.81764303227225
1185 1.81764252193833
1186 1.81764203907547
1187 1.81764158510022
1188 1.81764116117883
1189 1.81764076823378
1190 1.81764040695139
1191 1.8176400777905
1192 1.817639780992
1193 1.81763951658921
1194 1.81763928441886
1195 1.81763908413275
1196 1.81763891520984
1197 1.8176387769687
1198 1.81763866858035
1199 1.81763858908116
1200 1.81763853738598
