1 2
2 2
3 2
4 2
5 2
6 2
7 2
8 2
9 2
10 2
11 2
12 2
13 2
14 2
15 2
16 2
17 2
18 2
19 2
20 2
21 2
22 2
23 2
24 2
25 2
26 2
27 2
28 2
29 2
30 2.25
31 2.262
32 2.286
33 2.31
34 2.334
35 2.358
36 2.382
37 2.406
38 2.43
39 2.454
40 2.476972083
41 2.498167618074
42 2.51779610292396
43 2.53593401307687
44 2.55263907227886
45 2.56795245869082
46 2.58190264762549
47 2.59450839576877
48 2.60578105710605
49 2.61572637870405
50 2.62435011818214
51 2.63166507319618
52 2.63769174013641
53 2.64245610229864
54 2.6459885416744
55 2.6483230495421
56 2.64949667521228
57 2.64954914203595
58 2.64852257999092
59 2.64646133851691
60 2.64341183637395
61 2.63942239399685
62 2.6345430254639
63 2.62882520549476
64 2.62232162821695
65 2.61508596566154
66 2.6071726307065
67 2.59863654690916
68 2.58953292626223
69 2.57991705506978
70 2.56984408774552
71 2.55936884837505
72 2.54854564018869
73 2.53742806334461
74 2.52606884150107
75 2.51451965763266
76 2.50283099948034
77 2.49105201494614
78 2.47923037766528
79 2.46741216291867
80 2.45564173398994
81 2.44396163902206
82 2.43241251838608
83 2.42103302253503
84 2.40985974027796
85 2.39892713737192
86 2.38826750529397
87 2.3779109200205
88 2.36788521060903
89 2.35821593734658
90 2.34892637920083
91 2.34003753028384
92 2.33156810501435
93 2.32353455164297
94 2.31595107378502
95 2.30882965958819
96 2.3021801181472
97 2.29601012276379
98 2.2903252606397
99 2.28512908858069
100 2.28042319428237
101 2.27620726276336
102 2.27247914750764
103 2.26923494587631
104 2.26646907834883
105 2.26417437115562
106 2.26234214186714
107 2.26096228750927
108 2.26002337478115
109 2.25951273195923
110 2.25941654208019
111 2.2597199370054
112 2.26040709198116
113 2.26146132032077
114 2.26286516784818
115 2.26460050675681
116 2.26664862855218
117 2.26899033576243
118 2.27160603211735
119 2.27447581091289
120 2.27757954129565
121 2.2808969522193
122 2.28440771384274
123 2.28809151615786
124 2.29192814465305
125 2.29589755283689
126 2.29997993146449
127 2.30415577432746
128 2.30840594048631
129 2.31271171284186
130 2.31705485296009
131 2.32141765208179
132 2.32578297826539
133 2.33013431962774
134 2.33445582366369
135 2.33873233264055
136 2.3429494150787
137 2.34709339334364
138 2.3511513673887
139 2.35511123470049
140 2.3589617065117
141 2.36269232035738
142 2.36629344906183
143 2.36975630625356
144 2.37307294851507
145 2.37623627428306
146 2.37924001962264
147 2.38207875100635
148 2.38474785523505
149 2.38724352664388
150 2.38956275174092
151 2.3917032914309
152 2.39366366097937
153 2.39544310787585
154 2.39704158775643
155 2.39845973854757
156 2.39969885299392
157 2.40076084973264
158 2.40164824307664
159 2.40236411166771
160 2.40291206615901
161 2.40329621608416
162 2.4035211360674
163 2.40359183152616
164 2.40351370401364
165 2.40329251634511
166 2.40293435764682
167 2.40244560846211
168 2.40183290604362
169 2.40110310995539
170 2.40026326810295
171 2.39932058330321
172 2.39828238050028
173 2.39715607472669
174 2.39594913990304
175 2.39466907856284
176 2.39332339258215
177 2.39191955498748
178 2.39046498290802
179 2.38896701173225
180 2.38743287052153
181 2.38586965872724
182 2.38428432425097
183 2.3826836428809
184 2.38107419913136
185 2.37946236850578
186 2.3778543011977
187 2.37625590723809
188 2.37467284309182
189 2.37311049970046
190 2.37157399196308
191 2.37006814964194
192 2.36859750967486
193 2.36716630987138
194 2.36577848396582
195 2.36443765799569
196 2.36314714797057
197 2.36190995879276
198 2.36072878438768
199 2.35960600899924
200 2.35854370960227
201 2.35754365938208
202 2.3566073322288
203 2.35573590819223
204 2.35493027984146
205 2.35419105947207
206 2.35351858710264
207 2.35291293920155
208 2.35237393808431
209 2.35190116192148
210 2.35149395529718
211 2.35115144025808
212 2.35087252779343
213 2.35065592968705
214 2.35050017068303
215 2.35040360090789
216 2.35036440849296
217 2.35038063234233
218 2.35045017499276
219 2.35057081551402
220 2.35074022239949
221 2.35095596639898
222 2.35121553324764
223 2.3515163362468
224 2.351855728655
225 2.35223101584945
226 2.35263946722069
227 2.35307832776556
228 2.35354482934578
229 2.35403620158231
230 2.35454968235774
231 2.35508252790168
232 2.35563202243652
233 2.35619548736343
234 2.35677028997095
235 2.35735385165102
236 2.35794365560949
237 2.35853725406088
238 2.35913227489914
239 2.35972642783862
240 2.36031751002166
241 2.36090341109125
242 2.36148211772933
243 2.36205171766344
244 2.36261040314593
245 2.36315647391226
246 2.36368833962635
247 2.3642045218225
248 2.36470365535525
249 2.36518448936972
250 2.36564588780641
251 2.36608682945569
252 2.36650640757829
253 2.36690382910921
254 2.36727841346329
255 2.36762959096167
256 2.36795690089886
257 2.36825998927104
258 2.36853860618643
259 2.36879260297931
260 2.3690219290493
261 2.36922662844796
262 2.36940683623487
263 2.36956277462521
264 2.36969474895121
265 2.36980314345927
266 2.36988841696483
267 2.36995109838635
268 2.36999178217978
269 2.3700111236943
270 2.37000983446968
271 2.3699886774951
272 2.36994846244872
273 2.36989004093654
274 2.36981430174854
275 2.3697221661493
276 2.36961458321951
277 2.36949252526407
278 2.36935698330159
279 2.36920896264918
280 2.36904947861585
281 2.36887955231646
282 2.36870020661769
283 2.36851246222648
284 2.36831733393022
285 2.36811582699743
286 2.36790893374654
287 2.3676976302894
288 2.36748287345546
289 2.3672655979015
290 2.36704671341097
291 2.3668271023861
292 2.36660761753523
293 2.36638907975669
294 2.36617227622025
295 2.36595795864578
296 2.36574684177858
297 2.36553960205981
298 2.36533687648985
299 2.36513926168173
300 2.36494731310129
301 2.36476154449004
302 2.36458242746613
303 2.36441039129844
304 2.36424582284825
305 2.36408906667254
306 2.36394042528267
307 2.36380015955164
308 2.36366848926299
309 2.36354559379413
310 2.36343161292652
311 2.36332664777495
312 2.36323076182817
313 2.36314398209279
314 2.36306630033234
315 2.36299767439336
316 2.36293802961035
317 2.36288726028133
318 2.36284523120598
319 2.36281177927813
320 2.36278671512476
321 2.36276982478351
322 2.36276087141108
323 2.36275959701486
324 2.3627657242005
325 2.36277895792824
326 2.36279898727109
327 2.36282548716807
328 2.36285812016628
329 2.36289653814548
330 2.36294038401952
331 2.36298929340886
332 2.3630428962791
333 2.36310081854062
334 2.36316268360458
335 2.36322811389127
336 2.36329673228662
337 2.36336816354356
338 2.3634420356248
339 2.36351798098414
340 2.36359563778395
341 2.36367465104627
342 2.36375467373593
343 2.36383536777395
344 2.36391640497998
345 2.36399746794295
346 2.36407825081916
347 2.36415846005753
348 2.36423781505205
349 2.36431604872141
350 2.36439290801664
351 2.36446815435716
352 2.36454156399648
353 2.36461292831864
354 2.36468205406685
355 2.36474876350594
356 2.36481289452048
357 2.36487430065055
358 2.36493285106729
359 2.36498843049057
360 2.36504093905121
361 2.36509029210026
362 2.36513641996811
363 2.36517926767605
364 2.36521879460317
365 2.36525497411159
366 2.36528779313274
367 2.3653172517179
368 2.36534336255587
369 2.36536615046083
370 2.36538565183343
371 2.36540191409812
372 2.36541499511963
373 2.3654249626017
374 2.36543189347085
375 2.36543587324813
376 2.3654369954116
377 2.36543536075238
378 2.36543107672676
379 2.36542425680711
380 2.36541501983402
381 2.36540348937205
382 2.36538979307132
383 2.36537406203734
384 2.36535643021082
385 2.36533703375975
386 2.36531601048541
387 2.36529349924398
388 2.36526963938556
389 2.36524457021188
390 2.36521843045412
391 2.36519135777205
392 2.3651634882757
393 2.36513495607029
394 2.36510589282557
395 2.36507642737002
396 2.36504668531074
397 2.36501678867939
398 2.36498685560458
399 2.36495700001097
400 2.11495700001097
401 2.09092762299498
402 2.04289863740506
403 1.99487013787878
404 1.94684221374778
405 1.89881494889672
406 1.85078842164794
407 1.80276270467131
408 1.75473786491857
409 1.70671396358167
410 1.65971885108658
411 1.61455046502647
412 1.57113163814177
413 1.52953536816174
414 1.4898261473816
415 1.45206552691023
416 1.41631221193951
417 1.38262216309883
418 1.35104870122564
419 1.32164261353742
420 1.29444803374555
421 1.26949639133763
422 1.24680600499845
423 1.22638411812937
424 1.20822788182088
425 1.2
426 1.2
427 1.2
428 1.2
429 1.2
430 1.2
431 1.2
432 1.2
433 1.20077564671437
434 1.20337176482656
435 1.20768089414796
436 1.21354557825312
437 1.22080772755408
438 1.22933649696595
439 1.23902124900336
440 1.24976751347237
441 1.2614938193994
442 1.27412920740924
443 1.28760808390761
444 1.30186221343333
445 1.31681807997045
446 1.33239899879514
447 1.34852679486341
448 1.36512305642855
449 1.38210998922137
450 1.39941099490096
451 1.4169510522156
452 1.43465695829554
453 1.45245748480461
454 1.47028351445382
455 1.48806819893701
456 1.50574713318113
457 1.52325852795847
458 1.54054337031842
459 1.55754556619448
460 1.57421206292786
461 1.59049295146461
462 1.60634154915364
463 1.62171446463423
464 1.63657164632777
465 1.65087641569617
466 1.66459548604173
467 1.67769896741304
468 1.69016035812058
469 1.70195652337789
470 1.71306766162547
471 1.72347725914129
472 1.73317203358017
473 1.74214186711117
474 1.75037972983619
475 1.75788159417874
476 1.76464634093251
477 1.77067565765816
478 1.77597393011495
479 1.78054812741026
480 1.784407681546
481 1.7875643620347
482 1.79003214625034
483 1.79182708616909
484 1.79296717214322
485 1.79347219433798
486 1.79336360244551
487 1.79266436427305
488 1.79139882378391
489 1.78959255914993
490 1.78727224135276
491 1.78446549384915
492 1.78120075379182
493 1.77750713527338
494 1.77341429503545
495 1.76895230105951
496 1.76415150442935
497 1.75904241482841
498 1.75365558000797
499 1.74802146953448
500 1.74217036309728
501 1.73613224362973
502 1.72993669546976
503 1.72361280775813
504 1.71718908324598
505 1.71069335265609
506 1.7041526947165
507 1.69759336195893
508 1.69104071234973
509 1.68451914679631
510 1.67805205254835
511 1.67166175249046
512 1.66536946030043
513 1.65919524142645
514 1.65315797981639
515 1.64727535031284
516 1.64156379660985
517 1.6360385146498
518 1.63071344132307
519 1.62560124831819
520 1.62071334095643
521 1.61605986183199
522 1.61164969906763
523 1.60749049898508
524 1.60358868298035
525 1.59994946838602
526 1.59657689309545
527 1.5934738437182
528 1.59064208703093
529 1.58808230448439
530 1.58579412952444
531 1.58377618748335
532 1.58202613779686
533 1.58054071830275
534 1.57931579137785
535 1.57834639167236
536 1.57762677520331
537 1.57715046957248
538 1.57691032507867
539 1.57689856649914
540 1.57710684532093
541 1.577526292209
542 1.57814756950525
543 1.57896092355971
544 1.57995623670331
545 1.58112307867994
546 1.58245075736414
547 1.58392836859998
548 1.58554484500594
549 1.58728900360025
550 1.58914959211086
551 1.59111533384425
552 1.59317497099722
553 1.59531730630601
554 1.5975312429372
555 1.59980582253495
556 1.6021302613492
557 1.60449398437956
558 1.60688665747922
559 1.60929821737327
560 1.61171889955507
561 1.61413926403375
562 1.61655021891492
563 1.6189430418056
564 1.62130939904274
565 1.62364136275308
566 1.62593142575976
567 1.62817251435881
568 1.63035799899579
569 1.63248170287943
570 1.6345379085759
571 1.63652136263289
572 1.6384272782887
573 1.64025133632643
574 1.64198968413816
575 1.64363893306858
576 1.64519615411117
577 1.64665887203367
578 1.64802505801266
579 1.64929312085986
580 1.65046189692463
581 1.65153063875959
582 1.6524990026373
583 1.65336703500712
584 1.65413515798228
585 1.65480415394729
586 1.6553751493759
587 1.65584959794957
588 1.65622926306557
589 1.65651619982294
590 1.65671273657329
591 1.65682145612184
592 1.65684517666214
593 1.65678693252614
594 1.65664995482865
595 1.65643765208297
596 1.65615359086157
597 1.65580147657302
598 1.65538513442308
599 1.65490849062488
600 1.65437555391968
601 1.65379039746624
602 1.65315714115353
603 1.65247993438756
604 1.65176293939979
605 1.65101031512067
606 1.65022620165824
607 1.64941470541781
608 1.64857988489539
609 1.64772573717321
610 1.64685618514264
611 1.64597506547558
612 1.64508611736225
613 1.64419297202946
614 1.64329914305015
615 1.64240801745153
616 1.64152284762601
617 1.64064674404572
618 1.6397826687786
619 1.63893342980089
620 1.63810167609827
621 1.63728989354497
622 1.63650040154785
623 1.63573535043989
624 1.63499671960543
625 1.63428631631728
626 1.63360577526387
627 1.63295655874296
628 1.63233995749663
629 1.6317570921608
630 1.63120891530135
631 1.63069621400754
632 1.63021961301251
633 1.62977957830983
634 1.62937642123408
635 1.62901030297337
636 1.62868123948058
637 1.62838910675053
638 1.62813364642955
639 1.62791447172428
640 1.6277310735764
641 1.62758282707031
642 1.62746899804113
643 1.62738874985079
644 1.62734115030048
645 1.62732517864856
646 1.62733973270364
647 1.62738363596321
648 1.62745564476964
649 1.62755445545564
650 1.62767871145289
651 1.6278270103385
652 1.62799791079484
653 1.62818993946004
654 1.62840159764722
655 1.62863136791203
656 1.62887772044944
657 1.62913911930192
658 1.62941402836265
659 1.62970091715869
660 1.62999826640035
661 1.63030457328473
662 1.6306183565422
663 1.63093816121651
664 1.63126256317029
665 1.63159017330902
666 1.63191964151799
667 1.63224966030795
668 1.63257896816654
669 1.6329063526135
670 1.63323065295936
671 1.63355076276775
672 1.63386563202337
673 1.63417426900792
674 1.6344757418879
675 1.63476918001884
676 1.63505377497138
677 1.63532878128571
678 1.63559351696137
679 1.63584736369047
680 1.63608976684267
681 1.63632023521125
682 1.63653834052999
683 1.63674371677101
684 1.63693605923435
685 1.63711512344036
686 1.63728072383623
687 1.63743273232847
688 1.63757107665321
689 1.63769573859631
690 1.63780675207567
691 1.63790420109794
692 1.63798821760183
693 1.63805897920046
694 1.6381167068349
695 1.6381616623509
696 1.63819414601088
697 1.63821449395282
698 1.63822307560761
699 1.63822029108609
700 1.6382065685467
701 1.63818236155436
702 1.63814814644091
703 1.63810441967684
704 1.63805169526387
705 1.63799050215748
706 1.63792138172782
707 1.63784488526728
708 1.63776157155233
709 1.63767200446681
710 1.63757675069331
711 1.63747637747894
712 1.63737145048099
713 1.63726253169781
714 1.63715017748943
715 1.6370349366922
716 1.6369173488309
717 1.63679794243171
718 1.63667723343842
719 1.63655572373427
720 1.63643389977088
721 1.63631223130575
722 1.6361911702488
723 1.63607114961853
724 1.63595258260753
725 1.63583586175698
726 1.63572135823904
727 1.63560942124611
728 1.6355003774851
729 1.63539453077495
730 1.63529216174496
731 1.63519352763145
732 1.63509886216989
733 1.63500837557936
734 1.63492225463608
735 1.63484066283233
736 1.63476374061722
737 1.63469160571515
738 1.63462435351816
739 1.63456205754781
740 1.6345047699823
741 1.6344525222446
742 1.63440532564693
743 1.63436317208727
744 1.63432603479325
745 1.63429386910899
746 1.63426661332018
747 1.63424418951313
748 1.63422650446305
749 1.63421345054744
750 1.63420490667986
751 1.63420073926024
752 1.63420080313717
753 1.63420494257835
754 1.63421299224518
755 1.63422477816765
756 1.63424011871586
757 1.63425882556465
758 1.634280704648
759 1.63430555709992
760 1.63433318017878
761 1.63436336817237
762 1.63439591328071
763 1.63443060647443
764 1.63446723832612
765 1.63450559981265
766 1.63454548308653
767 1.63458668221448
768 1.6346289938816
769 1.63467221805992
770 1.63471615863993
771 1.6347606240242
772 1.63480542768226
773 1.63485038866591
774 1.63489533208473
775 1.63494008954125
776 1.63498449952573
777 1.63502840777053
778 1.63507166756421
779 1.63511414002569
780 1.63515569433882
781 1.63519620794809
782 1.635235566716
783 1.63527366504302
784 1.63531040595101
785 1.63534570113118
786 1.63537947095764
787 1.63541164446783
788 1.63544215931104
789 1.63547096166649
790 1.63549800613225
791 1.63552325558672
792 1.63554668102388
793 1.63556826136419
794 1.6355879832426
795 1.63560584077533
796 1.63562183530706
797 1.63563597514023
798 1.63564827524818
799 1.63565875697363
800 1.76766744771437
801 1.77367438059771
802 1.78567959414529
803 1.79768313193002
804 1.80968504222651
805 1.82168537765675
806 1.83368419483243
807 1.84568155399537
808 1.85767751865756
809 1.8696721552421
810 1.88112279255039
811 1.89163560615233
812 1.90132498675322
813 1.91023557140303
814 1.91840133449392
815 1.92584696984044
816 1.9325900295612
817 1.93864258581095
818 1.94401252105102
819 1.94870452917283
820 1.95272312315143
821 1.95607637372396
822 1.95877626398329
823 1.96083751636178
824 1.96227701488569
825 1.96311339002424
826 1.96336673187416
827 1.96305839317298
828 1.96221085463908
829 1.96084763296679
830 1.95899320833979
831 1.95667294250385
832 1.9539129753035
833 1.95074010792054
834 1.94718168175736
835 1.94326545722012
836 1.9390194949038
837 1.93447204045927
838 1.92965141366921
839 1.92458590181454
840 1.91930365720467
841 1.91383259876799
842 1.90820031776239
843 1.90243398780094
844 1.89656027943055
845 1.89060527948893
846 1.88459441543091
847 1.87855238477382
848 1.87250308977062
849 1.86646957738342
850 1.8604739845994
851 1.85453748910647
852 1.84868026532401
853 1.84292144576455
854 1.83727908768286
855 1.83177014495037
856 1.82641044507503
857 1.82121467126928
858 1.81619634945289
859 1.81136784006199
860 1.80674033452194
861 1.80232385622867
862 1.79812726587151
863 1.79415827092013
864 1.79042343908863
865 1.78692821558156
866 1.78367694391942
867 1.78067289013502
868 1.77791827012668
869 1.77541427995049
870 1.77316112883026
871 1.77115807466196
872 1.76940346178786
873 1.76789476081555
874 1.7666286102572
875 1.76560085976601
876 1.76480661474885
877 1.76424028213699
878 1.76389561710038
879 1.76376577049549
880 1.76384333684121
881 1.76412040262335
882 1.76458859473404
883 1.76523912885883
884 1.76606285763185
885 1.76705031838618
886 1.76819178033498
887 1.76947729102689
888 1.77089672192761
889 1.7724398129884
890 1.77409621607126
891 1.7758555371093
892 1.77770737689039
893 1.77964137036131
894 1.78164722435885
895 1.78371475368389
896 1.78583391544358
897 1.78799484159624
898 1.79018786964249
899 1.7924035714154
900 1.79463277993124
901 1.79686661427102
902 1.79909650247175
903 1.80131420241438
904 1.80351182070341
905 1.80568182954118
906 1.80781708160682
907 1.80991082295739
908 1.81195670397535
909 1.81394878839286
910 1.81588156042984
911 1.81774993008808
912 1.81954923664931
913 1.8212752504302
914 1.82292417285147
915 1.82449263488311
916 1.82597769393101
917 1.82737682923411
918 1.82868793584404
919 1.82990931726204
920 1.8310396768102
921 1.83207810781593
922 1.83302408269024
923 1.83387744098156
924 1.83463837648763
925 1.83530742350864
926 1.83588544232476
927 1.83637360398132
928 1.8367733744642
929 1.8370864983474
930 1.83731498199373
931 1.83746107638815
932 1.83752725968189
933 1.83751621952362
934 1.83743083525192
935 1.83727416002116
936 1.83704940293049
937 1.83675991122294
938 1.83640915261917
939 1.83600069784717
940 1.8355382034266
941 1.83502539476308
942 1.8344660496046
943 1.83386398190904
944 1.83322302616832
945 1.83254702223135
946 1.83183980066462
947 1.8311051686856
948 1.83034689670094
949 1.82956870547778
950 1.82877425397322
951 1.82796712784351
952 1.82715082865121
953 1.82632876378523
954 1.82550423710556
955 1.82468044032116
956 1.82386044510645
957 1.82304719595913
958 1.82224350379867
959 1.82145204030252
960 1.82067533297418
961 1.81991576093477
962 1.81917555142735
963 1.81845677702095
964 1.81776135349912
965 1.8170910384158
966 1.81644743029932
967 1.81583196848389
968 1.81524593354597
969 1.81469044832178
970 1.81416647948066
971 1.81367483962808
972 1.81321618991075
973 1.8127910430957
974 1.81239976709437
975 1.81204258890188
976 1.81171959892174
977 1.81143075564525
978 1.81117589065516
979 1.81095471392277
980 1.81076681936777
981 1.81061169065032
982 1.81048870716493
983 1.81039715020623
984 1.81033620927727
985 1.81030498851104
986 1.81030251317733
987 1.81032773624694
988 1.81037954498665
989 1.81045676755901
990 1.81055817960184
991 1.81068251076355
992 1.81082845117122
993 1.81099465780974
994 1.81117976079108
995 1.81138236949429
996 1.81160107855788
997 1.81183447370739
998 1.81208113740237
999 1.81233965428806
1000 1.81260861643862
1001 1.81288662837962
1002 1.81317231187924
1003 1.81346431049844
1004 1.81376129389208
1005 1.81406196185367
1006 1.81436504809833
1007 1.81466932377894
1008 1.81497360073242
1009 1.81527673445361
1010 1.81557762679571
1011 1.81587522839703
1012 1.81616854083522
1013 1.81645661851058
1014 1.81673857026158
1015 1.81701356071624
1016 1.817280811384
1017 1.81753960149352
1018 1.81778926858261
1019 1.81802920884715
1020 1.81825887725658
1021 1.81847778744408
1022 1.81868551138012
1023 1.81888167883859
1024 1.81906597666517
1025 1.81923814785786
1026 1.8193979904702
1027 1.81954535634758
1028 1.81968014970778
1029 1.81980232557665
1030 1.81991188809014
1031 1.82000888867406
1032 1.82009342411284
1033 1.82016563451867
1034 1.82022570121228
1035 1.82027384452659
1036 1.82031032154443
1037 1.82033542378104
1038 1.82034947482229
1039 1.82035282792909
1040 1.8203458636182
1041 1.82032898722937
1042 1.82030262648858
1043 1.82026722907664
1044 1.82022326021201
1045 1.82017120025656
1046 1.82011154235231
1047 1.82004479009693
1048 1.81997145526544
1049 1.81989205558471
1050 1.81980711256751
1051 1.81971714941183
1052 1.81962268897107
1053 1.81952425180014
1054 1.81942235428198
1055 1.81931750683866
1056 1.81921021223056
1057 1.81910096394699
1058 1.81899024469068
1059 1.81887852495866
1060 1.81876626172113
1061 1.81865389719974
1062 1.81854185774632
1063 1.81843055282243
1064 1.81832037407993
1065 1.81821169454242
1066 1.81810486788673
1067 1.81800022782359
1068 1.81789808757621
1069 1.81779873945506
1070 1.8177024545269
1071 1.81760948237588
1072 1.8175200509543
1073 1.8174343665201
1074 1.81735261365831
1075 1.81727495538327
1076 1.81720153331809
1077 1.81713246794813
1078 1.81706785894457
1079 1.8170077855544
1080 1.81695230705291
1081 1.81690146325466
1082 1.81685527507887
1083 1.81681374516513
1084 1.81677685853516
1085 1.81674458329664
1086 1.81671687138465
1087 1.81669365933683
1088 1.81667486909785
1089 1.8166604088493
1090 1.81665017386079
1091 1.81664404735836
1092 1.81664190140625
1093 1.81664359779832
1094 1.81664898895525
1095 1.81665791882409
1096 1.81667022377657
1097 1.816685733503
1098 1.81670427189827
1099 1.81672565793728
1100 1.81674970653657
1101 1.81677622939963
1102 1.81680503584318
1103 1.81683593360208
1104 1.81686872961066
1105 1.81690323075825
1106 1.81693924461718
1107 1.81697658014149
1108 1.81701504833467
1109 1.81705446288524
1110 1.81709464076884
1111 1.8171354028158
1112 1.81717657424344
1113 1.81721798515222
1114 1.81725947098533
1115 1.81730087295132
1116 1.81734203840945
1117 1.81738282121778
1118 1.81742308204409
1119 1.8174626886396
1120 1.81750151607618
1121 1.81753944694714
1122 1.81757637153247
1123 1.81761218792906
1124 1.81764680214667
1125 1.81768012817073
1126 1.81771208799274
1127 1.81774261160947
1128 1.81777163699209
1129 1.81779911002643
1130 1.81782498442566
1131 1.81784922161674
1132 1.81787179060207
1133 1.81789266779767
1134 1.81791183684942
1135 1.81792928842897
1136 1.81794502001055
1137 1.81795903563055
1138 1.81797134563118
1139 1.81798196638981
1140 1.81799092003564
1141 1.81799823415507
1142 1.81800394148738
1143 1.8180080796123
1144 1.8180106906307
1145 1.81801182084015
1146 1.81801152040656
1147 1.81800984303332
1148 1.81800684562932
1149 1.81800258797711
1150 1.81799713240245
1151 1.81799054344641
1152 1.81798288754122
1153 1.81797423269091
1154 1.81796464815776
1155 1.81795420415555
1156 1.8179429715505
1157 1.81793102157079
1158 1.81791842552527
1159 1.81790525453237
1160 1.81789157925955
1161 1.81787746967412
1162 1.81786299480574
1163 1.8178482225213
1164 1.81783321931238
1165 1.81781805009566
1166 1.81780277802665
1167 1.81778746432689
1168 1.81777216812472
1169 1.8177569463098
1170 1.81774185340143
1171 1.81772694143058
1172 1.81771225983563
1173 1.81769785537169
1174 1.81768377203338
1175 1.81767005099074
1176 1.81765673053821
1177 1.8176438460563
1178 1.81763142998553
1179 1.8176195118125
1180 1.81760811806752
1181 1.81759727233348
1182 1.8175869952654
1183 1.81757730462044
1184 1.81756821529748
1185 1.81755973938622
1186 1.81755188622488
1187 1.81754466246621
1188 1.81753807215116
1189 1.81753211678965
1190 1.81752679544787
1191 1.81752210484167
1192 1.8175180394352
1193 1.81751459154456
1194 1.81751175144554
1195 1.81750950748528
1196 1.81750784619688
1197 1.81750675241677
1198 1.81750620940408
1199 1.81750619896157
1200 1.81750670155757
