1 2
2 2
3 2
4 2
5 2
6 2
7 2
8 2
9 2
10 2
11 2
12 2
13 2
14 2
15 2
16 2
17 2
18 2
19 2
20 2
21 2
22 2
23 2
24 2
25 2
26 2
27 2
28 2
29 2
30 2.25
31 2.269
32 2.288
33 2.307
34 2.326
35 2.345
36 2.364
37 2.383
38 2.402
39 2.421
40 2.4384834330625
41 2.45329827711087
42 2.4658153691552
43 2.47632358455897
44 2.48504795422721
45 2.49216377697885
46 2.49780761237556
47 2.502085843588
48 2.50508134744692
49 2.50685869008906
50 2.50747737401831
51 2.50700826841051
52 2.5055351659297
53 2.50314813312666
54 2.49993916880802
55 2.49599947495582
56 2.49141783944799
57 2.4862797724172
58 2.48066714210305
59 2.47465813158443
60 2.46832733652773
61 2.4617458003618
62 2.45498090107866
63 2.44809615426543
64 2.44115101373034
65 2.43420071063861
66 2.42729614742704
67 2.42048384849172
68 2.41380596203377
69 2.40730030400081
70 2.40100043444832
71 2.39493575839053
72 2.38913164620781
73 2.38360957109109
74 2.37838726203544
75 2.37347887100388
76 2.36889515264358
77 2.36464365464965
78 2.36072891667136
79 2.35715267558482
80 2.35391407501068
81 2.35100987709781
82 2.34843467477944
83 2.34618110289432
84 2.34424004673385
85 2.34260084672336
86 2.3412514980782
87 2.34017884439853
88 2.33936876428625
89 2.33880635018517
90 2.33847607876195
91 2.33836197225996
92 2.33844775036864
93 2.3387169722573
94 2.33915316852189
95 2.33973996288708
96 2.34046118359313
97 2.34130096447699
98 2.34224383583154
99 2.34327480519358
100 2.34437942827267
101 2.34554387028724
102 2.34675495802303
103 2.34800022297109
104 2.34926793593905
105 2.35054713356011
106 2.35182763714904
107 2.3531000643749
108 2.35435583423446
109 2.35558716582106
110 2.35678707138922
111 2.3579493442169
112 2.35906854176571
113 2.36013996463332
114 2.36115963178412
115 2.36212425253243
116 2.36303119573855
117 2.36387845666183
118 2.36466462189667
119 2.36538883279746
120 2.36605074777736
121 2.36665050384356
122 2.36718867770828
123 2.36766624679116
124 2.36808455040443
125 2.36844525138777
126 2.36875029843546
127 2.36900188933419
128 2.36920243530591
129 2.3693545266268
130 2.36946089967058
131 2.36952440550227
132 2.3695479801275
133 2.36953461648172
134 2.3694873382249
135 2.36940917538851
136 2.36930314190484
137 2.36917221503245
138 2.36901931667672
139 2.36884729659102
140 2.36865891743115
141 2.36845684162487
142 2.36824362000783
143 2.36802168216851
144 2.36779332843672
145 2.36756072344375
146 2.36732589117624
147 2.36709071144149
148 2.3668569176579
149 2.36662609588179
150 2.36639968497961
151 2.36617897785369
152 2.36596512362913
153 2.3657591307099
154 2.36556187061316
155 2.36537408249234
156 2.3651963782617
157 2.36502924823751
158 2.36487306721409
159 2.3647281008962
160 2.36459451261294
161 2.36447237024213
162 2.36436165327842
163 2.36426225998233
164 2.36417401455213
165 2.3640966742647
166 2.36402993653599
167 2.36397344585641
168 2.36392680056058
169 2.3638895593956
170 2.36386124785619
171 2.36384136425913
172 2.36382938553368
173 2.3638247727085
174 2.36382697607921
175 2.3638354400446
176 2.36384960760252
177 2.36386892449983
178 2.3638928430338
179 2.36392082550485
180 2.36395234732344
181 2.36398689977567
182 2.36402399245489
183 2.36406315536784
184 2.3641039407261
185 2.36414592443454
186 2.3641887072902
187 2.3642319159056
188 2.36427520337183
189 2.36431824967713
190 2.36436076189722
191 2.36440247417423
192 2.36444314750096
193 2.36448256932759
194 2.36452055300768
195 2.36455693710022
196 2.36459158454418
197 2.36462438172166
198 2.36465523742528
199 2.36468408174479
200 2.36471086488749
201 2.36473555594616
202 2.36475814162767
203 2.36477862495448
204 2.36479702395076
205 2.36481337032375
206 2.36482770815029
207 2.36484009257778
208 2.36485058854763
209 2.3648592695489
210 2.36486621640856
211 2.36487151612446
212 2.36487526074584
213 2.36487754630603
214 2.36487847181063
215 2.36487813828438
216 2.36487664787883
217 2.36487410304247
218 2.36487060575448
219 2.36486625682254
220 2.36486115524477
221 2.36485539763525
222 2.36484907771238
223 2.36484228584874
224 2.36483510868087
225 2.36482762877697
226 2.36481992436053
227 2.36481206908721
228 2.36480413187264
229 2.36479617676814
230 2.36478826288156
231 2.36478044434024
232 2.36477277029306
233 2.36476528494833
234 2.36475802764457
235 2.36475103295098
236 2.36474433079449
237 2.3647379466105
238 2.36473190151412
239 2.36472621248929
240 2.3647208925928
241 2.36471595117066
242 2.36471139408421
243 2.36470722394365
244 2.36470344034657
245 2.36470004011946
246 2.36469701756022
247 2.36469436467977
248 2.36469207144106
249 2.36469012599411
250 2.36468851490547
251 2.36468722338106
252 2.36468623548118
253 2.36468553432684
254 2.36468510229653
255 2.36468492121278
256 2.36468497251805
257 2.36468523743933
258 2.36468569714137
259 2.36468633286814
260 2.3646871260726
261 2.36468805853463
262 2.36468911246719
263 2.36469027061108
264 2.36469151631823
265 2.36469283362402
266 2.36469420730893
267 2.36469562294988
268 2.36469706696171
269 2.36469852662937
270 2.36469999013119
271 2.36470144655381
272 2.36470288589944
273 2.36470429908581
274 2.3647056779395
275 2.3647070151833
276 2.3647083044179
277 2.36470954009887
278 2.36471071750908
279 2.36471183272743
280 2.36471288259422
281 2.3647138646738
282 2.36471477721483
283 2.36471561910884
284 2.36471638984731
285 2.36471708947792
286 2.36471771856005
287 2.36471827812032
288 2.36471876960804
289 2.3647191948513
290 2.36471955601369
291 2.36471985555204
292 2.3647200961754
293 2.36472028080542
294 2.36472041253833
295 2.36472049460864
296 2.3647205303548
297 2.36472052318669
298 2.36472047655531
299 2.36472039392444
300 2.36472027874456
301 2.36472013442886
302 2.36471996433147
303 2.36471977172779
304 2.36471955979701
305 2.36471933160663
306 2.36471909009913
307 2.36471883808049
308 2.36471857821066
309 2.36471831299587
310 2.36471804478258
311 2.36471777575319
312 2.36471750792313
313 2.36471724313955
314 2.36471698308119
315 2.36471672925958
316 2.36471648302132
317 2.36471624555137
318 2.36471601787726
319 2.36471580087413
320 2.36471559527041
321 2.36471540165419
322 2.36471522048008
323 2.36471505207646
324 2.36471489665308
325 2.364714754309
326 2.36471462504057
327 2.36471450874963
328 2.36471440525169
329 2.36471431428411
330 2.36471423551419
331 2.36471416854714
332 2.36471411293386
333 2.36471406817847
334 2.36471403374566
335 2.36471400906764
336 2.36471399355087
337 2.36471398658239
338 2.3647139875358
339 2.36471399577685
340 2.3647140106687
341 2.3647140315767
342 2.36471405787286
343 2.36471408893985
344 2.36471412417461
345 2.36471416299165
346 2.36471420482585
347 2.364714249135
348 2.36471429540184
349 2.36471434313591
350 2.36471439187495
351 2.364714441186
352 2.36471449066626
353 2.36471453994359
354 2.3647145886768
355 2.36471463655566
356 2.3647146833007
357 2.36471472866282
358 2.36471477242264
359 2.3647148143898
360 2.364714854402
361 2.36471489232397
362 2.36471492804631
363 2.36471496148422
364 2.3647149925762
365 2.3647150212826
366 2.36471504758423
367 2.36471507148085
368 2.36471509298967
369 2.36471511214386
370 2.36471512899101
371 2.3647151435917
372 2.36471515601799
373 2.36471516635198
374 2.36471517468446
375 2.36471518111353
376 2.36471518574332
377 2.36471518868278
378 2.36471519004446
379 2.36471518994344
380 2.36471518849632
381 2.36471518582018
382 2.36471518203177
383 2.36471517724666
384 2.36471517157847
385 2.36471516513825
386 2.36471515803383
387 2.36471515036934
388 2.36471514224471
389 2.36471513375528
390 2.36471512499151
391 2.36471511603867
392 2.36471510697666
393 2.36471509787981
394 2.36471508881686
395 2.36471507985084
396 2.36471507103907
397 2.36471506243325
398 2.36471505407945
399 2.36471504601829
400 2.11471504601829
401 2.07671503864306
402 2.03871503165098
403 2.0007150250624
404 1.96271501889313
405 1.9247150131547
406 1.88671500785461
407 1.84871500299656
408 1.81071499858077
409 1.77271499460424
410 1.7362315579516
411 1.70253196974604
412 1.67143944605836
413 1.64281623295358
414 1.6165549811941
415 1.59257202746866
416 1.57080216071063
417 1.55119454522862
418 1.53370954493871
419 1.51831624951232
420 1.50498134738373
421 1.49365364761209
422 1.48426215416382
423 1.47672225633085
424 1.47094015144596
425 1.46681597884934
426 1.464246018693
427 1.46312421582409
428 1.46334321963336
429 1.46479507934536
430 1.46737175202741
431 1.4709656197054
432 1.47547011020646
433 1.48078037179268
434 1.48679392886761
435 1.49341127964417
436 1.50053641806236
437 1.50807727539307
438 1.51594608461746
439 1.52405967473723
440 1.5323397036183
441 1.54071283704185
442 1.54911087926172
443 1.55747085830048
444 1.56573506832221
445 1.57385107135976
446 1.58177166094943
447 1.5894547905649
448 1.59686347001259
449 1.60396563310053
450 1.61073397991821
451 1.61714579699023
452 1.62318275843486
453 1.62883071110649
454 1.63407944655095
455 1.63892246245883
456 1.64335671616203
457 1.64738237257815
458 1.65100254886248
459 1.65422305787756
460 1.65705215243442
461 1.6595002721008
462 1.66157979421054
463 1.66330479054778
464 1.66469079102097
465 1.66575455548648
466 1.66651385473012
467 1.66698726146895
468 1.6671939520946
469 1.66715351974465
470 1.66688579916005
471 1.66641070366481
472 1.6657480744899
473 1.6649175425561
474 1.66393840273102
475 1.6628295004841
476 1.66160913077924
477 1.66029494896903
478 1.65890389338581
479 1.65745211926455
480 1.65595494357902
481 1.65442680032677
482 1.6528812057596
483 1.65133073302389
484 1.64978699564925
485 1.64826063930446
486 1.64676134122563
487 1.64529781671302
488 1.64387783208952
489 1.64250822351505
490 1.64119492105664
491 1.63994297742331
492 1.63875660078797
493 1.63763919113461
494 1.63659337958799
495 1.63562107020438
496 1.63472348372544
497 1.63390120282247
498 1.63315421838479
499 1.63248197643412
500 1.63188342527493
501 1.63135706252035
502 1.63090098166238
503 1.63051291788487
504 1.63019029284695
505 1.62993025819376
506 1.62972973757978
507 1.62958546701773
508 1.62949403339317
509 1.62945191101075
510 1.62945549606298
511 1.62950113893606
512 1.62958517428992
513 1.62970394887047
514 1.62985384703212
515 1.63003131396674
516 1.63023287665228
517 1.63045516254977
518 1.63069491609136
519 1.63094901301484
520 1.63121447261126
521 1.63148846796196
522 1.63176833425017
523 1.63205157523935
524 1.63233586801634
525 1.6326190661025
526 1.63289920103945
527 1.63317448255868
528 1.63344329744597
529 1.63370420721223
530 1.63395594468208
531 1.63419740961075
532 1.63442766343785
533 1.63464592328451
534 1.63485155529735
535 1.63504406743909
536 1.63522310182215
537 1.63538842667676
538 1.6355399280409
539 1.63567760125433
540 1.63580154233383
541 1.63591193930166
542 1.63600906353378
543 1.63609326118893
544 1.6361649447745
545 1.63622458489918
546 1.63627270225779
547 1.63630985988763
548 1.63633665573126
549 1.63635371553527
550 1.63636168610982
551 1.63636122896945
552 1.63635301437091
553 1.63633771575981
554 1.63631600463405
555 1.63628854582826
556 1.63625599321991
557 1.63621898585518
558 1.63617814448902
559 1.63613406853206
560 1.63608733339399
561 1.63603848821148
562 1.63598805394651
563 1.63593652183966
564 1.63588435220145
565 1.63583197352359
566 1.63577978189149
567 1.63572814067822
568 1.63567738049988
569 1.63562779941213
570 1.63557966332723
571 1.63553320663109
572 1.63548863298011
573 1.63544611625776
574 1.63540580167124
575 1.63536780696927
576 1.63533222376253
577 1.63529911892909
578 1.63526853608782
579 1.63524049712385
580 1.63521500375076
581 1.63519203909536
582 1.63517156929169
583 1.63515354507208
584 1.63513790334385
585 1.63512456874135
586 1.63511345514419
587 1.63510446715311
588 1.63509750151635
589 1.63509244849994
590 1.6350891931965
591 1.63508761676792
592 1.63508759761812
593 1.63508901249296
594 1.63509173750502
595 1.63509564908188
596 1.63510062483703
597 1.63510654436312
598 1.63511328994817
599 1.63512074721545
600 1.63512880568852
601 1.63513735928324
602 1.635146306729
603 1.63515555192171
604 1.63516500421128
605 1.63517457862692
606 1.63518419604335
607 1.63519378329148
608 1.63520327321714
609 1.63521260469158
610 1.63522172257742
611 1.63523057765387
612 1.63523912650498
613 1.63524733137466
614 1.63525515999213
615 1.63526258537143
616 1.63526958558854
617 1.63527614353935
618 1.63528224668194
619 1.63528788676619
620 1.63529305955363
621 1.63529776453042
622 1.63530200461613
623 1.63530578587051
624 1.63530911720096
625 1.63531201007228
626 1.63531447822105
627 1.63531653737606
628 1.63531820498645
629 1.63531949995897
630 1.63532044240536
631 1.63532105340115
632 1.63532135475645
633 1.63532136879963
634 1.63532111817436
635 1.63532062565045
636 1.63531991394872
637 1.63531900558015
638 1.63531792269924
639 1.63531668697163
640 1.63531531945566
641 1.63531384049779
642 1.63531226964145
643 1.6353106255489
644 1.63530892593571
645 1.63530718751725
646 1.63530542596671
647 1.63530365588398
648 1.63530189077478
649 1.63530014303938
650 1.63529842397022
651 1.63529674375778
652 1.63529511150394
653 1.63529353524218
654 1.63529202196395
655 1.63529057765049
656 1.63528920730948
657 1.63528791501577
658 1.63528670395577
659 1.63528557647466
660 1.63528453412602
661 1.63528357772324
662 1.63528270739224
663 1.63528192262498
664 1.63528122233341
665 1.63528060490319
666 1.63528006824714
667 1.63527960985781
668 1.6352792268589
669 1.63527891605538
670 1.63527867398184
671 1.63527849694905
672 1.63527838108844
673 1.63527832239433
674 1.63527831676386
675 1.63527836003437
676 1.6352784480184
677 1.63527857653592
678 1.63527874144414
679 1.63527893866452
680 1.6352791642073
681 1.63527941419336
682 1.63527968487361
683 1.63527997264586
684 1.63528027406931
685 1.6352805858767
686 1.63528090498426
687 1.63528122849956
688 1.63528155372729
689 1.6352818781732
690 1.63528219954629
691 1.63528251575928
692 1.63528282492765
693 1.6352831253672
694 1.63528341559045
695 1.63528369430178
696 1.63528396039171
697 1.63528421293011
698 1.63528445115882
699 1.63528467448347
700 1.63528488246486
701 1.63528507480982
702 1.63528525136178
703 1.63528541209112
704 1.63528555708527
705 1.63528568653886
706 1.63528580074378
707 1.63528590007939
708 1.63528598500281
709 1.63528605603949
710 1.63528611377394
711 1.63528615884086
712 1.63528619191651
713 1.63528621371058
714 1.63528622495833
715 1.63528622641329
716 1.63528621884032
717 1.63528620300915
718 1.63528617968847
719 1.63528614964036
720 1.63528611361537
721 1.63528607234793
722 1.63528602655233
723 1.63528597691912
724 1.63528592411199
725 1.63528586876511
726 1.63528581148083
727 1.63528575282783
728 1.63528569333971
729 1.63528563351385
730 1.63528557381071
731 1.63528551465339
732 1.63528545642751
733 1.63528539948143
734 1.63528534412663
735 1.63528529063838
736 1.63528523925664
737 1.63528519018707
738 1.63528514360231
739 1.63528509964328
740 1.63528505842074
741 1.6352850200168
742 1.63528498448666
743 1.63528495186031
744 1.63528492214432
745 1.6352848953236
746 1.63528487136332
747 1.63528485021063
748 1.63528483179653
749 1.63528481603761
750 1.63528480283784
751 1.63528479209023
752 1.63528478367848
753 1.63528477747857
754 1.63528477336026
755 1.63528477118854
756 1.63528477082498
757 1.63528477212899
758 1.63528477495905
759 1.63528477917376
760 1.63528478463289
761 1.63528479119829
762 1.63528479873472
763 1.63528480711064
764 1.63528481619882
765 1.63528482587694
766 1.6352848360281
767 1.63528484654122
768 1.6352848573114
769 1.63528486824019
770 1.63528487923577
771 1.63528489021311
772 1.63528490109408
773 1.63528491180738
774 1.63528492228862
775 1.63528493248018
776 1.63528494233109
777 1.6352849517969
778 1.63528496083947
779 1.63528496942674
780 1.63528497753251
781 1.63528498513614
782 1.63528499222224
783 1.63528499878043
784 1.63528500480497
785 1.63528501029441
786 1.63528501525134
787 1.63528501968199
788 1.6352850235959
789 1.63528502700562
790 1.63528502992635
791 1.63528503237563
792 1.63528503437304
793 1.63528503593989
794 1.6352850370989
795 1.63528503787396
796 1.63528503828987
797 1.63528503837205
798 1.63528503814633
799 1.63528503763873
800 1.83003503687524
801 1.83953503588168
802 1.84903503468346
803 1.85853503330547
804 1.86803503177195
805 1.87753503010632
806 1.88703502833112
807 1.89653502646791
808 1.90603502453716
809 1.91553502255821
810 1.92385361490492
811 1.93012553368189
812 1.93469380174342
813 1.93782561589053
814 1.93972910839786
815 1.94056640336622
816 1.94046378693815
817 1.93951962936367
818 1.93781055587503
819 1.9353962534752
820 1.93233038189758
821 1.92867363846778
822 1.92449486794
823 1.91986575434546
824 1.91485746148452
825 1.90953861993632
826 1.90397422944347
827 1.89822517034327
828 1.89234810841696
829 1.88639564309865
830 1.88041655262744
831 1.87445597553785
832 1.86855546411015
833 1.86275296420098
834 1.85708278724782
835 1.85157560682415
836 1.84625849201619
837 1.84115497845796
838 1.83628517194603
839 1.83166587704215
840 1.82731074282701
841 1.82323041955579
842 1.81943272247471
843 1.81592280103485
844 1.81270331258145
845 1.80977459969512
846 1.80713487018568
847 1.80478037853023
848 1.80270560741011
849 1.80090344796921
850 1.79936537747966
851 1.79808163323194
852 1.79704138162509
853 1.79623288158768
854 1.7956436415962
855 1.79526056967337
856 1.79507011584981
857 1.79505840666384
858 1.7952113713601
859 1.79551485953042
860 1.79595475002026
861 1.79651705100048
862 1.79718799117683
863 1.79795410217656
864 1.79880229221314
865 1.79971991118589
866 1.80069480742108
867 1.80171537630527
868 1.80277060110074
869 1.80385008626612
870 1.80494408363428
871 1.8060435118233
872 1.80713996927565
873 1.80822574133556
874 1.80929380178552
875 1.81033780926943
876 1.81135209903342
877 1.8123316704149
878 1.81327217050749
879 1.81416987442286
880 1.81502166256238
881 1.81582499529993
882 1.81657788546466
883 1.81727886899731
884 1.81792697413755
885 1.81852168948214
886 1.81906293123476
887 1.81955100994924
888 1.81998659704718
889 1.82037069137079
890 1.82070458601054
891 1.8209898356265
892 1.82122822446105
893 1.82142173522033
894 1.82157251898107
895 1.82168286625992
896 1.82175517936291
897 1.82179194611414
898 1.82179571504507
899 1.82176907210842
900 1.82171461896494
901 1.82163495287591
902 1.82153264821992
903 1.82141023963931
904 1.82127020680951
905 1.82111496081312
906 1.82094683209032
907 1.82076805992844
908 1.82058078344464
909 1.82038703400912
910 1.82018872904957
911 1.8199876671724
912 1.81978552453194
913 1.81958385237496
914 1.81938407568531
915 1.81918749285144
916 1.81899527627808
917 1.81880847386293
918 1.8186280112592
919 1.81845469484526
920 1.81828921532396
921 1.81813215187558
922 1.81798397679052
923 1.81784506051007
924 1.81771567700653
925 1.81759600943657
926 1.81748615600547
927 1.81738613598283
928 1.81729589581415
929 1.81721531527649
930 1.81714421362998
931 1.81708235572096
932 1.81702945799629
933 1.81698519439228
934 1.8169492020655
935 1.81692108693638
936 1.81690042902026
937 1.81688678752411
938 1.81687970569047
939 1.81687871537347
940 1.81688334133513
941 1.81689310525272
942 1.81690752943124
943 1.8169261402172
944 1.81694847111288
945 1.81697406559198
946 1.81700247962002
947 1.81703328388453
948 1.81706606574196
949 1.81710043088943
950 1.8171360047712
951 1.81717243373051
952 1.81720938591871
953 1.81724655197427
954 1.81728364548494
955 1.81732040324692
956 1.8173565853353
957 1.81739197499999
958 1.81742637840202
959 1.81745962420451
960 1.8174915630329
961 1.81752206681868
962 1.81755102804066
963 1.81757835887726
964 1.81760399028321
965 1.81762787100311
966 1.81764996653425
967 1.81767025804999
968 1.81768874129484
969 1.81770542546132
970 1.81772033205827
971 1.81773349377956
972 1.81774495338122
973 1.8177547625745
974 1.81776298094183
975 1.81776967488136
976 1.8177749165858
977 1.81777878306008
978 1.81778135518193
979 1.81778271680872
980 1.8177829539335
981 1.81778215389237
982 1.81778040462487
983 1.81777779398857
984 1.81777440912856
985 1.81777033590203
986 1.8177656583577
987 1.81776045826971
988 1.81775481472481
989 1.81774880376175
990 1.81774249806138
991 1.81773596668556
992 1.81772927486308
993 1.81772248382022
994 1.81771565065383
995 1.8177088282444
996 1.81770206520652
997 1.81769540587424
998 1.81768889031865
999 1.81768255439493
1000 1.81767642981626
1001 1.81767054425192
1002 1.81766492144688
1003 1.81765958136051
1004 1.81765454032158
1005 1.81764981119745
1006 1.81764540357486
1007 1.81764132395028
1008 1.81763757592748
1009 1.81763416042054
1010 1.81763107586022
1011 1.81762831840198
1012 1.81762588213408
1013 1.81762375928415
1014 1.81762194042288
1015 1.81762041466362
1016 1.81761916985675
1017 1.81761819277775
1018 1.81761746930825
1019 1.81761698460917
1020 1.81761672328538
1021 1.81761666954139
1022 1.81761680732754
1023 1.81761712047653
1024 1.81761759282996
1025 1.81761820835477
1026 1.81761895124956
1027 1.81761980604083
1028 1.81762075766918
1029 1.81762179156572
1030 1.81762289371886
1031 1.81762405073177
1032 1.81762524987081
1033 1.81762647910533
1034 1.81762772713927
1035 1.81762898343483
1036 1.81763023822888
1037 1.81763148254235
1038 1.81763270818326
1039 1.81763390774379
1040 1.81763507459189
1041 1.8176362028579
1042 1.81763728741676
1043 1.8176383238662
1044 1.81763930850141
1045 1.81764023828666
1046 1.81764111082432
1047 1.81764192432174
1048 1.8176426775563
1049 1.81764336983915
1050 1.81764400097794
1051 1.81764457123886
1052 1.81764508130843
1053 1.81764553225524
1054 1.8176459254919
1055 1.81764626273759
1056 1.81764654598131
1057 1.81764677744609
1058 1.81764695955431
1059 1.8176470948944
1060 1.81764718618889
1061 1.81764723626403
1062 1.81764724802114
1063 1.81764722440958
1064 1.81764716840159
1065 1.81764708296889
1066 1.81764697106123
1067 1.81764683558669
1068 1.81764667939394
1069 1.81764650525624
1070 1.81764631585736
1071 1.81764611377915
1072 1.81764590149095
1073 1.81764568134056
1074 1.81764545554684
1075 1.81764522619385
1076 1.81764499522642
1077 1.81764476444705
1078 1.81764453551414
1079 1.81764430994134
1080 1.81764408909809
1081 1.81764387421108
1082 1.81764366636665
1083 1.81764346651406
1084 1.81764327546944
1085 1.81764309392042
1086 1.81764292243134
1087 1.81764276144889
1088 1.81764261130822
1089 1.81764247223931
1090 1.81764234437366
1091 1.81764222775113
1092 1.81764212232689
1093 1.81764202797849
1094 1.81764194451285
1095 1.81764187167328
1096 1.81764180914638
1097 1.81764175656878
1098 1.81764171353378
1099 1.81764167959766
1100 1.8176416542859
1101 1.81764163709902
1102 1.81764162751817
1103 1.81764162501047
1104 1.81764162903393
1105 1.81764163904215
1106 1.8176416544886
1107 1.81764167483059
1108 1.81764169953294
1109 1.81764172807121
1110 1.81764175993471
1111 1.81764179462906
1112 1.81764183167851
1113 1.81764187062793
1114 1.81764191104444
1115 1.81764195251881
1116 1.81764199466655
1117 1.81764203712874
1118 1.8176420795726
1119 1.81764212169183
1120 1.81764216320676
1121 1.81764220386424
1122 1.81764224343738
1123 1.81764228172514
1124 1.81764231855169
1125 1.81764235376575
1126 1.81764238723969
1127 1.81764241886862
1128 1.81764244856933
1129 1.81764247627918
1130 1.81764250195491
1131 1.81764252557146
1132 1.81764254712068
1133 1.81764256661003
1134 1.81764258406135
1135 1.81764259950951
1136 1.81764261300113
1137 1.81764262459334
1138 1.81764263435252
1139 1.81764264235308
1140 1.81764264867628
1141 1.81764265340911
1142 1.81764265664321
1143 1.81764265847382
1144 1.81764265899881
1145 1.81764265831779
1146 1.81764265653119
1147 1.81764265373954
1148 1.81764265004265
1149 1.81764264553904
1150 1.81764264032524
1151 1.8176426344953
1152 1.81764262814029
1153 1.81764262134786
1154 1.81764261420191
1155 1.81764260678224
1156 1.81764259916434
1157 1.81764259141912
1158 1.81764258361285
1159 1.81764257580694
1160 1.81764256805796
1161 1.81764256041761
1162 1.81764255293266
1163 1.81764254564508
1164 1.81764253859208
1165 1.81764253180622
1166 1.81764252531554
1167 1.81764251914374
1168 1.8176425133103
1169 1.81764250783072
1170 1.81764250271672
1171 1.81764249797641
1172 1.81764249361458
1173 1.81764248963287
1174 1.81764248603005
1175 1.81764248280224
1176 1.81764247994314
1177 1.81764247744429
1178 1.81764247529526
1179 1.81764247348394
1180 1.81764247199672
1181 1.81764247081871
1182 1.81764246993396
1183 1.81764246932567
1184 1.81764246897635
1185 1.81764246886803
1186 1.8176424689824
1187 1.817642469301
1188 1.81764246980534
1189 1.81764247047706
1190 1.81764247129804
1191 1.81764247225049
1192 1.81764247331711
1193 1.81764247448111
1194 1.81764247572634
1195 1.81764247703735
1196 1.81764247839942
1197 1.81764247979862
1198 1.81764248122188
1199 1.81764248265697
1200 1.81764248409254
