1 2
2 2
3 2
4 2
5 2
6 2
7 2
8 2
9 2
10 2
11 2
12 2
13 2
14 2
15 2
16 2
17 2
18 2
19 2
20 2
21 2
22 2
23 2
24 2
25 2
26 2
27 2
28 2
29 2
30 2.25
31 2.28625142857143
32 2.32282285714286
33 2.35939428571429
34 2.39596571428571
35 2.43253714285714
36 2.46910857142857
37 2.50568
38 2.54225142857143
39 2.57882285714286
40 2.61282992204
41 2.64213165434292
42 2.66702406522644
43 2.68773070839096
44 2.70442280963431
45 2.71723097509125
46 2.72625430587947
47 2.73156749129572
48 2.73322632773345
49 2.73127201162845
50 2.7257607815747
51 2.71680662080983
52 2.70458587199566
53 2.68931905472162
54 2.67125785754875
55 2.65067585320772
56 2.62786192053761
57 2.60311562442984
58 2.57674400406371
59 2.54905936732785
60 2.52037752871067
61 2.49101568077233
62 2.46128953322615
63 2.43151001901621
64 2.40197996007391
65 2.37299091458249
66 2.34482031783561
67 2.31772895990406
68 2.29195880190593
69 2.26773110938059
70 2.2452448724436
71 2.22467548894518
72 2.20617370320603
73 2.18986480602395
74 2.17584810511965
75 2.16419667199503
76 2.15495736545667
77 2.14815112607438
78 2.14377353071209
79 2.14179559242154
80 2.14216478845354
81 2.14480629764849
82 2.14962442756301
83 2.1565042109613
84 2.16531315055331
85 2.17590309010215
86 2.18811218934255
87 2.20176697964799
88 2.2166844771287
89 2.23267432986851
90 2.24954097632021
91 2.26708579245357
92 2.28510920605728
93 2.30341275760201
94 2.32180108825198
95 2.34008383694436
96 2.35807742992494
97 2.37560674771713
98 2.3925066561952
99 2.4086233902117
100 2.42381578007534
101 2.43795631306662
102 2.45093202409437
103 2.46264521151535
104 2.47301397604099
105 2.48197258252162
106 2.48947164621017
107 2.49547814684915
108 2.49997527557922
109 2.5029621212228
110 2.50445320393712
111 2.50447786554847
112 2.50307952706187
113 2.50031482488105
114 2.49625263816513
115 2.49097302048722
116 2.48456604954201
117 2.47713060907435
118 2.46877311746806
119 2.45960621754684
120 2.44974744209937
121 2.43931786945508
122 2.42844078311004
123 2.41724034894322
124 2.40584032297932
125 2.39436280195621
126 2.38292702815232
127 2.37164825903399
128 2.3606367113069
129 2.34999658791061
130 2.339825195395
131 2.33021215797383
132 2.3212387333771
133 2.31297723443336
134 2.30549055911804
135 2.29883183061639
136 2.29304414778225
137 2.28816044523708
138 2.28420346125883
139 2.28118581056684
140 2.27911015812623
141 2.27796948918146
142 2.27774746989098
143 2.27841889217973
144 2.27995019575836
145 2.28230005968239
146 2.28542005534352
147 2.28925535240142
148 2.29374546887851
149 2.29882505645224
150 2.30442471188871
151 2.31047180556539
152 2.31689131812729
153 2.32360667650527
154 2.33054058079417
155 2.33761581383524
156 2.34475602576777
157 2.3518864863007
158 2.3589347980009
159 2.36583156449226
160 2.37251100810195
161 2.37891153216862
162 2.3849762239343
163 2.39065329466955
164 2.39589645442075
165 2.40066521951347
166 2.40492515168649
167 2.40864802846194
168 2.41181194506941
169 2.4144013489303
170 2.41640700836589
171 2.41782591781334
172 2.41866114241289
173 2.41892160536173
174 2.41862182191221
175 2.41778158431975
176 2.41642560241742
177 2.41458310480645
178 2.41228740590452
179 2.40957544428486
180 2.40648729786965
181 2.40306568161082
182 2.39935543330149
183 2.39540299311383
184 2.39125588235567
185 2.38696218678212
186 2.38257004959274
187 2.37812717899242
188 2.37368037490039
189 2.36927507905923
190 2.36495495243036
191 2.36076148336836
192 2.35673362964808
193 2.35290749698198
194 2.34931605621403
195 2.34598890091723
196 2.34295204665825
197 2.34022777273019
198 2.33783450669782
199 2.33578675165282
200 2.3340950556443
201 2.33276602233609
202 2.33180236155032
203 2.3312029779902
204 2.33096309609706
205 2.3310744186891
206 2.33152531675576
207 2.33230104754195
208 2.33338399785415
209 2.33475394935469
210 2.33638836248313
211 2.33826267555419
212 2.34035061553007
213 2.34262451695071
214 2.34505564552743
215 2.34761452296223
216 2.35027124964527
217 2.35299582200479
218 2.3557584414345
219 2.35852981190122
220 2.3612814235376
221 2.36398581974798
222 2.36661684559748
223 2.36914987551175
224 2.37156201858468
225 2.37383230007043
226 2.37594181792148
227 2.3778738735227
228 2.37961407605994
229 2.38115042024712
230 2.38247333741554
231 2.3835757202406
232 2.38445292164161
233 2.38510272863765
234 2.3855253121741
235 2.38572315414943
236 2.38570095306716
237 2.38546550991339
238 2.38502559601399
239 2.38439180475672
240 2.38357638917191
241 2.38259308744962
242 2.38145693853223
243 2.38018408995873
244 2.37879160015071
245 2.3772972373215
246 2.375719277159
247 2.37407630138101
248 2.3723869991904
249 2.37066997356698
250 2.36894355422631
251 2.36722561895239
252 2.36553342487546
253 2.36388345111726
254 2.36229125406815
255 2.36077133639376
256 2.35933703069611
257 2.35800039857712
258 2.35677214567325
259 2.35566155304999
260 2.35467642516664
261 2.35382305444683
262 2.35310620231949
263 2.35252909643161
264 2.35209344357781
265 2.35179945774553
266 2.35164590253808
267 2.35163014711372
268 2.35174823466676
269 2.35199496237771
270 2.35236397167508
271 2.3528478475806
272 2.35343822585384
273 2.35412590661114
274 2.35490097306718
275 2.355752914036
276 2.35667074883026
277 2.35764315321425
278 2.35865858509516
279 2.35970540867938
280 2.36077201587414
281 2.36184694377938
282 2.36291898718911
283 2.36397730510464
284 2.36501152035293
285 2.36601181150074
286 2.36696899635779
287 2.3678746064692
288 2.36872095210721
289 2.36950117738339
290 2.37020930521506
291 2.37084027199053
292 2.37138995188766
293 2.37185517090715
294 2.37223371078461
295 2.37252430304416
296 2.3727266135486
297 2.37284121798768
298 2.37286956882498
299 2.37281395429564
300 2.37267745011026
301 2.37246386457531
302 2.37217767788598
303 2.37182397638453
304 2.37140838260463
305 2.37093698194048
306 2.37041624678936
307 2.36985295901588
308 2.36925413157876
309 2.36862693014377
310 2.36797859548235
311 2.36731636742337
312 2.36664741108678
313 2.36597874608284
314 2.36531717931003
315 2.36466924192906
316 2.36404113103058
317 2.36343865645099
318 2.36286719312463
319 2.36233163929242
320 2.36183638081825
321 2.36138526179404
322 2.3609815615453
323 2.36062797808045
324 2.36032661795981
325 2.36007899249592
326 2.35988602013463
327 2.35974803480813
328 2.35966479999609
329 2.35963552818138
330 2.3596589053406
331 2.35973312006944
332 2.35985589690755
333 2.36002453339774
334 2.36023594039014
335 2.36048668508368
336 2.36077303628418
337 2.36109101135176
338 2.36143642430831
339 2.36180493458024
340 2.36219209586051
341 2.36259340458846
342 2.36300434756464
343 2.36342044824121
344 2.36383731125555
345 2.36425066480584
346 2.36465640050095
347 2.36505061035402
348 2.36542962062803
349 2.36579002228241
350 2.3661286978119
351 2.36644284431186
352 2.3667299926478
353 2.36698802265003
354 2.3672151742973
355 2.36741005489546
356 2.36757164229738
357 2.36769928424981
358 2.3677926939895
359 2.36785194224544
360 2.36787744583625
361 2.36786995308067
362 2.36783052626494
363 2.36776052143395
364 2.36766156579188
365 2.36753553301426
366 2.36738451678542
367 2.36721080288416
368 2.3670168401454
369 2.36680521062759
370 2.3665785993135
371 2.36633976366723
372 2.36609150336213
373 2.36583663048291
374 2.36557794049164
375 2.36531818423071
376 2.36506004121707
377 2.36480609446152
378 2.36455880702399
379 2.364320500492
380 2.36409333554419
381 2.3638792947347
382 2.3636801676076
383 2.3634975382233
384 2.36333277515225
385 2.36318702396403
386 2.36306120221386
387 2.36295599690305
388 2.36287186436532
389 2.36280903250771
390 2.36276750531282
391 2.36274706948895
392 2.36274730313618
393 2.36276758627988
394 2.36280711310838
395 2.36286490573918
396 2.36293982932775
397 2.36303060832482
398 2.36313584368201
399 2.36325403080222
400 2.11325403080222
401 2.04089042110381
402 1.96789480245631
403 1.89490543531092
404 1.821920568375
405 1.74893845681364
406 1.6759573798416
407 1.60297565754436
408 1.5299916667801
409 1.4570038560278
410 1.38657645156073
411 1.32122181789013
412 1.26127386582221
413 1.20700693452226
414 1.2
415 1.2
416 1.2
417 1.2
418 1.2
419 1.2
420 1.2
421 1.2
422 1.20278174774829
423 1.21176884966475
424 1.22626746555796
425 1.2452256582832
426 1.26775470427339
427 1.29315761430172
428 1.32088694960026
429 1.35051198465955
430 1.38169311793627
431 1.41416192883236
432 1.44767709967703
433 1.48195749567423
434 1.51666592923974
435 1.55143824072954
436 1.58590771975295
437 1.61972079056159
438 1.65254603312884
439 1.68407871383967
440 1.71404236393679
441 1.74218848354588
442 1.76829540980019
443 1.79216762106305
444 1.81363616757551
445 1.8325598363831
446 1.84882637153952
447 1.86235335010844
448 1.87308854960124
449 1.88100978520995
450 1.88612427121748
451 1.88846759537956
452 1.88810240155074
453 1.88511685836037
454 1.87962295927018
455 1.87175467155447
456 1.86166594057351
457 1.84952855735123
458 1.83552990415282
459 1.81987059976311
460 1.80276207132742
461 1.78442408227847
462 1.76508224618996
463 1.74496555499402
464 1.72430394773807
465 1.70332594370404
466 1.68225636165771
467 1.66131414525659
468 1.64071031306733
469 1.62064605005599
470 1.6013109556996
471 1.58288146197442
472 1.56551943241343
473 1.54937095123896
474 1.53456530932534
475 1.52121419148878
476 1.50941106737848
477 1.49923078608184
478 1.49072937247488
479 1.4839440213581
480 1.47889328352943
481 1.47557743617172
482 1.47397902828519
483 1.47406359038818
484 1.47578049635582
485 1.47906396407553
486 1.48383418057912
487 1.48999853646967
488 1.49745295380005
489 1.50608329108093
490 1.5157668087973
491 1.52637367869269
492 1.53776852013438
493 1.54981194709487
494 1.56236210966894
495 1.57527621458102
496 1.58841200981606
497 1.6016292193169
498 1.61479091461964
499 1.62776481133335
500 1.64042447949813
501 1.65265045806013
502 1.66433126497176
503 1.67536429574211
504 1.68565660461434
505 1.69512556391676
506 1.70369939850909
507 1.71131759361038
508 1.71793117563679
509 1.72350286698275
510 1.72800711693605
511 1.73143001211413
512 1.73376907093597
513 1.73503292769063
514 1.73524091272282
515 1.73442253611973
516 1.73261688304634
517 1.72987192953332
518 1.72624378806952
519 1.72179589278692
520 1.71659813434912
521 1.71072595486504
522 1.70425941324844
523 1.69728223143366
524 1.68988083174217
525 1.68214337547685
526 1.67415881250747
527 1.666015951207
528 1.6578025576111
529 1.64960449211047
530 1.64150489135441
531 1.6335834023541
532 1.62591547503284
533 1.6185717186884
534 1.61161732701749
535 1.60511157551484
536 1.59910739420773
537 1.59365101783016
538 1.58878171468908
539 1.58453159463503
540 1.58092549573139
541 1.57798094842616
542 1.57570821527584
543 1.57411040355939
544 1.57318364745666
545 1.572917355856
546 1.57329452130446
547 1.57429208512473
548 1.5758813532991
549 1.57802845736479
550 1.58069485427796
551 1.58383785898713
552 1.58741120331035
553 1.59136561463383
554 1.59564940794117
555 1.60020908474067
556 1.60498993257973
557 1.60993661901838
558 1.61499377417306
559 1.62010655623469
560 1.62522119470536
561 1.63028550648259
562 1.63524938034189
563 1.64006522582389
564 1.64468838301416
565 1.64907749020741
566 1.65319480696702
567 1.65700649061982
568 1.66048282475925
569 1.66359839886172
570 1.66633223864627
571 1.6686678873204
572 1.67059343835172
573 1.67210152087959
574 1.67318923933069
575 1.67385806922238
576 1.67411371152501
577 1.67396590830592
578 1.6734282226912
579 1.67251778645408
580 1.67125501877031
581 1.66966331986843
582 1.66776874344799
583 1.66559965183891
584 1.66318635793265
585 1.66056075793023
586 1.6577559589249
587 1.65480590526962
588 1.65174500757429
589 1.6486077780356
590 1.64542847562733
591 1.64224076447311
592 1.63907738848981
593 1.63596986513174
594 1.63294820078671
595 1.63004063007772
596 1.6272733810134
597 1.62467046760866
598 1.62225351126849
599 1.62004159189603
600 1.61805112935468
601 1.61629579558512
602 1.6147864573575
603 1.6135311493266
604 1.61253507675945
605 1.61180064702082
606 1.6113275286365
607 1.61111273650828
608 1.61115074163072
609 1.61143360345923
610 1.61195112290339
611 1.61269101377002
612 1.61363909035694
613 1.61477946880298
614 1.61609477973079
615 1.61756638967754
616 1.61917462879402
617 1.62089902230392
618 1.6227185232516
619 1.6246117441277
620 1.62655718504499
621 1.62853345624189
622 1.63051949281517
623 1.63249475972531
624 1.63443944527549
625 1.63633464143667
626 1.63816250957358
627 1.63990643031879
628 1.64155113654069
629 1.64308282855539
630 1.64448927093857
631 1.64575987050042
632 1.64688573519159
633 1.64785971390963
634 1.6486764173708
635 1.64933222040018
636 1.64982524617219
637 1.65015533310115
638 1.65032398523806
639 1.65033430717186
640 1.65019092456167
641 1.64989989153958
642 1.64946858631982
643 1.64890559643101
644 1.64822059505118
645 1.64742420997193
646 1.64652788674774
647 1.64554374759885
648 1.64448444763292
649 1.64336302993114
650 1.64219278100959
651 1.64098708811819
652 1.63975929977656
653 1.6385225908719
654 1.63728983355739
655 1.63607347509385
656 1.63488542367223
657 1.63373694314241
658 1.63263855745506
659 1.63159996550036
660 1.63062996690115
661 1.6297363991893
662 1.62892608666575
663 1.62820480111628
664 1.62757723442916
665 1.62704698303828
666 1.62661654399685
667 1.62628732237424
668 1.62605964956233
669 1.62593281197856
670 1.62590508956273
671 1.6259738033824
672 1.62613537158944
673 1.62638537290799
674 1.62671861678156
675 1.62712921926531
676 1.6276106837184
677 1.62815598533027
678 1.62875765850504
679 1.62940788612763
680 1.6300985897457
681 1.63082151972079
682 1.63156834443061
683 1.63233073764172
684 1.63310046321656
685 1.63386945637122
686 1.63462990075862
687 1.63537430071626
688 1.63609554808652
689 1.63678698309061
690 1.63744244881342
691 1.63805633893473
692 1.63862363842218
693 1.6391399569813
694 1.63960155513838
695 1.64000536291017
696 1.6403489910917
697 1.64063073526789
698 1.64084957272514
699 1.64100515250691
700 1.64109777891913
701 1.64112838884963
702 1.64109852331733
703 1.64101029371374
704 1.64086634323944
705 1.64066980407211
706 1.64042425083039
707 1.64013365091833
708 1.63980231235008
709 1.63943482966164
710 1.63903602851831
711 1.63861090962139
712 1.63816459250676
713 1.63770225981152
714 1.63722910256268
715 1.63675026701508
716 1.63627080353419
717 1.63579561798359
718 1.63532942603782
719 1.63487671079902
720 1.63444168405043
721 1.6340282514332
722 1.63363998178409
723 1.63328008082242
724 1.63295136932442
725 1.63265626587332
726 1.63239677422445
727 1.63217447527608
728 1.63199052359033
729 1.63184564836354
730 1.63174015870347
731 1.63167395303055
732 1.63164653238448
733 1.63165701738351
734 1.63170416855469
735 1.63178640972698
736 1.63190185415727
737 1.63204833304142
738 1.6322234260484
739 1.63242449350586
740 1.63264870985973
741 1.63289309802873
742 1.63315456427687
743 1.63342993323303
744 1.63371598269629
745 1.63400947787855
746 1.63430720475239
747 1.63460600219087
748 1.63490279260775
749 1.63519461083075
750 1.63547863096625
751 1.63575219104161
752 1.63601281524043
753 1.63625823357588
754 1.6364863988783
755 1.63669550100404
756 1.63688397820375
757 1.63705052561917
758 1.63719410090761
759 1.63731392702256
760 1.63740949220706
761 1.6374805472833
762 1.63752710034672
763 1.63754940899626
764 1.63754797025368
765 1.6375235083437
766 1.6374769605233
767 1.63740946116318
768 1.63732232429556
769 1.63721702485232
770 1.63709517882357
771 1.6369585225714
772 1.63680889153475
773 1.63664819856062
774 1.63647841209389
775 1.6363015344519
776 1.63611958040314
777 1.63593455625891
778 1.63574843967598
779 1.63556316035486
780 1.6353805818035
781 1.63520248432066
782 1.63503054933579
783 1.63486634522471
784 1.63471131470128
785 1.63456676386681
786 1.63443385297905
787 1.63431358898355
788 1.63420681983098
789 1.6341142305847
790 1.63403634130503
791 1.63397350667859
792 1.63392591734423
793 1.63389360285163
794 1.63387643617329
795 1.63387413967781
796 1.63388629245967
797 1.63391233891042
798 1.6339515984068
799 1.63400327598355
800 1.88400327598355
801 1.90220272004431
802 1.92057162980608
803 1.93894887443935
804 1.95733327194711
805 1.97572360274157
806 1.99411862319852
807 2.01251707905153
808 2.03091771849451
809 2.04931930486768
810 2.06515691338511
811 2.07647477548789
812 2.08388337812524
813 2.08785473529281
814 2.08875563110731
815 2.08687093906058
816 2.08242178628264
817 2.07557970139564
818 2.06647763361151
819 2.05521853451042
820 2.04190833829199
821 2.02669935695308
822 2.00979237678562
823 1.99141596473018
824 1.97181262953349
825 1.95122978235163
826 1.92991404908516
827 1.90810789229361
828 1.88604779756045
829 1.86396349581278
830 1.84207758062915
831 1.82060468504037
832 1.79974988904031
833 1.77970671592124
834 1.76065513879948
835 1.74275981500356
836 1.72616864052559
837 1.71101164251427
838 1.69740018686933
839 1.68542645817921
840 1.67516316510218
841 1.66666343548526
842 1.65996088536166
843 1.6550698608797
844 1.65198585625872
845 1.65068610789499
846 1.65113035943929
847 1.65326178745764
848 1.65700807325122
849 1.66228260387535
850 1.6689857842626
851 1.67700644224212
852 1.68622330863038
853 1.6965065550048
854 1.70771937207206
855 1.71971957173082
856 1.73236119611169
857 1.74549611716017
858 1.75897561078034
859 1.77265189020685
860 1.78637958411361
861 1.80001714597237
862 1.81342818230571
863 1.82648268870439
864 1.83905818377129
865 1.8510407324981
866 1.86232585196093
867 1.87281929362871
868 1.88243769800038
869 1.89110911871186
870 1.89877341466722
871 1.90538251013691
872 1.91090052411392
873 1.91530377151415
874 1.91858064003757
875 1.92073134765999
876 1.92176758679456
877 1.9217120621359
878 1.92059793007433
879 1.91846814833467
880 1.91537474515075
881 1.91137801782842
882 1.90654567097548
883 1.90095190498468
884 1.89467646554682
885 1.88780366504628
886 1.88042138665364
887 1.87262008178312
888 1.86449177133197
889 1.8561290607684
890 1.84762417869344
891 1.83906804797474
892 1.83054939794668
893 1.82215392549892
894 1.81396351214313
895 1.80605550336572
896 1.7985020557505
897 1.79136955650123
898 1.78471811911699
899 1.77860115808568
900 1.77306504456936
901 1.76814884417104
902 1.76388413700298
903 1.76029491943151
904 1.75739758605912
905 1.75520098973009
906 1.75370657661652
907 1.75290859276452
908 1.75279435785991
909 1.75334460141445
910 1.75453385608076
911 1.7563309023799
912 1.75869925877225
913 1.76159771072166
914 1.76498087219506
915 1.76879977290492
916 1.77300246453979
917 1.77753463923625
918 1.78234025362243
919 1.78736215190591
920 1.79254268168331
921 1.79782429641233
922 1.80315013880368
923 1.80846459975662
924 1.81371384787163
925 1.81884632502218
926 1.82381320394823
927 1.82856880434221
928 1.83307096442652
929 1.83728136556491
930 1.84116580800247
931 1.84469443638368
932 1.84784191425072
933 1.8505875472675
934 1.85291535544578
935 1.85481409516062
936 1.85627723223135
937 1.85730286780428
938 1.8578936192031
939 1.85805645830673
940 1.85780251037134
941 1.85714681652875
942 1.85610806346751
943 1.85470828403253
944 1.85297253266383
945 1.85092853973451
946 1.84860634894162
947 1.84603794195242
948 1.84325685451258
949 1.84029778818455
950 1.83719622180408
951 1.83398802662361
952 1.83070908895532
953 1.82739494393592
954 1.8240804238139
955 1.82079932391035
956 1.81758408912998
957 1.81446552360366
958 1.81147252573095
959 1.80863185056432
960 1.80596790114009
961 1.80350255001802
962 1.80125499194616
963 1.79924162822247
964 1.79747598298499
965 1.79596865132966
966 1.79472727883379
967 1.79375657175526
968 1.7930583368872
969 1.7926315497756
970 1.79247244975711
971 1.79257466004706
972 1.79292933090498
973 1.79352530372896
974 1.79434929378086
975 1.79538608912318
976 1.79661876325552
977 1.7980288988738
978 1.79959682013936
979 1.80130183083591
980 1.80312245581115
981 1.8050366831438
982 1.80702220454604
983 1.80905665160362
984 1.81111782557024
985 1.81318391856628
986 1.81523372418423
987 1.81724683567066
988 1.81920383003586
989 1.82108643663499
990 1.82287768896648
991 1.82456205864183
992 1.826125570694
993 1.82755589960662
994 1.82884244566137
995 1.82997639141325
996 1.83095073831201
997 1.83176032368963
998 1.83240181852733
999 1.83287370659919
1000 1.83317624576146
1001 1.83331141231548
1002 1.83328282951727
1003 1.83309568143596
1004 1.83275661347701
1005 1.83227362098251
1006 1.83165592740041
1007 1.830913853576
1008 1.8300586797634
1009 1.82910250198085
1010 1.82805808434315
1011 1.82693870899647
1012 1.82575802525689
1013 1.82452989951397
1014 1.82326826740666
1015 1.8219869897102
1016 1.82069971329212
1017 1.81941973840314
1018 1.81815989346642
1019 1.81693241841722
1020 1.81574885752673
1021 1.8146199625191
1022 1.81355560666156
1023 1.81256471037546
1024 1.81165517878227
1025 1.81083385146441
1026 1.81010646458822
1027 1.80947762540546
1028 1.80895079902366
1029 1.80852830721349
1030 1.80821133890554
1031 1.80799997192043
1032 1.80789320537496
1033 1.80788900211505
1034 1.8079843404434
1035 1.80817527433684
1036 1.80845700128592
1037 1.80882393683755
1038 1.80926979488057
1039 1.80978767268433
1040 1.81037013968148
1041 1.81100932897812
1042 1.81169703057709
1043 1.81242478531304
1044 1.81318397852046
1045 1.81396593248792
1046 1.81476199679253
1047 1.81556363565703
1048 1.81636251152818
1049 1.81715056413735
1050 1.81792008437256
1051 1.8186637823639
1052 1.81937484926143
1053 1.82004701226408
1054 1.82067458254059
1055 1.82125249576616
1056 1.82177634508248
1057 1.8222424063714
1058 1.8226476558144
1059 1.82298977978933
1060 1.82326717723255
1061 1.8234789546674
1062 1.823624914169
1063 1.8237055345989
1064 1.8237219465021
1065 1.8236759011116
1066 1.82356973395252
1067 1.82340632357805
1068 1.82318904600343
1069 1.82292172543077
1070 1.82260858187796
1071 1.82225417633784
1072 1.82186335410056
1073 1.82144118687155
1074 1.82099291431122
1075 1.82052388560947
1076 1.82003950168948
1077 1.81954515861114
1078 1.8190461927151
1079 1.81854782801465
1080 1.81805512630437
1081 1.81757294041302
1082 1.81710587098315
1083 1.81665822711265
1084 1.81623399114393
1085 1.81583678783577
1086 1.8154698581011
1087 1.81513603744197
1088 1.81483773916118
1089 1.8145769423789
1090 1.81435518483295
1091 1.81417356039316
1092 1.81403272117424
1093 1.8139328840883
1094 1.81387384163751
1095 1.81385497671024
1096 1.81387528111027
1097 1.81393337751855
1098 1.81402754456124
1099 1.81415574463556
1100 1.8143156541276
1101 1.81450469564236
1102 1.81472007185766
1103 1.81495880060814
1104 1.81521775080501
1105 1.8154936788006
1106 1.81578326481351
1107 1.81608314904155
1108 1.81638996710349
1109 1.81670038446851
1110 1.81701112955269
1111 1.81731902518494
1112 1.81762101817044
1113 1.81791420670709
1114 1.81819586543956
1115 1.81846346796634
1116 1.81871470664632
1117 1.81894750958381
1118 1.81916005470311
1119 1.81935078085614
1120 1.81951839593866
1121 1.81966188202156
1122 1.8197804975343
1123 1.81987377656611
1124 1.81994152537847
1125 1.81998381624741
1126 1.82000097877847
1127 1.81999358885822
1128 1.81996245542554
1129 1.81990860526279
1130 1.81983326602089
1131 1.81973784770421
1132 1.81962392284998
1133 1.81949320564326
1134 1.81934753021211
1135 1.8191888283488
1136 1.81901910690113
1137 1.81884042507436
1138 1.81865487187757
1139 1.81846454394019
1140 1.81827152391371
1141 1.81807785966111
1142 1.81788554442279
1143 1.81769649813188
1144 1.81751255003497
1145 1.81733542275658
1146 1.81716671792651
1147 1.8170079034699
1148 1.81686030263993
1149 1.81672508485281
1150 1.81660325836466
1151 1.81649566480989
1152 1.81640297560111
1153 1.81632569017166
1154 1.81626413602362
1155 1.81621847052682
1156 1.8161886843983
1157 1.81617460677638
1158 1.81617591179013
1159 1.81619212651257
1160 1.81622264017503
1161 1.81626671451131
1162 1.81632349509226
1163 1.81639202350574
1164 1.81647125023257
1165 1.81656004806628
1166 1.81665722592389
1167 1.816761542895
1168 1.81687172237903
1169 1.81698646616385
1170 1.81710446830397
1171 1.81722442866296
1172 1.81734506599192
1173 1.81746513042478
1174 1.81758341528026
1175 1.81769876807106
1176 1.81781010063171
1177 1.81791639828816
1178 1.81801672800437
1179 1.81811024545323
1180 1.81819620097216
1181 1.81827394437572
1182 1.8183429286106
1183 1.81840271225004
1184 1.81845296083722
1185 1.8184934470981
1186 1.81852405005543
1187 1.81854475308575
1188 1.8185556409708
1189 1.81855689600344
1190 1.81854879321595
1191 1.81853169480565
1192 1.8185060438387
1193 1.8184723573176
1194 1.81843121870229
1195 1.81838326997735
1196 1.81832920335965
1197 1.81826975274174
1198 1.81820568496617
1199 1.81813779102464
1200 1.81806687727398
