1 2
2 2
3 2
4 2
5 2
6 2
7 2
8 2
9 2
10 2
11 2
12 2
13 2
14 2
15 2
16 2
17 2
18 2
19 2
20 2
21 2
22 2
23 2
24 2
25 2
26 2
27 2
28 2
29 2
30 2
31 2
32 2
33 2
34 2
35 2
36 2
37 2
38 2
39 2
40 2
41 2
42 2
43 2
44 2
45 2
46 2
47 2
48 2
49 2
50 2
51 2
52 2
53 2
54 2
55 2
56 2
57 2
58 2
59 2
60 2
61 2
62 2
63 2
64 2
65 2
66 2
67 2
68 2
69 2
70 2
71 2
72 2
73 2
74 2
75 2
76 2
77 2
78 2
79 2
80 2
81 2
82 2
83 2
84 2
85 2
86 2
87 2
88 2
89 2
90 2
91 2
92 2
93 2
94 2
95 2
96 2
97 2
98 2
99 2
100 2
101 2
102 2
103 2
104 2
105 2
106 2
107 2
108 2
109 2
110 2
111 2
112 2
113 2
114 2
115 2
116 2
117 2
118 2
119 2
120 2
121 2
122 2
123 2
124 2
125 2
126 2
127 2
128 2
129 2
130 2
131 2
132 2
133 2
134 2
135 2
136 2
137 2
138 2
139 2
140 2
141 2
142 2
143 2
144 2
145 2
146 2
147 2
148 2
149 2
150 2
151 2
152 2
153 2
154 2
155 2
156 2
157 2
158 2
159 2
160 2
161 2
162 2
163 2
164 2
165 2
166 2
167 2
168 2
169 2
170 2
171 2
172 2
173 2
174 2
175 2
176 2
177 2
178 2
179 2
180 2
181 2
182 2
183 2
184 2
185 2
186 2
187 2
188 2
189 2
190 2
191 2
192 2
193 2
194 2
195 2
196 2
197 2
198 2
199 2
200 2
201 2.25
202 2.5
203 2.75
204 2.8
205 2.8
206 2.8
207 2.8
208 2.8
209 2.8
210 2.8
211 2.8
212 2.8
213 2.8
214 2.8
215 2.76101870748463
216 2.57910501730534
217 2.38686013476081
218 2.24812716381224
219 2.17997046092026
220 2.17256714639194
221 2.2047988683924
222 2.25471050468428
223 2.30517675405448
224 2.34583446607883
225 2.37259023961963
226 2.38591613581209
227 2.38885481429472
228 2.38530529699373
229 2.3788462189462
230 2.3721233732401
231 2.36669366015686
232 2.36316496477115
233 2.36147639454513
234 2.36119965925461
235 2.36178874645155
236 2.36274715596969
237 2.36371260950999
238 2.36447670448918
239 2.36496330239922
240 2.36518799665125
241 2.36521542953106
242 2.36512447965284
243 2.36498535891862
244 2.36484838554672
245 2.36474181227659
246 2.36467528512223
247 2.36464577899924
248 2.36464368293834
249 2.36465767488043
250 2.36467786769527
251 2.36469729875974
252 2.36471215711375
253 2.36472124187258
254 2.36472509731442
255 2.3647251476671
256 2.36472301598533
257 2.36472009313264
258 2.36471734127402
259 2.36471527303847
260 2.36471403536279
261 2.36471353521484
262 2.36471356244025
263 2.36471388480589
264 2.364714306937
265 2.36471469609928
266 2.36471498357094
267 2.36471515179327
268 2.36471521614242
269 2.36471520751379
270 2.36471515907902
271 2.3647150982443
272 2.36471504328931
273 2.36471500339294
274 2.36471498058602
275 2.364714972388
276 2.36471497427222
277 2.36471498150846
278 2.36471499025769
279 2.36471499800703
280 2.36471500353546
281 2.36471500661922
282 2.36471500765122
283 2.36471500729265
284 2.36471500621692
285 2.36471500496105
286 2.36471500386984
287 2.36471500310497
288 2.36471500268923
289 2.36471500256124
290 2.36471500262471
291 2.36471500278393
292 2.36471500296386
293 2.36471500311731
294 2.36471500322295
295 2.36471500327881
296 2.36471500329437
297 2.36471500328361
298 2.36471500326014
299 2.3647150032344
300 2.36471500321286
301 2.3647150031983
302 2.36471500319082
303 2.36471500318898
304 2.36471500319075
305 2.3647150031942
306 2.36471500319787
307 2.36471500320089
308 2.36471500320289
309 2.36471500320389
310 2.36471500320411
311 2.36471500320383
312 2.36471500320333
313 2.36471500320281
314 2.36471500320239
315 2.36471500320211
316 2.36471500320198
317 2.36471500320195
318 2.36471500320199
319 2.36471500320206
320 2.36471500320213
321 2.36471500320219
322 2.36471500320223
323 2.36471500320225
324 2.36471500320225
325 2.36471500320224
326 2.36471500320223
327 2.36471500320222
328 2.36471500320221
329 2.36471500320221
330 2.36471500320221
331 2.36471500320222
332 2.36471500320222
333 2.36471500320223
334 2.36471500320223
335 2.36471500320223
336 2.36471500320223
337 2.36471500320223
338 2.36471500320223
339 2.36471500320222
340 2.36471500320222
341 2.36471500320222
342 2.36471500320222
343 2.36471500320222
344 2.36471500320222
345 2.36471500320221
346 2.36471500320221
347 2.3647150032022
348 2.3647150032022
349 2.3647150032022
350 2.3647150032022
351 2.36471500320221
352 2.36471500320221
353 2.36471500320221
354 2.36471500320221
355 2.36471500320221
356 2.36471500320221
357 2.36471500320221
358 2.3647150032022
359 2.3647150032022
360 2.3647150032022
361 2.3647150032022
362 2.3647150032022
363 2.3647150032022
364 2.36471500320219
365 2.36471500320219
366 2.36471500320219
367 2.36471500320219
368 2.36471500320219
369 2.36471500320219
370 2.36471457352953
371 2.36471321758398
372 2.36471071554776
373 2.36470774828881
374 2.36470587649801
375 2.36470723829793
376 2.36471410795334
377 2.36472829728146
378 2.36475042542605
379 2.36477919438811
380 2.3648109813457
381 2.36484027232676
382 2.36486167811378
383 2.36487235177227
384 2.36487297727282
385 2.36486700838401
386 2.36485852695972
387 2.36485063016141
388 2.3648446880642
389 2.36484030291904
390 2.36483575244045
391 2.36481319415997
392 2.36476829726887
393 2.3647044924278
394 2.3646415051998
395 2.36459299391456
396 2.36456428257617
397 2.36455548988257
398 2.36456322164265
399 2.36458202980529
400 2.11458202980529
401 1.86458202980529
402 1.61458202980529
403 1.36458202980529
404 1.2
405 1.2
406 1.2
407 1.2
408 1.2
409 1.2
410 1.2
411 1.2
412 1.2
413 1.2
414 1.2
415 1.2
416 1.2
417 1.2
418 1.2
419 1.2
420 1.2
421 1.2
422 1.2
423 1.35473308060274
424 1.55758585614591
425 1.72103931731982
426 1.81375426909863
427 1.83871609241439
428 1.81535603108437
429 1.76692792231004
430 1.71310542227103
431 1.66686947562945
432 1.63435603353073
433 1.6163397315467
434 1.61028642969711
435 1.61226556623892
436 1.61835952013745
437 1.62547686282572
438 1.63164717194443
439 1.63595433231565
440 1.63827610741362
441 1.638967690579
442 1.63858015090552
443 1.6376584507439
444 1.63662771331662
445 1.63575397255644
446 1.63515572871376
447 1.63484200318289
448 1.63475739255168
449 1.63482151160859
450 1.63495682877126
451 1.63510394658615
452 1.63522646187176
453 1.63530884353525
454 1.63535077736824
455 1.63536069878585
456 1.63535023927628
457 1.63533037684203
458 1.63530937855475
459 1.63529220388068
460 1.63528086862426
461 1.63527527951674
462 1.63527415962771
463 1.63527582852057
464 1.63527873337233
465 1.63528172487428
466 1.63528412873767
467 1.6352856853358
468 1.63528642695382
469 1.63528654557652
470 1.63528628343307
471 1.63528585983774
472 1.63528543432263
473 1.6352850983314
474 1.63528488497974
475 1.63528478704683
476 1.63528477583221
477 1.63528481649047
478 1.63528487809051
479 1.63528493852209
480 1.63528498541715
481 1.63528501460082
482 1.63528502746267
483 1.63528502827158
484 1.63528502203039
485 1.6352850130953
486 1.63528500452584
487 1.63528499799
488 1.63528499400651
489 1.63528499232782
490 1.63528499232184
491 1.63528499327164
492 1.63528499456457
493 1.63528499577796
494 1.63528499668756
495 1.63528499723008
496 1.63528499744761
497 1.63528499743335
498 1.63528499728987
499 1.6352849971032
500 1.63528499693163
501 1.63528499680523
502 1.63528499673152
503 1.63528499670358
504 1.6352849967077
505 1.63528499672925
506 1.63528499675614
507 1.63528499678036
508 1.6352849967979
509 1.63528499680788
510 1.63528499681143
511 1.63528499681055
512 1.63528499680733
513 1.63528499680346
514 1.63528499680005
515 1.63528499679761
516 1.63528499679626
517 1.63528499679581
518 1.63528499679597
519 1.63528499679645
520 1.63528499679701
521 1.63528499679749
522 1.63528499679783
523 1.63528499679801
524 1.63528499679807
525 1.63528499679805
526 1.63528499679798
527 1.6352849967979
528 1.63528499679782
529 1.63528499679777
530 1.63528499679774
531 1.63528499679773
532 1.63528499679774
533 1.63528499679775
534 1.63528499679776
535 1.63528499679777
536 1.63528499679778
537 1.63528499679779
538 1.6352849967978
539 1.63528499679854
540 1.63528499680245
541 1.63528499681374
542 1.63528499683571
543 1.63528499686532
544 1.63528499688649
545 1.63528499686561
546 1.63528499675328
547 1.63528499649646
548 1.63528499606338
549 1.63528499547921
550 1.63528499486356
551 1.6352849944515
552 1.63528499457638
553 1.63528499560398
554 1.63528499782764
555 1.63528500135441
556 1.63528500602155
557 1.63528501137811
558 1.63528501675082
559 1.63528502138829
560 1.63528502470168
561 1.63528502645253
562 1.63528502679669
563 1.63528502611474
564 1.63528502473134
565 1.63528502265721
566 1.63528501946382
567 1.63528501435866
568 1.63528500646974
569 1.63528542499523
570 1.63528676688286
571 1.63528925336477
572 1.63529254960184
573 1.63529543379447
574 1.6352955922528
575 1.63529012342026
576 1.63527625563725
577 1.63525225213124
578 1.63521838205455
579 1.63517765420147
580 1.63513575593392
581 1.6350993518564
582 1.63507371753611
583 1.63506129787178
584 1.63506116145684
585 1.63506964084281
586 1.63508212692765
587 1.63509474871135
588 1.63510504800522
589 1.63511199155354
590 1.63513116108467
591 1.63516553442096
592 1.63521142575945
593 1.63526291475585
594 1.63530943736922
595 1.63533685862395
596 1.63534448938832
597 1.63533874822487
598 1.63532837553904
599 1.63532121196378
600 1.63532230916418
601 1.63533307287808
602 1.6353512407025
603 1.6353717207671
604 1.63538859029122
605 1.63539750417505
606 1.63539702348863
607 1.63538854273263
608 1.6353752703966
609 1.63536091157727
610 1.6353485679057
611 1.63534011646434
612 1.63533609255366
613 1.63532633768813
614 1.63530526124909
615 1.63527619087745
616 1.6352474817702
617 1.63522727297135
618 1.63522006668979
619 1.6352258321294
620 1.63524101885985
621 1.635260438634
622 1.63527909996185
623 1.63529344690185
624 1.63530183878701
625 1.63530438796501
626 1.63530241058692
627 1.6352977599161
628 1.63529224765725
629 1.63528726427767
630 1.63528362089487
631 1.63528157352741
632 1.63528096092804
633 1.63528138508456
634 1.63528237901351
635 1.63528352932366
636 1.63528454301999
637 1.63528526431379
638 1.63528565615534
639 1.63528576351724
640 1.63528567310475
641 1.63528547944874
642 1.63528526220413
643 1.63528507523221
644 1.63528494529034
645 1.63528487692365
646 1.63528486013406
647 1.6352848781292
648 1.63528491348138
649 1.63528495201427
650 1.6352849844842
651 1.6352850065656
652 1.63528501781034
653 1.63528502020471
654 1.6352850167873
655 1.63528501059491
656 1.6352850040283
657 1.6352849986043
658 1.63528499499247
659 1.63528499321491
660 1.63528499290179
661 1.63528499352654
662 1.63528499457929
663 1.63528499566693
664 1.63528499654824
665 1.63528499712299
666 1.63528499739576
667 1.63528499743249
668 1.63528499732169
669 1.63528499714672
670 1.63528499697038
671 1.63528499683013
672 1.63528499674057
673 1.63528499669969
674 1.63528499669611
675 1.63528499671528
676 1.63528499674385
677 1.63528499677197
678 1.63528499679392
679 1.63528499680765
680 1.63528499681365
681 1.63528499681385
682 1.6352849968106
683 1.635284996806
684 1.63528499680158
685 1.63528499679819
686 1.63528499679612
687 1.63528499679525
688 1.63528499679528
689 1.63528499679582
690 1.63528499679655
691 1.63528499679724
692 1.63528499679775
693 1.63528499679806
694 1.63528499679819
695 1.63528499679817
696 1.63528499679808
697 1.63528499679797
698 1.63528499679786
699 1.63528499679779
700 1.63528499679774
701 1.63528499679773
702 1.63528499679773
703 1.63528499679774
704 1.63528499679776
705 1.63528499679778
706 1.63528499679779
707 1.6352849967978
708 1.6352849967978
709 1.6352849967978
710 1.6352849967978
711 1.63528499679779
712 1.63528499679779
713 1.63528499679779
714 1.63528499679779
715 1.63528499679779
716 1.63528499679779
717 1.63528499679779
718 1.6352849967978
719 1.63528499679781
720 1.63528499679782
721 1.63528499679782
722 1.63528499679782
723 1.63528499679779
724 1.63528499679772
725 1.63528499679762
726 1.6352849967975
727 1.63528499679736
728 1.63528499679726
729 1.63528499679724
730 1.63528499679738
731 1.63528499679771
732 1.63528499679826
733 1.63528499679903
734 1.63528499679995
735 1.63528499680095
736 1.6352849968019
737 1.63528499680273
738 1.63528499680261
739 1.63528499679907
740 1.63528499678791
741 1.63528499676521
742 1.63528499673214
743 1.63528499670214
744 1.63528499670779
745 1.63528499680243
746 1.63528499705124
747 1.63528499750747
748 1.63528499817345
749 1.63528499895385
750 1.63528499961904
751 1.63528499980264
752 1.63528499905051
753 1.63528499692275
754 1.63528499312959
755 1.63528498766223
756 1.6352849808714
757 1.63528497345595
758 1.63528496634789
759 1.63528496046014
760 1.63528495644018
761 1.63528495452876
762 1.63528495457275
763 1.63528495620336
764 1.63528495912437
765 1.63528496334767
766 1.63528496926279
767 1.63528497748808
768 1.63528498852379
769 1.63528500230654
770 1.6352850178505
771 1.63528503325253
772 1.63528504617114
773 1.63528505457123
774 1.63528505743415
775 1.63528505513607
776 1.63528504929648
777 1.63528504217392
778 1.63528503591712
779 1.6352850319669
780 1.6352850298147
781 1.6352850277524
782 1.63528502403515
783 1.63528501769373
784 1.6352850091033
785 1.6352850001468
786 1.63528499300595
787 1.63528498901671
788 1.63528498815054
789 1.63528498915709
790 1.63528499015549
791 1.63528498939628
792 1.6352849859424
793 1.63528498006568
794 1.63528497318213
795 1.63528496730581
796 1.6352849642708
797 1.63528496507206
798 1.63528496957441
799 1.63528497664406
800 1.88528497664406
801 2.13528497664406
802 2.38528497664406
803 2.63528497664406
804 2.8
805 2.73340453747387
806 2.48340453747387
807 2.23340453747387
808 1.98340453747387
809 1.73340453747387
810 1.48340453747387
811 1.34126614665311
812 1.38347763906898
813 1.51245633466871
814 1.65811444800577
815 1.77922113736443
816 1.85879341793183
817 1.89673361461904
818 1.90227730468086
819 1.88783558054598
820 1.86488417386138
821 1.84186186531442
822 1.82364359280246
823 1.81201330186196
824 1.80660030679971
825 1.80587716848034
826 1.80797813593631
827 1.81123974426434
828 1.81446708211002
829 1.81698643875919
830 1.818564628257
831 1.81926929543647
832 1.81932522550727
833 1.81899893512852
834 1.81852395774227
835 1.81806524947069
836 1.81771349172509
837 1.81749766323026
838 1.81740535754031
839 1.81740319220472
840 1.81745292307634
841 1.81752167563359
842 1.81758664011942
843 1.81763560750537
844 1.81766501786322
845 1.81767700480949
846 1.81767649647424
847 1.81766896609905
848 1.81765903236953
849 1.81764984271055
850 1.8176430347011
851 1.81763903560067
852 1.81763749102492
853 1.81763767602582
854 1.81763880858565
855 1.81764024066179
856 1.81764153867209
857 1.81764248375033
858 1.81764302616547
859 1.81764322329183
860 1.8176431814033
861 1.81764301204506
862 1.8176428060152
863 1.81764262293609
864 1.81764249194271
865 1.81764241856815
866 1.81764239369905
867 1.81764240180512
868 1.81764242700171
869 1.81764245658479
870 1.81764248237084
871 1.81764250049867
872 1.81764251039589
873 1.81764251348867
874 1.81764251203995
875 1.8176425083082
876 1.8176425040684
877 1.81764250044162
878 1.81764249793702
879 1.81764249660617
880 1.81764249622852
881 1.81764249647524
882 1.8176424970257
883 1.81764249763227
884 1.81764249814166
885 1.81764249848712
886 1.81764249866547
887 1.81764249871047
888 1.81764249866979
889 1.81764249858888
890 1.81764249850225
891 1.8176424984308
892 1.81764249838323
893 1.81764249835943
894 1.81764249835424
895 1.81764249836078
896 1.81764249837263
897 1.81764249838497
898 1.81764249839497
899 1.81764249840152
900 1.81764249840469
901 1.81764249840527
902 1.81764249840425
903 1.81764249840253
904 1.81764249840078
905 1.81764249839938
906 1.81764249839848
907 1.81764249839805
908 1.81764249839799
909 1.81764249839814
910 1.81764249839839
911 1.81764249839864
912 1.81764249839884
913 1.81764249839897
914 1.81764249839902
915 1.81764249839903
916 1.817642498399
917 1.81764249839895
918 1.8176424983989
919 1.81764249839886
920 1.81764249839883
921 1.81764249839883
922 1.81764249839886
923 1.81764249839893
924 1.81764249839904
925 1.8176424983992
926 1.81764249839939
927 1.81764249839955
928 1.81764249839964
929 1.81764249839957
930 1.81764249839927
931 1.81764249839868
932 1.81764249839779
933 1.81764249839663
934 1.8176424983953
935 1.81764249839392
936 1.81764249839264
937 1.81764249839158
938 1.81764249839084
939 1.81764249839048
940 1.81764249839051
941 1.81764249839099
942 1.81764249839195
943 1.81764249839349
944 1.81764249839571
945 1.81764249839866
946 1.81764249840229
947 1.81764249840639
948 1.81764249841058
949 1.81764249841437
950 1.81764249841724
951 1.81764249841882
952 1.81764249841896
953 1.81764249841779
954 1.81764249841562
955 1.81764249841288
956 1.81764249840992
957 1.81764249840692
958 1.81764249840387
959 1.81764249840061
960 1.81764249839704
961 1.81764249839322
962 1.81764249838947
963 1.81764249838631
964 1.81764249838428
965 1.81764249838373
966 1.81764249838464
967 1.81764249838659
968 1.81764249838891
969 1.81764206871822
970 1.81764071277383
971 1.81763821073793
972 1.81763489974067
973 1.81763200383727
974 1.81763195293787
975 1.81763809672732
976 1.81765362912069
977 1.8176803568807
978 1.81771747482483
979 1.81776068612571
980 1.81780208473032
981 1.81783191150587
982 1.81784165162136
983 1.81782665112357
984 1.81778794563198
985 1.81773253049375
986 1.81767139837417
987 1.81761618655067
988 1.81757636654458
989 1.81755763753311
990 1.81754554075417
991 1.81753406328741
992 1.81752004918846
993 1.81750102924328
994 1.81748049771207
995 1.81747294995363
996 1.8174911206917
997 1.81753231190915
998 1.81758784322175
999 1.8176487002176
1000 1.81770821301421
1001 1.81775603406336
1002 1.81777866069094
1003 1.81777152786441
1004 1.81774022242575
1005 1.81769642003546
1006 1.81765269677927
1007 1.81761861158865
1008 1.81759891557921
1009 1.8175936933742
1010 1.81759972476873
1011 1.81761226876599
1012 1.81762664969593
1013 1.81763930524749
1014 1.8176482202343
1015 1.81765285367788
1016 1.81765375384027
1017 1.8176520614598
1018 1.81764905562553
1019 1.8176458305441
1020 1.81764312884289
1021 1.81764131173674
1022 1.81764042256583
1023 1.8176402953199
1024 1.81764066774021
1025 1.81764127269832
1026 1.81764189622764
1027 1.81764240228463
1028 1.81764273154609
1029 1.81764288440468
1030 1.81764289785631
1031 1.81764282356485
1032 1.81764271132501
1033 1.81764259934951
1034 1.81764251078949
1035 1.817642454793
1036 1.81764243009976
1037 1.81764242941386
1038 1.81764244332181
1039 1.81764246310617
1040 1.81764248229653
1041 1.81764249713102
1042 1.81764250626378
1043 1.81764251008083
1044 1.81764250992506
1045 1.81764250743041
1046 1.81764250406205
1047 1.81764250087689
1048 1.81764249846643
1049 1.81764249702061
1050 1.81764249645033
1051 1.81764249651917
1052 1.81764249695277
1053 1.81764249751185
1054 1.8176424980282
1055 1.81764249841112
1056 1.81764249863488
1057 1.81764249871766
1058 1.81764249869979
1059 1.81764249862623
1060 1.81764249853523
1061 1.81764249845303
1062 1.81764249839326
1063 1.81764249835925
1064 1.81764249834755
1065 1.81764249835144
1066 1.81764249836368
1067 1.81764249837826
1068 1.81764249839116
1069 1.81764249840036
1070 1.81764249840545
1071 1.81764249840706
1072 1.81764249840628
1073 1.81764249840428
1074 1.81764249840197
1075 1.81764249839997
1076 1.81764249839858
1077 1.81764249839782
1078 1.81764249839761
1079 1.81764249839775
1080 1.81764249839807
1081 1.81764249839844
1082 1.81764249839874
1083 1.81764249839896
1084 1.81764249839907
1085 1.81764249839909
1086 1.81764249839907
1087 1.81764249839902
1088 1.81764249839896
1089 1.81764249839891
1090 1.81764249839888
1091 1.81764249839886
1092 1.81764249839886
1093 1.81764249839886
1094 1.81764249839887
1095 1.81764249839888
1096 1.81764249839889
1097 1.8176424983989
1098 1.8176424983989
1099 1.8176424983989
1100 1.8176424983989
1101 1.8176424983989
1102 1.81764249839889
1103 1.81764249839889
1104 1.81764249839889
1105 1.81764249839889
1106 1.81764249839889
1107 1.81764249839889
1108 1.81764249839889
1109 1.81764249839889
1110 1.81764249839889
1111 1.81764249839889
1112 1.81764249839889
1113 1.81764249839889
1114 1.81764249839889
1115 1.81764249839889
1116 1.81764249839889
1117 1.81764249839889
1118 1.81764249839889
1119 1.81764249839889
1120 1.81764249839889
1121 1.81764249839889
1122 1.81764249839889
1123 1.81764249839889
1124 1.81764249839889
1125 1.81764249839889
1126 1.8176424983989
1127 1.8176424983989
1128 1.8176424983989
1129 1.8176424983989
1130 1.81764249839889
1131 1.81764249839889
1132 1.81764249839889
1133 1.81764249839889
1134 1.81764249839889
1135 1.81764249839889
1136 1.81764249839889
1137 1.81764249839889
1138 1.81764249839963
1139 1.81764249840355
1140 1.81764249841484
1141 1.81764249843741
1142 1.81764249847005
1143 1.81764249849902
1144 1.81764249849043
1145 1.8176424983879
1146 1.81764249812206
1147 1.81764249763717
1148 1.81764249693506
1149 1.81764249612867
1150 1.81764249548463
1151 1.81764249542664
1152 1.81764249647644
1153 1.81764249912594
1154 1.81764250365914
1155 1.81764250997126
1156 1.81764251745166
1157 1.81764252499178
1158 1.81764253114959
1159 1.81764253450837
1160 1.81764253407232
1161 1.81764252956564
1162 1.81764252153419
1163 1.81764251118533
1164 1.81764249997491
1165 1.81764248909702
1166 1.81764247911681
1167 1.81764246989939
1168 1.81764246088343
1169 1.81764245162456
1170 1.81764244242047
1171 1.81764243466578
1172 1.81764243065432
1173 1.81764243287406
1174 1.81764244301988
1175 1.8176424610863
1176 1.81764248496792
1177 1.81764251080928
1178 1.81764253395171
1179 1.81764255009675
1180 1.81764255731765
1181 1.81764255608822
1182 1.81764254868119
1183 1.8176425383895
1184 1.81764252835934
1185 1.81764252015706
1186 1.81764251341328
1187 1.81764250697024
1188 1.81764249989571
1189 1.81764249190474
1190 1.81764248328864
1191 1.81764247503155
1192 1.81764246892578
1193 1.81764246687257
1194 1.81764246991671
1195 1.81764247766891
1196 1.81764248838739
1197 1.8176424995924
1198 1.81764250887897
1199 1.81764251459258
1200 1.81764251616457
