1 2
2 2
3 2
4 2
5 2
6 2
7 2
8 2
9 2
10 2
11 2
12 2
13 2
14 2
15 2
16 2
17 2
18 2
19 2
20 2
21 2
22 2
23 2
24 2
25 2
26 2
27 2
28 2
29 2
30 2.25
31 2.27877090909091
32 2.30786181818182
33 2.33695272727273
34 2.36604363636364
35 2.39513454545455
36 2.42422545454545
37 2.45331636363636
38 2.48240727272727
39 2.51149818181818
40 2.53928525040364
41 2.56467866872805
42 2.58782381311427
43 2.60882522597485
44 2.62775844441987
45 2.64467669909659
46 2.65961611962292
47 2.67259977590971
48 2.68364081335923
49 2.69274488286602
50 2.69991882210096
51 2.70518269487517
52 2.70857213854253
53 2.7101347065413
54 2.70992727231782
55 2.70801418106245
56 2.70446593876149
57 2.69935828479542
58 2.69277153625915
59 2.68479012308964
60 2.67550222032451
61 2.66499935512766
62 2.65337592393666
63 2.64072864383601
64 2.62715598014806
65 2.61275757535212
66 2.59763369349882
67 2.58188468726896
68 2.565610490463
69 2.54891013611307
70 2.53188129915688
71 2.51461986265405
72 2.49721950745141
73 2.4797713261214
74 2.462363462401
75 2.44508077735444
76 2.42800454328229
77 2.41121216612958
78 2.39477693687164
79 2.37876781211403
80 2.36324922394317
81 2.34828091890432
82 2.33391782585174
83 2.32020995229584
84 2.30720230875705
85 2.29493486052249
86 2.28344250608968
87 2.27275508147486
88 2.26289738946254
89 2.25388925277995
90 2.24574559009584
91 2.2384765136678
92 2.23208744739589
93 2.22657926398288
94 2.22194843985228
95 2.21818722643491
96 2.21528383640222
97 2.2132226434003
98 2.21198439382238
99 2.2115464291489
100 2.21188291738351
101 2.21296509211952
102 2.21476149778507
103 2.21723823963514
104 2.22035923708542
105 2.2240864790154
106 2.22838027970651
107 2.23319953412451
108 2.23850197130393
109 2.24424440464509
110 2.25038297799121
111 2.2568734064137
112 2.26367121069729
113 2.27073194458351
114 2.27801141389939
115 2.2854658867695
116 2.29305229418134
117 2.30072842024764
118 2.30845308158304
119 2.31618629528719
120 2.32388943510016
121 2.33152537537022
122 2.33905862254691
123 2.34645543398417
124 2.35368392390868
125 2.36071415647748
126 2.36751822591523
127 2.37407032378614
128 2.38034679351728
129 2.38632617234919
130 2.39198922094562
131 2.39731894094774
132 2.40230058080741
133 2.40692163028082
134 2.41117180400655
135 2.41504301463146
136 2.41852933598315
137 2.42162695681998
138 2.42433412571746
139 2.42665108767437
140 2.42858001304236
141 2.43012491940021
142 2.43129158700644
143 2.43208746847425
144 2.43252159331856
145 2.43260446802758
146 2.43234797231089
147 2.43176525217194
148 2.43087061044604
149 2.4296793954351
150 2.42820788825759
151 2.42647318951699
152 2.42449310587433
153 2.42228603709029
154 2.4198708640802
155 2.41726683850148
156 2.41449347436697
157 2.41157044215055
158 2.40851746582254
159 2.40535422322282
160 2.40210025014861
161 2.39877484850215
162 2.3953969988117
163 2.39198527740615
164 2.38855777849109
165 2.38513204134091
166 2.38172498278885
167 2.37835283516416
168 2.37503108979339
169 2.37177444615114
170 2.36859676671451
171 2.36551103754568
172 2.36252933459717
173 2.35966279570691
174 2.35692159822257
175 2.35431494216918
176 2.35185103884949
177 2.34953710474351
178 2.3473793605519
179 2.34538303520818
180 2.34355237466585
181 2.34189065524982
182 2.34040020134634
183 2.33908240719188
184 2.33793776250956
185 2.33696588173148
186 2.33616553653657
187 2.33553469142683
188 2.33507054205911
189 2.33476955604624
190 2.33462751593877
191 2.33463956409801
192 2.33480024917187
193 2.33510357388694
194 2.33554304387405
195 2.33611171724897
196 2.33680225467635
197 2.33760696965156
198 2.33851787874392
199 2.33952675155335
200 2.34062516014315
201 2.34180452772208
202 2.34305617636068
203 2.34437137353943
204 2.34574137733846
205 2.34715748009289
206 2.34861105035065
207 2.35009357298461
208 2.35159668732457
209 2.35311222318945
210 2.35463223471466
211 2.35614903188408
212 2.35765520969061
213 2.35914367486392
214 2.36060767011795
215 2.36204079588473
216 2.36343702951487
217 2.36479074193813
218 2.36609671179039
219 2.36735013702565
220 2.36854664404351
221 2.36968229437385
222 2.37075358897102
223 2.37175747017992
224 2.37269132144571
225 2.37355296484747
226 2.37434065654428
227 2.37505308022922
228 2.37568933869354
229 2.37624894360886
230 2.37673180364044
231 2.37713821100881
232 2.37746882662063
233 2.37772466389265
234 2.37790707139443
235 2.37801771443754
236 2.37805855573893
237 2.37803183528707
238 2.37794004953831
239 2.37778593007012
240 2.3775724218159
241 2.37730266100405
242 2.37697995292075
243 2.37660774961308
244 2.37618962764485
245 2.37572926601374
246 2.37523042433333
247 2.37469692137916
248 2.37413261409211
249 2.37354137712744
250 2.37292708303152
251 2.37229358312272
252 2.37164468914645
253 2.37098415576827
254 2.37031566396242
255 2.36964280534685
256 2.36896906750926
257 2.36829782036217
258 2.3676323035586
259 2.36697561499376
260 2.36633070041154
261 2.36570034412886
262 2.3650871608846
263 2.36449358881413
264 2.36392188354507
265 2.36337411340407
266 2.36285215571962
267 2.36235769420092
268 2.36189221736794
269 2.36145701800395
270 2.36105319359716
271 2.36068164773493
272 2.36034309241015
273 2.3600380511965
274 2.35976686324643
275 2.35952968806328
276 2.35932651099678
277 2.35915714940943
278 2.3590212594596
279 2.35891834344632
280 2.3588477576596
281 2.35880872067966
282 2.35880032206836
283 2.35882153139586
284 2.35887120754621
285 2.35894810824581
286 2.35905089975994
287 2.35917816670318
288 2.35932842191131
289 2.3595001163235
290 2.3596916488255
291 2.35990137600638
292 2.36012762178349
293 2.36036868685263
294 2.36062285792258
295 2.36088841669582
296 2.36116364855989
297 2.36144685095632
298 2.36173634139697
299 2.36203046510044
300 2.36232760222398
301 2.36262617466909
302 2.36292465244222
303 2.36322155955439
304 2.3635154794468
305 2.36380505993198
306 2.36408901764308
307 2.36436614198634
308 2.36463529859462
309 2.36489543228227
310 2.36514556950417
311 2.36538482032416
312 2.36561237990014
313 2.3658275294955
314 2.36602963702842
315 2.36621815717248
316 2.3663926310237
317 2.36655268535102
318 2.36669803144833
319 2.36682846360775
320 2.36694385723502
321 2.36704416662876
322 2.36712942244648
323 2.36719972888082
324 2.36725526057007
325 2.36729625926773
326 2.36732303029594
327 2.36733593880796
328 2.36733540588485
329 2.36732190449162
330 2.3672959553177
331 2.36725812252637
332 2.36720900943754
333 2.3671492541675
334 2.36707952524874
335 2.36700051725232
336 2.36691294643442
337 2.36681754642762
338 2.36671506399692
339 2.36660625487916
340 2.36649187972354
341 2.36637270014981
342 2.36624947493964
343 2.36612295637527
344 2.36599388673853
345 2.36586299498183
346 2.36573099358186
347 2.36559857558486
348 2.3654664118517
349 2.36533514850926
350 2.36520540461358
351 2.36507777002896
352 2.36495280352593
353 2.36483103109989
354 2.36471294451099
355 2.36459900004485
356 2.3644896174924
357 2.36438517934628
358 2.36428603021024
359 2.36419247641701
360 2.36410478584918
361 2.36402318795693
362 2.36394787396559
363 2.36387899726545
364 2.36381667397535
365 2.3637609836714
366 2.36371197027116
367 2.36366964306375
368 2.36363397787547
369 2.36360491836045
370 2.3635823774057
371 2.36356623863937
372 2.3635563580313
373 2.36355256557464
374 2.36355466703736
375 2.36356244577258
376 2.36357566457656
377 2.36359406758366
378 2.36361738218743
379 2.36364532097745
380 2.36367758368177
381 2.36371385910516
382 2.36375382705367
383 2.36379716023636
384 2.36384352613581
385 2.36389258883896
386 2.36394401082077
387 2.36399745467347
388 2.36405258477467
389 2.3641090688883
390 2.36416657969275
391 2.36422479623112
392 2.36428340527929
393 2.36434210262768
394 2.36440059427355
395 2.36445859752099
396 2.36451584198636
397 2.36457207050756
398 2.3646270399559
399 2.36468052195007
400 2.11468052195007
401 2.05718858768132
402 1.99905457496985
403 1.94091831961035
404 1.88277967425807
405 1.82463850856911
406 1.76649470925156
407 1.70834818003031
408 1.65019884152882
409 1.59204663107118
410 1.53519561297326
411 1.48088581217824
412 1.42923162443774
413 1.38034287808619
414 1.33432120721013
415 1.29126108201462
416 1.25125064671681
417 1.21437240865708
418 1.2
419 1.2
420 1.2
421 1.2
422 1.2
423 1.2
424 1.2
425 1.2
426 1.2
427 1.2
428 1.2
429 1.20193438830619
430 1.20619869729004
431 1.21251858665075
432 1.22066857822699
433 1.23046183158133
434 1.24174215148846
435 1.25437773534147
436 1.26825627717721
437 1.28328112968669
438 1.29936829152898
439 1.3164339501084
440 1.3343832813231
441 1.35311205578834
442 1.37251078874563
443 1.39246765101797
444 1.41287048621327
445 1.43360818450868
446 1.45457159627132
447 1.47565411913016
448 1.49675205547729
449 1.5177648630351
450 1.53859543534812
451 1.5591504506862
452 1.57934074736319
453 1.59908168606291
454 1.61829347761214
455 1.63690146605785
456 1.6548363639981
457 1.67203444131551
458 1.6884376707628
459 1.70399383465831
460 1.71865659635383
461 1.7323855388405
462 1.74514617186814
463 1.75690990856782
464 1.76765401256446
465 1.7773615167288
466 1.78602111492386
467 1.79362702828731
468 1.80017884772966
469 1.80568135441267
470 1.8101443200125
471 1.81358228858394
472 1.81601434184275
473 1.81746384967994
474 1.81795820771659
475 1.81752856369977
476 1.816209534527
477 1.81403891566743
478 1.81105738472039
479 1.80730820081773
480 1.80283690153383
481 1.79769099891818
482 1.79191967621029
483 1.78557348673586
484 1.77870405641744
485 1.77136379126272
486 1.76360559111925
487 1.75548257090701
488 1.74704779045896
489 1.73835399401686
490 1.72945336034372
491 1.72039726432701
492 1.71123605085885
493 1.70201882168958
494 1.69279323586249
495 1.68360532424781
496 1.67449931860588
497 1.66551749552159
498 1.65670003546655
499 1.64808489716056
500 1.63970770732246
501 1.63160166582009
502 1.62379746615279
503 1.61632323112549
504 1.60920446350319
505 1.60246401136751
506 1.59612204783375
507 1.59019606472741
508 1.5847008797641
509 1.57964865672542
510 1.57504893807688
511 1.57090868943139
512 1.56723235522407
513 1.56402192493063
514 1.56127700913258
515 1.5589949247082
516 1.55717078840798
517 1.55579761805777
518 1.55486644062129
519 1.55436640634681
520 1.55428490821943
521 1.55460770594161
522 1.55531905366904
523 1.55640183073771
524 1.55783767462952
525 1.5596071154394
526 1.56168971112494
527 1.56406418284097
528 1.56670854968544
529 1.56960026220947
530 1.57271633407312
531 1.57603347125935
532 1.57952819829131
533 1.58317698093212
534 1.58695634488238
535 1.59084299002699
536 1.59481389982095
537 1.59884644544208
538 1.60291848437756
539 1.60700845315051
540 1.61109545393213
541 1.61515933482395
542 1.61918076363403
543 1.62314129500896
544 1.62702343082141
545 1.63081067375014
546 1.63448757402494
547 1.638039769344
548 1.64145401800496
549 1.64471822532268
550 1.64782146343784
551 1.65075398464942
552 1.65350722843164
553 1.65607382232141
554 1.65844757688658
555 1.66062347500695
556 1.66259765572011
557 1.66436739290243
558 1.66593106907161
559 1.66728814461124
560 1.66843912273014
561 1.66938551047938
562 1.67012977615813
563 1.67067530344585
564 1.67102634260258
565 1.67118795908186
566 1.67116597990155
567 1.67096693811667
568 1.67059801573593
569 1.67006698541938
570 1.66938215128868
571 1.66855228917448
572 1.66758658661668
573 1.66649458292367
574 1.66528610958547
575 1.66397123132376
576 1.66256018804867
577 1.6610633379783
578 1.65949110216212
579 1.65785391063418
580 1.65616215040586
581 1.65442611549168
582 1.65265595914459
583 1.65086164846022
584 1.64905292149221
585 1.64723924700321
586 1.64542978695892
587 1.64363336185498
588 1.64185841894948
589 1.64011300345689
590 1.63840473274244
591 1.63674077354004
592 1.63512782220066
593 1.63357208796322
594 1.63207927922493
595 1.63065459277438
596 1.62930270593697
597 1.62802777156965
598 1.62683341583019
599 1.62572273863495
600 1.62469831670866
601 1.6237622091206
602 1.62291596519259
603 1.62216063465669
604 1.6214967799335
605 1.62092449039603
606 1.62044339847899
607 1.62005269748901
608 1.61975116096813
609 1.61953716346007
610 1.61940870252747
611 1.61936342186707
612 1.61939863536985
613 1.61951135197393
614 1.61969830115921
615 1.61995595893494
616 1.62028057417432
617 1.62066819515319
618 1.6211146961545
619 1.62161580400402
620 1.62216712440853
621 1.62276416797259
622 1.62340237577639
623 1.62407714440311
624 1.6247838503112
625 1.62551787345346
626 1.62627462005251
627 1.627049544449
628 1.62783816994694
629 1.62863610858783
630 1.62943907979306
631 1.63024292782183
632 1.63104363799952
633 1.63183735167899
634 1.63262037990518
635 1.6333892157605
636 1.63414054537603
637 1.6348712576007
638 1.6355784523274
639 1.63625944748182
640 1.6369117846861
641 1.63753323361568
642 1.63812179507338
643 1.63867570281048
644 1.63919342412951
645 1.6396736593084
646 1.6401153398902
647 1.64051762588639
648 1.64087990194574
649 1.64120177254392
650 1.64148305625188
651 1.64172377914373
652 1.64192416740685
653 1.64208463921882
654 1.64220579595695
655 1.64228841280757
656 1.64233342884234
657 1.64234193662969
658 1.64231517144888
659 1.64225450017427
660 1.64216140989626
661 1.64203749634464
662 1.64188445217855
663 1.64170405520576
664 1.64149815659221
665 1.64126866912047
666 1.64101755555373
667 1.64074681715919
668 1.64045848244216
669 1.64015459613943
670 1.63983720851728
671 1.63950836501657
672 1.63917009628407
673 1.63882440862592
674 1.63847327491573
675 1.63811862598658
676 1.63776234253252
677 1.63740624754197
678 1.63705209928184
679 1.63670158484795
680 1.63635631429384
681 1.63601781534684
682 1.6356875287171
683 1.63536680400196
684 1.63505689618521
685 1.63475896272784
686 1.63447406124382
687 1.63420314775213
688 1.63394707549344
689 1.63370659429759
690 1.63348235048577
691 1.633274887289
692 1.63308464576304
693 1.63291196617763
694 1.63275708985657
695 1.6326201614439
696 1.6325012315699
697 1.63240025988975
698 1.63231711846675
699 1.63225159547129
700 1.63220339916619
701 1.63217216214859
702 1.63215744581843
703 1.63215874504347
704 1.63217549299082
705 1.63220706609515
706 1.63225278913429
707 1.63231194038329
708 1.63238375681846
709 1.63246743934421
710 1.63256215801557
711 1.63266705723102
712 1.63278126087072
713 1.63290387735662
714 1.63303400461214
715 1.6331707349004
716 1.63331315952109
717 1.63346037334792
718 1.63361147918942
719 1.63376559195799
720 1.63392184263297
721 1.63407938200544
722 1.63423738419385
723 1.63439504992091
724 1.6345516095441
725 1.63470632583315
726 1.63485849648977
727 1.63500745640603
728 1.63515257965947
729 1.63529328124408
730 1.63542901853806
731 1.63555929251003
732 1.63568364866708
733 1.63580167774888
734 1.63591301617331
735 1.63601734624013
736 1.63611439610011
737 1.636203939498
738 1.63628579529855
739 1.63635982680544
740 1.63642594088384
741 1.63648408689773
742 1.63653425547386
743 1.63657647710433
744 1.63661082060059
745 1.6366373914116
746 1.63665632981918
747 1.636667809024
748 1.63667203313528
749 1.63666923507768
750 1.63665967442865
751 1.6366436351993
752 1.63662142357187
753 1.63659336560646
754 1.63655980492945
755 1.63652110041585
756 1.63647762387704
757 1.63642975776539
758 1.63637789290645
759 1.63632242626894
760 1.63626375878237
761 1.63620229321141
762 1.63613843209548
763 1.63607257576159
764 1.63600512041769
765 1.6359364563331
766 1.63586696611211
767 1.63579702306591
768 1.63572698968757
769 1.63565721623404
770 1.63558803941832
771 1.63551978121461
772 1.63545274777824
773 1.63538722848188
774 1.63532349506855
775 1.6352618009217
776 1.63520238045186
777 1.63514544859867
778 1.63509120044695
779 1.63503981095457
780 1.63499143478954
781 1.63494620627346
782 1.63490423942767
783 1.63486562811853
784 1.63483044629739
785 1.63479874833094
786 1.63477056941703
787 1.63474592608094
788 1.63472481674687
789 1.63470722237909
790 1.63469310718723
791 1.63468241938994
792 1.634675092031
793 1.6346710438422
794 1.6346701801469
795 1.63467239379837
796 1.63467756614725
797 1.63468556803201
798 1.63469626078695
799 1.63470949726199
800 1.8021578501216
801 1.81656115832652
802 1.831126528157
803 1.84569378877231
804 1.86026276593856
805 1.8748332830109
806 1.88940516189338
807 1.90397822397239
808 1.91855229102002
809 1.93312718606387
810 1.94682951193322
811 1.95895468559122
812 1.96964400974546
813 1.97900373209299
814 1.98711436085589
815 1.99403646430685
816 1.99981518381588
817 2.00448374428736
818 2.00806618385242
819 2.01057947562629
820 2.01203973029871
821 2.01247043228377
822 2.01190392738552
823 2.01037884983202
824 2.00793834537118
825 2.00462885123044
826 2.00049927056509
827 1.99560042369134
828 1.98998469126358
829 1.98370578863841
830 1.97681860449421
831 1.96937901990136
832 1.96144366532335
833 1.95306963367026
834 1.94431417882103
835 1.93523441674839
836 1.92588703851381
837 1.91632803944303
838 1.90661246578345
839 1.89679417841701
840 1.88692563242417
841 1.87705767140026
842 1.86723933611522
843 1.85751768776415
844 1.84793764634688
845 1.83854184472007
846 1.82937049873998
847 1.82046129374373
848 1.81184928744872
849 1.80356682920633
850 1.79564349543326
851 1.78810604096004
852 1.78097836597065
853 1.77428149815043
854 1.7680335896049
855 1.7622499280587
856 1.75694296179062
857 1.75212233771139
858 1.7477949519441
859 1.74396501222576
860 1.74063411141251
861 1.73780131133953
862 1.73546323626137
863 1.73361417507737
864 1.73224619153116
865 1.73134924156148
866 1.7309112969751
867 1.73091847460975
868 1.73135517015665
869 1.7322041958183
870 1.73344692098621
871 1.73506341513731
872 1.73703259216412
873 1.73933235537424
874 1.74193974241804
875 1.74483106942956
876 1.74798207369435
877 1.75136805418954
878 1.75496400937437
879 1.75874477164512
880 1.76268513790518
881 1.76675999573936
882 1.77094444472132
883 1.77521391242356
884 1.77954426474038
885 1.78391191017662
886 1.78829389779628
887 1.79266800856788
888 1.79701283988492
889 1.80130788308147
890 1.80553359380407
891 1.80967145514107
892 1.81370403345017
893 1.81761502686301
894 1.82138930648275
895 1.82501295032615
896 1.8284732700959
897 1.83175883090142
898 1.83485946407725
899 1.8377662732769
900 1.84047163404745
901 1.84296918711511
902 1.84525382563497
903 1.84732167667964
904 1.84917007725978
905 1.85079754518704
906 1.85220374510408
907 1.85338945001923
908 1.85435649869383
909 1.85510774923833
910 1.85564702928012
911 1.85597908306978
912 1.85610951589511
913 1.85604473617274
914 1.85579189558543
915 1.85535882763025
916 1.85475398493778
917 1.853986375716
918 1.85306549966448
919 1.85200128369501
920 1.8508040177841
921 1.84948429127059
922 1.84805292989854
923 1.84652093389131
924 1.84489941732782
925 1.84319954907562
926 1.84143249551932
927 1.83960936530519
928 1.83774115630543
929 1.83583870498707
930 1.83391263835254
931 1.83197332859996
932 1.83003085063269
933 1.82809494252915
934 1.82617496906514
935 1.82427988836269
936 1.82241822172129
937 1.82059802666977
938 1.81882687325952
939 1.81711182360335
940 1.81545941464765
941 1.81387564415016
942 1.81236595982072
943 1.81093525156808
944 1.80958784678261
945 1.80832750857187
946 1.80715743685475
947 1.80608027220845
948 1.80509810235305
949 1.80421247114933
950 1.80342438997704
951 1.80273435135424
952 1.80214234465154
953 1.80164787375025
954 1.80124997648875
955 1.80094724573823
956 1.80073785194633
957 1.80061956698553
958 1.80058978914244
959 1.80064556908431
960 1.80078363663979
961 1.80100042823271
962 1.80129211481014
963 1.80165463010894
964 1.80208369910891
965 1.802574866525
966 1.80312352519593
967 1.80372494423225
968 1.80437429679265
969 1.80506668736397
970 1.80579717842696
971 1.80656081639722
972 1.80735265673802
973 1.80816778814965
974 1.80900135574753
975 1.80984858314982
976 1.810704793403
977 1.81156542868256
978 1.81242606871381
979 1.81328244786658
980 1.81413047088516
981 1.81496622722356
982 1.81578600396362
983 1.81658629730177
984 1.81736382259728
985 1.81811552298287
986 1.81883857654507
987 1.81953040208888
988 1.82018866350767
989 1.82081127278552
990 1.82139639166491
991 1.82194243201817
992 1.82244805496635
993 1.82291216879352
994 1.82333392570909
995 1.8237127175145
996 1.82404817023413
997 1.8243401377731
998 1.82458869466773
999 1.82479412799604
1000 1.82495692851808
1001 1.82507778111658
1002 1.8251575546102
1003 1.82519729101145
1004 1.82519819430217
1005 1.82516161879901
1006 1.82508905718094
1007 1.82498212824989
1008 1.82484256449466
1009 1.82467219952639
1010 1.82447295545266
1011 1.82424683025462
1012 1.82399588522983
1013 1.82372223256075
1014 1.82342802306584
1015 1.82311543418795
1016 1.82278665827098
1017 1.82244389117283
1018 1.82208932125948
1019 1.82172511882128
1020 1.82135342594908
1021 1.82097634690445
1022 1.8205959390143
1023 1.82021420411672
1024 1.81983308058117
1025 1.81945443592239
1026 1.81908006002399
1027 1.81871165898387
1028 1.81835084959024
1029 1.81799915443356
1030 1.81765799765641
1031 1.81732870133993
1032 1.81701248252264
1033 1.81671045084402
1034 1.81642360680301
1035 1.81615284061823
1036 1.8158989316747
1037 1.81566254853923
1038 1.81544424952449
1039 1.81524448377979
1040 1.8150635928847
1041 1.81490181292008
1042 1.81475927698947
1043 1.81463601816268
1044 1.81453197281207
1045 1.81444698431146
1046 1.81438080706645
1047 1.81433311084464
1048 1.81430348537389
1049 1.8142914451763
1050 1.81429643460585
1051 1.81431783305742
1052 1.81435496031562
1053 1.81440708201183
1054 1.81447341515868
1055 1.81455313373186
1056 1.81464537426991
1057 1.81474924146364
1058 1.81486381370775
1059 1.81498814858859
1060 1.81512128828301
1061 1.81526226484462
1062 1.81541010535536
1063 1.81556383692136
1064 1.8157224914939
1065 1.81588511049769
1066 1.81605074925022
1067 1.81621848115764
1068 1.81638740167419
1069 1.81655663201375
1070 1.81672532260392
1071 1.81689265627443
1072 1.81705785117337
1073 1.81722016340639
1074 1.81737888939536
1075 1.81753336795475
1076 1.8176829820852
1077 1.8178271604854
1078 1.8179653787845
1079 1.8180971604989
1080 1.8182220777181
1081 1.81833975152599
1082 1.81844985216436
1083 1.81855209894725
1084 1.81864625993498
1085 1.81873215137802
1086 1.81880963694147
1087 1.81887862672169
1088 1.81893907606723
1089 1.81899098421673
1090 1.81903439276695
1091 1.81906938398446
1092 1.81909607897487
1093 1.8191146357236
1094 1.81912524702247
1095 1.81912813829622
1096 1.81912356534351
1097 1.8191118120063
1098 1.81909318778182
1099 1.81906802539099
1100 1.81903667831678
1101 1.81899951832584
1102 1.81895693298617
1103 1.81890932319339
1104 1.81885710071753
1105 1.81880068578169
1106 1.81874050468359
1107 1.81867698747023
1108 1.8186105656753
1109 1.81854167012843
1110 1.81847072884455
1111 1.81839816500108
1112 1.81832439500988
1113 1.81824982669016
1114 1.81817485754793
1115 1.81809987316676
1116 1.81802524571397
1117 1.81795133256551
1118 1.81787847505235
1119 1.81780699733019
1120 1.81773720537387
1121 1.81766938609709
1122 1.81760380659736
1123 1.8175407135256
1124 1.81748033257917
1125 1.81742286811643
1126 1.81736850289057
1127 1.81731739789985
1128 1.81726969235089
1129 1.81722550373123
1130 1.817184927987
1131 1.81714803980116
1132 1.81711489296737
1133 1.8170855208543
1134 1.81705993695493
1135 1.81703813551515
1136 1.81702009223574
1137 1.81700576504171
1138 1.8169950949128
1139 1.81698800676894
1140 1.81698441040428
1141 1.81698420146353
1142 1.81698726245427
1143 1.81699346378892
1144 1.81700266485023
1145 1.81701471507412
1146 1.81702945504395
1147 1.81704671759037
1148 1.8170663288911
1149 1.81708810956523
1150 1.81711187575674
1151 1.81713744020231
1152 1.81716461327866
1153 1.81719320402492
1154 1.81722302113586
1155 1.81725387392207
1156 1.81728557323354
1157 1.81731793234318
1158 1.81735076778758
1159 1.81738390016198
1160 1.81741715486752
1161 1.81745036280834
1162 1.81748336103711
1163 1.8175159933475
1164 1.81754811081249
1165 1.81757957226772
1166 1.81761024473959
1167 1.81764000381761
1168 1.81766873397142
1169 1.81769632881264
1170 1.81772269130226
1171 1.81774773390446
1172 1.81777137868789
1173 1.81779355737591
1174 1.81781421134707
1175 1.81783329158786
1176 1.81785075859946
1177 1.81786658226051
1178 1.81788074164833
1179 1.81789322482073
1180 1.81790402856097
1181 1.81791315808836
1182 1.81792062673729
1183 1.81792645560708
1184 1.81793067318582
1185 1.81793331495057
1186 1.81793442294699
1187 1.81793404535115
1188 1.81793223601622
1189 1.81792905400694
1190 1.81792456312452
1191 1.81791883142472
1192 1.81791193073164
1193 1.81790393614995
1194 1.81789492557782
1195 1.81788497922315
1196 1.81787417912517
1197 1.81786260868381
1198 1.81785035219872
1199 1.81783749441999
1200 1.81782412011237
