1 2
2 2
3 2
4 2
5 2
6 2
7 2
8 2
9 2
10 2
11 2
12 2
13 2
14 2
15 2
16 2
17 2
18 2
19 2
20 2
21 2
22 2
23 2
24 2
25 2
26 2
27 2
28 2
29 2
30 2.25
31 2.29317857142857
32 2.33960714285714
33 2.38603571428571
34 2.43246428571429
35 2.47889285714286
36 2.52532142857143
37 2.57175
38 2.61817857142857
39 2.66460714285714
40 2.70840181603125
41 2.74726744222215
42 2.78130065001245
43 2.8
44 2.8
45 2.8
46 2.8
47 2.8
48 2.8
49 2.8
50 2.79516935981158
51 2.78547171418229
52 2.77104682952945
53 2.75220650601804
54 2.72953590725837
55 2.70367435630979
56 2.67512914614188
57 2.64430512672512
58 2.61152687573072
59 2.57705599157473
60 2.54115547954558
61 2.5041362239599
62 2.46634654617346
63 2.42816072354881
64 2.38996538303973
65 2.35214550564238
66 2.31507412082793
67 2.27910634990538
68 2.24457637340543
69 2.21179633145363
70 2.18105592478945
71 2.15262147998642
72 2.12673426460516
73 2.10360842861781
74 2.08342889971861
75 2.06634951728012
76 2.05249159706765
77 2.04194300015469
78 2.03475769416604
79 2.0309557509231
80 2.03052371154076
81 2.03341526401769
82 2.03955220317692
83 2.04882566042651
84 2.06109759772428
85 2.0762025595024
86 2.0939496710577
87 2.11412486509928
88 2.13649331208501
89 2.16080202577321
90 2.18678261322726
91 2.21415413790171
92 2.24262606469599
93 2.27190125639564
94 2.30167899144432
95 2.33165797345341
96 2.36153930334057
97 2.39102938561679
98 2.41984274121903
99 2.44770470046827
100 2.47435395122966
101 2.49954491913079
102 2.52304995871131
103 2.54466133658183
104 2.56419299002287
105 2.58148204692331
106 2.5963900955168
107 2.60880419500291
108 2.61863762081446
109 2.62583034099122
110 2.63034922281711
111 2.6321879715477
112 2.6313668056693
113 2.62793187566516
114 2.62195443569388
115 2.61352977988537
116 2.60277595711265
117 2.58983228008107
118 2.57485764637634
119 2.55802869071211
120 2.53953778900461
121 2.5195909360661
122 2.49840551964103
123 2.47620801420431
124 2.45323161839537
125 2.42971386017441
126 2.40589419375953
127 2.38201161213892
128 2.35830229845713
129 2.33499733885685
130 2.31232051842776
131 2.29048622078417
132 2.2696974504775
133 2.25014399596322
134 2.23200074920264
135 2.21542619620565
136 2.20056109093059
137 2.18752732297244
138 2.17642698741132
139 2.16734166308105
140 2.160331903374
141 2.15543694154523
142 2.15267461033699
143 2.15204147363585
144 2.15351316581802
145 2.15704493245468
146 2.16257236415593
147 2.17001231354693
148 2.1792639837094
149 2.19021017489945
150 2.20271867498292
151 2.21664377782232
152 2.23182791281536
153 2.24810336793112
154 2.26529408792237
155 2.28321752891514
156 2.30168655029096
157 2.32051132468424
158 2.33950124701422
159 2.35846682375448
160 2.37722152410791
161 2.39558357539388
162 2.41337768575799
163 2.430436678274
164 2.44660302160905
165 2.46173024365599
166 2.47568421588484
167 2.48834429761551
168 2.49960433094903
169 2.50937347869947
170 2.51757689932557
171 2.52415625455338
172 2.52907004709193
173 2.53229378755526
174 2.53381999139983
175 2.5336580083497
176 2.53183368839696
177 2.52838889001629
178 2.52338083770658
179 2.51688133735451
180 2.5089758591946
181 2.49976249930354
182 2.4893508316073
183 2.47786066328535
184 2.46542070722382
185 2.45216718579015
186 2.4382423806736
187 2.42379314385574
188 2.40896938494143
189 2.39392255009489
190 2.37880410768932
191 2.36376405549524
192 2.3489494638073
193 2.33450306834874
194 2.32056192610284
195 2.30725614641213
196 2.29470770876704
197 2.2830293776873
198 2.27232372399331
199 2.26268226058289
200 2.25418469958374
201 2.24689833645748
202 2.24087756529998
203 2.23616352822888
204 2.23278390038687
205 2.23075281073034
206 2.23007089743331
207 2.23072549542655
208 2.23269095232552
209 2.23592906778945
210 2.24038965020911
211 2.24601118355216
212 2.25272159621254
213 2.26043912282276
214 2.26907324920137
215 2.27852572993028
216 2.28869166749175
217 2.29946064144717
218 2.31071787581261
219 2.32234543257936
220 2.33422341924365
221 2.34623119824585
222 2.35824858637452
223 2.37015703246125
224 2.38184076207373
225 2.39318787840199
226 2.40409140911973
227 2.41445028968161
228 2.42417027428087
229 2.43316476653061
230 2.44135556283685
231 2.44867350239304
232 2.45505901873291
233 2.46046258882132
234 2.46484507673001
235 2.46817797002656
236 2.47044350808865
237 2.47163470263192
238 2.47175525179807
239 2.47081935017869
240 2.46885139814203
241 2.46588561477367
242 2.46196555962959
243 2.4571435693244
244 2.45148011572974
245 2.4450430932331
246 2.43790704309942
247 2.43015232348159
248 2.42186423403933
249 2.41313210444391
250 2.40404835626919
251 2.39470754789475
252 2.3852054120765
253 2.37563789577307
254 2.36610021165693
255 2.35668591048805
256 2.34748598319085
257 2.33858800105524
258 2.33007530198607
259 2.32202623015772
260 2.31451343579843
261 2.30760324114018
262 2.30135507783103
263 2.29582100032656
264 2.29104527896373
265 2.2870640755818
266 2.28390520370071
267 2.28158797440504
268 2.28012312822085
269 2.27951285242102
270 2.27975088236131
271 2.28082268464127
272 2.28270571910961
273 2.28536977599956
274 2.2887773837929
275 2.2928842827775
276 2.29763995868842
277 2.30298823031108
278 2.30886788448115
279 2.31521335154349
280 2.32195541403294
281 2.32902194111685
282 2.33633864119241
283 2.34382982496208
284 2.35141917131788
285 2.35903048844731
286 2.36658846273016
287 2.37401938822234
288 2.38125186981772
289 2.3882174935375
290 2.39485145781479
291 2.40109316011446
292 2.40688673374958
293 2.41218153032079
294 2.41693254380573
295 2.42110077295858
296 2.42465351933474
297 2.42756461892921
298 2.42981460609997
299 2.43139080913395
300 2.43228737749618
301 2.43250524147512
302 2.43205200559302
303 2.43094177778328
304 2.42919493694093
305 2.42683784202199
306 2.42390248639782
307 2.42042610165713
308 2.41645071548543
309 2.41202266863856
310 2.40719209635725
311 2.40201237984351
312 2.39653957363396
313 2.39083181485863
314 2.38494872046643
315 2.37895077852957
316 2.37289873970977
317 2.36685301488018
318 2.36087308474989
319 2.35501692713615
320 2.34934046727378
321 2.3438970562474
322 2.3387369822815
323 2.33390701923199
324 2.32945001619334
325 2.32540453167472
326 2.32180451530918
327 2.31867903954943
328 2.31605208327554
329 2.31394236870111
330 2.31236325241917
331 2.31132267088343
332 2.31082314008011
333 2.31086180861494
334 2.31143056292476
335 2.31251618282826
336 2.31410054515974
337 2.31616087278866
338 2.31867002591914
339 2.32159683219172
340 2.32490645177713
341 2.32856077336197
342 2.33251883668058
343 2.33673727704829
344 2.34117078719983
345 2.34577259163336
346 2.35049492860676
347 2.3552895349267
348 2.36010812871359
349 2.36490288541452
350 2.36962690247097
351 2.37423464822545
352 2.37868239087042
353 2.38292860349957
354 2.38693434161352
355 2.39066358975611
356 2.39408357430909
357 2.39716503984943
358 2.39988248686956
359 2.40221436907341
360 2.40414324888484
361 2.40565591023673
362 2.40674342814292
363 2.40740119498858
364 2.40762890390172
365 2.40743048998627
366 2.4068140306013
367 2.40579160625741
368 2.40437912406659
369 2.40259610602338
370 2.40046544470879
371 2.39801312929192
372 2.39526794495631
373 2.39226114909411
374 2.38902612779272
375 2.3855980362818
376 2.38201342711389
377 2.37830986991866
378 2.3745255665985
379 2.3706989658228
380 2.36686838062931
381 2.36307161285613
382 2.35934558800667
383 2.35572600399567
384 2.35224699703782
385 2.34894082772491
386 2.34583759009463
387 2.3429649462274
388 2.34034788861964
389 2.33800853227581
390 2.33596593814079
391 2.33423596916229
392 2.33283117993264
393 2.33176074051493
394 2.33103039471301
395 2.33064245270155
396 2.33059581759527
397 2.33088604520776
398 2.3315054359343
399 2.33244315739179
400 2.08244315739179
401 1.9976161551177
402 1.90655784103411
403 1.81574663005892
404 1.72515881240688
405 1.63476881774001
406 1.54454949385579
407 1.45447239695812
408 1.3645080904846
409 1.27462644942257
410 1.2
411 1.2
412 1.2
413 1.2
414 1.2
415 1.2
416 1.2
417 1.2
418 1.2
419 1.2
420 1.2
421 1.2
422 1.20265468713696
423 1.21067855271194
424 1.22319275483185
425 1.23949764440403
426 1.25903389214943
427 1.28135217245612
428 1.30608951433194
429 1.33295084736031
430 1.36169459589094
431 1.39212142811485
432 1.4240374953725
433 1.45719941713547
434 1.49130777330652
435 1.52603393740831
436 1.56103800998121
437 1.59598060688228
438 1.63053033111612
439 1.66436824896352
440 1.69719031848223
441 1.7287084459908
442 1.75865094247809
443 1.78676342660483
444 1.81281066956417
445 1.83657896714536
446 1.85787849079835
447 1.87654533194388
448 1.89244311423691
449 1.90546414473349
450 1.9155301290864
451 1.9225925031492
452 1.92663244082894
453 1.92766058592207
454 1.92571653114607
455 1.92086804790823
456 1.91321006447542
457 1.90286339373907
458 1.88997321861292
459 1.8747073500776
460 1.85725427851297
461 1.83782104273034
462 1.81663094308238
463 1.79392112561691
464 1.76994006410158
465 1.74494496646141
466 1.71919913201041
467 1.69296928580879
468 1.66652291640522
469 1.6401256429906
470 1.61403863749933
471 1.5885161264003
472 1.56380299582273
473 1.54013252229222
474 1.51772424975503
475 1.49678203178638
476 1.47749225594779
477 1.46002226520201
478 1.44451898913438
479 1.43110779548058
480 1.41989157014418
481 1.4109500315215
482 1.4043392825595
483 1.4000916015792
484 1.39821547052623
485 1.39869583698615
486 1.40149460404824
487 1.40655133993858
488 1.41378419729188
489 1.42309103001011
490 1.43435069388084
491 1.44742451551541
492 1.4621579127291
493 1.47838214823482
494 1.49591619746758
495 1.51456871050707
496 1.53414004742533
497 1.55442436595903
498 1.57521174019296
499 1.59629028894105
500 1.61744829272132
501 1.63847627863621
502 1.65916905308265
503 1.67932766301841
504 1.69876126749118
505 1.71728890228416
506 1.73474112183043
507 1.75096150398543
508 1.76580800480464
509 1.77915415213615
510 1.79089006858618
511 1.80092331623263
512 1.80917955732717
513 1.81560302712222
514 1.8201568168656
515 1.82282296690413
516 1.82360237170918
517 1.82251450046414
518 1.81959693861883
519 1.81490475750195
520 1.80850972067509
521 1.80049933719553
522 1.79097577331724
523 1.78005463538889
524 1.76786363779309
525 1.7545411707051
526 1.74023478322387
527 1.72509959803863
528 1.70929667423645
529 1.69299133512886
530 1.67635147807733
531 1.65954588323113
532 1.6427425378586
533 1.62610699255937
534 1.6098007650973
535 1.59397980689786
536 1.57879304642076
537 1.56438102265629
538 1.55087462091588
539 1.53839392190434
540 1.52704717378706
541 1.51692989561429
542 1.50812411904966
543 1.50069777388781
544 1.49470422135036
545 1.49018193763571
546 1.48715434868244
547 1.48562981560191
548 1.48560176875915
549 1.48704898704535
550 1.48993601750413
551 1.4942137291606
552 1.49981999366782
553 1.50668048424221
554 1.51470958331608
555 1.52381138840191
556 1.53388080484606
557 1.54480471345636
558 1.55646320042252
559 1.56873083651563
560 1.58147799225405
561 1.59457217556023
562 1.60787937840461
563 1.62126541903862
564 1.63459726665429
565 1.64774433567072
566 1.66057973733044
567 1.67298147688658
568 1.68483358536606
569 1.69602717569703
570 1.70646141388081
571 1.71604439685941
572 1.72469392976924
573 1.73233819636793
574 1.73891631756303
575 1.7443787941469
576 1.74868783103891
577 1.75181754154261
578 1.75375403132901
579 1.75449536304651
580 1.75405140362137
581 1.75244355743864
582 1.74970438967242
583 1.74587714505514
584 1.74101516833002
585 1.73518123350968
586 1.72844678986051
587 1.72089113323867
588 1.71260051201567
589 1.70366717734288
590 1.69418838791304
591 1.68426537967895
592 1.6740023111848
593 1.66350519525265
594 1.65288082774662
595 1.64223572401232
596 1.63167507336094
597 1.62130172164073
598 1.61121519151753
599 1.60151074957626
600 1.59227852876293
601 1.58360271401906
602 1.57556079822501
603 1.56822291477349
604 1.56165125224887
605 1.55589955579999
606 1.55101271887421
607 1.54702646803716
608 1.54396714264657
609 1.54185157018821
610 1.54068703712797
611 1.54047135419494
612 1.54119301409553
613 1.54283143877654
614 1.54535731251428
615 1.5487329963144
616 1.55291301837119
617 1.5578446346605
618 1.56346845313512
619 1.56971911445823
620 1.57652602175497
621 1.58381411148737
622 1.59150465726588
623 1.59951609820413
624 1.60776488330188
625 1.61616632330601
626 1.62463544154811
627 1.63308781538982
628 1.64144040011959
629 1.64961232743483
630 1.65752567100662
631 1.66510617205667
632 1.67228391837136
633 1.67899397073137
634 1.68517693133975
635 1.69077944948093
636 1.69575466032987
637 1.70006255354805
638 1.70367026904314
639 1.70655231802459
640 1.70869072825021
641 1.71007511312181
642 1.71070266504307
643 1.71057807419337
644 1.70971337458938
645 1.70812771999607
646 1.70584709290297
647 1.70290395039498
648 1.69933681131387
649 1.69518978962175
650 1.69051207933758
651 1.68535739681749
652 1.67978338648745
653 1.67385099640879
654 1.66762383026299
655 1.66116748247968
656 1.65454886330131
657 1.64783552057965
658 1.6410949650336
659 1.6343940055672
660 1.62779810105278
661 1.62137073472981
662 1.61517281705885
663 1.60926212250586
664 1.60369276531884
665 1.59851471890222
666 1.59377338289816
667 1.5895092015554
668 1.58575733640897
669 1.58254739571576
670 1.57990322249653
671 1.57784274243087
672 1.57637787224386
673 1.57551448861817
674 1.57525245706815
675 1.57558571963009
676 1.5765024396594
677 1.57798520148755
678 1.58001126218332
679 1.5825528521888
680 1.58557752116599
681 1.58904852499625
682 1.59292524952841
683 1.59716366637181
684 1.60171681578309
685 1.60653531149902
686 1.61156786222592
687 1.61676180440775
688 1.62206364086124
689 1.62741957988641
690 1.63277606953341
691 1.63808032183095
692 1.64328082195508
693 1.6483278175376
694 1.65317378357801
695 1.65777385872856
696 1.66208624906477
697 1.66607259583003
698 1.6696983040482
699 1.6729328293287
700 1.67574992063846
701 1.67812781728142
702 1.6800493988025
703 1.68150228701526
704 1.68247889983588
705 1.6829764570854
706 1.68299693889309
707 1.68254699779187
708 1.68163782603725
709 1.68028498010055
710 1.6785081646809
711 1.67633097894601
712 1.67378062804479
713 1.67088760323319
714 1.66768533421639
715 1.66420981753187
716 1.66049922497951
717 1.65659349624356
718 1.65253391994786
719 1.64836270743842
720 1.64412256359767
721 1.63985625896189
722 1.63560620733934
723 1.63141405301197
724 1.62732027145045
725 1.62336378728277
726 1.61958161303283
727 1.61600851189039
728 1.61267668748978
729 1.60961550336636
730 1.60685123442843
731 1.60440685243361
732 1.60230184709491
733 1.6005520840673
734 1.59916970068419
735 1.59816303992892
736 1.59753662274239
737 1.597291158389
738 1.59742359223197
739 1.59792718990973
740 1.598791656561
741 1.60000328942024
742 1.60154516180046
743 1.60339733619936
744 1.60553710401091
745 1.60793924909766
746 1.61057633228432
747 1.61341899366842
748 1.61643626951339
749 1.61959592039214
750 1.62286476718598
751 1.62620903151528
752 1.62959467718397
753 1.63298774925857
754 1.63635470747497
755 1.63966275076892
756 1.6428801298603
757 1.64597644498251
758 1.64892292603695
759 1.65169269266438
760 1.65426099195933
761 1.65660541180628
762 1.65870606808582
763 1.66054576428159
764 1.66211012231188
765 1.66338768371003
766 1.66436998058286
767 1.66505157608201
768 1.66543007442744
769 1.66550610082191
770 1.66528325188672
771 1.66476801753088
772 1.66396967543375
773 1.66290015957455
774 1.6615739044769
775 1.66000766705217
776 1.65822032811879
777 1.65623267584546
778 1.65406717351158
779 1.65174771409879
780 1.64929936432078
781 1.64674810076543
782 1.6441205408625
783 1.64144367140208
784 1.63874457731402
785 1.63605017337715
786 1.63338694145967
787 1.63078067580043
788 1.62825623872542
789 1.62583732905651
790 1.6235462653122
791 1.62140378562397
792 1.61942886609961
793 1.61763855915833
794 1.61604785314354
795 1.61466955429099
796 1.61351419189412
797 1.61258994726763
798 1.61190260686757
799 1.61145553968252
800 1.86145553968252
801 1.88307877320381
802 1.90656301579178
803 1.93027721658724
804 1.95421314577784
805 1.97836050699635
806 2.00270706846681
807 2.02723881133689
808 2.05194009348812
809 2.07679382698731
810 2.09914560032427
811 2.11690680306105
812 2.13055804772425
813 2.14043819248761
814 2.14680212879594
815 2.14983958695794
816 2.14968989989181
817 2.14645353837051
818 2.14020112915001
819 2.13098050971795
820 2.11885002316659
821 2.10392404780852
822 2.08637681290834
823 2.06642275373753
824 2.04430331017676
825 2.02027792487053
826 1.99461802073013
827 1.96760306917175
828 1.93951810711321
829 1.9106522418021
830 1.88129752236804
831 1.8517473075001
832 1.82229375970381
833 1.79322481255509
834 1.76482103766238
835 1.7373526445183
836 1.71107672877876
837 1.68623481203288
838 1.66305067364317
839 1.6417284522436
840 1.62245098691564
841 1.60537837691011
842 1.59064675781027
843 1.57836730692668
844 1.56862549476514
845 1.56148059615853
846 1.55696546865836
847 1.5550865994536
848 1.55582441660012
849 1.55913385615726
850 1.56494517395982
851 1.57316498890707
852 1.5836775433304
853 1.59634616476455
854 1.61101491209434
855 1.62751038760076
856 1.64564369500047
857 1.66521252228086
858 1.68600332706892
859 1.70779360148684
860 1.73035419295473
861 1.7534516571913
862 1.77685061971356
863 1.80031612242314
864 1.82361593237227
865 1.84652279051486
866 1.86881657915986
867 1.89028638794666
868 1.91073245944628
869 1.92996799694543
870 1.94782081857614
871 1.96413484369479
872 1.97877139927094
873 1.99161033599653
874 2.00255094585031
875 2.01151267492798
876 2.01843562745536
877 2.02328085901776
878 2.02603045914423
879 2.02668742545851
880 2.02527533363053
881 2.02183780931353
882 2.01643781011435
883 2.00915672740038
884 2.00009331938159
885 1.98936248840396
886 1.9770939167401
887 1.96343057635187
888 1.94852712911922
889 1.9325482348721
890 1.91566678522121
891 1.89806208165655
892 1.87991797666597
893 1.8614209967214
894 1.84275846588802
895 1.8241166485362
896 1.80567892918226
897 1.78762404685926
898 1.7701244006319
899 1.7533444419296
900 1.73743916829148
901 1.72255273190785
902 1.70881717501948
903 1.69635130281258
904 1.68525970293992
905 1.67563191922231
906 1.66754178545717
907 1.66104692359816
908 1.65618840888864
909 1.65299060285004
910 1.65146115335886
911 1.65159115941098
912 1.65335549658351
913 1.65671329767838
914 1.66160858158215
915 1.66797102201581
916 1.67571684659008
917 1.68474985543502
918 1.6949625476489
919 1.70623734291786
920 1.71844788490166
921 1.73146041236789
922 1.74513518359078
923 1.75932793921408
924 1.77389138861091
925 1.78867670475741
926 1.80353501276785
927 1.8183188575152
928 1.83288363617644
929 1.84708898209089
930 1.86080008699527
931 1.87388894949231
932 1.88623553851087
933 1.89772886151478
934 1.90826792830344
935 1.91776260240738
936 1.92613433330445
937 1.9333167639543
938 1.93925620945589
939 1.94391200396343
940 1.94725671433505
941 1.94927622032383
942 1.94996966243841
943 1.94934925988818
944 1.94744000227348
945 1.94427921987274
946 1.93991603850481
947 1.93441072599658
948 1.9278339382526
949 1.9202658737981
950 1.91179534644105
951 1.90251878636726
952 1.89253918053936
953 1.88196496371246
954 1.87090887170343
955 1.85948676875537
956 1.84781646092392
957 1.83601650737861
958 1.82420504136204
959 1.81249861228559
960 1.80101106006768
961 1.78985243234271
962 1.77912795459422
963 1.76893706259951
964 1.75937250582439
965 1.75051952958318
966 1.74245514289109
967 1.73524747799184
968 1.72895524655433
969 1.7236272965078
970 1.71930227243633
971 1.71600838139102
972 1.7137632649129
973 1.71257397700156
974 1.71243706672447
975 1.71333876314951
976 1.71525525930844
977 1.71815309097041
978 1.72198960513109
979 1.72671351231227
980 1.73226551602554
981 1.73857901208922
982 1.74558084990405
983 1.7531921472963
984 1.76132915012963
985 1.76990412757232
986 1.7788262936861
987 1.78800274587755
988 1.79733941072276
989 1.80674198773968
990 1.81611688183822
991 1.82537211542283
992 1.83441821145259
993 1.84316903917483
994 1.85154261473511
995 1.85946184942319
996 1.86685523893431
997 1.87365748770185
998 1.87981006308216
999 1.88526167493894
1000 1.88996867697325
1001 1.89389538696912
1002 1.89701432396403
1003 1.89930636120109
1004 1.9007607945656
1005 1.90137532704607
1006 1.9011559705793
1007 1.90011686743356
1008 1.89828003404609
1009 1.89567503095292
1010 1.89233856312545
1011 1.88831401565154
1012 1.8836509302653
1013 1.87840442873343
1014 1.87263458954327
1015 1.8664057847053
1016 1.85978598377796
1017 1.85284603244349
1018 1.84565891310887
1019 1.83829899507602
1020 1.8308412818192
1021 1.82336066282847
1022 1.81593117732525
1023 1.80862529693458
1024 1.80151323410979
1025 1.79466228275403
1026 1.78813619707328
1027 1.78199461423193
1028 1.77629252587055
1029 1.77107980299115
1030 1.76640077812475
1031 1.76229388807525
1032 1.75879137988971
1033 1.75591908204364
1034 1.75369624215905
1035 1.75213543189836
1036 1.75124251900624
1037 1.75101670580996
1038 1.75145063284422
1039 1.75253054564358
1040 1.75423652215158
1041 1.75654275763474
1042 1.75941790346795
1043 1.76282545567902
1044 1.7667241887089
1045 1.77106862946397
1046 1.77580956641043
1047 1.78089458819087
1048 1.78626864603182
1049 1.79187463405856
1050 1.79765398154196
1051 1.80354725107015
1052 1.80949473666585
1053 1.81543705595657
1054 1.82131573064821
1055 1.82707374975047
1056 1.83265611025206
1057 1.83801033024223
1058 1.84308692981844
1059 1.84783987550443
1060 1.85222698432382
1061 1.85621028412735
1062 1.85975632725197
1063 1.86283645509137
1064 1.86542701167655
1065 1.86750950489433
1066 1.86907071450768
1067 1.87010274667769
1068 1.87060303521871
1069 1.87057429033945
1070 1.87002439612981
1071 1.8689662585397
1072 1.86741760605932
1073 1.86540074574433
1074 1.86294227763148
1075 1.86007277095657
1076 1.8568264059139
1077 1.85324058498228
1078 1.84935551808442
1079 1.84521378604363
1080 1.8408598869507
1081 1.83633977015672
1082 1.83170036266119
1083 1.82698909267152
1084 1.82225341506906
1085 1.81754034343021
1086 1.8128959931195
1087 1.8083651397978
1088 1.80399079747439
1089 1.79981381997973
1090 1.79587252944925
1091 1.79220237509102
1092 1.78883562516425
1093 1.78580109472675
1094 1.78312391131999
1095 1.78082532035557
1096 1.77892253155019
1097 1.77742860733266
1098 1.77635239371944
1099 1.7756984937296
1100 1.77546728299004
1101 1.77565496677106
1102 1.77625367729497
1103 1.77725160978032
1104 1.77863319532471
1105 1.78037930839342
1106 1.78246750637213
1107 1.7848722983627
1108 1.78756544015324
1109 1.79051625207987
1110 1.79369195631942
1111 1.79705803001013
1112 1.80057857049376
1113 1.80421666890575
1114 1.80793478831263
1115 1.81169514260509
1116 1.81546007240272
1117 1.81919241430909
1118 1.82285585997457
1119 1.82641530157502
1120 1.82983716049757
1121 1.83308969623592
1122 1.83614329273594
1123 1.83897071969387
1124 1.84154736659245
1125 1.84385144756059
1126 1.84586417545701
1127 1.84756990390493
1128 1.84895623633862
1129 1.85001410146121
1130 1.85073779485297
1131 1.85112498680633
1132 1.85117669679558
1133 1.85089723531244
1134 1.85029411410917
1135 1.84937792618783
1136 1.84816219715265
1137 1.84666320980183
1138 1.84489980407151
1139 1.84289315465736
1140 1.8406665288256
1141 1.83824502708465
1142 1.83565530951877
1143 1.83292531068639
1144 1.83008394605657
1145 1.82716081299787
1146 1.82418588934414
1147 1.82118923254221
1148 1.8182006823377
1149 1.8152495698774
1150 1.8123644360028
1151 1.80957276137805
1152 1.8069007109419
1153 1.80437289499559
1154 1.80201214904189
1155 1.79983933427528
1156 1.79787316039232
1157 1.79613003214755
1158 1.79462392082567
1159 1.79336626153853
1160 1.79236587698774
1161 1.79162892806401
1162 1.79115889138438
1163 1.79095656360147
1164 1.79102009205801
1165 1.79134503110564
1166 1.79192442316471
1167 1.79274890337065
1168 1.79380682643693
1169 1.79508441416553
1170 1.79656592185452
1171 1.79823382169185
1172 1.80006900108395
1173 1.80205097375053
1174 1.80415810132208
1175 1.80636782310567
1176 1.80865689163768
1177 1.81100161161934
1178 1.81337807983211
1179 1.81576242365485
1180 1.81813103585253
1181 1.8204608033768
1182 1.82272932800967
1183 1.82491513679364
1184 1.82699788032145
1185 1.82895851710594
1186 1.83077948241359
1187 1.832444840121
1188 1.8339404163423
1189 1.83525391377234
1190 1.83637500589629
1191 1.83729541042661
1192 1.83800894154199
1193 1.83851154071846
1194 1.83880128615614
1195 1.83887838101639
1196 1.83874512088977
1197 1.83840584111358
1198 1.83786684474787
1199 1.83713631219713
1200 1.83622419363233
