1 2
2 2
3 2
4 2
5 2
6 2
7 2
8 2
9 2
10 2
11 2
12 2
13 2
14 2
15 2
16 2
17 2
18 2
19 2
20 2
21 2
22 2
23 2
24 2
25 2
26 2
27 2
28 2
29 2
30 2.24933333333333
31 2.275
32 2.31166666666667
33 2.34833333333333
34 2.385
35 2.42166666666667
36 2.45833333333333
37 2.495
38 2.53166666666667
39 2.56833333333333
40 2.604031778328
41 2.63794799173277
42 2.67009824954758
43 2.70040807657684
44 2.72880403312643
45 2.75521253604741
46 2.77956069208629
47 2.8
48 2.8
49 2.8
50 2.8
51 2.8
52 2.8
53 2.8
54 2.8
55 2.8
56 2.8
57 2.7984114480241
58 2.79452455892706
59 2.78850674164772
60 2.78050190426866
61 2.7706381563331
62 2.75903051736507
63 2.74578306502933
64 2.73099064492214
65 2.71474023710938
66 2.69711205359047
67 2.67818659328367
68 2.65805266969095
69 2.63680790435703
70 2.61455656383405
71 2.59140799255703
72 2.56747534941809
73 2.54287458243489
74 2.51772359051101
75 2.49214153310508
76 2.46624825764106
77 2.44016379741561
78 2.41400787591342
79 2.38789938868205
80 2.36195587285702
81 2.33629297832331
82 2.31102394928662
83 2.28625912232524
84 2.26210544500454
85 2.23866601770162
86 2.21603966025492
87 2.19432050440577
88 2.17359761280967
89 2.15395462552507
90 2.13546943503077
91 2.11821389084416
92 2.10225353474263
93 2.08764736747021
94 2.07444764766369
95 2.06269972357126
96 2.05244189797307
97 2.04370532655261
98 2.03651394981209
99 2.03088445847509
100 2.02682629217183
101 2.02434167105795
102 2.02342565987486
103 2.02406626382017
104 2.02624455546061
105 2.02993483178805
106 2.03510480039288
107 2.04171579360779
108 2.0497230093608
109 2.05907577736864
110 2.06971784920093
111 2.08158771065326
112 2.09461891478214
113 2.10874043387837
114 2.12387702858768
115 2.13994963232796
116 2.15687574910255
117 2.17456986276779
118 2.19294385578135
119 2.21190743543494
120 2.23136856556214
121 2.2512339017075
122 2.27140922774849
123 2.29179989197585
124 2.3123112406609
125 2.33284904717002
126 2.35331993472691
127 2.37363179097123
128 2.39369417251882
129 2.41341869779235
130 2.43271942646214
131 2.45151322391497
132 2.46972010925259
133 2.48726358541193
134 2.50407095009426
135 2.5200735862916
136 2.53520723130295
137 2.54941222324242
138 2.56263372415332
139 2.57482191895757
140 2.58593218958713
141 2.59592526376365
142 2.60476733801266
143 2.61243017461984
144 2.61889117235806
145 2.62413341093453
146 2.62814566922697
147 2.63092241749594
148 2.63246378387649
149 2.63277549556571
150 2.63186879523328
151 2.62976033328892
152 2.62647203674359
153 2.62203095549994
154 2.61646908700099
155 2.60982318025481
156 2.60213452033585
157 2.59344869454068
158 2.58381534144728
159 2.57328788419116
160 2.56192324933011
161 2.54978157272027
162 2.53692589387057
163 2.52342184027976
164 2.50933730329005
165 2.49474210701425
166 2.47970767190842
167 2.46430667457036
168 2.448612705345
169 2.43269992531151
170 2.4166427242133
171 2.40051538087214
172 2.38439172760017
173 2.36834482008993
174 2.35244661422267
175 2.33676765118873
176 2.32137675226197
177 2.30634072451252
178 2.29172407867946
179 2.27758876035715
180 2.2639938955768
181 2.25099555178864
182 2.23864651516952
183 2.22699608509759
184 2.21608988654899
185 2.20596970108275
186 2.19667331698846
187 2.18823439907919
188 2.1806823785174
189 2.1740423629674
190 2.1683350672722
191 2.16357676475804
192 2.15977925917477
193 2.15694987718719
194 2.15509148123961
195 2.15420250252577
196 2.15427699370777
197 2.15530470094161
198 2.15727115468425
199 2.16015777867715
200 2.16394201642522
201 2.16859747441773
202 2.17409408126952
203 2.18039826189738
204 2.18747312578709
205 2.19527866835274
206 2.20377198434075
207 2.21290749218706
208 2.22263716819787
209 2.23291078939111
210 2.24367618380856
211 2.25487948708717
212 2.26646540406181
213 2.27837747416192
214 2.29055833935986
215 2.30295001342985
216 2.31549415128358
217 2.3281323171606
218 2.34080625046946
219 2.35345812809878
220 2.36603082204523
221 2.37846815123893
222 2.39071512648419
223 2.40271818747621
224 2.41442543090072
225 2.42578682867433
226 2.43675443543772
227 2.44728258447161
228 2.45732807126652
229 2.46685032404128
230 2.47581156057149
231 2.48417693075793
232 2.49191464443544
233 2.49899608399464
234 2.50539590146239
235 2.5110920997607
236 2.51606609793872
237 2.52030278024692
238 2.52379052899732
239 2.5265212412277
240 2.52849032926092
241 2.52969670532257
242 2.5301427504508
243 2.52983426800082
244 2.52878042211355
245 2.52699366158201
246 2.52448962961093
247 2.52128706002379
248 2.51740766052744
249 2.51287598369649
250 2.50771928638896
251 2.50196737834939
252 2.49565246079714
253 2.4888089558346
254 2.48147332754319
255 2.47368389566378
256 2.46548064278233
257 2.45690501596188
258 2.44799972377717
259 2.43880852971941
260 2.42937604294506
261 2.41974750734457
262 2.40996858990462
263 2.40008516933052
264 2.39014312588435
265 2.38018813337903
266 2.37026545424918
267 2.36041973859595
268 2.35069482807611
269 2.34113356547438
270 2.33177761076393
271 2.32266726442208
272 2.31384129872741
273 2.30533679772111
274 2.29718900646866
275 2.28943119020971
276 2.28209450393269
277 2.27520787285829
278 2.26879788426124
279 2.26288869100409
280 2.2575019270999
281 2.25265663556263
282 2.24836920874593
283 2.24465334131236
284 2.241519995916
285 2.23897738162346
286 2.23703094503981
287 2.23568337404897
288 2.23493461402178
289 2.23478189628994
290 2.23521977863046
291 2.23624019745362
292 2.23783253133717
293 2.23998367550218
294 2.2426781267802
295 2.24589807857861
296 2.24962352531073
297 2.2538323757198
298 2.25850057449175
299 2.2636022315199
300 2.26910975815701
301 2.27499400976501
302 2.28122443385143
303 2.28776922306342
304 2.29459547229579
305 2.30166933915858
306 2.3089562070421
307 2.31642085001341
308 2.324027598778
309 2.33174050694318
310 2.33952351682652
311 2.34734062406227
312 2.35515604027185
313 2.3629343530811
314 2.37064068278597
315 2.37824083499105
316 2.38570144857042
317 2.39299013832817
318 2.40007563176646
319 2.4069278994017
320 2.41351827810454
321 2.41981958697632
322 2.42580623531342
323 2.43145432225169
324 2.43674172772458
325 2.44164819441232
326 2.44615540040322
327 2.45024702233324
328 2.45390878881576
329 2.45712852401908
330 2.4598961812957
331 2.46220386681311
332 2.46404585318205
333 2.46541858312325
334 2.46632066325872
335 2.46675284815719
336 2.46671801480652
337 2.46622112772716
338 2.46526919498127
339 2.46387121537053
340 2.46203811715279
341 2.45978268864255
342 2.45711950109353
343 2.45406482429228
344 2.45063653532055
345 2.44685402097025
346 2.44273807431885
347 2.43831078599402
348 2.4335954306752
349 2.42861634939569
350 2.42339882822184
351 2.41796897389693
352 2.41235358704437
353 2.40658003353046
354 2.40067611458862
355 2.39466993630666
356 2.3885897790753
357 2.38246396759018
358 2.37632074199097
359 2.37018813071008
360 2.36409382558971
361 2.35806505981013
362 2.35212848915355
363 2.34631007710764
364 2.34063498428991
365 2.33512746264979
366 2.32981075487901
367 2.32470699943236
368 2.31983714153202
369 2.31522085049702
370 2.31087644370775
371 2.30682081748167
372 2.30306938510271
373 2.2996360222115
374 2.29653301972823
375 2.29377104444415
376 2.29135910738135
377 2.28930453998427
378 2.28761297817035
379 2.2862883542312
380 2.28533289654017
381 2.28474713698741
382 2.284529926029
383 2.28467845520376
384 2.28518828693867
385 2.28605339143283
386 2.28726619037992
387 2.2888176072604
388 2.29069712390818
389 2.29289284303035
390 2.29539155633559
391 2.29817881790452
392 2.30123902241551
393 2.30455548782126
394 2.30811054205568
395 2.31188561333641
396 2.31586132361659
397 2.32001758472997
398 2.32433369676556
399 2.32878844820317
400 2.07878844820317
401 2.03212197205016
402 1.96352844893073
403 1.89498564092932
404 1.82647130909791
405 1.75796331428293
406 1.68943971646199
407 1.62087887215555
408 1.55225952949166
409 1.48356092051703
410 1.41575141415013
411 1.34974016217618
412 1.28570313513459
413 1.22391723200921
414 1.2
415 1.2
416 1.2
417 1.2
418 1.2
419 1.2
420 1.2
421 1.2
422 1.2
423 1.2
424 1.2
425 1.2
426 1.2
427 1.2
428 1.2
429 1.2
430 1.2
431 1.2
432 1.2
433 1.20210673480595
434 1.20630093662596
435 1.21246969316232
436 1.22050799204457
437 1.23031780956028
438 1.24180735995116
439 1.25489047178208
440 1.26948606519565
441 1.28551770956121
442 1.30291324546767
443 1.32159627751253
444 1.34147992895086
445 1.36246904702155
446 1.38446195343339
447 1.40735186201997
448 1.4310280481166
449 1.45537681897133
450 1.4802823238269
451 1.50562723402212
452 1.53129331702188
453 1.55716195504514
454 1.58311466987881
455 1.60903366576196
456 1.6348023747882
457 1.66030599526123
458 1.68543201628578
459 1.71007072391664
460 1.73411568569133
461 1.75746421147397
462 1.78001778934615
463 1.80168249574847
464 1.8223693791132
465 1.84199481604533
466 1.86048083899999
467 1.87775543441521
468 1.8937528103365
469 1.90841363268841
470 1.92168522948972
471 1.93352176246124
472 1.94388436562995
473 1.95274125068578
474 1.96006777899571
475 1.96584650032589
476 1.97006715846588
477 1.97272666409176
478 1.97382903534513
479 1.97338530674312
480 1.97141340716886
481 1.96793800782263
482 1.96299034113925
483 1.95660799179745
484 1.94883466106082
485 1.93971990579717
486 1.92931885362353
487 1.91769189571639
488 1.90490435891208
489 1.8910261587987
490 1.87613143556932
491 1.86029817446601
492 1.84360781269488
493 1.82614483473416
494 1.80799635799015
495 1.78925171077915
496 1.77000200462809
497 1.75033970289151
498 1.73035818767873
499 1.71015132707215
500 1.68981304459575
501 1.66943689286259
502 1.64911563329124
503 1.62894082373402
504 1.60900241580515
505 1.58938836363451
506 1.57018424570312
507 1.55147290134003
508 1.53333408337778
509 1.51584412837457
510 1.49907564571761
511 1.48309722682252
512 1.46797317554037
513 1.45376326077627
514 1.44052249221229
515 1.42830091991375
516 1.41714345848141
517 1.40708973629425
518 1.39817397026794
519 1.39042486643415
520 1.38386554652572
521 1.37851350063286
522 1.37438056587653
523 1.37147293092818
524 1.36979116608901
525 1.3693302785297
526 1.37007979218087
527 1.3720238516587
528 1.37514134950704
529 1.37940607593922
530 1.38478689016923
531 1.39124791233332
532 1.39874873492007
533 1.40724465254964
534 1.41668690887178
535 1.42702295928699
536 1.43819674813715
537 1.45014899895994
538 1.46281751635695
539 1.47613749798729
540 1.49004185516833
541 1.50446154054138
542 1.51932588124445
543 1.53456291602471
544 1.55009973472216
545 1.56586281856097
546 1.58177837969745
547 1.59777269849329
548 1.61377245700818
549 1.62970506723919
550 1.64549899267271
551 1.6610840617603
552 1.67639177198037
553 1.69135558320408
554 1.70591119914591
555 1.71999683574526
556 1.73355347539728
557 1.74652510602576
558 1.75885894407055
559 1.77050564054395
560 1.78141946939643
561 1.79155849751971
562 1.80088473580544
563 1.80936427076992
564 1.81696737634785
565 1.82366860555269
566 1.82944686179515
567 1.83428544974596
568 1.8381721057228
569 1.84109900767442
570 1.84306276492672
571 1.84406438794543
572 1.8441092384583
573 1.84320696036494
574 1.84137139194527
575 1.83862045995716
576 1.8349760562895
577 1.83046389790973
578 1.82511337091238
579 1.81895735953943
580 1.81203206110217
581 1.80437678778868
582 1.79603375639043
583 1.78704786702557
584 1.77746647197518
585 1.76733913578232
586 1.75671738779122
587 1.74565446832633
588 1.73420506972733
589 1.72242507346691
590 1.71037128458354
591 1.69810116466061
592 1.68567256457749
593 1.67314345824629
594 1.66057167853139
595 1.64801465652621
596 1.63552916533485
597 1.62317106947351
598 1.61099508097017
599 1.59905452319898
600 1.58740110344058
601 1.57608469510956
602 1.56515313053663
603 1.55465200513656
604 1.54462449373214
605 1.53511117974202
606 1.52614989787409
607 1.51777559089881
608 1.51002018100656
609 1.50291245618241
610 1.4964779719586
611 1.49073896883194
612 1.48571430555927
613 1.48141940847002
614 1.4778662368607
615 1.47506326446267
616 1.47301547690192
617 1.47172438499764
618 1.47118805367634
619 1.4714011462097
620 1.47235498341792
621 1.47403761741613
622 1.47643391941994
623 1.47952568106719
624 1.48329172865771
625 1.48770804966009
626 1.49274793078577
627 1.4983821068854
628 1.50457891988123
629 1.51130448691157
630 1.51852287683039
631 1.52619629417587
632 1.5342852696971
633 1.54274885650761
634 1.55154483091872
635 1.56062989699403
636 1.56995989385941
637 1.57949000480038
638 1.58917496718065
639 1.59896928222154
640 1.60882742369289
641 1.61870404458054
642 1.62855418081437
643 1.63833345116338
644 1.64799825243146
645 1.65750594911688
646 1.66681505673305
647 1.67588541802457
648 1.68467837135282
649 1.69315691056852
650 1.70128583573386
651 1.70903189410535
652 1.71636391083832
653 1.72325290892652
654 1.72967221794368
655 1.73559757120946
656 1.74100719105844
657 1.74588186194795
658 1.75020499119863
659 1.75396265721946
660 1.75714364512762
661 1.75973946973138
662 1.76174438590185
663 1.76315538641644
664 1.76397218741263
665 1.76419720164572
666 1.76383549979708
667 1.76289476013143
668 1.76138520685123
669 1.75931953754404
670 1.75671284016385
671 1.75358250003067
672 1.74994809737251
673 1.74583129597173
674 1.74125572351192
675 1.73624684425343
676 1.7308318246934
677 1.72503939289176
678 1.71889969216595
679 1.71244412987561
680 1.70570522203331
681 1.69871643448871
682 1.6915120214413
683 1.6841268620414
684 1.67659629583973
685 1.66895595784347
686 1.66124161393049
687 1.65348899736428
688 1.64573364713929
689 1.63801074887082
690 1.63035497892433
691 1.62280035245771
692 1.61538007602493
693 1.60812640536235
694 1.60107050894912
695 1.59424233790067
696 1.58767050272002
697 1.58138215739495
698 1.57540289129097
699 1.56975662924981
700 1.56446554026194
701 1.55954995503895
702 1.55502829276768
703 1.55091699728382
704 1.54723048285734
705 1.54398108973651
706 1.54117904955171
707 1.53883246063435
708 1.53694727326069
709 1.53552728478544
710 1.53457414458521
711 1.53408736868869
712 1.53406436392724
713 1.53450046139877
714 1.53538895899699
715 1.53672117272021
716 1.53848649643665
717 1.54067246974818
718 1.54326485356161
719 1.54624771294566
720 1.54960350682281
721 1.55331318401931
722 1.5573562851723
723 1.56171104997192
724 1.56635452919722
725 1.57126270098878
726 1.57641059078716
727 1.58177239435588
728 1.58732160329941
729 1.59303113248146
730 1.59887344874649
731 1.60482070034734
732 1.61084484648507
733 1.61691778637264
734 1.62301148724212
735 1.62909811072616
736 1.63515013705739
737 1.64114048654521
738 1.64704263780744
739 1.65283074225396
740 1.65847973434219
741 1.66396543714799
742 1.66926466282162
743 1.67435530752596
744 1.6792164404835
745 1.68382838678895
746 1.68817280367629
747 1.69223274996185
748 1.69599274841882
749 1.69943884087327
750 1.70255863584673
751 1.70534134860605
752 1.7077778335173
753 1.70986060863595
754 1.71158387250208
755 1.71294351314446
756 1.71393710933304
757 1.71456392415379
758 1.71482489101423
759 1.71472259222077
760 1.71426123030172
761 1.71344659228025
762 1.71228600713225
763 1.71078829669167
764 1.70896372029374
765 1.70682391347114
766 1.70438182104241
767 1.70165162495365
768 1.69864866725453
769 1.69538936860796
770 1.69189114274876
771 1.68817230732081
772 1.6842519915342
773 1.68015004109361
774 1.67588692085721
775 1.67148361569047
776 1.6669615299831
777 1.66234238629831
778 1.65764812362282
779 1.65290079568294
780 1.64812246978712
781 1.64333512664794
782 1.63856056162783
783 1.63382028784133
784 1.62913544153423
785 1.624526690145
786 1.62001414343766
787 1.61561726807753
788 1.61135480600139
789 1.60724469691335
790 1.60330400521509
791 1.59954885165619
792 1.59599434996582
793 1.59265454870176
794 1.58954237852667
795 1.58666960509477
796 1.5840467877048
797 1.5816832438473
798 1.57958701974629
799 1.57776486696718
800 1.70088889180127
801 1.71246321077547
802 1.72982394560828
803 1.74747255757185
804 1.76540918785978
805 1.78363267053338
806 1.80214055126044
807 1.82092911170182
808 1.8399933993772
809 1.85932726281811
810 1.87843928095875
811 1.89691402491466
812 1.91475014471529
813 1.9318999047106
814 1.94831513490643
815 1.96394670319263
816 1.97874499712581
817 1.992660297057
818 2.00564306592128
819 2.01764417527878
820 2.0286169626564
821 2.03852033948634
822 2.04731958719485
823 2.05498590135604
824 2.0614962388747
825 2.0668331926103
826 2.07098489547695
827 2.07394494504766
828 2.07571234217608
829 2.0762914388293
830 2.07569188428147
831 2.07392855014555
832 2.07102142292127
833 2.06699546671433
834 2.06188046091484
835 2.05571081566223
836 2.04852536742285
837 2.04036715656448
838 2.03128318849243
839 2.02132417967912
840 2.01054428977619
841 1.99900084098762
842 1.98675402598183
843 1.9738666057349
844 1.96040359877071
845 1.94643196330638
846 1.93202027383358
847 1.91723839367519
848 1.90215714505476
849 1.88684797820679
850 1.87138264104071
851 1.85583285085117
852 1.84026996954183
853 1.82476468379888
854 1.80938669161342
855 1.79420439650882
856 1.77928461078059
857 1.76469226900164
858 1.75049015298672
859 1.73673862934525
860 1.72349540068293
861 1.71081527144001
862 1.69874992927698
863 1.68734774283912
864 1.67665357664805
865 1.66670862378338
866 1.65755025692981
867 1.64921189827616
868 1.64172290866193
869 1.63510849627604
870 1.62938964512038
871 1.62458306335906
872 1.6207011515829
873 1.61775199092806
874 1.61573935089837
875 1.61466271665307
876 1.61451733543598
877 1.6152942817386
878 1.61698054070889
879 1.61955910923994
880 1.62300911409818
881 1.62730594638032
882 1.6324214115214
883 1.63832389401392
884 1.64497853593983
885 1.65234742836392
886 1.66038981458861
887 1.66906230422668
888 1.67831909700998
889 1.68811221521948
890 1.69839174359428
891 1.70910607555479
892 1.72020216455912
893 1.73162577940034
894 1.74332176224653
895 1.75523428822582
896 1.76730712536361
897 1.77948389369007
898 1.79170832235172
899 1.80392450358214
900 1.81607714241279
901 1.82811180103584
902 1.83997513676606
903 1.85161513258917
904 1.86298131932759
905 1.87402498850282
906 1.88469939502522
907 1.89495994889698
908 1.90476439517234
909 1.91407298148014
910 1.92284861247718
911 1.93105699066683
912 1.93866674308473
913 1.94564953342284
914 1.95198015923329
915 1.9576366339251
916 1.96260025333839
917 1.96685564675312
918 1.97039081226133
919 1.97319713650337
920 1.97526939883965
921 1.97660576009915
922 1.97720773611455
923 1.97708015632028
924 1.97623110775519
925 1.97467186487373
926 1.97241680563002
927 1.96948331435631
928 1.96589167201231
929 1.9616649344326
930 1.95682879924787
931 1.95141146219962
932 1.94544346360899
933 1.93895752579706
934 1.93198838228666
935 1.92457259964469
936 1.91674839284828
937 1.90855543507845
938 1.90003466286088
939 1.89122807748506
940 1.88217854364037
941 1.87292958621049
942 1.86352518616644
943 1.85400957649264
944 1.84442703907094
945 1.83482170343342
946 1.82523734827716
947 1.81571720661221
948 1.80630377538887
949 1.797038630421
950 1.78796224739011
951 1.77911382967876
952 1.77053114374385
953 1.76225036269818
954 1.75430591872506
955 1.74673036490411
956 1.73955424697772
957 1.73280598553719
958 1.72651176905542
959 1.72069545813947
960 1.71537850132146
961 1.7105798626509
962 1.7063159612952
963 1.70260062329862
964 1.69944504559306
965 1.69685777229801
966 1.69484468329038
967 1.69340899496983
968 1.69255127309068
969 1.69226945747792
970 1.69255889839302
971 1.69341240426481
972 1.694820300452
973 1.69677049865752
974 1.69924857657024
975 1.70223786726792
976 1.70571955787544
977 1.70967279693607
978 1.71407480991906
979 1.7189010222564
980 1.72412518927339
981 1.7297195323531
982 1.73565488065319
983 1.74190081767568
984 1.74842583197503
985 1.75519747127896
986 1.7621824992881
987 1.76934705441597
988 1.77665680973001
989 1.78407713335584
990 1.79157324861317
991 1.79911039315993
992 1.8066539764335
993 1.81416973469284
994 1.82162388298323
995 1.8289832633666
996 1.83621548878366
997 1.84328908194085
998 1.85017360864352
999 1.85683980502819
1000 1.86325969817975
1001 1.86940671965504
1002 1.8752558114711
1003 1.88078352415517
1004 1.88596810649364
1005 1.89078958665856
1006 1.89522984443266
1007 1.89927267429708
1008 1.90290383918986
1009 1.90611111478746
1010 1.9088843242062
1011 1.91121536306478
1012 1.91309821489365
1013 1.91452895692044
1014 1.91550575630465
1015 1.91602885693661
1016 1.91610055695786
1017 1.91572517720038
1018 1.91490902078108
1019 1.9136603241258
1020 1.91198919973317
1021 1.90990757102257
1022 1.90742909964333
1023 1.90456910565196
1024 1.90134448099293
1025 1.89777359674402
1026 1.89387620461096
1027 1.88967333317701
1028 1.88518717943188
1029 1.88044099612036
1030 1.87545897546419
1031 1.87026612982176
1032 1.86488816985822
1033 1.8593513808037
1034 1.85368249738049
1035 1.84790857797977
1036 1.84205687866605
1037 1.83615472758225
1038 1.83022940032061
1039 1.82430799681465
1040 1.81841732029435
1041 1.81258375883228
1042 1.8068331699909
1043 1.80119076906202
1044 1.79568102136818
1045 1.7903275390723
1046 1.78515298291701
1047 1.7801789692884
1048 1.77542598297072
1049 1.77091329592884
1050 1.76665889242482
1051 1.76267940074266
1052 1.75899003176288
1053 1.75560452459485
1054 1.75253509944065
1055 1.74979241782979
1056 1.74738555032912
1057 1.74532195179744
1058 1.74360744421934
1059 1.74224620711801
1060 1.74124077551251
1061 1.74059204535122
1062 1.7402992863197
1063 1.74036016188914
1064 1.74077075643997
1065 1.74152560926477
1066 1.74261775522569
1067 1.74403877181339
1068 1.74577883232844
1069 1.74782676488096
1070 1.75017011688125
1071 1.75279522467248
1072 1.75568728793686
1073 1.75883044848885
1074 1.76220787305313
1075 1.7658018396109
1076 1.76959382688656
1077 1.7735646065366
1078 1.77769433759505
1079 1.78196266272411
1080 1.78634880581503
1081 1.79083167048289
1082 1.79538993899958
1083 1.80000217121193
1084 1.80464690299685
1085 1.80930274381169
1086 1.81394847290715
1087 1.81856313378018
1088 1.82312612645683
1089 1.82761729720905
1090 1.83201702532523
1091 1.8363063065712
1092 1.84046683299771
1093 1.8444810687699
1094 1.84833232171616
1095 1.85200481031602
1096 1.85548372587025
1097 1.85875528962106
1098 1.8618068046153
1099 1.86462670212975
1100 1.86720458250395
1101 1.86953125025305
1102 1.87159874336037
1103 1.8734003566767
1104 1.87493065938114
1105 1.87618550648511
1106 1.87716204438903
1107 1.87785871052741
1108 1.87827522716501
1109 1.87841258943226
1110 1.87827304771354
1111 1.87786008452619
1112 1.87717838605195
1113 1.87623380850469
1114 1.8750333395402
1115 1.87358505493401
1116 1.87189807077225
1117 1.86998249141849
1118 1.86784935353595
1119 1.86551056645949
1120 1.8629788492251
1121 1.8602676645769
1122 1.85739115028191
1123 1.85436404809161
1124 1.85120163069658
1125 1.847919627026
1126 1.84453414624778
1127 1.84106160082706
1128 1.83751862900168
1129 1.83392201703206
1130 1.83028862158028
1131 1.8266352925688
1132 1.82297879686382
1133 1.81933574312048
1134 1.81572250811889
1135 1.81215516490941
1136 1.80864941307445
1137 1.80522051140096
1138 1.80188321324424
1139 1.79865170484822
1140 1.79553954687148
1141 1.79255961935101
1142 1.78972407031801
1143 1.78704426826078
1144 1.78453075861096
1145 1.78219322440867
1146 1.78004045128209
1147 1.77808029685562
1148 1.77631966467992
1149 1.77476448275535
1150 1.77341968669892
1151 1.77228920758333
1152 1.77137596445501
1153 1.77068186151708
1154 1.77020778994189
1155 1.76995363425725
1156 1.76991828323046
1157 1.77009964515432
1158 1.77049466742074
1159 1.77109936024883
1160 1.77190882441741
1161 1.77291728283476
1162 1.77411811576323
1163 1.77550389950119
1164 1.77706644831158
1165 1.77879685937342
1166 1.78068556052145
1167 1.78272236052878
1168 1.78489650167848
1169 1.78719671436208
1170 1.78961127343679
1171 1.79212805606771
1172 1.79473460077764
1173 1.79741816742426
1174 1.80016579782334
1175 1.80296437673643
1176 1.80580069294283
1177 1.80866150011818
1178 1.81153357724555
1179 1.81440378829004
1180 1.81725914087402
1181 1.82008684369716
1182 1.82287436245399
1183 1.82560947401087
1184 1.82828031861473
1185 1.83087544991722
1186 1.83338388260976
1187 1.83579513747847
1188 1.83809928370092
1189 1.84028697822169
1190 1.84234950205796
1191 1.8442787934025
1192 1.84606747740665
1193 1.84770889254256
1194 1.84919711346053
1195 1.8505269702736
1196 1.85169406421899
1197 1.85269477966263
1198 1.8535262924299
1199 1.85418657446272
1200 1.85467439481966
