1 2
2 2
3 2
4 2
5 2
6 2
7 2
8 2
9 2
10 2
11 2
12 2
13 2
14 2
15 2
16 2
17 2
18 2
19 2
20 2
21 2
22 2
23 2
24 2
25 2
26 2
27 2
28 2
29 2
30 2.24322222222222
31 2.25666666666667
32 2.28111111111111
33 2.30555555555556
34 2.33
35 2.35444444444444
36 2.37888888888889
37 2.40333333333333
38 2.42777777777778
39 2.45222222222222
40 2.47574532520106
41 2.49766032134612
42 2.51813119441177
43 2.53720967586014
44 2.55493313331465
45 2.57132618386956
46 2.58640373241515
47 2.60017332757581
48 2.61263698663095
49 2.62379260730202
50 2.63363854830708
51 2.64217948006851
52 2.64942710022248
53 2.65539845309406
54 2.66011510251322
55 2.6636025157442
56 2.66588961869152
57 2.66700847232587
58 2.66699403444582
59 2.66588398095058
60 2.66371855494155
61 2.66054040245684
62 2.6563943764668
63 2.65132731957085
64 2.64538783752746
65 2.63862606964765
66 2.63109345986924
67 2.62284253072948
68 2.61392666143273
69 2.60439987057285
70 2.59431660373887
71 2.58373152620858
72 2.57269932110925
73 2.56127449358025
74 2.54951118151855
75 2.53746297346534
76 2.52518273414209
77 2.5127224380822
78 2.5001330117413
79 2.48746418441002
80 2.47476434820018
81 2.46208042732803
82 2.44945775687528
83 2.43693997116776
84 2.42456890187164
85 2.41238448586824
86 2.40042468292985
87 2.38872540318209
88 2.3773204443022
89 2.3662414383682
90 2.35551780824086
91 2.3451767333292
92 2.3352431245606
93 2.32573960834868
94 2.31668651932607
95 2.30810190158456
96 2.30000151814284
97 2.29239886834079
98 2.28530521284049
99 2.27872960589697
100 2.27267893454583
101 2.2671579643418
102 2.26216939127008
103 2.25771389944217
104 2.25379022418005
105 2.25039522008519
106 2.24752393368466
107 2.2451696802429
108 2.24332412432601
109 2.24197736370557
110 2.24111801618999
111 2.24073330897454
112 2.24080917010512
113 2.2413303216566
114 2.24228037423317
115 2.24364192240629
116 2.24539664071477
117 2.24752537986194
118 2.25000826275579
119 2.25282478005024
120 2.25595388485861
121 2.25937408632382
122 2.26306354174475
123 2.26700014697267
124 2.27116162480751
125 2.27552561113973
126 2.28006973859995
127 2.28477171749524
128 2.28960941382796
129 2.29456092421031
130 2.29960464750505
131 2.30471935303995
132 2.30988424526138
133 2.31507902470917
134 2.32028394521234
135 2.32547986722211
136 2.33064830721532
137 2.33577148311768
138 2.34083235571246
139 2.34581466601562
140 2.35070296861397
141 2.35548266097707
142 2.36014000876839
143 2.36466216719443
144 2.36903719844381
145 2.37325408528063
146 2.37730274086831
147 2.38117401491112
148 2.38485969621132
149 2.38835251174928
150 2.39164612240324
151 2.39473511543369
152 2.39761499386485
153 2.40028216290279
154 2.40273391353566
155 2.40496840346733
156 2.40698463554
157 2.40878243380559
158 2.41036241740913
159 2.41172597244959
160 2.41287522198589
161 2.41381299435686
162 2.41454278998445
163 2.41506874682982
164 2.41539560467068
165 2.41552866836776
166 2.41547377028568
167 2.41523723203199
168 2.41482582567446
169 2.41424673459405
170 2.41350751412677
171 2.41261605214356
172 2.41158052971267
173 2.41040938198397
174 2.40911125942943
175 2.40769498956806
176 2.40616953929796
177 2.40454397795184
178 2.40282744118585
179 2.40102909580518
180 2.39915810562289
181 2.3972235984419
182 2.39523463424255
183 2.39320017465183
184 2.39112905376242
185 2.38902995036335
186 2.38691136163654
187 2.38478157836642
188 2.38264866170305
189 2.38052042151213
190 2.37840439633825
191 2.37630783500145
192 2.37423767984027
193 2.37220055160824
194 2.37020273602447
195 2.36825017197319
196 2.36634844134098
197 2.36450276047529
198 2.36271797324204
199 2.36099854565554
200 2.35934856204874
201 2.35777172274758
202 2.35627134320873
203 2.35485035457635
204 2.35351130560941
205 2.35225636592809
206 2.35108733052456
207 2.35000562548059
208 2.34901231483204
209 2.34810810851806
210 2.347293371351
211 2.34656813294117
212 2.34593209850976
213 2.34538466052168
214 2.34492491106968
215 2.34455165494045
216 2.34426342329341
217 2.34405848788262
218 2.34393487575283
219 2.34389038434111
220 2.3439225969162
221 2.34402889828894
222 2.34420649072795
223 2.34445241001661
224 2.34476354158847
225 2.34513663668043
226 2.34556832844462
227 2.34605514796211
228 2.34659354010381
229 2.34717987918624
230 2.34781048437223
231 2.34848163476917
232 2.34918958418026
233 2.34993057546657
234 2.35070085448078
235 2.35149668353623
236 2.35231435437768
237 2.35315020062314
238 2.35400060964911
239 2.35486203389433
240 2.35573100156022
241 2.35660412668886
242 2.35747811860258
243 2.35834979069157
244 2.35921606853926
245 2.36007399737755
246 2.36092074886672
247 2.36175362719765
248 2.36257007451636
249 2.36336767567318
250 2.36414416230162
251 2.36489741623392
252 2.36562547226245
253 2.36632652025854
254 2.36699890666177
255 2.36764113535498
256 2.36825186794182
257 2.3688299234453
258 2.36937427744726
259 2.36988406069017
260 2.37035855716371
261 2.3707972016999
262 2.37119957710152
263 2.37156541082929
264 2.37189457127424
265 2.37218706364225
266 2.3724430254782
267 2.37266272185772
268 2.37284654027476
269 2.37299498525323
270 2.3731086727113
271 2.37318832410681
272 2.37323476039188
273 2.37324889580506
274 2.37323173152848
275 2.3731843492375
276 2.37310790456963
277 2.37300362053886
278 2.37287278092113
279 2.37271672363567
280 2.37253683414625
281 2.37233453890569
282 2.3721112988657
283 2.37186860307356
284 2.37160796237579
285 2.37133090324824
286 2.37103896177064
287 2.37073367776276
288 2.37041658909809
289 2.37008922620974
290 2.36975310680231
291 2.36940973078189
292 2.36906057541571
293 2.36870709073113
294 2.36835069516305
295 2.36799277145725
296 2.36763466283615
297 2.36727766943232
298 2.36692304499391
299 2.36657199386495
300 2.36622566824265
301 2.36588516571244
302 2.36555152706068
303 2.36522573436385
304 2.36490870935224
305 2.36460131204488
306 2.36430433965208
307 2.36401852574063
308 2.36374453965619
309 2.36348298619657
310 2.36323440552896
311 2.36299927334336
312 2.36277800123402
313 2.3625709373001
314 2.36237836695624
315 2.36220051394318
316 2.36203754152835
317 2.36188955388599
318 2.36175659764565
319 2.36163866359841
320 2.36153568854917
321 2.36144755730369
322 2.3613741047789
323 2.36131511822468
324 2.36127033954548
325 2.36123946771031
326 2.3612221612392
327 2.36121804075499
328 2.36122669158883
329 2.36124766642839
330 2.36128048799778
331 2.36132465175837
332 2.36137962862021
333 2.36144486765387
334 2.36151979879275
335 2.3616038355166
336 2.36169637750709
337 2.36179681326665
338 2.36190452269249
339 2.36201887959777
340 2.3621392541727
341 2.36226501537854
342 2.36239553326799
343 2.36253018122618
344 2.36266833812642
345 2.36280939039609
346 2.3629527339878
347 2.36309777625193
348 2.36324393770705
349 2.36339065370501
350 2.36353737598819
351 2.36368357413682
352 2.36382873690466
353 2.36397237344192
354 2.36411401440456
355 2.36425321294983
356 2.36438954561798
357 2.36452261310079
358 2.3646520408978
359 2.36477747986148
360 2.36489860663303
361 2.36501512397081
362 2.36512676097363
363 2.3652332732017
364 2.36533444269786
365 2.36543007791255
366 2.36552001353571
367 2.36560411023938
368 2.36568225433477
369 2.36575435734784
370 2.36582035551763
371 2.36588020922159
372 2.36593390233239
373 2.36598144151082
374 2.36602285543935
375 2.36605819400106
376 2.36608752740876
377 2.36611094528893
378 2.36612855572546
379 2.36614048426771
380 2.36614687290788
381 2.36614787903224
382 2.36614367435083
383 2.36613444381037
384 2.36612038449472
385 2.3661017045172
386 2.3660786219093
387 2.36605136350963
388 2.36602016385728
389 2.3659852640934
390 2.36594691087472
391 2.3659053553025
392 2.36586085187034
393 2.36581365743399
394 2.36576403020619
395 2.36571222877937
396 2.36565851117875
397 2.36560313394844
398 2.36554635127258
399 2.36548841413366
400 2.11548841413366
401 2.08854001534789
402 2.03959118801441
403 1.99064216269548
404 1.94169316315781
405 1.89274440578529
406 1.84379609903758
407 1.79484844295493
408 1.74590162870955
409 1.69695583820366
410 1.64895803693194
411 1.60266364581236
412 1.55802851825425
413 1.51513613235059
414 1.47406156141174
415 1.43487624895461
416 1.39764817489301
417 1.36244201603363
418 1.32931930062609
419 1.29833855684511
420 1.26955186866627
421 1.24299967611434
422 1.21871023466667
423 1.2
424 1.2
425 1.2
426 1.2
427 1.2
428 1.2
429 1.2
430 1.2
431 1.2
432 1.2
433 1.2
434 1.20169751867653
435 1.20505350634286
436 1.20991747499745
437 1.2161616237647
438 1.22367634165111
439 1.23236667908264
440 1.24214957531235
441 1.2529516757915
442 1.26470761021331
443 1.27735863046386
444 1.29084509962648
445 1.30510134166099
446 1.32005766143626
447 1.33564196317832
448 1.35178091586441
449 1.36840080443793
450 1.38542814851038
451 1.40279014929128
452 1.42041500983967
453 1.43823216204973
454 1.45617244943596
455 1.4741683170099
456 1.49215401491574
457 1.51006580015896
458 1.52784212766655
459 1.5454238259052
460 1.56275425479666
461 1.57977944527684
462 1.59644822083355
463 1.61271230192881
464 1.62852639441718
465 1.64384826291117
466 1.6586387897442
467 1.672862019989
468 1.6864851929237
469 1.6994787603334
470 1.71181639205985
471 1.72347496924736
472 1.73443456576744
473 1.74467841833416
474 1.75419288584362
475 1.76296739848632
476 1.77099439719206
477 1.77826926397656
478 1.78479024376666
479 1.79055835828828
480 1.79557731260679
481 1.79985339491405
482 1.80339537015871
483 1.80621436811737
484 1.80832376650294
485 1.80973906970366
486 1.81047778374105
487 1.81055928802888
488 1.81000470450636
489 1.80883676470906
490 1.80707967532919
491 1.80475898280397
492 1.80190143745607
493 1.79853485769426
494 1.7946879947653
495 1.79039039852977
496 1.78567228471512
497 1.78056440407888
498 1.77509791389392
499 1.76930425214533
500 1.76321501480625
501 1.75686183653653
502 1.75027627512428
503 1.74348969996687
504 1.7365331848628
505 1.72943740536223
506 1.72223254089865
507 1.71494818190004
508 1.70761324205309
509 1.70025587587009
510 1.69290340168352
511 1.68558223017021
512 1.67831779848317
513 1.67113451004672
514 1.66405568004783
515 1.6571034866355
516 1.65029892781834
517 1.64366178403076
518 1.63721058631826
519 1.63096259007391
520 1.62493375424006
521 1.61913872587242
522 1.61359082994773
523 1.60830206428083
524 1.60328309940336
525 1.59854328324267
526 1.59409065042781
527 1.58993193603815
528 1.58607259360034
529 1.5825168171301
530 1.57926756700739
531 1.57632659946671
532 1.57369449947813
533 1.57137071678969
534 1.5693536048981
535 1.56764046271135
536 1.56622757866516
537 1.56511027705372
538 1.56428296633531
539 1.56373918917383
540 1.56347167397885
541 1.56347238770919
542 1.56373258970791
543 1.56424288634074
544 1.56499328621413
545 1.56597325575474
546 1.56717177493747
547 1.56857739295602
548 1.57017828363662
549 1.57196230040294
550 1.57391703060834
551 1.57602984905963
552 1.57828797056521
553 1.58067850134965
554 1.58318848918562
555 1.585804972104
556 1.58851502555232
557 1.59130580788168
558 1.59416460405232
559 1.59707886745783
560 1.60003625977814
561 1.60302468878164
562 1.60603234400638
563 1.6090477302608
564 1.61205969889366
565 1.61505747679309
566 1.6180306930838
567 1.62096940350098
568 1.62386411242861
569 1.62670579259837
570 1.62948590245453
571 1.63219640119773
572 1.63482976152921
573 1.63737898012416
574 1.63983758587038
575 1.6421996459153
576 1.64445976957083
577 1.64661311013186
578 1.64865536466959
579 1.65058277186664
580 1.65239210796535
581 1.65408068090556
582 1.65564632273191
583 1.65708738035448
584 1.65840270474993
585 1.65959163869277
586 1.66065400310914
587 1.66159008214719
588 1.66240060705996
589 1.66308673899741
590 1.6636500508057
591 1.66409250793149
592 1.66441644852963
593 1.66462456287202
594 1.66471987215474
595 1.66470570679982
596 1.66458568434631
597 1.66436368702407
598 1.66404383910164
599 1.66363048409732
600 1.66312816194042
601 1.66254158616663
602 1.6618756212291
603 1.66113526000306
604 1.66032560155941
605 1.65945182927847
606 1.65851918937209
607 1.65753296987837
608 1.65649848018958
609 1.65542103116975
610 1.6543059159147
611 1.65315839120304
612 1.65198365968268
613 1.65078685283327
614 1.64957301474085
615 1.64834708671692
616 1.64711389278989
617 1.6458781260931
618 1.64464433616925
619 1.64341691720729
620 1.642200097224
621 1.64099792819839
622 1.63981427716377
623 1.63865281825821
624 1.63751702573124
625 1.6364101679005
626 1.63533530204959
627 1.63429527025471
628 1.63329269612497
629 1.63232998243833
630 1.63140930965263
631 1.6305326352685
632 1.62970169401874
633 1.62891799885658
634 1.62818284271314
635 1.62749730099279
636 1.62686223477328
637 1.62627829467615
638 1.62574592537155
639 1.62526537068064
640 1.62483667923747
641 1.62445971067189
642 1.62413414227394
643 1.62385947610013
644 1.62363504648147
645 1.62346002789296
646 1.62333344314448
647 1.62325417185283
648 1.62322095915535
649 1.62323242462554
650 1.62328707135205
651 1.62338329514282
652 1.62351939381715
653 1.62369357654898
654 1.62390397322636
655 1.62414864379235
656 1.6244255875345
657 1.62473275229086
658 1.62506804354198
659 1.62542933335985
660 1.62581446918599
661 1.62622128241263
662 1.62664759674228
663 1.62709123630284
664 1.62755003349671
665 1.62802183656438
666 1.62850451684434
667 1.62899597571306
668 1.62949415119027
669 1.6299970241967
670 1.63050262445289
671 1.63100903600954
672 1.63151440240127
673 1.63201693141765
674 1.63251489948648
675 1.63300665566634
676 1.63349062524651
677 1.63396531295426
678 1.63442930577045
679 1.63488127535625
680 1.63531998009482
681 1.63574426675298
682 1.63615307176943
683 1.636545422177
684 1.63692043616732
685 1.63727732330784
686 1.63761538442144
687 1.63793401114029
688 1.63823268514601
689 1.63851097710921
690 1.638768545342
691 1.63900513417761
692 1.63922057209206
693 1.63941476958285
694 1.6395877168204
695 1.63973948108807
696 1.63987020402689
697 1.63998009870142
698 1.64006944650297
699 1.64013859390686
700 1.64018794910017
701 1.6402179784962
702 1.64022920315219
703 1.64022219510623
704 1.64019757364925
705 1.64015600154772
706 1.64009818123229
707 1.64002485096725
708 1.63993678101532
709 1.63983476981167
710 1.63971964016084
711 1.63959223546949
712 1.63945341602734
713 1.63930405534836
714 1.63914503658334
715 1.6389772490144
716 1.63880158464172
717 1.63861893487145
718 1.63843018731386
719 1.63823622269931
720 1.63803791191972
721 1.6378361132019
722 1.63763166941872
723 1.63742540554337
724 1.63721812625126
725 1.63701061367341
726 1.63680362530439
727 1.63659789206759
728 1.63639411653942
729 1.63619297133388
730 1.63599509764796
731 1.63580110396804
732 1.63561156493653
733 1.63542702037789
734 1.63524797448203
735 1.63507489514321
736 1.63490821345157
737 1.63474832333429
738 1.63459558134267
739 1.63445030658123
740 1.6343127807745
741 1.63418324846662
742 1.63406191734885
743 1.63394895870965
744 1.63384450800147
745 1.63374866551881
746 1.63366149718101
747 1.63358303541395
748 1.63351328012396
749 1.63345219975754
750 1.63339973244026
751 1.63335578718811
752 1.63332024518462
753 1.6332929611169
754 1.63327376456392
755 1.63326246143038
756 1.63325883541927
757 1.63326264953683
758 1.63327364762319
759 1.63329155590248
760 1.63331608454598
761 1.63334692924251
762 1.63338377276989
763 1.63342628656191
764 1.6334741322652
765 1.63352696328085
766 1.63358442628546
767 1.63364616272708
768 1.63371181029125
769 1.63378100433281
770 1.63385337926966
771 1.63392856993431
772 1.63400621288004
773 1.63408594763822
774 1.63416741792394
775 1.63425027278723
776 1.63433416770751
777 1.63441876562913
778 1.63450373793625
779 1.63458876536538
780 1.63467353885446
781 1.63475776032742
782 1.63484114341341
783 1.63492341410039
784 1.6350043113227
785 1.63508358748275
786 1.63516100890698
787 1.63523635623675
788 1.63530942475465
789 1.63538002464737
790 1.63544798120608
791 1.63551313496573
792 1.63557534178473
793 1.63563447286662
794 1.63569041472564
795 1.63574306909804
796 1.63579235280128
797 1.63583819754339
798 1.63588054968459
799 1.63591936995386
800 1.75756574423386
801 1.76431966097241
802 1.77657001077871
803 1.78881680820696
804 1.80106008017458
805 1.81329986546215
806 1.82553621418687
807 1.83776918725204
808 1.84999885577569
809 1.86222530050073
810 1.87398794045688
811 1.88494349112396
812 1.89517405031598
813 1.90470559683776
814 1.91355693407055
815 1.92174049598307
816 1.92926386565028
817 1.93613095258066
818 1.94234290453934
819 1.94789881281084
820 1.95279800185425
821 1.95704295404554
822 1.9606396668332
823 1.96359681189095
824 1.96592532095677
825 1.96763807724597
826 1.96874969252149
827 1.96927634479423
828 1.96923565871267
829 1.96864661573037
830 1.96752947821139
831 1.96590570687624
832 1.9637978624035
833 1.9612294964075
834 1.95822503785879
835 1.95480967796281
836 1.95100925540569
837 1.94685014307624
838 1.94235913686243
839 1.93756334680233
840 1.93249009070349
841 1.92716679033299
842 1.9216208703674
843 1.91587966036977
844 1.90997030008343
845 1.90391964832145
846 1.89775419570505
847 1.89149998147363
848 1.88518251455683
849 1.87882669907013
850 1.87245676436831
851 1.86609619976773
852 1.85976769402698
853 1.85349307965467
854 1.84729328209338
855 1.84118827380922
856 1.83519703329707
857 1.82933750899329
858 1.82362658806934
859 1.81808007006272
860 1.81271264528508
861 1.80753787793172
862 1.80256819380184
863 1.79781487252507
864 1.79328804417659
865 1.78899669015125
866 1.78494864815534
867 1.78115062116473
868 1.77760819018835
869 1.77432583066732
870 1.77130693233263
871 1.76855382233722
872 1.76606779147248
873 1.76384912327428
874 1.76189712581946
875 1.76021016601038
876 1.75878570614271
877 1.75762034255019
878 1.75670984611913
879 1.75604920446529
880 1.75563266556694
881 1.75545378264874
882 1.75550546011389
883 1.7557800003241
884 1.75626915103114
885 1.75696415326707
886 1.75785578950535
887 1.75893443190995
888 1.76019009049523
889 1.76161246102551
890 1.76319097248979
891 1.76491483399373
892 1.76677308091867
893 1.76875462020461
894 1.77084827462211
895 1.77304282590603
896 1.77532705663243
897 1.77768979072814
898 1.78011993251112
899 1.78260650416862
900 1.78513868158829
901 1.78770582846667
902 1.79029752862777
903 1.79290361649338
904 1.79551420565507
905 1.79811971550656
906 1.80071089590347
907 1.80327884982541
908 1.80581505402379
909 1.80831137764625
910 1.81076009883631
911 1.8131539193143
912 1.81548597695257
913 1.81774985636486
914 1.81993959753637
915 1.82204970252705
916 1.82407514028669
917 1.82601134962597
918 1.82785424039274
919 1.82960019290779
920 1.83124605571884
921 1.83278914173565
922 1.83422722281293
923 1.83555852285125
924 1.83678170948914
925 1.83789588446223
926 1.83890057270779
927 1.83979571029487
928 1.84058163126193
929 1.84125905344503
930 1.84182906338089
931 1.84229310036924
932 1.84265293977966
933 1.84291067568773
934 1.84306870292513
935 1.84312969862769
936 1.84309660336425
937 1.84297260192848
938 1.84276110387373
939 1.84246572386985
940 1.84209026195868
941 1.84163868378286
942 1.84111510086029
943 1.84052375097404
944 1.83986897874479
945 1.83915521645013
946 1.83838696515184
947 1.83756877618955
948 1.83670523309546
949 1.83580093398199
950 1.83486047445042
951 1.83388843106547
952 1.83288934543692
953 1.83186770894621
954 1.83082794815205
955 1.8297744109058
956 1.82871135320348
957 1.82764292679816
958 1.82657316759252
959 1.82550598482824
960 1.8244451510853
961 1.82339429310086
962 1.82235688341438
963 1.82133623284201
964 1.82033548378069
965 1.81935760433896
966 1.81840538328874
967 1.81748142582976
968 1.81658815015522
969 1.81572778480527
970 1.81490236679191
971 1.81411374047718
972 1.81336355718415
973 1.81265327551802
974 1.81198416237328
975 1.81135729460091
976 1.81077356130789
977 1.81023366676036
978 1.80973813386015
979 1.80928730816343
980 1.80888136240937
981 1.80852030152571
982 1.80820396807779
983 1.80793204812671
984 1.80770407746227
985 1.80751944817587
986 1.80737741553859
987 1.80727710514962
988 1.80721752032045
989 1.80719754966035
990 1.80721597482933
991 1.80727147842496
992 1.80736265197024
993 1.80748800397043
994 1.80764596800734
995 1.80783491084073
996 1.80805314048729
997 1.80829891424865
998 1.80857044666117
999 1.80886591734132
1000 1.80918347870159
1001 1.80952126351345
1002 1.80987739229483
1003 1.81024998050125
1004 1.81063714550099
1005 1.81103701331608
1006 1.81144772511247
1007 1.811867443424
1008 1.81229435809641
1009 1.812726691939
1010 1.8131627060731
1011 1.81360070496783
1012 1.81403904115508
1013 1.81447611961738
1014 1.81491040184312
1015 1.81534040954554
1016 1.81576472804295
1017 1.8161820092989
1018 1.81659097462258
1019 1.81699041703056
1020 1.81737920327252
1021 1.81775627552447
1022 1.81812065275436
1023 1.81847143176554
1024 1.81880778792509
1025 1.81912897558441
1026 1.81943432820077
1027 1.81972325816896
1028 1.81999525637319
1029 1.82024989146998
1030 1.82048680891332
1031 1.82070572973408
1032 1.82090644908605
1033 1.82108883457153
1034 1.8212528243596
1035 1.82139842511073
1036 1.82152570972147
1037 1.82163481490325
1038 1.82172593860942
1039 1.82179933732488
1040 1.82185532323237
1041 1.82189426126993
1042 1.82191656609343
1043 1.82192269895853
1044 1.82191316453568
1045 1.82188850767213
1046 1.82184931011408
1047 1.82179618720241
1048 1.82172978455458
1049 1.82165077474518
1050 1.82155985399732
1051 1.82145773889619
1052 1.82134516313625
1053 1.82122287431244
1054 1.82109163076573
1055 1.82095219849266
1056 1.82080534812779
1057 1.82065185200776
1058 1.82049248132482
1059 1.82032800337722
1060 1.82015917892328
1061 1.81998675964523
1062 1.81981148572853
1063 1.81963408356155
1064 1.81945526356009
1065 1.81927571812043
1066 1.81909611970425
1067 1.81891711905789
1068 1.81873934356823
1069 1.81856339575639
1070 1.81838985191044
1071 1.81821926085749
1072 1.81805214287492
1073 1.8178889887403
1074 1.81773025891892
1075 1.81757638288719
1076 1.81742775859024
1077 1.81728475203096
1078 1.81714769698802
1079 1.8170168948594
1080 1.81689261462809
1081 1.81677509294605
1082 1.81666453433228
1083 1.81656111148047
1084 1.81646496567179
1085 1.81637620728758
1086 1.81629491641715
1087 1.81622114355512
1088 1.81615491038312
1089 1.81609621063
1090 1.81604501100518
1091 1.81600125219911
1092 1.81596484994526
1093 1.8159356961376
1094 1.81591365999796
1095 1.81589858928717
1096 1.81589031155434
1097 1.8158886354185
1098 1.81589335187692
1099 1.81590423563436
1100 1.8159210464481
1101 1.81594353048296
1102 1.81597142167146
1103 1.81600444307377
1104 1.81604230823269
1105 1.8160847225189
1106 1.81613138446186
1107 1.81618198706213
1108 1.81623621908089
1109 1.8162937663028
1110 1.81635431276842
1111 1.81641754197286
1112 1.81648313802727
1113 1.81655078678035
1114 1.81662017689698
1115 1.81669100089157
1116 1.81676295611382
1117 1.81683574568489
1118 1.81690907938225
1119 1.81698267447157
1120 1.8170562564846
1121 1.81712955994162
1122 1.81720232901809
1123 1.81727431815456
1124 1.81734529260963
1125 1.81741502895586
1126 1.8174833155186
1127 1.81754995275801
1128 1.81761475359488
1129 1.81767754368074
1130 1.81773816161317
1131 1.81779645909732
1132 1.81785230105483
1133 1.81790556568137
1134 1.81795614445443
1135 1.81800394209279
1136 1.81804887646944
1137 1.81809087847992
1138 1.81812989186775
1139 1.81816587300918
1140 1.81819879065935
1141 1.81822862566187
1142 1.81825537062428
1143 1.81827902956152
1144 1.8182996175098
1145 1.81831716011323
1146 1.81833169318557
1147 1.81834326224953
1148 1.81835192205594
1149 1.81835773608531
1150 1.81836077603401
1151 1.81836112128757
1152 1.81835885838326
1153 1.81835408046442
1154 1.81834688672867
1155 1.81833738187217
1156 1.81832567553219
1157 1.81831188172989
1158 1.81829611831555
1159 1.81827850641784
1160 1.8182591698994
1161 1.81823823482009
1162 1.81821582890991
1163 1.818192081053
1164 1.81816712078427
1165 1.81814107780011
1166 1.81811408148445
1167 1.81808626045138
1168 1.81805774210542
1169 1.81802865222056
1170 1.81799911453884
1171 1.81796925038938
1172 1.81793917832854
1173 1.8179090138018
1174 1.81787886882793
1175 1.81784885170583
1176 1.81781906674431
1177 1.81778961401515
1178 1.81776058912951
1179 1.81773208303772
1180 1.81770418185244
1181 1.81767696669506
1182 1.81765051356518
1183 1.8176248932328
1184 1.81760017115292
1185 1.81757640740222
1186 1.81755365663706
1187 1.81753196807265
1188 1.81751138548239
1189 1.817491947217
1190 1.81747368624253
1191 1.81745663019673
1192 1.81744080146268
1193 1.8174262172591
1194 1.81741288974641
1195 1.81740082614751
1196 1.81739002888257
1197 1.81738049571672
1198 1.81737221991978
1199 1.81736519043702
1200 1.81735939207
