1 2
2 2
3 2
4 2
5 2
6 2
7 2
8 2
9 2
10 2
11 2
12 2
13 2
14 2
15 2
16 2
17 2
18 2
19 2
20 2
21 2
22 2
23 2
24 2
25 2
26 2
27 2
28 2
29 2
30 2.25
31 2.27027454545455
32 2.29072909090909
33 2.31118363636364
34 2.33163818181818
35 2.35209272727273
36 2.37254727272727
37 2.39300181818182
38 2.41345636363636
39 2.43391090909091
40 2.45292322752818
41 2.4693818256542
42 2.48361050595191
43 2.49585939322204
44 2.50632279440706
45 2.51515156260601
46 2.52246272721105
47 2.52834699407787
48 2.53287458662241
49 2.53609979464234
50 2.53807283665161
51 2.5388547675941
52 2.53851916610462
53 2.53714640390949
54 2.53481986399994
55 2.53162351410236
56 2.52764042035244
57 2.52295190339577
58 2.51763712487565
59 2.5117729546509
60 2.50543396625102
61 2.49869238539393
62 2.49161791453045
63 2.4842774846264
64 2.4767350016713
65 2.46905112281997
66 2.46128307707914
67 2.45348453366948
68 2.44570551473103
69 2.43799234593613
70 2.43038763778941
71 2.42293029157649
72 2.41565552619897
73 2.40859492402007
74 2.40177649466466
75 2.39522475580597
76 2.3889608297708
77 2.38300255454109
78 2.37736460753178
79 2.37205864042216
80 2.3670934233113
81 2.36247499653337
82 2.35820682857144
83 2.35428997861864
84 2.35072326243567
85 2.34750342024378
86 2.34462528547237
87 2.34208195325814
88 2.33986494766911
89 2.33796438670475
90 2.3363691442037
91 2.33506700787127
92 2.33404483272011
93 2.33328868929753
94 2.3327840061513
95 2.33251570606129
96 2.33246833563777
97 2.33262618795685
98 2.33297341797103
99 2.33349415049626
100 2.33417258063741
101 2.33499306657127
102 2.33594021465916
103 2.33699895691132
104 2.33815462087121
105 2.33939299202981
106 2.34070036891911
107 2.34206361106814
108 2.34347018003682
109 2.3449081737697
110 2.34636635453648
111 2.3478341707464
112 2.34930177294125
113 2.350760024286
114 2.35220050588727
115 2.3536155172782
116 2.35499807241424
117 2.35634189152707
118 2.35764138918512
119 2.35889165890722
120 2.36008845467281
121 2.36122816966633
122 2.36230781258672
123 2.36332498184395
124 2.36427783795469
125 2.36516507443786
126 2.36598588749857
127 2.36673994477565
128 2.3674273534141
129 2.36804862770914
130 2.36860465655336
131 2.36909667090327
132 2.36952621146573
133 2.36989509678882
134 2.37020539192633
135 2.37045937782883
136 2.3706595215992
137 2.37080844773485
138 2.37090891046428
139 2.3709637672708
140 2.37097595368237
141 2.37094845939293
142 2.37088430576751
143 2.37078652477134
144 2.37065813935107
145 2.37050214528548
146 2.37032149451253
147 2.37011907993001
148 2.36989772165799
149 2.36966015474325
150 2.36940901827811
151 2.36914684589945
152 2.36887605762743
153 2.36859895299837
154 2.36831770544091
155 2.3680343578412
156 2.36775081923876
157 2.36746886259223
158 2.36719012355195
159 2.36691610017424
160 2.36664815351155
161 2.36638750901168
162 2.36613525865908
163 2.36589236379148
164 2.36565965852582
165 2.3654378537282
166 2.36522754146407
167 2.3650291998664
168 2.36484319836151
169 2.36466980319435
170 2.36450918319724
171 2.36436141574885
172 2.36422649287256
173 2.36410432742629
174 2.36399475933885
175 2.36389756185061
176 2.36381244771942
177 2.36373907535571
178 2.36367705485385
179 2.36362595388955
180 2.36358530345656
181 2.36355460341833
182 2.36353332785367
183 2.36352093017791
184 2.36351684802388
185 2.36352050786976
186 2.36353132940322
187 2.36354872961368
188 2.36357212660688
189 2.36360094313805
190 2.36363460986191
191 2.36367256829984
192 2.36371427352592
193 2.36375919657563
194 2.36380682658197
195 2.36385667264557
196 2.36390826544609
197 2.36396115860378
198 2.36401492980042
199 2.36406918167026
200 2.36412354247187
201 2.36417766655237
202 2.36423123461639
203 2.36428395381185
204 2.36433555764535
205 2.36438580574002
206 2.36443448344846
207 2.36448140133385
208 2.36452639453177
209 2.36456932200535
210 2.364610065706
211 2.36464852965183
212 2.36468463893529
213 2.36471833867139
214 2.36474959289721
215 2.36477838343309
216 2.36480470871542
217 2.36482858261013
218 2.36485003321582
219 2.36486910166459
220 2.36488584092825
221 2.36490031463695
222 2.36491259591657
223 2.36492276625088
224 2.36493091437364
225 2.36493713519548
226 2.36494152876957
227 2.36494419929986
228 2.36494525419492
229 2.36494480316995
230 2.36494295739917
231 2.36493982872006
232 2.36493552889084
233 2.36493016890188
234 2.36492385834141
235 2.36491670481565
236 2.36490881342294
237 2.36490028628136
238 2.36489122210882
239 2.36488171585449
240 2.36487185838027
241 2.36486173619044
242 2.36485143120794
243 2.36484102059518
244 2.36483057661733
245 2.36482016654587
246 2.36480985260009
247 2.36479969192423
248 2.36478973659773
249 2.36478003367627
250 2.364770625261
251 2.36476154859365
252 2.3647528361749
253 2.36474451590372
254 2.36473661123526
255 2.364729141355
256 2.36472212136687
257 2.36471556249316
258 2.36470947228424
259 2.36470385483588
260 2.36469871101248
261 2.36469403867428
262 2.36468983290685
263 2.36468608625132
264 2.36468278893388
265 2.36467992909307
266 2.36467749300374
267 2.36467546529644
268 2.36467382917122
269 2.36467256660499
270 2.36467165855147
271 2.36467108513317
272 2.36467082582465
273 2.36467085962673
274 2.36467116523094
275 2.36467172117423
276 2.36467250598334
277 2.36467349830897
278 2.36467467704948
279 2.36467602146411
280 2.36467751127586
281 2.36467912676405
282 2.36468084884683
283 2.36468265915365
284 2.36468454008826
285 2.3646864748822
286 2.36468844763945
287 2.36469044337236
288 2.36469244802932
289 2.36469444851476
290 2.36469643270158
291 2.36469838943688
292 2.36470030854104
293 2.36470218080092
294 2.36470399795755
295 2.36470575268873
296 2.36470743858709
297 2.36470905013406
298 2.36471058267015
299 2.36471203236209
300 2.36471339616715
301 2.36471467179514
302 2.36471585766848
303 2.3647169528807
304 2.36471795715378
305 2.36471887079463
306 2.36471969465106
307 2.36472043006762
308 2.36472107884147
309 2.36472164317866
310 2.36472212565095
311 2.36472252915356
312 2.36472285686388
313 2.36472311220141
314 2.36472329878911
315 2.36472342041627
316 2.36472348100293
317 2.36472348456621
318 2.36472343518827
319 2.36472333698636
320 2.36472319408466
321 2.36472301058817
322 2.36472279055862
323 2.36472253799232
324 2.36472225680005
325 2.36472195078895
326 2.36472162364629
327 2.36472127892522
328 2.36472092003233
329 2.36472055021706
330 2.36472017256282
331 2.36471978997978
332 2.36471940519924
333 2.3647190207696
334 2.36471863905362
335 2.36471826222717
336 2.3647178922791
337 2.36471753101241
338 2.36471718004639
339 2.36471684081979
340 2.36471651459487
341 2.36471620246229
342 2.36471590534665
343 2.36471562401273
344 2.36471535907222
345 2.36471511099095
346 2.36471488009649
347 2.36471466658608
348 2.36471447053477
349 2.36471429190374
350 2.36471413054878
351 2.36471398622871
352 2.36471385861391
353 2.36471374729471
354 2.36471365178971
355 2.36471357155389
356 2.36471350598664
357 2.36471345443946
358 2.36471341622341
359 2.36471339061636
360 2.3647133768698
361 2.36471337421544
362 2.36471338187137
363 2.36471339904792
364 2.36471342495313
365 2.36471345879781
366 2.36471349980024
367 2.36471354719052
368 2.3647136002145
369 2.36471365813727
370 2.36471372024642
371 2.36471378585482
372 2.36471385430303
373 2.36471392496145
374 2.36471399723208
375 2.36471407054992
376 2.36471414438415
377 2.36471421823895
378 2.36471429165406
379 2.36471436420506
380 2.36471443550347
381 2.36471450519655
382 2.36471457296691
383 2.36471463853196
384 2.36471470164315
385 2.36471476208504
386 2.36471481967431
387 2.36471487425854
388 2.36471492571494
389 2.36471497394901
390 2.36471501889306
391 2.36471506050469
392 2.36471509876527
393 2.36471513367834
394 2.36471516526796
395 2.36471519357711
396 2.36471521866605
397 2.36471524061071
398 2.3647152595011
399 2.36471527543969
400 2.11471527543969
401 2.07416619491544
402 2.03325711180671
403 1.99234802625106
404 1.95143893839137
405 1.91052984837453
406 1.86962075635026
407 1.82871166246999
408 1.78780256688575
409 1.74689346974923
410 1.7074265983037
411 1.67063040803241
412 1.63637975164338
413 1.60458150523399
414 1.5751649694467
415 1.54807682335559
416 1.52327719725654
417 1.50073661776941
418 1.48043363222023
419 1.46235296195196
420 1.44647574738162
421 1.43276560953841
422 1.42116663440374
423 1.41160865347961
424 1.40401107584354
425 1.39828567198255
426 1.39433858792043
427 1.39207179614292
428 1.39138413603597
429 1.39217205645698
430 1.39433019123082
431 1.39775193530514
432 1.40233010609649
433 1.40795765208228
434 1.41452834923723
435 1.42193745231992
436 1.43008228496861
437 1.43886276320367
438 1.44818185331581
439 1.45794596868463
440 1.46806531153516
441 1.47845416514846
442 1.48903114030416
443 1.49971937815486
444 1.51044671104126
445 1.5211457827187
446 1.53175412970405
447 1.54221422575715
448 1.55247349177711
449 1.56248427357412
450 1.57220379006545
451 1.58159405445321
452 1.59062177090157
453 1.59925820917132
454 1.60747905960483
455 1.61526427079097
456 1.62259787217423
457 1.62946778380332
458 1.63586561533877
459 1.6417864563556
460 1.64722865988611
461 1.65219362104961
462 1.65668555251299
463 1.6607112584186
464 1.66427990830655
465 1.66740281244743
466 1.67009319989002
467 1.67236600041671
468 1.67423763148924
469 1.67572579115732
470 1.67684925779571
471 1.67762769742968
472 1.67808147930689
473 1.67823150027446
474 1.67809901842461
475 1.67770549638122
476 1.67707245451218
477 1.67622133427031
478 1.67517337178747
479 1.67394948177367
480 1.67257015170499
481 1.671055346221
482 1.66942442159445
483 1.66769605008318
484 1.66588815392611
485 1.66401784870222
486 1.66210139573352
487 1.6601541631793
488 1.65819059544035
489 1.65622419046756
490 1.65426748454904
491 1.65233204413426
492 1.65042846424123
493 1.64856637298495
494 1.64675444175983
495 1.6450004006078
496 1.64331105830462
497 1.64169232670176
498 1.64014924886741
499 1.63868603057982
500 1.6373060747371
501 1.63601201826099
502 1.63480577108686
503 1.63368855684856
504 1.63266095488433
505 1.63172294320859
506 1.63087394211387
507 1.63011285808769
508 1.62943812774924
509 1.62884776153255
510 1.62833938686333
511 1.6279102905986
512 1.62755746051881
513 1.62727762568362
514 1.62706729548285
515 1.62692279723438
516 1.62684031220044
517 1.62681590991287
518 1.62684558071612
519 1.62692526645457
520 1.62705088924733
521 1.62721837830979
522 1.62742369479624
523 1.62766285465178
524 1.62793194947539
525 1.62822716540757
526 1.62854480006802
527 1.62888127757837
528 1.62923316171499
529 1.62959716724459
530 1.62997016950353
531 1.63034921228765
532 1.63073151412545
533 1.6311144730122
534 1.63149566968642
535 1.63187286953345
536 1.63224402320318
537 1.63260726603086
538 1.63296091635074
539 1.63330347279281
540 1.63363361065284
541 1.63395017742487
542 1.63425218758445
543 1.63453881670889
544 1.63480939501892
545 1.63506340042356
546 1.6353004511473
547 1.6355202980153
548 1.63572281646954
549 1.63590799838455
550 1.63607594374839
551 1.63622685227001
552 1.63636101497066
553 1.63647880581269
554 1.63658067341511
555 1.6366671329011
556 1.63673875791878
557 1.63679617287223
558 1.63684004539599
559 1.63687107910229
560 1.63689000662642
561 1.63689758299201
562 1.63689457931452
563 1.63688177685758
564 1.63685996145385
565 1.63682991829878
566 1.63679242712278
567 1.63674825774465
568 1.63669816600633
569 1.63664289008688
570 1.63658314719138
571 1.63651963060811
572 1.63645300712603
573 1.63638391480261
574 1.63631296107056
575 1.636240721171
576 1.63616773689925
577 1.63609451564842
578 1.63602152973558
579 1.6359492159941
580 1.63587797561568
581 1.63580817422505
582 1.63574014217018
583 1.63567417501056
584 1.63561053418649
585 1.63554944785191
586 1.63549111185414
587 1.63543569084361
588 1.63538331949749
589 1.63533410384137
590 1.63528812265374
591 1.63524542893861
592 1.6352060514521
593 1.63516999626989
594 1.63513724838252
595 1.63510777330695
596 1.63508151870296
597 1.63505841598414
598 1.63503838191383
599 1.63502132017709
600 1.63500712292083
601 1.63499567225466
602 1.63498684170608
603 1.6349804976242
604 1.63497650052698
605 1.63497470638775
606 1.63497496785727
607 1.63497713541851
608 1.63498105847175
609 1.63498658634821
610 1.63499356925131
611 1.63500185912453
612 1.63501131044615
613 1.63502178095097
614 1.63503313227978
615 1.63504523055795
616 1.63505794690436
617 1.63507115787276
618 1.63508474582755
619 1.63509859925642
620 1.63511261302248
621 1.63512668855853
622 1.63514073400667
623 1.63515466430601
624 1.63516840123202
625 1.63518187339043
626 1.63519501616919
627 1.63520777165176
628 1.63522008849503
629 1.6352319217752
630 1.63524323280485
631 1.63525398892445
632 1.63526416327144
633 1.63527373452987
634 1.63528268666368
635 1.63529100863629
636 1.63529869411936
637 1.63530574119327
638 1.63531215204176
639 1.63531793264302
640 1.63532309245952
641 1.63532764412842
642 1.63533160315463
643 1.63533498760812
644 1.63533781782702
645 1.63534011612809
646 1.6353419065257
647 1.63534321446045
648 1.63534406653854
649 1.63534449028257
650 1.63534451389469
651 1.63534416603246
652 1.63534347559809
653 1.6353424715413
654 1.63534118267609
655 1.63533963751152
656 1.63533786409659
657 1.6353358898791
658 1.63533374157846
659 1.63533144507212
660 1.63532902529544
661 1.63532650615464
662 1.63532391045233
663 1.63532125982534
664 1.63531857469421
665 1.63531587422391
666 1.63531317629516
667 1.63531049748578
668 1.63530785306151
669 1.63530525697564
670 1.63530272187678
671 1.63530025912421
672 1.63529787881012
673 1.63529558978813
674 1.63529339970744
675 1.63529131505201
676 1.63528934118416
677 1.63528748239196
678 1.63528574194
679 1.63528412212268
680 1.63528262431987
681 1.63528124905412
682 1.63527999604915
683 1.63527886428905
684 1.63527785207783
685 1.63527695709893
686 1.63527617647424
687 1.63527550682244
688 1.63527494431621
689 1.63527448473807
690 1.63527412353475
691 1.63527385586954
692 1.63527367667284
693 1.63527358069034
694 1.63527356252898
695 1.63527361670045
696 1.63527373766215
697 1.63527391985547
698 1.63527415774155
699 1.63527444583421
700 1.63527477873026
701 1.63527515113711
702 1.63527555789765
703 1.63527599401255
704 1.63527645465997
705 1.63527693521273
706 1.63527743125304
707 1.63527793858488
708 1.63527845324409
709 1.63527897150633
710 1.63527948989294
711 1.63528000517484
712 1.63528051437469
713 1.6352810147672
714 1.63528150387795
715 1.63528197948072
716 1.6352824395934
717 1.6352828824728
718 1.63528330660822
719 1.63528371071415
720 1.63528409372203
721 1.63528445477124
722 1.63528479319954
723 1.63528510853286
724 1.63528540047471
725 1.63528566889525
726 1.63528591382011
727 1.635286135419
728 1.63528633399434
729 1.63528650996977
730 1.63528666387887
731 1.63528679635384
732 1.63528690811456
733 1.63528699995775
734 1.63528707274651
735 1.63528712740018
736 1.63528716488459
737 1.63528718620271
738 1.63528719238572
739 1.63528718448461
740 1.63528716356222
741 1.63528713068577
742 1.6352870869199
743 1.6352870333203
744 1.63528697092773
745 1.63528690076268
746 1.63528682382047
747 1.63528674106686
748 1.6352866534342
749 1.63528656181807
750 1.63528646707429
751 1.63528637001654
752 1.63528627141429
753 1.63528617199124
754 1.63528607242407
755 1.63528597334167
756 1.63528587532464
757 1.63528577890519
758 1.63528568456728
759 1.63528559274711
760 1.63528550383385
761 1.6352854181706
762 1.63528533605556
763 1.63528525774345
764 1.63528518344701
765 1.63528511333873
766 1.63528504755268
767 1.6352849861864
768 1.63528492930299
769 1.63528487693314
770 1.63528482907729
771 1.63528478570782
772 1.63528474677123
773 1.63528471219031
774 1.63528468186638
775 1.6352846556814
776 1.63528463350012
777 1.63528461517216
778 1.63528460053401
779 1.63528458941104
780 1.63528458161931
781 1.63528457696747
782 1.6352845752584
783 1.63528457629092
784 1.63528457986127
785 1.63528458576461
786 1.63528459379636
787 1.63528460375341
788 1.63528461543535
789 1.63528462864544
790 1.63528464319165
791 1.63528465888743
792 1.63528467555254
793 1.6352846930137
794 1.63528471110514
795 1.6352847296691
796 1.63528474855627
797 1.63528476762605
798 1.63528478674683
799 1.63528480579617
800 1.82048846102452
801 1.83062575232797
802 1.84085304324827
803 1.85108033369997
804 1.86130762360671
805 1.87153491290099
806 1.88176220152399
807 1.89198948942526
808 1.90221677656251
809 1.91244406290122
810 1.92160292566205
811 1.92889812057385
812 1.93461736424361
813 1.93898376082578
814 1.94217102220375
815 1.94431438968892
816 1.94551914151358
817 1.94586721955227
818 1.94542239102883
819 1.94423426906189
820 1.94234760794535
821 1.93981358040915
822 1.93669094848325
823 1.93304170981171
824 1.92892830811587
825 1.92441192162948
826 1.9195514891088
827 1.91440323083988
828 1.90902049327539
829 1.90345379751332
830 1.89775097342317
831 1.89195724785579
832 1.88611523167256
833 1.88026484672651
834 1.87444324473964
835 1.86868474439604
836 1.86302079742614
837 1.85747998545374
838 1.85208804457119
839 1.84686791241906
840 1.84183979212947
841 1.83702122853394
842 1.83242719385222
843 1.8280701815507
844 1.82396030769692
845 1.82010541921439
846 1.81651120830249
847 1.81318133211061
848 1.8101175366252
849 1.80731978367126
850 1.80478637994439
851 1.80251410705548
852 1.80049835166196
853 1.79873323485268
854 1.79721174003687
855 1.79592583866002
856 1.79486661313327
857 1.7940243764218
858 1.7933887877949
859 1.79294896429685
860 1.79269358755425
861 1.79261100559123
862 1.79268932937905
863 1.79291652389895
864 1.79328049354797
865 1.79376916176483
866 1.7943705447981
867 1.7950728195805
868 1.79586438571277
869 1.79673392159631
870 1.79767043478767
871 1.79866330667818
872 1.7997023316301
873 1.80077775072548
874 1.80188028030601
875 1.803001135502
876 1.80413204896515
877 1.80526528503419
878 1.80639364957449
879 1.80751049574203
880 1.80860972592957
881 1.80968579015779
882 1.81073368117766
883 1.81174892655115
884 1.81272757797732
885 1.81366619812838
886 1.81456184525692
887 1.8154120558305
888 1.81621482544357
889 1.81696858824945
890 1.81767219514663
891 1.81832489094489
892 1.8189262907264
893 1.81947635560683
894 1.81997536809019
895 1.82042390719993
896 1.82082282355688
897 1.82117321456282
898 1.82147639983621
899 1.82173389703467
900 1.82194739818657
901 1.82211874664222
902 1.82224991474317
903 1.82234298229695
904 1.82240011593266
905 1.82242354940272
906 1.82241556488471
907 1.82237847532775
908 1.82231460787782
909 1.82222628840741
910 1.82211582716611
911 1.82198550556063
912 1.82183756406511
913 1.82167419125556
914 1.82149751395545
915 1.82130958847405
916 1.82111239291293
917 1.82090782051188
918 1.82069767400056
919 1.82048366091873
920 1.82026738986436
921 1.82005036762618
922 1.81983399715487
923 1.81961957632503
924 1.81940829743891
925 1.81920124742136
926 1.8189994086553
927 1.81880366040622
928 1.81861478078459
929 1.81843344919526
930 1.81826024922357
931 1.81809567190882
932 1.81794011935692
933 1.81779390864535
934 1.81765727597512
935 1.8175303810262
936 1.81741331147476
937 1.81730608763239
938 1.81720866716982
939 1.81712094988973
940 1.8170427825154
941 1.81697396346428
942 1.81691424757813
943 1.81686335078319
944 1.8168209546567
945 1.81678671087801
946 1.81676024554501
947 1.81674116333876
948 1.8167290515213
949 1.81672348375395
950 1.81672402372517
951 1.81673022857924
952 1.81674165213878
953 1.81675784791591
954 1.81677837190859
955 1.81680278518019
956 1.81683065622194
957 1.81686156309914
958 1.81689509538341
959 1.81693085587438
960 1.8169684621152
961 1.81700754770747
962 1.81704776343168
963 1.81708877818028
964 1.81713027971107
965 1.81717197522917
966 1.81721359180631
967 1.81725487664644
968 1.8172955972072
969 1.81733554118685
970 1.81737451638634
971 1.81741235045642
972 1.81744889053974
973 1.81748400281745
974 1.81751757197033
975 1.81754950056364
976 1.81757970836526
977 1.81760813160596
978 1.81763472219067
979 1.81765944686915
980 1.8176822863741
981 1.81770323453454
982 1.81772229737149
983 1.81773949218314
984 1.81775484662575
985 1.81776839779635
986 1.81778019132282
987 1.81779028046651
988 1.81779872524197
989 1.81780559155811
990 1.81781095038456
991 1.81781487694661
992 1.81781744995162
993 1.81781875084951
994 1.81781886312942
995 1.81781787165434
996 1.81781586203509
997 1.81781292004471
998 1.81780913107397
999 1.81780457962849
1000 1.81779934886755
1001 1.81779352018437
1002 1.81778717282768
1003 1.81778038356381
1004 1.81777322637851
1005 1.81776577221746
1006 1.81775808876448
1007 1.81775024025581
1008 1.81774228732923
1009 1.81773428690647
1010 1.81772629210703
1011 1.81771835219191
1012 1.81771051253537
1013 1.81770281462278
1014 1.81769529607288
1015 1.81768799068238
1016 1.81768092849116
1017 1.81767413586604
1018 1.8176676356014
1019 1.81766144703471
1020 1.81765558617525
1021 1.81765006584419
1022 1.81764489582446
1023 1.81764008301864
1024 1.8176356316134
1025 1.81763154324903
1026 1.81762781719248
1027 1.81762445051277
1028 1.8176214382574
1029 1.81761877362862
1030 1.81761644815848
1031 1.81761445188164
1032 1.81761277350508
1033 1.81761140057379
1034 1.8176103196318
1035 1.81760951637778
1036 1.81760897581479
1037 1.81760868239345
1038 1.81760862014835
1039 1.8176087728271
1040 1.81760912401204
1041 1.81760965723404
1042 1.81761035607858
1043 1.81761120428371
1044 1.81761218583017
1045 1.81761328502337
1046 1.81761448656755
1047 1.8176157756321
1048 1.81761713791016
1049 1.81761855966983
1050 1.81762002779811
1051 1.81762152983777
1052 1.81762305401754
1053 1.81762458927589
1054 1.81762612527862
1055 1.81762765243074
1056 1.81762916188284
1057 1.81763064553242
1058 1.81763209602044
1059 1.81763350672354
1060 1.81763487174224
1061 1.81763618588544
1062 1.81763744465173
1063 1.8176386442077
1064 1.81763978136365
1065 1.81764085354709
1066 1.81764185877429
1067 1.81764279562023
1068 1.81764366318725
1069 1.81764446107262
1070 1.81764518933548
1071 1.81764584846319
1072 1.8176464393375
1073 1.81764696320067
1074 1.81764742162182
1075 1.81764781646363
1076 1.81764814984968
1077 1.81764842413245
1078 1.81764864186223
1079 1.81764880575707
1080 1.81764891867378
1081 1.81764898358022
1082 1.81764900352887
1083 1.81764898163179
1084 1.81764892103695
1085 1.81764882490615
1086 1.81764869639436
1087 1.81764853863059
1088 1.81764835470037
1089 1.81764814762966
1090 1.81764792037038
1091 1.81764767578739
1092 1.81764741664695
1093 1.81764714560665
1094 1.81764686520671
1095 1.81764657786265
1096 1.81764628585926
1097 1.81764599134584
1098 1.81764569633255
1099 1.817645402688
1100 1.81764511213777
1101 1.81764482626403
1102 1.81764454650603
1103 1.81764427416142
1104 1.8176440103884
1105 1.81764375620856
1106 1.81764351251037
1107 1.81764328005322
1108 1.81764305947204
1109 1.81764285128227
1110 1.81764265588528
1111 1.81764247357408
1112 1.8176423045393
1113 1.81764214887537
1114 1.81764200658688
1115 1.817641877595
1116 1.81764176174396
1117 1.81764165880758
1118 1.81764156849574
1119 1.81764149046077
1120 1.81764142430377
1121 1.81764136958077
1122 1.8176413258087
1123 1.81764129247127
1124 1.81764126902451
1125 1.81764125490216
1126 1.81764124952082
1127 1.81764125228475
1128 1.81764126259051
1129 1.81764127983125
1130 1.81764130340071
1131 1.81764133269695
1132 1.81764136712579
1133 1.81764140610392
1134 1.81764144906178
1135 1.81764149544606
1136 1.817641544722
1137 1.81764159637538
1138 1.81764164991419
1139 1.81764170487016
1140 1.81764176079989
1141 1.81764181728587
1142 1.81764187393717
1143 1.81764193038997
1144 1.81764198630789
1145 1.81764204138207
1146 1.81764209533111
1147 1.81764214790088
1148 1.81764219886408
1149 1.81764224801978
1150 1.81764229519272
1151 1.81764234023259
1152 1.81764238301312
1153 1.81764242343119
1154 1.81764246140577
1155 1.81764249687684
1156 1.81764252980425
1157 1.81764256016654
1158 1.81764258795973
1159 1.8176426131961
1160 1.8176426359029
1161 1.81764265612116
1162 1.8176426739044
1163 1.81764268931741
1164 1.81764270243506
1165 1.81764271334108
1166 1.8176427221269
1167 1.81764272889055
1168 1.81764273373557
1169 1.81764273676995
1170 1.81764273810518
1171 1.81764273785526
1172 1.81764273613584
1173 1.81764273306336
1174 1.81764272875431
1175 1.81764272332446
1176 1.81764271688821
1177 1.81764270955797
1178 1.81764270144364
1179 1.81764269265205
1180 1.81764268328656
1181 1.81764267344667
1182 1.81764266322763
1183 1.81764265272023
1184 1.81764264201048
1185 1.81764263117948
1186 1.81764262030325
1187 1.81764260945259
1188 1.81764259869307
1189 1.81764258808497
1190 1.81764257768329
1191 1.81764256753778
1192 1.81764255769303
1193 1.81764254818855
1194 1.81764253905888
1195 1.81764253033376
1196 1.81764252203828
1197 1.81764251419304
1198 1.81764250681436
1199 1.8176424999145
1200 1.81764249350186
