1 2
2 2
3 2
4 2
5 2
6 2
7 2
8 2
9 2
10 2
11 2
12 2
13 2
14 2
15 2
16 2
17 2
18 2
19 2
20 2
21 2
22 2
23 2
24 2
25 2
26 2
27 2
28 2
29 2
30 2.25
31 2.29333333333333
32 2.33666666666667
33 2.38
34 2.42333333333333
35 2.46666666666667
36 2.51
37 2.55333333333333
38 2.59666666666667
39 2.64
40 2.68071811520833
41 2.71653872733542
42 2.74759834640663
43 2.77399390769052
44 2.79579197984464
45 2.8
46 2.8
47 2.8
48 2.8
49 2.79916645827562
50 2.79383059284657
51 2.78407554079997
52 2.77005782793796
53 2.75199055207646
54 2.73013085625759
55 2.70490696530664
56 2.67686688336043
57 2.64648431515444
58 2.61413553633213
59 2.58012929338826
60 2.54476779630819
61 2.50838254743896
62 2.47132647025564
63 2.43396640355845
64 2.39667615482319
65 2.35982876833208
66 2.32378748710622
67 2.28889817549258
68 2.25548496182032
69 2.22384833097615
70 2.1942642365867
71 2.16698307167731
72 2.14222827305045
73 2.12019479009382
74 2.10104759096393
75 2.0849203460559
76 2.0719144210463
77 2.06209828206623
78 2.05550734764391
79 2.05214425970517
80 2.05197951866047
81 2.05495243150894
82 2.06097233814695
83 2.06992009353737
84 2.08164978919589
85 2.09599069888423
86 2.11274943177459
87 2.1317122726845
88 2.1526476846864
89 2.17530894589043
90 2.19943689018898
91 2.22476272114184
92 2.25101086847699
93 2.27790185741589
94 2.30515516194002
95 2.33249201409796
96 2.35963814250165
97 2.38632641432454
98 2.41229935645204
99 2.43731153299482
100 2.46113175817058
101 2.48354512557384
102 2.50435483704804
103 2.52338381670959
104 2.54047609810904
105 2.55549797501714
106 2.56833890886503
107 2.57891218842339
108 2.58715533985259
109 2.59303028777261
110 2.59652327046499
111 2.59764451470617
112 2.59642767802082
113 2.59292906831212
114 2.58722665285505
115 2.5794188705092
116 2.56962326270507
117 2.55797494026709
118 2.54462490444766
119 2.5297382416496
120 2.51349221220233
121 2.49607425422593
122 2.4776799240637
123 2.45851079498813
124 2.43877233588903
125 2.41867179144066
126 2.39841608482189
127 2.37820976343989
128 2.35825300729156
129 2.33873971860119
130 2.31985571021035
131 2.3017770088813
132 2.28466828822491
133 2.26868144439463
134 2.25395432601737
135 2.24060962807943
136 2.22875395766884
137 2.21847707761485
138 2.20985133217967
139 2.20293125706643
140 2.19775337412927
141 2.1943361693257
142 2.19268025065434
143 2.19276868109165
144 2.19456747989306
145 2.19802628407409
146 2.20307916044737
147 2.20964555727516
148 2.21763138341463
149 2.22693020179382
150 2.23742452316754
151 2.24898718537074
152 2.26148280271615
153 2.27476926977558
154 2.28869930354224
155 2.30312200789246
156 2.31788444434844
157 2.33283319338438
158 2.34781589091123
159 2.36268272511402
160 2.37728787949155
161 2.39149090875219
162 2.4051580351413
163 2.41816335380342
164 2.43038993690423
165 2.44173082744019
166 2.45208991493389
167 2.46138268653718
168 2.4695368484274
169 2.47649281377027
170 2.48220405492222
171 2.48663731894058
172 2.48977270684871
173 2.49160361845086
174 2.49213656579634
175 2.49139085964127
176 2.48939817443809
177 2.48620199848777
178 2.48185697690654
179 2.47642815598163
180 2.46999013830894
181 2.46262615881612
182 2.45442709237044
183 2.44549040414872
184 2.43591905430492
185 2.42582036870686
186 2.41530488762813
187 2.40448520427535
188 2.39347480490689
189 2.38238692206004
190 2.37133341205499
191 2.3604236674904
192 2.34976357489356
193 2.33945452704602
194 2.3295924987807
195 2.32026719424755
196 2.31156127278182
197 2.30354965959109
198 2.29629894651486
199 2.2898668871141
200 2.28430198932847
201 2.27964320790586
202 2.27591973777404
203 2.27315090849697
204 2.27134617894934
205 2.27050523036132
206 2.27061815494175
207 2.27166573638877
208 2.27361981775258
209 2.27644375133121
210 2.28009292456429
211 2.28451535524786
212 2.2896523488296
213 2.2954392100632
214 2.30180600090591
215 2.30867833623671
216 2.31597820875597
217 2.32362483430064
218 2.33153550877204
219 2.33962646792475
220 2.34781374140264
221 2.35601399262847
222 2.36414533645385
223 2.37212812685112
224 2.37988570737332
225 2.38734511761705
226 2.39443774948954
227 2.40109994769819
228 2.40727354954251
229 2.41290635978536
230 2.41795255710754
231 2.42237302939655
232 2.42613563588142
233 2.42921539489137
234 2.43159459677973
235 2.43326284230814
236 2.43421700752289
237 2.43446113686703
238 2.43400626695371
239 2.43287018407033
240 2.43107711908445
241 2.4286573839764
242 2.4256469547241
243 2.42208700571041
244 2.41802340120768
245 2.41350614981625
246 2.40858882799097
247 2.40332797898117
248 2.39778249363448
249 2.39201297957281
250 2.3860811252415
251 2.38004906526007
252 2.37397875336823
253 2.36793134906591
254 2.36196662379398
255 2.35614239219677
256 2.350513973653
257 2.34513368886176
258 2.34005039583046
259 2.33530906913698
260 2.33095042583408
261 2.32701060083558
262 2.32352087407772
263 2.32050745118994
264 2.31799129884368
265 2.31598803538141
266 2.31450787676628
267 2.31355563734116
268 2.31313078435005
269 2.31322754465924
270 2.31383506162589
271 2.31493759960087
272 2.31651479312673
273 2.31854193750192
274 2.32099031703401
275 2.32382756699911
276 2.32701806506462
277 2.33052334771955
278 2.3343025470924
279 2.33831284342091
280 2.34250992837243
281 2.34684847439614
282 2.35128260532025
283 2.35576636348538
284 2.36025416882913
285 2.36470126550413
286 2.36906415181947
287 2.37330098954167
288 2.37737198887167
289 2.38123976572647
290 2.3848696682938
291 2.38823007019162
292 2.39129262794701
293 2.39403250090806
294 2.39642853211184
295 2.39846338904825
296 2.40012366367909
297 2.40139993148941
298 2.40228676976014
299 2.40278273565368
300 2.40289030509273
301 2.40261577378456
302 2.40196912209398
303 2.40096384579613
304 2.39961675504094
305 2.39794774413398
306 2.3959795349788
307 2.39373739723489
308 2.39124884841869
309 2.38854333731375
310 2.38565191415864
311 2.3826068911467
312 2.37944149680145
313 2.37618952778474
314 2.37288500165273
315 2.36956181399889
316 2.36625340331405
317 2.36299242675375
318 2.35981044983404
319 2.35673765288061
320 2.35380255683623
321 2.35103177078897
322 2.3484497633228
323 2.346078659515
324 2.34393806511518
325 2.3420449191405
326 2.34041337581587
327 2.33905471647779
328 2.33797729175061
329 2.3371864939967
330 2.33668475974063
331 2.33647160147468
332 2.33654366797182
333 2.33689483196494
334 2.33751630380043
335 2.33839676944193
336 2.33952255098855
337 2.34087778768232
338 2.3424446352144
339 2.34420348099861
340 2.34613317296632
341 2.34821125934834
342 2.35041423684839
343 2.35271780457809
344 2.35509712111627
345 2.35752706207392
346 2.35998247559125
347 2.36243843326214
348 2.36487047407484
349 2.3672548390726
350 2.36956869457415
351 2.37179034194869
352 2.3738994121119
353 2.3758770430965
354 2.37770603925052
355 2.37937101082673
356 2.38085849294569
357 2.38215704313894
358 2.38325731690777
359 2.38415212096216
360 2.38483644403328
361 2.38530746537803
362 2.38556454131419
363 2.38560917033687
364 2.38544493756976
365 2.3850774394962
366 2.38451419009347
367 2.38376450965741
368 2.38283939775264
369 2.38175139185426
370 2.38051441335973
371 2.37914360274353
372 2.37765514570171
373 2.37606609218805
374 2.37439417027822
375 2.37265759681321
376 2.37087488676831
377 2.36906466326951
378 2.36724547013668
379 2.36543558877167
380 2.36365286113205
381 2.36191452043741
382 2.36023703114699
383 2.358635939626
384 2.35712573678446
385 2.35571973382919
386 2.35442995211706
387 2.35326702793874
388 2.35224013289754
389 2.35135691038049
390 2.35062342844866
391 2.35004414930443
392 2.34962191532533
393 2.3493579514891
394 2.34925188385516
395 2.3493017736137
396 2.34950416606846
397 2.34985415378191
398 2.35034545298599
399 2.35097049224571
400 2.10097049224571
401 2.01516898891827
402 1.92947183174016
403 1.8438673894889
404 1.75834332851021
405 1.67288674883063
406 1.58748432332653
407 1.50212243850621
408 1.41678733547269
409 1.33146524966058
410 1.24876561196771
411 1.2
412 1.2
413 1.2
414 1.2
415 1.2
416 1.2
417 1.2
418 1.2
419 1.2
420 1.2
421 1.2
422 1.20356743369028
423 1.21278416519911
424 1.22664587381628
425 1.24435828002095
426 1.26529130111059
427 1.28894331216445
428 1.31491327993735
429 1.34287903068886
430 1.3725802972968
431 1.40380549039013
432 1.43634405297745
433 1.46993051793328
434 1.50424642099958
435 1.53894871282586
436 1.57368851677732
437 1.60812310045249
438 1.64192313307319
439 1.67477671679782
440 1.70639125286995
441 1.73649389249237
442 1.7648314873312
443 1.79117117564155
444 1.81530197887059
445 1.83703688354486
446 1.85621484394011
447 1.87270242055871
448 1.88639494125514
449 1.89721717250366
450 1.90512354287729
451 1.91009798632669
452 1.91215347663032
453 1.9113313070759
454 1.90770014122639
455 1.901354840323
456 1.892415067711
457 1.88102367492307
458 1.86734488132835
459 1.85156226626099
460 1.83387659782776
461 1.81450352574457
462 1.79367116673273
463 1.77161761077234
464 1.74858837560858
465 1.72483383595033
466 1.70060665303943
467 1.67615922966226
468 1.65174121506959
469 1.62759708351926
470 1.6039638091636
471 1.58106865873165
472 1.55912712191631
473 1.53834099760952
474 1.51889665218824
475 1.500963463988
476 1.48469246594774
477 1.47021519619427
478 1.4576427640777
479 1.44706513688643
480 1.43855065018085
481 1.4321457424071
482 1.42787491220841
483 1.4257408946629
484 1.42572505056598
485 1.42778796086262
486 1.43187021643928
487 1.43789339172392
488 1.44576118893025
489 1.45536073833209
490 1.46656403867707
491 1.47922952075402
492 1.49320371622432
493 1.50832301311746
494 1.52441547888062
495 1.54130273156111
496 1.55880183958878
497 1.57672723071072
498 1.59489259090769
499 1.61311273458448
500 1.63120542796663
501 1.64899314844422
502 1.66630476356794
503 1.68297711451118
504 1.69885649005069
505 1.71379997847257
506 1.72767668626408
507 1.74036881398905
508 1.7517725813483
509 1.7617989950795
510 1.7703744550354
511 1.77744119547887
512 1.78295756032952
513 1.78689811277356
514 1.78925358128969
515 1.79003064573329
516 1.7892515686442
517 1.78695367838617
518 1.78318871207575
519 1.77802202750327
520 1.77153169437798
521 1.76380747623501
522 1.75494971521489
523 1.74506813266204
524 1.73428055908067
525 1.72271160743331
526 1.71049130406559
527 1.69775369169214
528 1.68463541888244
529 1.67127433034609
530 1.65780807203778
531 1.6443727246887
532 1.63110147882979
533 1.61812336371169
534 1.60556204175411
535 1.59353467928411
536 1.58215090335968
537 1.5715118534315
538 1.5617093354861
539 1.55282508514797
540 1.54493014501076
541 1.5380843602304
542 1.53233599515908
543 1.52772147254136
544 1.52426523554445
545 1.52197973166672
546 1.52086551637336
547 1.52091147315663
548 1.52209514562195
549 1.5243831761691
550 1.52773184487955
551 1.53208770134448
552 1.53738828138068
553 1.54356289988894
554 1.55053351051742
555 1.55821562230471
556 1.56651926309591
557 1.57534997925347
558 1.58460986102162
559 1.59419858284966
560 1.60401444803353
561 1.61395542719354
562 1.62392018036664
563 1.63380905284843
564 1.64352503536854
565 1.65297467971678
566 1.66206896154944
567 1.67072408278765
568 1.6788622067654
569 1.68641212008371
570 1.69330981597201
571 1.69949899483783
572 1.70493147859208
573 1.70956753626058
574 1.71337611932272
575 1.7163350061466
576 1.71843085580676
577 1.71965917246757
578 1.72002418238308
579 1.71953862639535
580 1.71822347159978
581 1.71610754658117
582 1.71322710530159
583 1.7096253253352
584 1.7053517466905
585 1.700461657934
586 1.69501543672617
587 1.68907785219988
588 1.68271733685039
589 1.67600523576374
590 1.66901504108819
591 1.66182161964953
592 1.65450044153023
593 1.64712681727404
594 1.63977515114656
595 1.63251821758159
596 1.62542646757696
597 1.61856737137704
598 1.61200480329784
599 1.60579847401974
600 1.6000034150995
601 1.59466951984319
602 1.58984114404192
603 1.58555676940993
604 1.58184873188643
605 1.57874301627604
606 1.57625911801378
607 1.57440997215809
608 1.57320194904333
609 1.57263491537105
610 1.57270235889037
611 1.57339157422037
612 1.57468390680468
613 1.576555051467
614 1.5789754015597
615 1.58191044426973
616 1.58532119727111
617 1.58916468159235
618 1.59339442530443
619 1.59796099243009
620 1.6028125313305
621 1.60789533674027
622 1.61315441959655
623 1.61853407884135
624 1.623978469467
625 1.62943216122067
626 1.63484068258295
627 1.640151044884
628 1.64531224171624
629 1.65027571913992
630 1.65499581255457
631 1.65943014651897
632 1.6635399942422
633 1.66729059393143
634 1.67065141966544
635 1.67359640495971
636 1.67610411769441
637 1.67815788558645
638 1.67974587189438
639 1.68086110154639
640 1.68150143837157
641 1.68166951458851
642 1.68137261415888
643 1.68062251204213
644 1.67943527178818
645 1.67783100427335
646 1.67583359071848
647 1.67347037342421
648 1.67077181791463
649 1.6677711503953
650 1.66450397460301
651 1.66100787225284
652 1.65732199137131
653 1.65348662684388
654 1.64954279750038
655 1.6455318240144
656 1.64149491180355
657 1.63747274298815
658 1.63350508129901
659 1.62963039362191
660 1.62588549163125
661 1.62230519669936
662 1.61892203097624
663 1.61576593721885
664 1.61286402961382
665 1.61024037748664
666 1.60791582342672
667 1.60590783698642
668 1.60423040473571
669 1.60289395707754
670 1.60190533185534
671 1.60126777441706
672 1.60098097344363
673 1.60104113150695
674 1.60144106899606
675 1.60217035974412
676 1.60321549640452
677 1.60456008336562
678 1.60618505476103
679 1.60806891492917
680 1.61018799850225
681 1.61251674716311
682 1.61502799999843
683 1.61769329429972
684 1.62048317361946
685 1.62336749987758
686 1.62631576633448
687 1.6292974082982
688 1.6322821085154
689 1.63524009430664
690 1.63814242364441
691 1.64096125753543
692 1.6436701162553
693 1.64624411719083
694 1.64866019227092
695 1.65089728320846
696 1.65293651303051
697 1.6547613326385
698 1.65635764141331
699 1.65771388115641
700 1.65882110293797
701 1.65967300669987
702 1.66026595373644
703 1.66059895244286
704 1.66067361798025
705 1.66049410675372
706 1.66006702683334
707 1.6594013256662
708 1.65850815662817
709 1.65740072614528
710 1.65609412327515
711 1.65460513377796
712 1.65295204082206
713 1.65115441456182
714 1.64923289289379
715 1.64720895574106
716 1.64510469523583
717 1.64294258416588
718 1.64074524502324
719 1.63853522194286
720 1.63633475774691
721 1.63416557821763
722 1.63204868560936
723 1.63000416328009
724 1.62805099317685
725 1.62620688774796
726 1.62448813768223
727 1.62290947669048
728 1.62148396435253
729 1.62022288785332
730 1.61913568322808
731 1.61822987653073
732 1.61751104513317
733 1.61698279915912
734 1.61664678285529
735 1.61650269550817
736 1.6165483313275
737 1.61677963753957
738 1.61719078976659
739 1.61777428361388
740 1.61852104124567
741 1.61942053160405
742 1.62046090281565
743 1.62162912523652
744 1.62291114350942
745 1.62429203594875
746 1.62575617952728
747 1.62728741871599
748 1.62886923642292
749 1.63048492528953
750 1.63211775763226
751 1.63375115236327
752 1.63536883728571
753 1.63695500523562
754 1.63849446263252
755 1.63997276910397
756 1.64137636696308
757 1.64269269944259
758 1.64391031672164
759 1.6450189689211
760 1.64600968538889
761 1.64687483974599
762 1.64760820031552
763 1.64820496571024
764 1.64866178550556
765 1.64897676607514
766 1.64914946181237
767 1.64918085210247
768 1.64907330454451
769 1.64883052505042
770 1.6484574955667
771 1.64796040027355
772 1.64734654121472
773 1.64662424439857
774 1.64580275748576
775 1.64489214024189
776 1.64390314898282
777 1.64284711627705
778 1.64173582719287
779 1.64058139338763
780 1.63939612633385
781 1.63819241096046
782 1.63698258095937
783 1.63577879696716
784 1.63459292878018
785 1.63343644269914
786 1.63232029502747
787 1.63125483266706
788 1.63024970166637
789 1.62931376448052
790 1.62845502660192
791 1.62768057311411
792 1.62699651561222
793 1.62640794982195
794 1.62591892413601
795 1.6255324191742
796 1.6252503383616
797 1.62507350940962
798 1.62500169647842
799 1.625033622697
800 1.875033622697
801 1.89693187085518
802 1.91892415246569
803 1.94100544230293
804 1.96316992431762
805 1.98541106453884
806 2.00772168974069
807 2.03009407098116
808 2.05252001108903
809 2.07499093515295
810 2.09488416020026
811 2.11013597760247
812 2.12125842790221
813 2.12864548435892
814 2.13259938174855
815 2.13335113586503
816 2.13107653681072
817 2.12590861538336
818 2.11794736083536
819 2.1072672961294
820 2.09395072560417
821 2.0781329529701
822 2.06000596511104
823 2.03979831691753
824 2.01776133254819
825 1.99415980547827
826 1.96926587452249
827 1.94335511791457
828 1.91670417575635
829 1.88958940762334
830 1.86228594942153
831 1.83506629879803
832 1.80819805953495
833 1.78194119223963
834 1.75654520448836
835 1.732246516718
836 1.70926611591134
837 1.68780753351611
838 1.66805514047734
839 1.65017272937153
840 1.63430234668635
841 1.62056334777014
842 1.60905166647817
843 1.59983930679763
844 1.59297406798337
845 1.58847951153095
846 1.58635517235839
847 1.58657701038723
848 1.58909809351108
849 1.59384949915207
850 1.60074141922226
851 1.60966445199774
852 1.62049106366271
853 1.63307720162983
854 1.64726404098358
855 1.6628798445437
856 1.6797419162172
857 1.69765862661931
858 1.71643148947949
859 1.73585726715417
860 1.75573008364892
861 1.77584352389236
862 1.79599269857167
863 1.81597625460552
864 1.8355983122719
865 1.85467031110944
866 1.87301274795888
867 1.89045679189639
868 1.90684576231938
869 1.92203645806324
870 1.93590032713819
871 1.94832446845891
872 1.95921245877675
873 1.96848499989472
874 1.97608038312896
875 1.98195476985844
876 1.98608228885753
877 1.98845495291725
878 1.98908239901216
879 1.98799145794583
880 1.98522556099278
881 1.98084399253502
882 1.97492099905382
883 1.96754476607133
884 1.95881627573091
885 1.94884805865349
886 1.93776285450056
887 1.92569219631001
888 1.91277493414411
889 1.89915571389837
890 1.88498342726574
891 1.87040964883471
892 1.85558707612464
893 1.8406679880328
894 1.82580273669093
895 1.81113828711181
896 1.79681681825819
897 1.78297439829592
898 1.76973974581302
899 1.75723308770673
900 1.74556512327547
901 1.7348361028143
902 1.72513502771518
903 1.71653897773085
904 1.7091125696879
905 1.70290755054454
906 1.69796252629633
907 1.69430282685203
908 1.69194050564586
909 1.69087447143437
910 1.69109074845868
911 1.6925628599471
912 1.6952523288009
913 1.69910928825562
914 1.70407319435269
915 1.71007363119707
916 1.71703119922403
917 1.72485847605755
918 1.73346103901717
919 1.74273853792459
920 1.75258580657515
921 1.76289400107551
922 1.77355175320504
923 1.78444632703344
924 1.79546476721777
925 1.80649502770488
926 1.81742706997363
927 1.82815392046101
928 1.8385726774189
929 1.84858545813655
930 1.85810027822984
931 1.86703185553156
932 1.87530233200975
933 1.88284190808157
934 1.88958938466919
935 1.89549260935111
936 1.90050882398607
937 1.90460491221752
938 1.90775754629342
939 1.90995323364954
940 1.91118826469337
941 1.91146856418262
942 1.91080944950628
943 1.90923530004055
944 1.90677914255804
945 1.90348215840983
946 1.89939311887063
947 1.89456775563092
948 1.88906807393334
949 1.88296161627936
950 1.87632068497402
951 1.86922153202956
952 1.86174352511205
953 1.85396829828901
954 1.84597889632103
955 1.83785892113923
956 1.8296916889642
957 1.82155940625624
958 1.81354237234356
959 1.80571821616089
960 1.79816117405026
961 1.79094141503512
962 1.78412441938473
963 1.77777041564488
964 1.77193388063071
965 1.76666310616543
966 1.76199983561232
967 1.7579789724948
968 1.75462836273828
969 1.75196865130518
970 1.75001321323964
971 1.74876815839682
972 1.74823240841239
973 1.7483978437757
974 1.74924951821263
975 1.75076593696736
976 1.75291939500048
977 1.75567637060012
978 1.75899796943634
979 1.76284041368122
980 1.76715557047046
981 1.77189151369898
982 1.77699311292534
983 1.78240264300779
984 1.78806040800952
985 1.79390537289096
986 1.79987579655259
987 1.80590985990028
988 1.81194628277469
989 1.81792492381409
990 1.82378735760222
991 1.82947742378614
992 1.83494174322885
993 1.8401301966833
994 1.84499636193318
995 1.84949790583609
996 1.85359692822147
997 1.85726025513277
998 1.86045967945511
999 1.8631721475308
1000 1.86537989092928
1001 1.86707050309989
1002 1.86823696118964
1003 1.86887759384894
1004 1.86899599637016
1005 1.86860089500282
1006 1.86770596276018
1007 1.8663295894711
1008 1.8644946092342
1009 1.86222798879573
1010 1.85956048069463
1011 1.85652624529623
1012 1.85316244606759
1013 1.84950882263126
1014 1.84560724626957
1015 1.84150126263744
1016 1.83723562647892
1017 1.83285583313149
1018 1.82840765154302
1019 1.82393666342194
1020 1.81948781299244
1021 1.81510497163578
1022 1.81083052146996
1023 1.80670496165412
1024 1.80276654090609
1025 1.79905091939474
1026 1.79559086281562
1027 1.79241597108565
1028 1.78955244370084
1029 1.78702288339801
1030 1.78484613934844
1031 1.78303719069493
1032 1.7816070708265
1033 1.7805628323719
1034 1.77990755248829
1035 1.77964037762794
1036 1.77975660658876
1037 1.78024781029552
1038 1.78110198642265
1039 1.78230374665847
1040 1.7838345341273
1041 1.78567286823302
1042 1.78779461396621
1043 1.7901732725299
1044 1.79278028998623
1045 1.7955853805092
1046 1.79855686074862
1047 1.80166199176542
1048 1.80486732499071
1049 1.80813904868788
1050 1.81144333145904
1051 1.81474665943201
1052 1.81801616389071
1053 1.82121993626857
1054 1.82432732760854
1055 1.8273092298031
1056 1.83013833615982
1057 1.83278937909064
1058 1.83523934299218
1059 1.83746765066848
1060 1.83945632194192
1061 1.84119010340072
1062 1.84265656853884
1063 1.84384618785275
1064 1.84475236876717
1065 1.84537146556445
1066 1.84570275978766
1067 1.8457484118726
1068 1.8455133850359
1069 1.84500534270311
1070 1.84423452099995
1071 1.84321357804901
1072 1.84195742201224
1073 1.84048301999424
1074 1.83880919007199
1075 1.83695637884131
1076 1.83494642696971
1077 1.83280232531693
1078 1.83054796423023
1079 1.82820787863967
1080 1.82580699157095
1081 1.8233703586592
1082 1.82092291618827
1083 1.8184892350972
1084 1.81609328328956
1085 1.81375819845476
1086 1.81150607346338
1087 1.80935775623489
1088 1.80733266579543
1089 1.80544862605004
1090 1.80372171858815
1091 1.8021661556268
1092 1.80079417397456
1093 1.7996159506731
1094 1.79863954074517
1095 1.79787083724937
1096 1.79731355361631
1097 1.79696922801952
1098 1.79683724931953
1099 1.79691490391373
1100 1.79719744262907
1101 1.79767816661144
1102 1.79834853099642
1103 1.79919826499197
1104 1.80021550686627
1105 1.80138695221419
1106 1.80269801377432
1107 1.80413299098657
1108 1.80567524741733
1109 1.80730739413676
1110 1.80901147710956
1111 1.81076916665761
1112 1.81256194706875
1113 1.81437130446157
1114 1.81617891106858
1115 1.81796680417142
1116 1.81971755800778
1117 1.82141444707216
1118 1.82304159934778
1119 1.82458413813506
1120 1.82602831128115
1121 1.82736160676266
1122 1.82857285372994
1123 1.82965230828252
1124 1.8305917234115
1125 1.83138440271279
1126 1.83202523764422
1127 1.83251072826792
1128 1.83283898758437
1129 1.83300972972657
1130 1.83302424243765
1131 1.83288534440421
1132 1.83259732815734
1133 1.83216588938353
1134 1.83159804360699
1135 1.83090203131235
1136 1.83008721267158
1137 1.82916395312042
1138 1.82814350109694
1139 1.82703785930813
1140 1.82585965092894
1141 1.82462198216189
1142 1.82333830259463
1143 1.82202226478745
1144 1.82068758450323
1145 1.81934790295915
1146 1.81801665243319
1147 1.81670692649981
1148 1.81543135609879
1149 1.81420199256058
1150 1.81303019862054
1151 1.81192654835587
1152 1.81090073687193
1153 1.80996150045227
1154 1.80911654776893
1155 1.80837250262793
1156 1.80773485860135
1157 1.80720794577203
1158 1.8067949096924
1159 1.80649770253514
1160 1.80631708629256
1161 1.80625264776442
1162 1.80630282496116
1163 1.80646494444345
1164 1.80673526901864
1165 1.80710905512302
1166 1.80758061913475
1167 1.80814341178796
1168 1.80879009979358
1169 1.80951265371744
1170 1.81030244112234
1171 1.81115032394664
1172 1.81204675906989
1173 1.81298190100354
1174 1.81394570564431
1175 1.81492803403698
1176 1.81591875511347
1177 1.81690784640476
1178 1.81788549176145
1179 1.81884217516685
1180 1.81976876978268
1181 1.82065662143135
1182 1.82149762578919
1183 1.82228429864144
1184 1.82300983863109
1185 1.82366818201927
1186 1.82425404906362
1187 1.82476298171167
1188 1.82519137239893
1189 1.82553648383358
1190 1.82579645974173
1191 1.8259703266378
1192 1.82605798677252
1193 1.82606020249625
1194 1.8259785723559
1195 1.82581549932038
1196 1.82557415160015
1197 1.82525841659142
1198 1.82487284853387
1199 1.82442261052232
1200 1.82391341155662
