1 0.8
2 0.8
3 0.8
4 0.8
5 0.8
6 0.8
7 0.8
8 0.8
9 0.8
10 0.8
11 0.8
12 0.8
13 0.8
14 0.8
15 0.8
16 0.8
17 0.8
18 0.8
19 0.8
20 0.8
21 0.8
22 0.8
23 0.8
24 0.8
25 0.8
26 0.8
27 0.8
28 0.8
29 0.8
30 0.8
31 0.8
32 0.8
33 0.8
34 0.8
35 0.8
36 0.8
37 0.8
38 0.8
39 0.8
40 0.8
41 0.8
42 0.8
43 0.8
44 0.8
45 0.8
46 0.8
47 0.8
48 0.8
49 0.8
50 0.8
51 0.8
52 0.8
53 0.8
54 0.8
55 0.8
56 0.8
57 0.8
58 0.8
59 0.8
60 0.8
61 0.8
62 0.8
63 0.8
64 0.8
65 0.8
66 0.8
67 0.8
68 0.8
69 0.8
70 0.8
71 0.8
72 0.8
73 0.8
74 0.8
75 0.8
76 0.8
77 0.8
78 0.8
79 0.8
80 0.8
81 0.8
82 0.8
83 0.8
84 0.8
85 0.8
86 0.8
87 0.8
88 0.8
89 0.8
90 0.8
91 0.8
92 0.8
93 0.8
94 0.8
95 0.8
96 0.8
97 0.8
98 0.8
99 0.8
100 0.8
101 0.8
102 0.8
103 0.8
104 0.8
105 0.8
106 0.8
107 0.8
108 0.8
109 0.8
110 0.8
111 0.8
112 0.8
113 0.8
114 0.8
115 0.8
116 0.8
117 0.8
118 0.8
119 0.8
120 0.8
121 0.8
122 0.8
123 0.8
124 0.8
125 0.8
126 0.8
127 0.8
128 0.8
129 0.8
130 0.8
131 0.8
132 0.8
133 0.8
134 0.8
135 0.8
136 0.8
137 0.8
138 0.8
139 0.8
140 0.8
141 0.8
142 0.8
143 0.8
144 0.8
145 0.8
146 0.8
147 0.8
148 0.8
149 0.8
150 0.8
151 0.8
152 0.8
153 0.8
154 0.8
155 0.8
156 0.8
157 0.8
158 0.8
159 0.8
160 0.8
161 0.8
162 0.8
163 0.8
164 0.8
165 0.8
166 0.8
167 0.8
168 0.8
169 0.8
170 0.8
171 0.8
172 0.8
173 0.8
174 0.8
175 0.8
176 0.8
177 0.8
178 0.8
179 0.8
180 0.8
181 0.8
182 0.8
183 0.8
184 0.8
185 0.8
186 0.8
187 0.8
188 0.8
189 0.8
190 0.8
191 0.8
192 0.8
193 0.8
194 0.8
195 0.8
196 0.8
197 0.8
198 0.8
199 0.8
200 0.8
201 0.8
202 0.8
203 0.8
204 0.8
205 0.8
206 0.8
207 0.8
208 0.8
209 0.8
210 0.8
211 0.800000052768894
212 0.80000024457504
213 0.800000637822198
214 0.800001276559405
215 0.800002190761388
216 0.800003399651882
217 0.800004914281926
218 0.800006739528358
219 0.800008875641149
220 0.800011319439761
221 0.800014065236565
222 0.80001710554805
223 0.800020431641144
224 0.800024033951463
225 0.800027902402153
226 0.800032026645653
227 0.800036396245724
228 0.800041000813265
229 0.800045830106424
230 0.800050874103173
231 0.800056123052698
232 0.800061567510534
233 0.800067198361292
234 0.80007300683193
235 0.800078984497885
236 0.800085123283855
237 0.800091415460591
238 0.800097853638786
239 0.800104430760872
240 0.800111140091355
241 0.800117975206171
242 0.800124929981437
243 0.800131998581864
244 0.800139175449066
245 0.800146455289888
246 0.800153833064909
247 0.800161303977164
248 0.80016886346118
249 0.800176507172344
250 0.800184230976643
251 0.80019203094078
252 0.800199903322684
253 0.800207844562418
254 0.800215851273462
255 0.800223920234389
256 0.800232048380912
257 0.80024023279829
258 0.800248470714087
259 0.80025675949127
260 0.800265096621628
261 0.800273479719511
262 0.800281906515854
263 0.800290374852505
264 0.800298882676811
265 0.80030742803647
266 0.800316009074638
267 0.80032462402526
268 0.800333271208644
269 0.800341949027235
270 0.800350655961604
271 0.80035939056663
272 0.800368151467867
273 0.800376937358088
274 0.800385746994
275 0.800394579193119
276 0.800403432830795
277 0.800412306837381
278 0.800421200195551
279 0.800430111937734
280 0.800439041143683
281 0.800447986938165
282 0.80045694848875
283 0.800465925003728
284 0.80047491573011
285 0.800483919951738
286 0.800492936987481
287 0.800501966189527
288 0.800511006941746
289 0.800520058658146
290 0.800529120781396
291 0.800538192781427
292 0.800547274154097
293 0.800556364419921
294 0.800565463122867
295 0.800574569829212
296 0.800583684126444
297 0.800592805622231
298 0.800601933943428
299 0.800611068735145
300 0.800620209659849
301 0.800629356396518
302 0.800638508639831
303 0.800647666099404
304 0.800656828499053
305 0.800665995576107
306 0.800675167080741
307 0.800684342775352
308 0.800693522433958
309 0.800702705841631
310 0.800711892793956
311 0.800721083096519
312 0.800730276564414
313 0.800739473021779
314 0.800748672301357
315 0.800757874244072
316 0.800767078698629
317 0.800776285521132
318 0.800785494574728
319 0.800794705729255
320 0.800803918860922
321 0.800813133851989
322 0.800822350590479
323 0.800831568969893
324 0.800840788888941
325 0.800850010251286
326 0.800859232965309
327 0.800868456943868
328 0.800877682104087
329 0.800886908367143
330 0.800896135658072
331 0.800905363905574
332 0.80091459304184
333 0.800923823002376
334 0.800933053725846
335 0.800942285153914
336 0.800951517231098
337 0.80096074990463
338 0.800969983124325
339 0.800979216842453
340 0.80098845101362
341 0.800997685594653
342 0.801006920544492
343 0.801016155824084
344 0.801025391396291
345 0.801034627225789
346 0.801043863278984
347 0.801053099523926
348 0.80106233593023
349 0.801071572468995
350 0.801080809112737
351 0.801090045835318
352 0.801099282611876
353 0.801108519418769
354 0.801117756233512
355 0.801126993034719
356 0.801136229802053
357 0.801145466516171
358 0.801154703158678
359 0.801163939712079
360 0.801173176159737
361 0.801182412485829
362 0.801191648675306
363 0.801200884713858
364 0.801210120587873
365 0.801219356284409
366 0.801228591791155
367 0.801237827096405
368 0.801247062189027
369 0.801256297058432
370 0.801265531694552
371 0.801274766087812
372 0.801284000229107
373 0.801293234109775
374 0.801302467721584
375 0.8013117010567
376 0.801320934107677
377 0.801330166867433
378 0.801339399329233
379 0.801348631486673
380 0.801357863333663
381 0.801367094864411
382 0.80137632607341
383 0.801385556955425
384 0.801394787505475
385 0.801404017718825
386 0.801413247590974
387 0.801422477117639
388 0.801431706294751
389 0.801440935118439
390 0.801450163585023
391 0.801459391691004
392 0.801468619433055
393 0.801477846808014
394 0.801487073812873
395 0.801496300444772
396 0.801505526700995
397 0.801514752578956
398 0.801523978076199
399 0.801533203190389
400 0.801542427919306
401 0.801551652260838
402 0.80156087621298
403 0.801570099773825
404 0.801579322941558
405 0.801588545714458
406 0.801597768090886
407 0.801606990069285
408 0.801616211648175
409 0.801625432826149
410 0.801634548064082
411 0.801643384823989
412 0.801651818297139
413 0.801659760384315
414 0.801667151134968
415 0.801673952100594
416 0.801680141178131
417 0.801685708612966
418 0.80169065390427
419 0.801694983412271
420 0.801698708511429
421 0.801701844168001
422 0.801704407847407
423 0.80170641867773
424 0.801707896812022
425 0.801708862944786
426 0.801709337947913
427 0.801709342599045
428 0.801708897381354
429 0.801708022338391
430 0.801706736971311
431 0.801705060168584
432 0.801703010160561
433 0.801700604492917
434 0.801697860014386
435 0.80169479287521
436 0.801691418533536
437 0.801687751767646
438 0.801683806692362
439 0.801679596778375
440 0.801675134873531
441 0.801670433225332
442 0.801665503504097
443 0.801660356826363
444 0.801655003778208
445 0.801649454438264
446 0.801643718400255
447 0.801637804794935
448 0.801631722311345
449 0.801625479217342
450 0.801619083379357
451 0.801612542281374
452 0.801605863043125
453 0.801599052437512
454 0.801592116907258
455 0.801585062580814
456 0.801577895287549
457 0.801570620572223
458 0.801563243708803
459 0.80155576971361
460 0.801548203357859
461 0.801540549179587
462 0.801532811495023
463 0.801524994409397
464 0.801517101827239
465 0.801509137462175
466 0.801501104846248
467 0.801493007338788
468 0.801484848134849
469 0.801476630273237
470 0.801468356644148
471 0.801460029996431
472 0.801451652944498
473 0.801443227974895
474 0.801434757452558
475 0.801426243626756
476 0.801417688636748
477 0.801409094517162
478 0.801400463203114
479 0.801391796535074
480 0.801383096263491
481 0.801374364053201
482 0.801365601487611
483 0.801356810072682
484 0.801347991240717
485 0.801339146353964
486 0.801330276708042
487 0.801321383535198
488 0.80131246800741
489 0.801303531239332
490 0.801294574291099
491 0.801285598170993
492 0.801276603837979
493 0.801267592204118
494 0.80125856413686
495 0.801249520461227
496 0.801240461961886
497 0.801231389385128
498 0.801222303440737
499 0.801213204803783
500 0.801204094116316
501 0.801194971988981
502 0.801185839002557
503 0.801176695709414
504 0.801167542634904
505 0.801158380278683
506 0.80114920911597
507 0.801140029598735
508 0.801130842156845
509 0.801121647199139
510 0.801112445114458
511 0.801103236272625
512 0.801094021025372
513 0.801084799707228
514 0.801075572636359
515 0.801066340115366
516 0.801057102432052
517 0.80104785986014
518 0.801038612659965
519 0.801029361079126
520 0.801020105353114
521 0.801010845705899
522 0.801001582350495
523 0.800992315489498
524 0.800983045315592
525 0.800973772012037
526 0.800964495753128
527 0.800955216704636
528 0.800945935024219
529 0.800936650861828
530 0.800927364360074
531 0.800918075654594
532 0.800908784874392
533 0.800899492142157
534 0.800890197574579
535 0.800880901282639
536 0.800871603371888
537 0.800862303942717
538 0.8008530030906
539 0.800843700906345
540 0.800834397476316
541 0.800825092882651
542 0.800815787203471
543 0.800806480513075
544 0.800797172882125
545 0.800787864377829
546 0.800778555064104
547 0.800769245001742
548 0.800759934248558
549 0.800750622859542
550 0.80074131088699
551 0.80073199838064
552 0.800722685387797
553 0.800713371953452
554 0.800704058120393
555 0.800694743929314
556 0.80068542941892
557 0.800676114626018
558 0.800666799585618
559 0.800657484331014
560 0.800648168893872
561 0.800638853304306
562 0.800629537590958
563 0.800620221781069
564 0.800610905900544
565 0.800601589974022
566 0.800592274024935
567 0.800582958075569
568 0.800573642147117
569 0.800564326259736
570 0.800555010432596
571 0.800545694683928
572 0.80053637903107
573 0.800527063490513
574 0.800517748077937
575 0.800508432808257
576 0.800499117695657
577 0.800489802753625
578 0.800480487994989
579 0.800471173431949
580 0.800461859076107
581 0.800452544938497
582 0.80044323102961
583 0.800433917359427
584 0.800424603937436
585 0.800415290772661
586 0.800405977873684
587 0.800396665248666
588 0.800387352905367
589 0.800378040851167
590 0.800368729093084
591 0.80035941763779
592 0.800350106491632
593 0.800340795660643
594 0.800331485150561
595 0.800322174966841
596 0.800312865114672
597 0.800303555598988
598 0.800294246424477
599 0.800284937595601
600 0.800275629116599
601 0.800266320991505
602 0.800257013224152
603 0.800247705818186
604 0.800238398777074
605 0.800229092104111
606 0.80021978580243
607 0.800210479875012
608 0.80020117432469
609 0.800191869154157
610 0.800182564365974
611 0.800173259962576
612 0.800163955946278
613 0.80015465231928
614 0.800145349083675
615 0.800136046241452
616 0.800126743794502
617 0.800117441744622
618 0.80010814009352
619 0.800098838842822
620 0.80008953799407
621 0.800080237548732
622 0.800070937508204
623 0.80006163787381
624 0.80005233864681
625 0.800043039828402
626 0.800033741419724
627 0.800024443421856
628 0.800015145835827
629 0.800005848662612
630 0.799996551903139
631 0.79998725555829
632 0.799977959628901
633 0.799968664115768
634 0.799959369019646
635 0.799950074341254
636 0.799940780081272
637 0.799931486240348
638 0.799922192819097
639 0.799912899818101
640 0.799903607237917
641 0.799894315079068
642 0.799885023342056
643 0.799875732027354
644 0.799866441135411
645 0.799857150666655
646 0.799847860621491
647 0.799838571000303
648 0.799829281803455
649 0.799819993031295
650 0.799810704684148
651 0.799801416762327
652 0.799792129266126
653 0.799782842195824
654 0.799773555551687
655 0.799764269333964
656 0.799754983542893
657 0.7997456981787
658 0.799736413241597
659 0.799727128731787
660 0.799717844649459
661 0.799708560994794
662 0.799699277767963
663 0.799689994969128
664 0.79968071259844
665 0.799671430656045
666 0.799662149142077
667 0.799652868056666
668 0.799643587399932
669 0.79963430717199
670 0.799625027372948
671 0.799615748002907
672 0.799606469061962
673 0.799597190550204
674 0.799587912467717
675 0.79957863481458
676 0.799569357590868
677 0.79956008079665
678 0.799550804431994
679 0.799541528496958
680 0.799532252991602
681 0.799522977915979
682 0.799513703270138
683 0.799504429054127
684 0.799495155267988
685 0.799485881911762
686 0.799476608985485
687 0.799467336489194
688 0.799458064422919
689 0.799448792786689
690 0.799439521580533
691 0.799430250804473
692 0.799420980458533
693 0.799411710542733
694 0.799402441057091
695 0.799393172001623
696 0.799383903376346
697 0.79937463518127
698 0.799365367416409
699 0.799356100081771
700 0.799346833177365
701 0.799337566703199
702 0.799328300659277
703 0.799319035045604
704 0.799309769862184
705 0.799300505109019
706 0.799291240786109
707 0.799281976893455
708 0.799272713431055
709 0.799263450398908
710 0.799254187797012
711 0.799244925625361
712 0.799235663883952
713 0.79922640257278
714 0.799217141691839
715 0.799207881241122
716 0.799198621220621
717 0.79918936163033
718 0.79918010247024
719 0.799170843740341
720 0.799161585440624
721 0.799152327571079
722 0.799143070131695
723 0.799133813122461
724 0.799124556543366
725 0.799115300394399
726 0.799106044675545
727 0.799096789386794
728 0.799087534528132
729 0.799078280099546
730 0.799069026101022
731 0.799059772532545
732 0.799050519394103
733 0.799041266685679
734 0.79903201440726
735 0.799022762558831
736 0.799013511140375
737 0.799004260151878
738 0.798995009593323
739 0.798985759464696
740 0.798976509765978
741 0.798967260497155
742 0.79895801165821
743 0.798948763249126
744 0.798939515269886
745 0.798930267720473
746 0.79892102060087
747 0.79891177391106
748 0.798902527651025
749 0.798893281820748
750 0.798884036420212
751 0.798874791449397
752 0.798865546908287
753 0.798856302796864
754 0.798847059115109
755 0.798837815863005
756 0.798828573040532
757 0.798819330647673
758 0.79881008868441
759 0.798800847150723
760 0.798791606046594
761 0.798782365372006
762 0.798773125126938
763 0.798763885311372
764 0.798754645925289
765 0.798745406968671
766 0.798736168441499
767 0.798726930343753
768 0.798717692675414
769 0.798708455436465
770 0.798699218626884
771 0.798689982246654
772 0.798680746295754
773 0.798671510774167
774 0.798662275681872
775 0.79865304101885
776 0.798643806785083
777 0.79863457298055
778 0.798625339605232
779 0.79861610665911
780 0.798606874142164
781 0.798597642054375
782 0.798588410395724
783 0.79857917916619
784 0.798569948365755
785 0.798560717994399
786 0.798551488052102
787 0.798542258538845
788 0.798533029454607
789 0.798523800799371
790 0.798514572573115
791 0.79850534477582
792 0.798496117407467
793 0.798486890468036
794 0.798477663957507
795 0.798468437875861
796 0.798459212223077
797 0.798449986999137
798 0.798440762204019
799 0.798431537837706
800 0.798422313900176
801 0.798413090391411
802 0.798403867311389
803 0.798394644660093
804 0.798385422437501
805 0.798376200643595
806 0.798366979278353
807 0.798357758341757
808 0.798348537833787
809 0.798339317754423
810 0.798330124488092
811 0.798321001168952
812 0.798311978998866
813 0.79830308000233
814 0.79829431916669
815 0.798285706103792
816 0.798277246339136
817 0.798268942311121
818 0.798260794144713
819 0.798252800249623
820 0.798244957782017
821 0.79823726300012
822 0.798229711537375
823 0.79822229861157
824 0.79821501918426
825 0.798207868081644
826 0.798200840085581
827 0.798193930001502
828 0.798187132708461
829 0.798180443195424
830 0.798173856586965
831 0.79816736816083
832 0.798160973359306
833 0.798154667795851
834 0.798148447258165
835 0.798142307708576
836 0.79813624528244
837 0.798130256285083
838 0.798124337187703
839 0.798118484622531
840 0.798112695377517
841 0.798106966390697
842 0.79810129474441
843 0.79809567765944
844 0.798090112489192
845 0.798084596713934
846 0.798079127935165
847 0.798073703870128
848 0.798068322346496
849 0.798062981297243
850 0.798057678755701
851 0.798052412850815
852 0.798047181802596
853 0.798041983917764
854 0.798036817585586
855 0.798031681273898
856 0.79802657352531
857 0.798021492953585
858 0.798016438240186
859 0.798011408130987
860 0.798006401433143
861 0.798001417012103
862 0.79799645378877
863 0.797991510736798
864 0.797986586880017
865 0.797981681289983
866 0.797976793083651
867 0.797971921421154
868 0.797967065503695
869 0.797962224571538
870 0.797957397902105
871 0.797952584808152
872 0.797947784636046
873 0.79794299676412
874 0.797938220601113
875 0.797933455584679
876 0.797928701179976
877 0.79792395687832
878 0.797919222195906
879 0.797914496672591
880 0.797909779870738
881 0.797905071374113
882 0.797900370786841
883 0.797895677732406
884 0.797890991852712
885 0.797886312807172
886 0.797881640271859
887 0.79787697393869
888 0.797872313514649
889 0.79786765872105
890 0.797863009292839
891 0.797858364977925
892 0.797853725536545
893 0.797849090740665
894 0.797844460373402
895 0.797839834228481
896 0.797835212109715
897 0.797830593830513
898 0.797825979213409
899 0.797821368089618
900 0.797816760298609
901 0.7978121556877
902 0.797807554111681
903 0.797802955432439
904 0.797798359518619
905 0.797793766245289
906 0.797789175493628
907 0.797784587150624
908 0.797780001108793
909 0.79777541726591
910 0.797770835524746
911 0.797766255792828
912 0.797761677982207
913 0.797757102009233
914 0.797752527794349
915 0.797747955261887
916 0.797743384339881
917 0.797738814959882
918 0.797734247056792
919 0.797729680568692
920 0.797725115436696
921 0.797720551604794
922 0.797715989019716
923 0.797711427630798
924 0.797706867389852
925 0.797702308251048
926 0.797697750170795
927 0.797693193107637
928 0.797688637022141
929 0.797684081876804
930 0.797679527635959
931 0.79767497426568
932 0.797670421733701
933 0.797665870009333
934 0.79766131906339
935 0.797656768868109
936 0.797652219397088
937 0.797647670625213
938 0.797643122528601
939 0.797638575084535
940 0.797634028271408
941 0.797629482068669
942 0.797624936456774
943 0.797620391417133
944 0.797615846932064
945 0.797611302984751
946 0.7976067595592
947 0.797602216640196
948 0.79759767421327
949 0.797593132264662
950 0.79758859078128
951 0.797584049750676
952 0.797579509161008
953 0.797574969001013
954 0.79757042925998
955 0.797565889927718
956 0.797561350994539
957 0.797556812451223
958 0.797552274289005
959 0.797547736499545
960 0.797543199074912
961 0.797538662007562
962 0.79753412529032
963 0.79752958891636
964 0.797525052879192
965 0.797520517172641
966 0.797515981790833
967 0.797511446728182
968 0.797506911979376
969 0.797502377539359
970 0.797497843403325
971 0.7974933095667
972 0.797488776025135
973 0.797484242774494
974 0.797479709810839
975 0.797475177130429
976 0.797470644729702
977 0.797466112605271
978 0.797461580753914
979 0.797457049172567
980 0.797452517858313
981 0.797447986808381
982 0.797443456020131
983 0.797438925491054
984 0.797434395218763
985 0.797429865200987
986 0.797425335435565
987 0.797420805920444
988 0.797416276653667
989 0.797411747633375
990 0.797407218857798
991 0.797402690325254
992 0.797398162034141
993 0.797393633982936
994 0.79738910617019
995 0.797384578594523
996 0.797380051254625
997 0.797375524149246
998 0.7973709972772
999 0.797366470637356
1000 0.79736194422864
1001 0.797357418050028
1002 0.797352892100548
1003 0.797348366379273
1004 0.797343840885321
1005 0.797339315617854
1006 0.797334790576074
1007 0.797330265759221
1008 0.797325741166571
1009 0.797321216797437
1010 0.797316692651164
1011 0.797312168727127
1012 0.797307645024734
1013 0.79730312154342
1014 0.797298598282646
1015 0.7972940752419
1016 0.797289552420696
1017 0.797285029818569
1018 0.797280507435076
1019 0.797275985269797
1020 0.797271463322332
1021 0.797266941592298
1022 0.797262420079332
1023 0.797257898783088
1024 0.797253377703237
1025 0.797248856839463
1026 0.797244336191468
1027 0.797239815758966
1028 0.797235295541687
1029 0.79723077553937
1030 0.797226255751771
1031 0.797221736178652
1032 0.79721721681979
1033 0.797212697674972
1034 0.797208178743995
1035 0.797203660026662
1036 0.79719914152279
1037 0.797194623232203
1038 0.79719010515473
1039 0.797185587290213
1040 0.797181069638497
1041 0.797176552199436
1042 0.79717203497289
1043 0.797167517958727
1044 0.797163001156818
1045 0.797158484567043
1046 0.797153968189286
1047 0.797149452023435
1048 0.797144936069384
1049 0.797140420327033
1050 0.797135904796284
1051 0.797131389477046
1052 0.797126874369229
1053 0.79712235947275
1054 0.797117844787526
1055 0.797113330313481
1056 0.797108816050541
1057 0.797104301998634
1058 0.797099788157692
1059 0.79709527452765
1060 0.797090761108447
1061 0.797086247900021
1062 0.797081734902316
1063 0.797077222115276
1064 0.797072709538848
1065 0.797068197172982
1066 0.797063685017629
1067 0.797059173072742
1068 0.797054661338276
1069 0.797050149814188
1070 0.797045638500435
1071 0.797041127396978
1072 0.797036616503779
1073 0.797032105820799
1074 0.797027595348003
1075 0.797023085085357
1076 0.797018575032827
1077 0.797014065190381
1078 0.797009555557987
1079 0.797005046135616
1080 0.797000536923238
1081 0.796996027920826
1082 0.796991519128351
1083 0.796987010545789
1084 0.796982502173112
1085 0.796977994010296
1086 0.796973486057318
1087 0.796968978314154
1088 0.79696447078078
1089 0.796959963457176
1090 0.796955456343319
1091 0.796950949439189
1092 0.796946442744765
1093 0.796941936260028
1094 0.796937429984958
1095 0.796932923919536
1096 0.796928418063744
1097 0.796923912417564
1098 0.796919406980978
1099 0.796914901753969
1100 0.796910396736521
1101 0.796905891928616
1102 0.796901387330239
1103 0.796896882941373
1104 0.796892378762004
1105 0.796887874792116
1106 0.796883371031693
1107 0.796878867480722
1108 0.796874364139187
1109 0.796869861007075
1110 0.796865358084371
1111 0.796860855371062
1112 0.796856352867134
1113 0.796851850572573
1114 0.796847348487366
1115 0.796842846611501
1116 0.796838344944963
1117 0.796833843487742
1118 0.796829342239823
1119 0.796824841201194
1120 0.796820340371844
1121 0.796815839751759
1122 0.796811339340929
1123 0.79680683913934
1124 0.796802339146981
1125 0.79679783936384
1126 0.796793339789906
1127 0.796788840425166
1128 0.796784341269611
1129 0.796779842323227
1130 0.796775343586004
1131 0.796770845057931
1132 0.796766346738996
1133 0.796761848629189
1134 0.796757350728498
1135 0.796752853036912
1136 0.796748355554421
1137 0.796743858281013
1138 0.796739361216679
1139 0.796734864361407
1140 0.796730367715186
1141 0.796725871278006
1142 0.796721375049856
1143 0.796716879030726
1144 0.796712383220605
1145 0.796707887619483
1146 0.796703392227349
1147 0.796698897044193
1148 0.796694402070005
1149 0.796689907304775
1150 0.796685412748491
1151 0.796680918401144
1152 0.796676424262723
1153 0.796671930333219
1154 0.796667436612621
1155 0.796662943100919
1156 0.796658449798102
1157 0.796653956704162
1158 0.796649463819087
1159 0.796644971142867
1160 0.796640478675493
1161 0.796635986416954
1162 0.79663149436724
1163 0.796627002526342
1164 0.79662251089425
1165 0.796618019470952
1166 0.796613528256441
1167 0.796609037250704
1168 0.796604546453733
1169 0.796600055865518
1170 0.796595565486048
1171 0.796591075315315
1172 0.796586585353307
1173 0.796582095600015
1174 0.796577606055429
1175 0.79657311671954
1176 0.796568627592337
1177 0.79656413867381
1178 0.79655964996395
1179 0.796555161462747
1180 0.796550673170191
1181 0.796546185086273
1182 0.796541697210981
1183 0.796537209544308
1184 0.796532722086242
1185 0.796528234836774
1186 0.796523747795894
1187 0.796519260963593
1188 0.79651477433986
1189 0.796510287924686
1190 0.796505801718061
1191 0.796501315719976
1192 0.79649682993042
1193 0.796492344349384
1194 0.796487858976858
1195 0.796483373812832
1196 0.796478888857297
1197 0.796474404110243
1198 0.796469919571659
1199 0.796465435241537
1200 0.796460951119867
