1 0.8
2 0.8
3 0.8
4 0.8
5 0.8
6 0.8
7 0.8
8 0.8
9 0.8
10 0.8
11 0.8
12 0.8
13 0.8
14 0.8
15 0.8
16 0.8
17 0.8
18 0.8
19 0.8
20 0.8
21 0.8
22 0.8
23 0.8
24 0.8
25 0.8
26 0.8
27 0.8
28 0.8
29 0.8
30 0.8
31 0.8
32 0.8
33 0.8
34 0.8
35 0.8
36 0.8
37 0.8
38 0.8
39 0.8
40 0.8
41 0.8
42 0.8
43 0.8
44 0.8
45 0.8
46 0.8
47 0.8
48 0.8
49 0.8
50 0.8
51 0.8
52 0.8
53 0.8
54 0.8
55 0.8
56 0.8
57 0.8
58 0.8
59 0.8
60 0.8
61 0.8
62 0.8
63 0.8
64 0.8
65 0.8
66 0.8
67 0.8
68 0.8
69 0.8
70 0.8
71 0.8
72 0.8
73 0.8
74 0.8
75 0.8
76 0.8
77 0.8
78 0.8
79 0.8
80 0.8
81 0.8
82 0.8
83 0.8
84 0.8
85 0.8
86 0.8
87 0.8
88 0.8
89 0.8
90 0.8
91 0.8
92 0.8
93 0.8
94 0.8
95 0.8
96 0.8
97 0.8
98 0.8
99 0.8
100 0.8
101 0.8
102 0.8
103 0.8
104 0.8
105 0.8
106 0.8
107 0.8
108 0.8
109 0.8
110 0.8
111 0.8
112 0.8
113 0.8
114 0.8
115 0.8
116 0.8
117 0.8
118 0.8
119 0.8
120 0.8
121 0.8
122 0.8
123 0.8
124 0.8
125 0.8
126 0.8
127 0.8
128 0.8
129 0.8
130 0.8
131 0.8
132 0.8
133 0.8
134 0.8
135 0.8
136 0.8
137 0.8
138 0.8
139 0.8
140 0.8
141 0.8
142 0.8
143 0.8
144 0.8
145 0.8
146 0.8
147 0.8
148 0.8
149 0.8
150 0.8
151 0.8
152 0.8
153 0.8
154 0.8
155 0.8
156 0.8
157 0.8
158 0.8
159 0.8
160 0.8
161 0.8
162 0.8
163 0.8
164 0.8
165 0.8
166 0.8
167 0.8
168 0.8
169 0.8
170 0.8
171 0.8
172 0.8
173 0.8
174 0.8
175 0.8
176 0.8
177 0.8
178 0.8
179 0.8
180 0.8
181 0.8
182 0.8
183 0.8
184 0.8
185 0.8
186 0.8
187 0.8
188 0.8
189 0.8
190 0.8
191 0.8
192 0.8
193 0.8
194 0.8
195 0.8
196 0.8
197 0.8
198 0.8
199 0.8
200 0.8
201 0.8
202 0.8
203 0.8
204 0.8
205 0.8
206 0.8
207 0.8
208 0.8
209 0.8
210 0.8
211 0.800778725
212 0.80360926925
213 0.809412565748
214 0.818215714898255
215 0.829286889816548
216 0.841918473471702
217 0.85556936539215
218 0.869827678611113
219 0.884381706727413
220 0.89899733176974
221 0.913500447983848
222 0.927763291690398
223 0.941693812748994
224 0.955227414305679
225 0.968199113560059
226 0.979937678838419
227 0.989524155207944
228 0.996438613865047
229 1.00069545372531
230 1.00272225716968
231 1.00315460737202
232 1.00264739155876
233 1.00174748779197
234 1.00083529372524
235 1.00012180001866
236 0.99968014749655
237 0.999491371769043
238 0.999489201055745
239 0.99959517085947
240 0.999740960824171
241 0.999878811559203
242 0.999982994029576
243 1.00004590176645
244 1.00007193045561
245 1.00007141174752
246 1.00005587750108
247 1.00003509609254
248 1.00001575354646
249 1.00000135553034
250 0.999992847683786
251 0.999989514198971
252 0.999989844072921
253 0.999992194577668
254 0.999995197803517
255 0.99999793405878
256 0.999999935328416
257 1.00000109103686
258 1.00000151813986
259 1.00000143853188
260 1.00000108673851
261 1.00000065455045
262 1.0000002685294
263 0.99999999106293
264 0.999999834632762
265 0.999999780584687
266 0.999999796470059
267 0.999999848879107
268 0.999999910968736
269 0.999999965359661
270 1.00000000377416
271 1.00000002489107
272 1.00000003164023
273 1.00000002875331
274 1.00000002098251
275 1.0000000120797
276 1.0000000044269
277 0.99999999911717
278 0.999999996275259
279 0.999999995446798
280 0.999999995943715
281 0.999999997091117
282 0.999999998365352
283 0.999999999440597
284 1.0000000001733
285 1.00000000055451
286 1.00000000065394
287 1.00000000057142
288 1.00000000040264
289 1.00000000022058
290 1.00000000006971
291 0.999999999968777
292 0.999999999917828
293 0.999999999906255
294 0.999999999919615
295 0.999999999944357
296 0.999999999970326
297 0.999999999991464
298 1.00000000000534
299 1.00000000001213
300 1.00000000001341
301 1.00000000001129
302 1.00000000000768
303 1.00000000000398
304 1.00000000000102
305 0.999999999999116
306 0.999999999998218
307 0.999999999998084
308 0.999999999998416
309 0.999999999998943
310 0.999999999999468
311 0.999999999999881
312 1.00000000000014
313 1.00000000000026
314 1.00000000000027
315 1.00000000000022
316 1.00000000000014
317 1.00000000000007
318 1.00000000000001
319 0.999999999999975
320 0.99999999999996
321 0.999999999999959
322 0.999999999999967
323 0.999999999999978
324 0.999999999999989
325 0.999999999999997
326 1
327 1
328 1.00000000000001
329 1
330 1
331 1
332 1
333 0.999999999999999
334 0.999999999999999
335 0.999999999999999
336 0.999999999999999
337 0.999999999999999
338 0.999999999999999
339 0.999999999999999
340 0.999999999999999
341 0.999999999999999
342 0.999999999999999
343 0.999999999999999
344 0.999999999999999
345 0.999999999999999
346 1
347 1
348 1
349 1
350 1
351 1
352 1
353 1
354 1
355 1
356 1
357 1
358 1
359 1
360 1
361 1
362 1
363 1
364 1
365 1
366 1
367 1
368 1
369 1
370 1
371 1
372 1
373 1
374 1
375 1
376 1
377 1
378 1
379 1
380 0.999999998661614
381 0.999999990911537
382 0.999999966880081
383 0.999999914752372
384 0.999999828180758
385 0.999999715995343
386 0.99999961128508
387 0.999999576805988
388 0.999999703648193
389 1.00000010060862
390 1.00000087348144
391 1.00000209730521
392 1.0000037911942
393 1.00000590856862
394 1.0000083487916
395 1.00001098495452
396 1.00001369450829
397 1.00001638061145
398 1.00001897951215
399 1.00002145528431
400 1.00002378651872
401 1.00002590236041
402 1.00002763231161
403 1.00002873238176
404 1.00002897788781
405 1.00002825902201
406 1.00002660734638
407 1.00002417418642
408 1.00002118771549
409 1.00001790403186
410 0.999235763707372
411 0.996401743564518
412 0.990594963912567
413 0.981165383916922
414 0.967936707461573
415 0.951572844195188
416 0.933063428835992
417 0.913164817449587
418 0.892452364837506
419 0.871361111105882
420 0.850217441294255
421 0.829263715109602
422 0.808677422280001
423 0.788586075116906
424 0.769078781978778
425 0.750215236655179
426 0.732032696147942
427 0.714551392717049
428 0.697778727440177
429 0.681712515718862
430 0.666343495331399
431 0.651657261028473
432 0.637635753367851
433 0.624740379284039
434 0.613886776722404
435 0.605744077053623
436 0.600447263859958
437 0.597655122478579
438 0.596746293682902
439 0.597025804995654
440 0.597878491785177
441 0.598850853293785
442 0.59966975913986
443 0.600218363285157
444 0.600491152250558
445 0.600545763818934
446 0.600462714564219
447 0.600317927631279
448 0.600168250912412
449 0.600047378634524
450 0.599968524929407
451 0.599930350755977
452 0.599923467917588
453 0.599935877513935
454 0.599956636604031
455 0.599977729804199
456 0.599994516183287
457 0.600005266980635
458 0.600010282385625
459 0.600010955879954
460 0.60000900773181
461 0.600005978146157
462 0.600002976464509
463 0.600000629852879
464 0.599999156732971
465 0.599998495747091
466 0.599998438941397
467 0.599998738989482
468 0.599999178765628
469 0.599999604615673
470 0.599999931826277
471 0.60000013306446
472 0.600000219561116
473 0.600000222161087
474 0.600000176332681
475 0.600000112628982
476 0.600000052291526
477 0.600000006724637
478 0.599999979290451
479 0.59999996804592
480 0.599999968434463
481 0.599999975378507
482 0.599999984584523
483 0.59999999312075
484 0.599999999456862
485 0.600000003188144
486 0.600000004638388
487 0.60000000447814
488 0.600000003433014
489 0.600000002105519
490 0.600000000899603
491 0.600000000019881
492 0.599999999513646
493 0.599999999328346
494 0.599999999365645
495 0.599999999522024
496 0.599999999713051
497 0.599999999883168
498 0.600000000005123
499 0.600000000073624
500 0.600000000097034
501 0.600000000089727
502 0.600000000066448
503 0.600000000039013
504 0.600000000015049
505 0.599999999998169
506 0.599999999988926
507 0.59999999998601
508 0.599999999987325
509 0.599999999990774
510 0.599999999994707
511 0.599999999998079
512 0.600000000000412
513 0.600000000001655
514 0.600000000002013
515 0.600000000001788
516 0.60000000000128
517 0.600000000000718
518 0.600000000000245
519 0.599999999999923
520 0.599999999999757
521 0.599999999999715
522 0.599999999999752
523 0.599999999999827
524 0.599999999999907
525 0.599999999999974
526 0.600000000000018
527 0.60000000000004
528 0.600000000000045
529 0.600000000000039
530 0.600000000000028
531 0.600000000000016
532 0.600000000000006
533 0.6
534 0.599999999999997
535 0.599999999999996
536 0.599999999999997
537 0.599999999999998
538 0.599999999999999
539 0.600000000000001
540 0.600000000000001
541 0.600000000000001
542 0.600000000000001
543 0.600000000000001
544 0.600000000000001
545 0.6
546 0.6
547 0.6
548 0.599999999999999
549 0.600000000000002
550 0.60000000000002
551 0.600000000000096
552 0.600000000000315
553 0.60000000000079
554 0.600000000001601
555 0.600000000002645
556 0.600000000003443
557 0.600000000002932
558 0.599999999999385
559 0.599999999990587
560 0.59999999997443
561 0.599999999949977
562 0.599999999918871
563 0.599999999886725
564 0.599999999863979
565 0.599999999865696
566 0.599999999909996
567 0.600000000015201
568 0.60000000019622
569 0.600000000461035
570 0.600000000808453
571 0.600000001228098
572 0.600000001702717
573 0.600000002211773
574 0.6000000027346
575 0.600000003251612
576 0.60000000374293
577 0.600000004184994
578 0.600000004546825
579 0.600000006126733
580 0.600000013951381
581 0.600000037844848
582 0.600000090659489
583 0.600000182602474
584 0.600000311160376
585 0.600000448864092
586 0.600000533242594
587 0.600000463348868
588 0.600000106767656
589 0.59999931933483
590 0.599997975938167
591 0.599996003722597
592 0.59999340455154
593 0.599990258106007
594 0.599986704843393
595 0.599982914676806
596 0.599979052808674
597 0.599975254115641
598 0.599971610981612
599 0.599968173164532
600 0.599965003929099
601 0.599962229054278
602 0.599960016182009
603 0.599958533323561
604 0.599957897353506
605 0.599958112194958
606 0.59995905606588
607 0.59996053342789
608 0.599962341534363
609 0.599964323550001
610 0.599966396182751
611 0.599968550140934
612 0.599970827969282
613 0.599973287916388
614 0.599975966434028
615 0.599978853204141
616 0.599981886643489
617 0.599984968145005
618 0.599987986665079
619 0.59999084373249
620 0.599993471359433
621 0.599995839465333
622 0.599997953335481
623 0.599999814263802
624 0.600001374527425
625 0.60000254521533
626 0.600003243270068
627 0.600003439770745
628 0.600003183178658
629 0.600002591350581
630 0.600001821131595
631 0.600001030385279
632 0.600000345850585
633 0.599999844692488
634 0.599999551382703
635 0.599999446817682
636 0.599999484235472
637 0.599999606372493
638 0.599999759671642
639 0.59999990333859
640 0.600000012920908
641 0.600000079420749
642 0.60000010560601
643 0.600000101236694
644 0.600000078570687
645 0.60000004897986
646 0.600000020978873
647 0.599999999562504
648 0.599999986509389
649 0.599999981232003
650 0.599999981793107
651 0.599999985815363
652 0.599999991135674
653 0.599999996165343
654 0.59999999999354
655 0.600000002311045
656 0.600000003239334
657 0.600000003137153
658 0.600000002433521
659 0.600000001511602
660 0.600000000647693
661 0.599999999996403
662 0.599999999606937
663 0.599999999454799
664 0.599999999476229
665 0.599999999597089
666 0.599999999752394
667 0.599999999896132
668 0.600000000003208
669 0.600000000066249
670 0.600000000090001
671 0.600000000085452
672 0.600000000065027
673 0.600000000039417
674 0.600000000016053
675 0.599999999998881
676 0.59999999998895
677 0.599999999985376
678 0.599999999986307
679 0.599999999989708
680 0.59999999999386
681 0.59999999999759
682 0.600000000000292
683 0.600000000001824
684 0.600000000002346
685 0.600000000002163
686 0.600000000001604
687 0.60000000000094
688 0.600000000000353
689 0.599999999999935
690 0.599999999999702
691 0.599999999999628
692 0.599999999999663
693 0.599999999999753
694 0.599999999999858
695 0.59999999999995
696 0.600000000000014
697 0.600000000000048
698 0.600000000000059
699 0.600000000000052
700 0.600000000000038
701 0.600000000000021
702 0.600000000000007
703 0.599999999999997
704 0.599999999999992
705 0.599999999999991
706 0.599999999999992
707 0.599999999999994
708 0.599999999999996
709 0.599999999999998
710 0.6
711 0.6
712 0.6
713 0.6
714 0.6
715 0.599999999999999
716 0.599999999999999
717 0.599999999999999
718 0.599999999999999
719 0.599999999999999
720 0.599999999999999
721 0.599999999999999
722 0.599999999999999
723 0.599999999999999
724 0.599999999999999
725 0.599999999999999
726 0.599999999999999
727 0.599999999999999
728 0.599999999999999
729 0.599999999999999
730 0.599999999999999
731 0.599999999999999
732 0.6
733 0.6
734 0.6
735 0.6
736 0.599999999999998
737 0.599999999999994
738 0.599999999999989
739 0.599999999999982
740 0.599999999999974
741 0.599999999999967
742 0.599999999999963
743 0.599999999999966
744 0.599999999999979
745 0.600000000000005
746 0.600000000000046
747 0.600000000000102
748 0.600000000000172
749 0.600000000000239
750 0.600000000000259
751 0.600000000000142
752 0.599999999999757
753 0.599999999998992
754 0.599999999997886
755 0.59999999999685
756 0.59999999999692
757 0.59999999999993
758 0.600000000008445
759 0.600000000025256
760 0.600000000052301
761 0.600000000089082
762 0.600000000130853
763 0.60000000016712
764 0.600000000181105
765 0.600000000150711
766 0.600000000051206
767 0.59999999985934
768 0.599999999558087
769 0.599999999140683
770 0.599999998612632
771 0.599999997991041
772 0.599999997301629
773 0.599999996574637
774 0.599999995841364
775 0.599999995132761
776 0.599999994480429
777 0.599999993919135
778 0.599999993488916
779 0.599999993234489
780 0.599999993200311
781 0.599999993421454
782 0.599999993913002
783 0.599999994662129
784 0.599999995626564
785 0.599999996740979
786 0.599999997929776
787 0.599999999122171
788 0.600000000264764
789 0.600000001328162
790 0.600000002303545
791 0.600000003190684
792 0.600000003985457
793 0.600000004672976
794 0.600000005228968
795 0.600000005629395
796 0.600000005862758
797 0.600000005937278
798 0.600000005879376
799 0.600000005724694
800 0.600000005505936
801 0.600000005242526
802 0.600000004935987
803 0.600000004572775
804 0.600000004133503
805 0.600000003604931
806 0.600000002989908
807 0.600000002311436
808 0.600000001609584
809 0.600000000932716
810 0.600778725301607
811 0.603609268961225
812 0.609412564905403
813 0.618838693534912
814 0.632064394188848
815 0.648218602795952
816 0.665401095816661
817 0.681676097922174
818 0.69561936708511
819 0.706201025677183
820 0.712694492380183
821 0.714941713584625
822 0.713749783788592
823 0.710543687659078
824 0.706697383697298
825 0.703206190597207
826 0.700605044335714
827 0.699033861367179
828 0.698366898489591
829 0.698347656842045
830 0.698696272894608
831 0.699177232534244
832 0.699629394493068
833 0.699967754767273
834 0.700168506505975
835 0.700247633925461
836 0.70024030959628
837 0.700185100492451
838 0.700114260430097
839 0.700049550926268
840 0.70000209992882
841 0.699974590892758
842 0.699964313229324
843 0.699966053392681
844 0.699974278617422
845 0.699984451554246
846 0.699993568764495
847 0.700000141509784
848 0.700003862311829
849 0.700005163169812
850 0.700004806013245
851 0.700003578754576
852 0.700002116322765
853 0.700000831124414
854 0.699999920754901
855 0.699999418147519
856 0.699999255258486
857 0.69999932091295
858 0.699999502999689
859 0.699999712748524
860 0.699999893613187
861 0.700000019477749
862 0.700000087152619
863 0.700000107210031
864 0.700000095823693
865 0.70000006891929
866 0.700000038889378
867 0.700000013471217
868 0.699999996097829
869 0.699999987014977
870 0.699999984597317
871 0.699999986497928
872 0.699999990457937
873 0.699999994749773
874 0.699999998316956
875 0.700000000710946
876 0.700000001925637
877 0.700000002208692
878 0.700000001899842
879 0.700000001319004
880 0.700000000706657
881 0.700000000206738
882 0.699999999877438
883 0.69999999971563
884 0.699999999683856
885 0.699999999733052
886 0.699999999817976
887 0.699999999905201
888 0.699999999975163
889 0.700000000020375
890 0.700000000041836
891 0.700000000045172
892 0.700000000037456
893 0.700000000025076
894 0.700000000012671
895 0.700000000002894
896 0.699999999996699
897 0.699999999993867
898 0.699999999993558
899 0.699999999994753
900 0.699999999996553
901 0.699999999998314
902 0.699999999999679
903 0.700000000000526
904 0.700000000000897
905 0.700000000000918
906 0.700000000000735
907 0.700000000000473
908 0.700000000000223
909 0.700000000000032
910 0.699999999999916
911 0.699999999999867
912 0.699999999999867
913 0.699999999999895
914 0.699999999999933
915 0.699999999999969
916 0.699999999999995
917 0.700000000000012
918 0.700000000000018
919 0.700000000000018
920 0.700000000000014
921 0.700000000000008
922 0.700000000000004
923 0.7
924 0.699999999999998
925 0.699999999999997
926 0.699999999999998
927 0.699999999999998
928 0.699999999999999
929 0.699999999999999
930 0.699999999999999
931 0.699999999999999
932 0.699999999999999
933 0.699999999999998
934 0.699999999999999
935 0.7
936 0.700000000000004
937 0.70000000000001
938 0.700000000000019
939 0.700000000000029
940 0.700000000000039
941 0.700000000000047
942 0.700000000000048
943 0.700000000000038
944 0.700000000000013
945 0.699999999999968
946 0.699999999999902
947 0.699999999999814
948 0.699999999999705
949 0.699999999999578
950 0.699999999999439
951 0.699999999999294
952 0.69999999999915
953 0.699999999999017
954 0.699999999998903
955 0.699999999998821
956 0.699999999998783
957 0.699999999998801
958 0.699999999998885
959 0.699999999999041
960 0.699999999999267
961 0.699999999999556
962 0.699999999999894
963 0.70000000000026
964 0.700000000000635
965 0.700000000000996
966 0.700000000001326
967 0.700000000001613
968 0.700000000001846
969 0.700000000002018
970 0.700000000002123
971 0.700000000002154
972 0.700000000002109
973 0.700000000001987
974 0.700000000001794
975 0.700000000001544
976 0.700000000001254
977 0.700000000000948
978 0.700000000000644
979 0.699999998661972
980 0.699999990911636
981 0.699999966879949
982 0.699999913681321
983 0.699999821098353
984 0.699999692019776
985 0.699999556294982
986 0.699999482813202
987 0.699999583269715
988 0.700000002447131
989 0.700000892419674
990 0.700002372280723
991 0.700004482720271
992 0.700007151876278
993 0.700010186787809
994 0.700013296977966
995 0.700016147579736
996 0.700018428421718
997 0.700019918215357
998 0.700020526215133
999 0.700020303814137
1000 0.700019378174045
1001 0.700017871729858
1002 0.700015875312351
1003 0.700013438770082
1004 0.700010584976591
1005 0.700007371574462
1006 0.700003961862749
1007 0.700000623134797
1008 0.699997662190005
1009 0.699995359230417
1010 0.699993925539303
1011 0.699993468026801
1012 0.699993943900533
1013 0.69999514765161
1014 0.699996759987012
1015 0.69999843288994
1016 0.699999872911086
1017 0.700000895421764
1018 0.70000144014856
1019 0.70000155324971
1020 0.700001349438599
1021 0.700000969130566
1022 0.700000542335431
1023 0.700000165673073
1024 0.69999989366453
1025 0.699999741688363
1026 0.699999696142239
1027 0.69999972719994
1028 0.699999800538396
1029 0.699999885888007
1030 0.699999961706819
1031 0.700000016369816
1032 0.700000046877517
1033 0.70000005625791
1034 0.700000050686686
1035 0.700000037033336
1036 0.70000002118762
1037 0.70000000722294
1038 0.699999997254806
1039 0.699999991759411
1040 0.699999990109703
1041 0.699999991133309
1042 0.699999993567278
1043 0.699999996354597
1044 0.699999998782067
1045 0.700000000492657
1046 0.700000001418919
1047 0.700000001682376
1048 0.700000001493354
1049 0.700000001071996
1050 0.700000000598617
1051 0.700000000192117
1052 0.69999999990982
1053 0.69999999976022
1054 0.699999999720816
1055 0.699999999755265
1056 0.699999999826528
1057 0.699999999904879
1058 0.699999999971147
1059 0.700000000016448
1060 0.700000000039877
1061 0.700000000045454
1062 0.700000000039291
1063 0.700000000027462
1064 0.700000000014747
1065 0.700000000004161
1066 0.699999999997043
1067 0.69999999999346
1068 0.699999999992712
1069 0.699999999993793
1070 0.699999999995726
1071 0.699999999997758
1072 0.699999999999422
1073 0.700000000000522
1074 0.700000000001059
1075 0.700000000001153
1076 0.700000000000967
1077 0.700000000000656
1078 0.700000000000335
1079 0.700000000000077
1080 0.69999999999991
1081 0.69999999999983
1082 0.699999999999819
1083 0.699999999999851
1084 0.699999999999901
1085 0.699999999999951
1086 0.69999999999999
1087 0.700000000000015
1088 0.700000000000027
1089 0.700000000000028
1090 0.700000000000023
1091 0.700000000000015
1092 0.700000000000007
1093 0.700000000000001
1094 0.699999999999998
1095 0.699999999999996
1096 0.699999999999996
1097 0.699999999999997
1098 0.699999999999998
1099 0.699999999999999
1100 0.7
1101 0.700000000000001
1102 0.700000000000001
1103 0.700000000000001
1104 0.700000000000001
1105 0.700000000000001
1106 0.7
1107 0.7
1108 0.7
1109 0.7
1110 0.7
1111 0.7
1112 0.7
1113 0.7
1114 0.7
1115 0.7
1116 0.7
1117 0.7
1118 0.7
1119 0.7
1120 0.7
1121 0.7
1122 0.7
1123 0.7
1124 0.7
1125 0.7
1126 0.7
1127 0.7
1128 0.7
1129 0.7
1130 0.7
1131 0.7
1132 0.7
1133 0.7
1134 0.7
1135 0.7
1136 0.7
1137 0.7
1138 0.7
1139 0.7
1140 0.7
1141 0.7
1142 0.7
1143 0.7
1144 0.7
1145 0.7
1146 0.7
1147 0.7
1148 0.700000000000003
1149 0.700000000000021
1150 0.700000000000097
1151 0.700000000000317
1152 0.700000000000807
1153 0.700000000001674
1154 0.700000000002865
1155 0.70000000000394
1156 0.700000000003801
1157 0.700000000000504
1158 0.699999999991349
1159 0.699999999973464
1160 0.699999999945024
1161 0.699999999907079
1162 0.699999999865608
1163 0.699999999833186
1164 0.699999999829406
1165 0.699999999879325
1166 0.700000000009575
1167 0.700000000242498
1168 0.700000000589396
1169 0.700000001044792
1170 0.700000001583748
1171 0.700000002163508
1172 0.700000002729505
1173 0.700000003224308
1174 0.700000003596929
1175 0.700000003809523
1176 0.700000003839519
1177 0.700000003677077
1178 0.700000003319768
1179 0.700000002767712
1180 0.70000000202259
1181 0.700000001092407
1182 0.70000000000084
1183 0.699999998797135
1184 0.699999997561239
1185 0.699999996399739
1186 0.69999999543123
1187 0.699999994763975
1188 0.699999994472036
1189 0.699999994576813
1190 0.699999995042349
1191 0.699999995786628
1192 0.699999996702816
1193 0.699999997683508
1194 0.699999998641127
1195 0.699999999517471
1196 0.700000000279999
1197 0.700000000910882
1198 0.700000001397218
1199 0.700000001726378
1200 0.700000001886176
