1 2
2 2
3 2
4 2
5 2
6 2
7 2
8 2
9 2
10 2
11 2
12 2
13 2
14 2
15 2
16 2
17 2
18 2
19 2
20 2
21 2
22 2
23 2
24 2
25 2
26 2
27 2
28 2
29 2
30 2.25
31 2.23044444444444
32 2.25488888888889
33 2.27933333333333
34 2.30377777777778
35 2.32822222222222
36 2.35266666666667
37 2.37711111111111
38 2.40155555555555
39 2.426
40 2.44936893869444
41 2.4711398632245
42 2.49169460015625
43 2.51101833552004
44 2.52912297039969
45 2.54601278507522
46 2.56168636787011
47 2.57613810566697
48 2.58935933357092
49 2.60133921962342
50 2.61207007051408
51 2.6215527082061
52 2.62979459929716
53 2.63680758065248
54 2.64260771932954
55 2.64721486476359
56 2.6506523358582
57 2.6529466823045
58 2.65412749850287
59 2.65422727450689
60 2.65328125293319
61 2.6513272517915
62 2.64840545375427
63 2.64455818649905
64 2.63982970159902
65 2.63426595257963
66 2.62791437455753
67 2.6208236665648
68 2.61304357716462
69 2.60462469364295
70 2.59561823495735
71 2.58607584879269
72 2.57604941331266
73 2.56559084425854
74 2.55475190799051
75 2.54358404101055
76 2.53213817645186
77 2.52046457796181
78 2.50861268135196
79 2.49663094433977
80 2.48456670466392
81 2.47246604681496
82 2.46037367758518
83 2.44833281060272
84 2.43638505997722
85 2.42457034314655
86 2.4129267929776
87 2.40149067913809
88 2.39029633872221
89 2.37937611607919
90 2.3687603117625
91 2.35847714048664
92 2.34855269794965
93 2.33901093635199
94 2.32987364841651
95 2.32116045968994
96 2.3128888288835
97 2.3050740559892
98 2.29772929788898
99 2.29086559115595
100 2.28449188173102
101 2.27861506114365
102 2.27324000893289
103 2.26836964091351
104 2.26400496292292
105 2.26014512967638
106 2.25678750835222
107 2.25392774652361
108 2.25155984405089
109 2.24967622854628
110 2.24826783402312
111 2.24732418234259
112 2.24683346707374
113 2.24678263938648
114 2.24715749560213
115 2.24794276603266
116 2.24912220474712
117 2.25067867991211
118 2.25259426436279
119 2.25485032607128
120 2.25742761819047
121 2.26030636836347
122 2.2634663670016
123 2.26688705424721
124 2.27054760535177
125 2.274427014214
126 2.27850417483793
127 2.28275796048602
128 2.28716730031813
129 2.29171125332303
130 2.29636907936518
131 2.30112030718562
132 2.30594479921223
133 2.31082281305058
134 2.31573505954282
135 2.32066275729822
136 2.32558768361459
137 2.3304922217256
138 2.33535940432421
139 2.34017295332761
140 2.34491731586353
141 2.34957769647214
142 2.35414008553159
143 2.35859128392838
144 2.36291892400675
145 2.36711148684347
146 2.37115831590604
147 2.37504962716349
148 2.37877651572951
149 2.38233095912733
150 2.38570581727514
151 2.38889482929943
152 2.39189260729133
153 2.39469462712845
154 2.39729721649115
155 2.39969754020816
156 2.40189358307149
157 2.40388413026523
158 2.40566874555667
159 2.40724774740124
160 2.40862218311559
161 2.40979380127462
162 2.41076502248998
163 2.41153890872796
164 2.41211913132488
165 2.41250993785752
166 2.41271611802522
167 2.41274296869864
168 2.41259625828805
169 2.41228219058154
170 2.41180736820056
171 2.41117875581658
172 2.41040364326907
173 2.40948960872051
174 2.40844448197985
175 2.40727630812056
176 2.40599331151468
177 2.4046038603984
178 2.40311643207931
179 2.40153957888934
180 2.39988189498149
181 2.39815198406208
182 2.39635842814398
183 2.39450975739973
184 2.39261442118706
185 2.39068076031251
186 2.38871698059253
187 2.38673112776456
188 2.3847310637942
189 2.38272444461806
190 2.3807186993552
191 2.37872101101408
192 2.37673829871526
193 2.3747772014444
194 2.37284406334375
195 2.37094492054486
196 2.36908548953932
197 2.36727115707908
198 2.36550697159266
199 2.36379763609853
200 2.36214750259219
201 2.36056056787884
202 2.35904047081949
203 2.35759049095405
204 2.35621354846146
205 2.3549122054131
206 2.35368866827284
207 2.35254479159386
208 2.35148208285988
209 2.35050170841592
210 2.34960450043165
211 2.3487909648385
212 2.3480612901802
213 2.34741535731502
214 2.34685274990693
215 2.34637276564226
216 2.34597442810767
217 2.34565649926525
218 2.34541749246024
219 2.34525568589719
220 2.34516913652095
221 2.34515569423904
222 2.34521301642343
223 2.34533858263022
224 2.34552970947726
225 2.34578356562102
226 2.34609718677567
227 2.34646749071892
228 2.34689129223116
229 2.34736531791632
230 2.34788622085505
231 2.34845059504303
232 2.34905498956953
233 2.34969592249365
234 2.35036989437842
235 2.3510734014451
236 2.35180294831286
237 2.3525550602917
238 2.35332629519884
239 2.35411325467189
240 2.35491259495435
241 2.35572103713211
242 2.35653537680204
243 2.3573524931564
244 2.35816935746966
245 2.3589830409766
246 2.35979072213345
247 2.36058969325592
248 2.3613773665309
249 2.36215127940043
250 2.36290909931932
251 2.36364862788966
252 2.36436780437783
253 2.36506470862149
254 2.36573756333612
255 2.36638473583235
256 2.36700473915728
257 2.3675962326745
258 2.36815802209899
259 2.36868905900478
260 2.36918843982419
261 2.36965540435901
262 2.37008933382489
263 2.37048974845125
264 2.37085630465981
265 2.37118879184579
266 2.37148712878624
267 2.37175135970067
268 2.37198164998944
269 2.37217828167591
270 2.37234164857827
271 2.37247225123734
272 2.37257069162653
273 2.37263766767016
274 2.372673967596
275 2.37268046414787
276 2.37265810868363
277 2.37260792518354
278 2.37253100419348
279 2.37242849672689
280 2.37230160814876
281 2.37215159206421
282 2.37197974423353
283 2.37178739653464
284 2.37157591099309
285 2.37134667389904
286 2.37110109002928
287 2.37084057699183
288 2.37056655970931
289 2.37028046505646
290 2.36998371666603
291 2.36967772991618
292 2.36936390711149
293 2.36904363286859
294 2.36871826971633
295 2.36838915391918
296 2.36805759153178
297 2.36772485469099
298 2.36739217815131
299 2.36706075606792
300 2.36673173903092
301 2.36640623135325
302 2.36608528861361
303 2.36576991545506
304 2.36546106363865
305 2.36515963035096
306 2.3648664567631
307 2.36458232683828
308 2.36430796638412
309 2.36404404234497
310 2.36379116232907
311 2.36354987436448
312 2.36332066687722
313 2.36310396888446
314 2.36290015039493
315 2.36270952300847
316 2.36253234070589
317 2.36236880082024
318 2.36221904517998
319 2.36208316141428
320 2.36196118441055
321 2.36185309791393
322 2.36175883625831
323 2.36167828621842
324 2.36161128897239
325 2.36155764216396
326 2.36151710205386
327 2.3614893857496
328 2.36147417350309
329 2.36147111106566
330 2.36147981209004
331 2.36149986056931
332 2.36153081330259
333 2.36157220237798
334 2.36162353766304
335 2.36168430929381
336 2.36175399015332
337 2.36183203833104
338 2.36191789955519
339 2.3620110095898
340 2.36211079658934
341 2.36221668340363
342 2.36232808982643
343 2.36244443478152
344 2.36256513844036
345 2.36268962426611
346 2.36281732097881
347 2.36294766443753
348 2.36308009943521
349 2.36321408140272
350 2.36334907801893
351 2.36348457072406
352 2.36362005613413
353 2.36375504735447
354 2.36388907519111
355 2.36402168925882
356 2.36415245898534
357 2.36428097451147
358 2.36440684748734
359 2.36452971176519
360 2.36464922398979
361 2.36476506408745
362 2.36487693565552
363 2.36498456625383
364 2.36508770760064
365 2.36518613567515
366 2.36527965072957
367 2.36536807721345
368 2.36545126361345
369 2.36552908221203
370 2.36560142876837
371 2.36566822212539
372 2.36572940374657
373 2.36578493718665
374 2.36583480750013
375 2.3658790205919
376 2.36591760251407
377 2.3659505987134
378 2.36597807323361
379 2.36600010787689
380 2.36601680132896
381 2.36602826825215
382 2.36603463835056
383 2.36603605541179
384 2.36603267632938
385 2.36602467011004
386 2.36601221686985
387 2.36599550682333
388 2.36597473926928
389 2.36595012157706
390 2.3659218681771
391 2.36589019955895
392 2.36585534128039
393 2.36581752299068
394 2.36577697747105
395 2.36573393969528
396 2.36568864591322
397 2.36564133275957
398 2.3655922363905
399 2.36554159165021
400 2.11554159165021
401 2.15459965658983
402 2.10565686197506
403 2.05671342973378
404 2.00776957682826
405 1.95882551463757
406 1.9098814483801
407 1.86093757657723
408 1.81199409055856
409 1.76305117400921
410 1.71518428477464
411 1.66883184394238
412 1.62366998283713
413 1.57991256065014
414 1.53768374291131
415 1.49709446989352
416 1.45824468275928
417 1.42122509163919
418 1.38611858524201
419 1.35300135966027
420 1.32193920105623
421 1.29298372666118
422 1.26617520530638
423 1.2415444786205
424 1.21911270493406
425 1.2
426 1.2
427 1.2
428 1.2
429 1.2
430 1.2
431 1.2
432 1.2
433 1.2
434 1.2
435 1.20078235859682
436 1.20332120171713
437 1.20743762798241
438 1.21299388543874
439 1.2198723457101
440 1.22797156110856
441 1.23720316858743
442 1.24748945455216
443 1.25876143559644
444 1.27095734221242
445 1.28401805171395
446 1.29788004405269
447 1.31247442095204
448 1.32772961007803
449 1.34357257783691
450 1.35992972724805
451 1.37672755263503
452 1.39389311448522
453 1.41135438153444
454 1.42904047496444
455 1.44688185500868
456 1.46481050339357
457 1.48276012546398
458 1.50066635541143
459 1.51846694995197
460 1.53610196675338
461 1.55351392540741
462 1.57064795030271
463 1.58745189570767
464 1.60387645392658
465 1.61987524762046
466 1.6354049072589
467 1.65042513433933
468 1.66489875077989
469 1.67879173484096
470 1.69207324394398
471 1.70471562478482
472 1.71669441117506
473 1.72798831007885
474 1.73857917634153
475 1.74845197662673
476 1.75759474309384
477 1.76599851735829
478 1.77365728528693
479 1.78056790318982
480 1.78673001597756
481 1.79214596785992
482 1.79682070616691
483 1.80076167887663
484 1.80397872643598
485 1.8064839684599
486 1.80829168589263
487 1.80941819921042
488 1.80988174323926
489 1.80970233915383
490 1.80890166421443
491 1.80750291978807
492 1.80553069818772
493 1.80301084884971
494 1.79997034435455
495 1.79643714678002
496 1.79244007485775
497 1.7880086723862
498 1.7831730783333
499 1.77796389904148
500 1.77241208292677
501 1.76654879804167
502 1.76040531284898
503 1.75401288053075
504 1.74740262713327
505 1.74060544382505
506 1.73365188352116
507 1.726572062103
508 1.71939556443859
509 1.71215135538457
510 1.70486769592709
511 1.69757206459522
512 1.69029108425701
513 1.68305045438575
514 1.67587488886074
515 1.66878805934572
516 1.66181254426582
517 1.65496978338366
518 1.64828003795482
519 1.64176235642339
520 1.63543454559991
521 1.62931314724606
522 1.62341341997336
523 1.61774932634732
524 1.61233352507316
525 1.60717736812491
526 1.60229090266673
527 1.59768287760268
528 1.59336075458008
529 1.58933072326125
530 1.58559772066913
531 1.58216545440404
532 1.57903642952135
533 1.57621197885392
534 1.57369229655746
535 1.57147647465284
536 1.56956254233597
537 1.56794750782343
538 1.56662740250038
539 1.56559732713683
540 1.56485149993829
541 1.56438330619831
542 1.56418534932172
543 1.56424950299042
544 1.56456696424688
545 1.56512830727427
546 1.56592353765722
547 1.5669421469124
548 1.56817316708394
549 1.56960522520539
550 1.57122659743661
551 1.57302526269181
552 1.57498895558229
553 1.57710521850618
554 1.5793614527256
555 1.58174496828091
556 1.58424303260034
557 1.58684291767324
558 1.58953194566398
559 1.59229753285377
560 1.59512723180686
561 1.59800877166781
562 1.60093009650589
563 1.60387940163264
564 1.60684516782844
565 1.60981619342323
566 1.61278162418631
567 1.61573098098939
568 1.61865418521629
569 1.62154158190154
570 1.62438396058904
571 1.62717257391031
572 1.62989915389015
573 1.63255592599536
574 1.6351356209498
575 1.63763148434655
576 1.64003728409432
577 1.64234731574249
578 1.64455640573485
579 1.64665991264809
580 1.64865372647654
581 1.65053426602959
582 1.65229847451295
583 1.65394381336886
584 1.65546825445456
585 1.65687027064137
586 1.65814882491975
587 1.65930335809862
588 1.66033377518885
589 1.66124043056315
590 1.66202411198561
591 1.66268602360528
592 1.66322776800889
593 1.66365132742795
594 1.66395904419544
595 1.66415360054695
596 1.66423799786035
597 1.6642155354269
598 1.66408978884552
599 1.66386458813028
600 1.66354399561905
601 1.66313228376938
602 1.66263391292513
603 1.66205350913458
604 1.66139584209835
605 1.66066580332192
606 1.65986838454481
607 1.65900865651477
608 1.65809174817217
609 1.65712282630581
610 1.65610707573816
611 1.65504968009365
612 1.65395580320034
613 1.65283057117098
614 1.65167905520571
615 1.65050625515464
616 1.64931708387458
617 1.6481163524101
618 1.64690875602536
619 1.64569886110902
620 1.64449109297079
621 1.6432897245444
622 1.64209886600778
623 1.640922455328
624 1.63976424973461
625 1.63862781812158
626 1.63751653437499
627 1.63643357162006
628 1.63538189737813
629 1.63436426962129
630 1.63338323370947
631 1.63244112019213
632 1.63154004345424
633 1.63068190118365
634 1.62986837463513
635 1.62910092966386
636 1.62838081849965
637 1.62770908223115
638 1.62708655396799
639 1.62651386264735
640 1.62599143745001
641 1.62551951279031
642 1.62509813384309
643 1.62472716257034
644 1.62440628420948
645 1.62413501418482
646 1.62391270540356
647 1.62373855589748
648 1.62361161677161
649 1.62353080042112
650 1.6234948889783
651 1.62350254295158
652 1.62355231001931
653 1.62364263394167
654 1.62377186355464
655 1.62393826181127
656 1.6241400148359
657 1.62437524095859
658 1.62464199969782
659 1.62493830066084
660 1.62526211233236
661 1.6256113707238
662 1.62598398785622
663 1.62637786005225
664 1.62679087601318
665 1.62722092465932
666 1.62766590271317
667 1.62812372200649
668 1.62859231649411
669 1.62906964895877
670 1.62955371739308
671 1.63004256104613
672 1.63053426612401
673 1.63102697113504
674 1.63151887187224
675 1.6320082260267
676 1.63249335742772
677 1.63297265990633
678 1.63344460078083
679 1.6339077239641
680 1.63436065269391
681 1.63480209188867
682 1.63523083013256
683 1.6356457412948
684 1.6360457857894
685 1.63643001148253
686 1.63679755425573
687 1.63714763823435
688 1.63747957569112
689 1.63779276663602
690 1.63808669810411
691 1.6383609431537
692 1.63861515958802
693 1.63884908841405
694 1.6390625520525
695 1.6392554523137
696 1.63942776815418
697 1.63957955322929
698 1.63971093325727
699 1.63982210321042
700 1.63991332434914
701 1.63998492111461
702 1.640037277896
703 1.64007083568778
704 1.64008608865288
705 1.64008358060706
706 1.6400639014398
707 1.64002768348647
708 1.63997559786664
709 1.63990835080267
710 1.63982667993243
711 1.63973135062976
712 1.63962315234545
713 1.63950289498141
714 1.63937140530978
715 1.63922952344863
716 1.6390780994048
717 1.63891798969436
718 1.63875005405015
719 1.63857515222542
720 1.63839414090195
721 1.63820787071034
722 1.6380171833695
723 1.63782290895171
724 1.63762586327907
725 1.63742684545625
726 1.63722663554409
727 1.63702599237774
728 1.63682565153251
729 1.63662632343978
730 1.63642869165507
731 1.63623341127923
732 1.63604110753375
733 1.63585237448991
734 1.63566777395163
735 1.63548783449081
736 1.63531305063372
737 1.63514388219641
738 1.63498075376664
739 1.63482405432941
740 1.63467413703282
741 1.63453131909032
742 1.63439588181543
743 1.63426807078444
744 1.63414809612215
745 1.63403613290587
746 1.63393232168214
747 1.63383676909073
748 1.63374954859013
749 1.63367070127862
750 1.63360023680486
751 1.63353813436171
752 1.63348434375717
753 1.63343878655578
754 1.63340135728443
755 1.63337192469574
756 1.63335033308301
757 1.6333364036399
758 1.63332993585887
759 1.63333070896179
760 1.6333384833567
761 1.63335300211455
762 1.63337399246
763 1.63340116727043
764 1.6334342265775
765 1.63347285906576
766 1.63351674356315
767 1.63356555051805
768 1.63361894345829
769 1.63367658042721
770 1.63373811539254
771 1.63380319962385
772 1.63387148303462
773 1.63394261548534
774 1.63401624804416
775 1.63409203420191
776 1.63416963103881
777 1.63424870033998
778 1.63432890965763
779 1.63440993331774
780 1.63449145336948
781 1.63457316047582
782 1.634654754744
783 1.63473594649494
784 1.63481645697069
785 1.63489601897959
786 1.6349743774786
787 1.63505129009304
788 1.63512652757366
789 1.63519987419171
790 1.63527112807232
791 1.63534010146732
792 1.6354066209682
793 1.63547052766066
794 1.63553167722195
795 1.63558993996254
796 1.63564520081384
797 1.63569735926378
798 1.63574632924209
799 1.63579203895747
800 1.77394554179981
801 1.76420679386537
802 1.77646465366271
803 1.78871910400189
804 1.80097014051372
805 1.81321777124625
806 1.82546201622966
807 1.8377029070124
808 1.84994048617103
809 1.86217480679651
810 1.87381177478284
811 1.88455839368652
812 1.89462870929538
813 1.90402505631743
814 1.91276123372933
815 1.92084574506522
816 1.92828308123925
817 1.9350747142119
818 1.94121986568724
819 1.94671610082634
820 1.95156234197904
821 1.95576192312665
822 1.95932160568666
823 1.96225030296787
824 1.96455898143454
825 1.96626041402326
826 1.96736901121364
827 1.96790069609903
828 1.96787281023791
829 1.96730404082014
830 1.9662143514248
831 1.9646248938036
832 1.96255790072099
833 1.96003657363377
834 1.95708496966859
835 1.95372788836638
836 1.94999075954114
837 1.94589953285829
838 1.94148056944266
839 1.9367605356396
840 1.93176629899288
841 1.92652482659721
842 1.92106308611891
843 1.91540794981525
844 1.90958610185289
845 1.90362394919361
846 1.89754753628522
847 1.89138246376335
848 1.88515381133998
849 1.87888606502854
850 1.87260304883218
851 1.86632786100075
852 1.86008281494235
853 1.85388938485514
854 1.84776815612568
855 1.84173878052064
856 1.83581993618002
857 1.83002929240203
858 1.82438347919205
859 1.81889806153169
860 1.81358751830796
861 1.80846522582735
862 1.80354344582577
863 1.79883331787132
864 1.79434485604461
865 1.79008694976957
866 1.78606736865669
867 1.7822927712106
868 1.77876871724495
869 1.77549968383904
870 1.77248908466336
871 1.76973929249484
872 1.7672516647366
873 1.76502657175256
874 1.76306342782312
875 1.76136072452511
876 1.75991606633667
877 1.75872620826669
878 1.75778709530712
879 1.75709390350693
880 1.75664108246707
881 1.75642239905712
882 1.75643098215676
883 1.75665936822742
884 1.75709954752345
885 1.75774301075561
886 1.75858079602429
887 1.7596035358451
888 1.76080150409461
889 1.76216466271006
890 1.76368270798336
891 1.76534511629593
892 1.76714118914861
893 1.76906009734741
894 1.77109092421417
895 1.77322270769846
896 1.77544448127534
897 1.77774531352161
898 1.78011434627153
899 1.7825408312612
900 1.78501416517936
901 1.78752392305065
902 1.79005988988589
903 1.79261209054219
904 1.79517081774413
905 1.79772665822547
906 1.80027051695867
907 1.80279363944783
908 1.80528763206822
909 1.80774448044296
910 1.81015656585528
911 1.8125166797013
912 1.81481803599569
913 1.81705428194871
914 1.81921950663991
915 1.82130824781934
916 1.82331549687318
917 1.8252367019959
918 1.82706776961632
919 1.82880506412938
920 1.83044540599009
921 1.83198606823012
922 1.83342477146105
923 1.83475967743177
924 1.83598938121052
925 1.8371129020646
926 1.83812967311321
927 1.83903952983064
928 1.83984269747887
929 1.84053977754964
930 1.84113173329731
931 1.84161987444409
932 1.84200584113974
933 1.84229158725795
934 1.84247936311088
935 1.84257169766329
936 1.8425713803264
937 1.84248144241084
938 1.8423051383163
939 1.84204592653442
940 1.84170745053904
941 1.84129351963643
942 1.84080808984549
943 1.84025524487584
944 1.83963917726883
945 1.83896416976408
946 1.83823457695111
947 1.83745480726275
948 1.83662930536376
949 1.83576253498528
950 1.83485896225207
951 1.83392303954639
952 1.83295918994909
953 1.83197179229485
954 1.83096516687531
955 1.82994356182024
956 1.82891114018356
957 1.82787196775766
958 1.82683000163588
959 1.82578907953989
960 1.82475290992535
961 1.82372506287593
962 1.82270896179258
963 1.8217078758821
964 1.82072491344569
965 1.81976301596557
966 1.81882495298478
967 1.81791331777261
968 1.81703052376562
969 1.81617880177163
970 1.81536019792174
971 1.8145765723534
972 1.81382959860525
973 1.81312076370261
974 1.81245136891092
975 1.81182253113224
976 1.81123518491913
977 1.81069008507816
978 1.81018780983464
979 1.80972876452869
980 1.80931318581201
981 1.80894114631401
982 1.80861255974493
983 1.8083271864036
984 1.80808463905651
985 1.80788438915516
986 1.80772577335815
987 1.80760800032452
988 1.80753015774529
989 1.80749121957981
990 1.80749005346446
991 1.80752542826132
992 1.80759602171506
993 1.80770042818709
994 1.80783716643648
995 1.80800468741831
996 1.80820138207071
997 1.80842558906305
998 1.80867560247864
999 1.80894967940649
1000 1.80924604741773
1001 1.80956291190378
1002 1.80989846325412
1003 1.81025088385335
1004 1.81061835487816
1005 1.81099906287635
1006 1.81139120611139
1007 1.81179300065732
1008 1.81220268623032
1009 1.81261853174452
1010 1.81303884058118
1011 1.81346195556153
1012 1.81388626361527
1013 1.81431020013772
1014 1.81473225303026
1015 1.8151509664198
1016 1.81556494405449
1017 1.81597285237399
1018 1.81637342325392
1019 1.81676545642528
1020 1.81714782157077
1021 1.81751946010106
1022 1.81787938661507
1023 1.81822669004927
1024 1.81856053452225
1025 1.81888015988124
1026 1.81918488195853
1027 1.81947409254628
1028 1.81974725909908
1029 1.82000392417411
1030 1.82024370461971
1031 1.82046629052325
1032 1.82067144393016
1033 1.8208589973461
1034 1.8210288520348
1035 1.82118097612431
1036 1.82131540253485
1037 1.82143222674136
1038 1.82153160438445
1039 1.82161374874303
1040 1.82167892808246
1041 1.82172746289166
1042 1.82175972302284
1043 1.82177612474731
1044 1.82177712774061
1045 1.8217632320103
1046 1.82173497477909
1047 1.82169292733617
1048 1.82163769186903
1049 1.8215698982878
1050 1.82149020105372
1051 1.82139927602315
1052 1.8212978173178
1053 1.82118653423169
1054 1.82106614818468
1055 1.82093738973207
1056 1.82080099563913
1057 1.820657706029
1058 1.82050826161177
1059 1.82035340100209
1060 1.82019385813205
1061 1.82003035976548
1062 1.81986362311931
1063 1.81969435359714
1064 1.81952324263926
1065 1.81935096569332
1066 1.8191781803088
1067 1.81900552435816
1068 1.81883361438696
1069 1.81866304409454
1070 1.81849438294661
1071 1.81832817492031
1072 1.81816493738193
1073 1.8180051600971
1074 1.81784930437246
1075 1.81769780232785
1076 1.81755105629716
1077 1.81740943835592
1078 1.81727328997307
1079 1.81714292178427
1080 1.81701861348335
1081 1.81690061382869
1082 1.81678914076051
1083 1.8166843816252
1084 1.81658649350229
1085 1.81649560362955
1086 1.81641180992148
1087 1.81633518157627
1088 1.81626575976617
1089 1.81620355840605
1090 1.81614856499481
1091 1.81610074152423
1092 1.81606002544992
1093 1.81602633071853
1094 1.81599954884613
1095 1.81597955004175
1096 1.81596618437094
1097 1.81595928295364
1098 1.81595865919098
1099 1.81596411001569
1100 1.8159754171608
1101 1.81599234844157
1102 1.81601465904541
1103 1.81604209282515
1104 1.81607438359065
1105 1.81611125639439
1106 1.81615242880638
1107 1.81619761217441
1108 1.81624651286533
1109 1.81629883348371
1110 1.81635427406419
1111 1.81641253323401
1112 1.81647330934264
1113 1.81653630155543
1114 1.81660121090855
1115 1.81666774132275
1116 1.81673560057354
1117 1.8168045012158
1118 1.81687416146101
1119 1.81694430600537
1120 1.81701466680758
1121 1.81708498381504
1122 1.81715500563763
1123 1.81722449016821
1124 1.81729320514958
1125 1.81736092868735
1126 1.81742744970886
1127 1.81749256836817
1128 1.81755609639744
1129 1.81761785740514
1130 1.8176776871219
1131 1.81773543359462
1132 1.81779095733007
1133 1.8178441313889
1134 1.81789484143147
1135 1.8179429857169
1136 1.81798847505684
1137 1.81803123272559
1138 1.81807119432838
1139 1.81810830762963
1140 1.81814253234311
1141 1.81817383988594
1142 1.81820221309864
1143 1.81822764593322
1144 1.81825014311151
1145 1.81826971975597
1146 1.81828640099517
1147 1.81830022154617
1148 1.81831122527613
1149 1.81831946474534
1150 1.81832500073388
1151 1.81832790175433
1152 1.81832824355251
1153 1.81832610859856
1154 1.81832158557054
1155 1.81831476883255
1156 1.81830575790946
1157 1.81829465696032
1158 1.81828157425228
1159 1.81826662163698
1160 1.81824991403117
1161 1.81823156890323
1162 1.81821170576744
1163 1.81819044568731
1164 1.81816791078965
1165 1.8181442237907
1166 1.8181195075356
1167 1.81809388455253
1168 1.81806747662249
1169 1.81804040436592
1170 1.81801278684693
1171 1.81798474119612
1172 1.81795638225269
1173 1.81792782222648
1174 1.81789917038047
1175 1.81787053273439
1176 1.81784201178952
1177 1.81781370627525
1178 1.81778571091748
1179 1.81775811622894
1180 1.81773100832156
1181 1.8177044687408
1182 1.81767857432176
1183 1.81765339706702
1184 1.81762900404577
1185 1.81760545731403
1186 1.81758281385548
1187 1.81756112554246
1188 1.81754043911666
1189 1.81752079618881
1190 1.8175022332569
1191 1.81748478174221
1192 1.81746846804228
1193 1.81745331360037
1194 1.81743933499036
1195 1.81742654401643
1196 1.81741494782659
1197 1.81740454903927
1198 1.81739534588204
1199 1.8173873323416
1200 1.81738049832409
