1 2
2 2
3 2
4 2
5 2
6 2
7 2
8 2
9 2
10 2
11 2
12 2
13 2
14 2
15 2
16 2
17 2
18 2
19 2
20 2
21 2
22 2
23 2
24 2
25 2
26 2
27 2
28 2
29 2
30 2
31 2
32 2
33 2
34 2
35 2
36 2
37 2
38 2
39 2
40 2
41 2
42 2
43 2
44 2
45 2
46 2
47 2
48 2
49 2
50 2
51 2
52 2
53 2
54 2
55 2
56 2
57 2
58 2
59 2
60 2
61 2
62 2
63 2
64 2
65 2
66 2
67 2
68 2
69 2
70 2
71 2
72 2
73 2
74 2
75 2
76 2
77 2
78 2
79 2
80 2
81 2
82 2
83 2
84 2
85 2
86 2
87 2
88 2
89 2
90 2
91 2
92 2
93 2
94 2
95 2
96 2
97 2
98 2
99 2
100 2
101 2
102 2
103 2
104 2
105 2
106 2
107 2
108 2
109 2
110 2
111 2
112 2
113 2
114 2
115 2
116 2
117 2
118 2
119 2
120 2
121 2
122 2
123 2
124 2
125 2
126 2
127 2
128 2
129 2
130 2
131 2
132 2
133 2
134 2
135 2
136 2
137 2
138 2
139 2
140 2
141 2
142 2
143 2
144 2
145 2
146 2
147 2
148 2
149 2
150 2
151 2
152 2
153 2
154 2
155 2
156 2
157 2
158 2
159 2
160 2
161 2
162 2
163 2
164 2
165 2
166 2
167 2
168 2
169 2
170 2
171 2
172 2
173 2
174 2
175 2
176 2
177 2
178 2
179 2
180 2
181 2
182 2
183 2
184 2
185 2
186 2
187 2
188 2
189 2
190 2
191 2
192 2
193 2
194 2
195 2
196 2
197 2
198 2
199 2
200 2
201 2.25
202 2.5
203 2.75
204 2.8
205 2.8
206 2.8
207 2.8
208 2.8
209 2.8
210 2.8
211 2.8
212 2.8
213 2.8
214 2.8
215 2.70884992512654
216 2.55517208432072
217 2.40525191780959
218 2.29261000009528
219 2.22756589380948
220 2.20603735434115
221 2.21676250750914
222 2.2465654310558
223 2.28367452384039
224 2.31937501529651
225 2.34841685756652
226 2.36862609996809
227 2.38011598822428
228 2.38439986028446
229 2.38360206829315
230 2.37986705779271
231 2.37499222765418
232 2.37026109676287
233 2.36642778502223
234 2.3637968490668
235 2.36234793807275
236 2.36186672815693
237 2.36205751186832
238 2.36262551984287
239 2.36332683621499
240 2.36399010457185
241 2.36451737244926
242 2.36487209504075
243 2.36506136562756
244 2.36511765804347
245 2.36508338212572
246 2.36499978304454
247 2.36490037698555
248 2.36480826786585
249 2.36473628505517
250 2.36468881609312
251 2.36466435993608
252 2.364658084487
253 2.36466395138944
254 2.36467621555039
255 2.36469028855302
256 2.36470306764048
257 2.36471288318005
258 2.36471922269062
259 2.36472236575726
260 2.36472302681881
261 2.36472206356177
262 2.36472027491693
263 2.36471828802136
264 2.36471651861222
265 2.36471518289029
266 2.36471433871407
267 2.36471393764654
268 2.36471387475193
269 2.36471402854495
270 2.36471428814117
271 2.36471456798954
272 2.36471481253339
273 2.3647149939433
274 2.36471510601603
275 2.36471515677683
276 2.36471516155133
277 2.36471513750284
278 2.36471509999222
279 2.36471506066747
280 2.3647150269322
281 2.36471500234441
282 2.36471498751405
283 2.36471498115158
284 2.36471498103001
285 2.36471498473046
286 2.36471499012894
287 2.36471499564268
288 2.364715000288
289 2.36471500361356
290 2.36471500556913
291 2.36471500635734
292 2.36471500630032
293 2.36471500573819
294 2.36471500496408
295 2.36471500419263
296 2.36471500355414
297 2.36471500310531
298 2.36471500284843
299 2.36471500275218
300 2.36471500277016
301 2.36471500285466
302 2.36471500296529
303 2.36471500307301
304 2.36471500316061
305 2.36471500322105
306 2.36471500325465
307 2.36471500326619
308 2.36471500326233
309 2.36471500324975
310 2.36471500323399
311 2.36471500321899
312 2.364715003207
313 2.36471500319888
314 2.36471500319451
315 2.36471500319316
316 2.36471500319388
317 2.36471500319573
318 2.36471500319797
319 2.36471500320005
320 2.36471500320169
321 2.36471500320278
322 2.36471500320334
323 2.36471500320349
324 2.36471500320337
325 2.36471500320309
326 2.36471500320278
327 2.36471500320249
328 2.36471500320227
329 2.36471500320213
330 2.36471500320205
331 2.36471500320204
332 2.36471500320207
333 2.36471500320211
334 2.36471500320215
335 2.36471500320219
336 2.36471500320222
337 2.36471500320224
338 2.36471500320225
339 2.36471500320224
340 2.36471500320224
341 2.36471500320223
342 2.36471500320223
343 2.36471500320222
344 2.36471500320221
345 2.36471500320221
346 2.36471500320221
347 2.36471500320221
348 2.36471500320221
349 2.36471500320221
350 2.36471500320221
351 2.36471500320221
352 2.36471500320221
353 2.36471500320221
354 2.36471500320221
355 2.36471500320221
356 2.36471500320221
357 2.36471500320221
358 2.36471500320221
359 2.36471500320221
360 2.36471500320221
361 2.36471500320221
362 2.36471500320221
363 2.36471500320221
364 2.36471500320221
365 2.3647150032022
366 2.3647150032022
367 2.3647150032022
368 2.3647150032022
369 2.3647150032022
370 2.36471439130403
371 2.36471268420734
372 2.36470992209756
373 2.36470730754169
374 2.36470671523135
375 2.3647100829488
376 2.36471896107279
377 2.36473414558343
378 2.36475536106057
379 2.36478102979252
380 2.36480825214851
381 2.36483322047042
382 2.36485238134065
383 2.36486374407926
384 2.36486762310449
385 2.36486605757825
386 2.36486147650543
387 2.36485571841486
388 2.36484960984294
389 2.36484299393116
390 2.36483505417328
391 2.36481339310286
392 2.36477431765609
393 2.36471971218751
394 2.36466373892898
395 2.36461744866767
396 2.3645861268168
397 2.36457087466756
398 2.36456989021024
399 2.36457963497037
400 2.11457963497037
401 1.86457963497037
402 1.61457963497037
403 1.36457963497037
404 1.2
405 1.2
406 1.2
407 1.2
408 1.2
409 1.2
410 1.2
411 1.2
412 1.2
413 1.2
414 1.2
415 1.2
416 1.2
417 1.2
418 1.2
419 1.2
420 1.2
421 1.2
422 1.24551004988273
423 1.38956558120264
424 1.54931588068815
425 1.67947313150986
426 1.76222865646869
427 1.79766535622726
428 1.79561618058999
429 1.76949452327274
430 1.73219799858802
431 1.69386497023883
432 1.66107662744837
433 1.63703620694686
434 1.62228923505286
435 1.61563641639549
436 1.61499983768761
437 1.61810807302035
438 1.62295121105598
439 1.62801638311558
440 1.63234835399928
441 1.63549255244889
442 1.63737577641305
443 1.63816899219296
444 1.63816243123429
445 1.63766934847015
446 1.63696356666033
447 1.63624819843553
448 1.63564866306283
449 1.63522167770325
450 1.63497244072853
451 1.63487387516328
452 1.63488384835108
453 1.63495822592413
454 1.63505916522429
455 1.63515909665257
456 1.63524140041461
457 1.63529895501198
458 1.63533163638243
459 1.63534360353676
460 1.63534091618366
461 1.63532976010384
462 1.63531534479058
463 1.63530139821738
464 1.6352901113176
465 1.63528236583126
466 1.63527809596064
467 1.63527666996108
468 1.63527721891309
469 1.63527887735362
470 1.63528092925653
471 1.63528287151008
472 1.63528441633567
473 1.63528545610398
474 1.63528601123668
475 1.63528617667476
476 1.63528607658653
477 1.63528583180483
478 1.63528554056083
479 1.63528527059663
480 1.63528505955135
481 1.63528492032089
482 1.63528484853474
483 1.63528483004942
484 1.63528484717647
485 1.63528488307936
486 1.63528492430668
487 1.63528496175876
488 1.63528499053568
489 1.63528500912972
490 1.63528501835601
491 1.63528502030577
492 1.63528501749147
493 1.6352850122545
494 1.63528500643338
495 1.63528500124743
496 1.63528499733119
497 1.635284994855
498 1.6352849936775
499 1.63528499349146
500 1.63528499394101
501 1.63528499470115
502 1.63528499552108
503 1.63528499623784
504 1.63528499676975
505 1.63528499709851
506 1.63528499724757
507 1.63528499726179
508 1.63528499719146
509 1.63528499708161
510 1.63528499696638
511 1.6352849968675
512 1.6352849967954
513 1.63528499675189
514 1.6352849967332
515 1.63528499673281
516 1.63528499674364
517 1.63528499675945
518 1.63528499677561
519 1.63528499678922
520 1.63528499679897
521 1.63528499680471
522 1.63528499680702
523 1.63528499680686
524 1.63528499680522
525 1.63528499680295
526 1.63528499680069
527 1.63528499679882
528 1.6352849967975
529 1.63528499679675
530 1.63528499679646
531 1.63528499679651
532 1.63528499679675
533 1.63528499679708
534 1.63528499679739
535 1.63528499679765
536 1.63528499679783
537 1.63528499679794
538 1.63528499679797
539 1.63528499679946
540 1.63528499680628
541 1.63528499682305
542 1.63528499684955
543 1.6352849968739
544 1.63528499686896
545 1.63528499679515
546 1.63528499661139
547 1.6352849962935
548 1.63528499585734
549 1.63528499538123
550 1.63528499501938
551 1.63528499499522
552 1.63528499556648
553 1.63528499696417
554 1.63528499932171
555 1.63528500261779
556 1.63528500665287
557 1.63528501106902
558 1.63528501541044
559 1.63528501921092
560 1.63528502214244
561 1.63528502409108
562 1.63528502512908
563 1.6352850253598
564 1.6352850247572
565 1.63528502308339
566 1.63528501990925
567 1.63528501473077
568 1.63528500715368
569 1.6352856090423
570 1.63528730416265
571 1.63529005333916
572 1.63529314494667
573 1.63529500575255
574 1.63529319571458
575 1.63528528207987
576 1.63526950360947
577 1.63524529922027
578 1.63521370691653
579 1.63517753521817
580 1.6351410832108
581 1.63510905357668
582 1.63508517282078
583 1.63507132282884
584 1.63506720582908
585 1.63507068930554
586 1.63507879538525
587 1.63508869062411
588 1.63509820403013
589 1.63510599340836
590 1.63512287805625
591 1.63515176120582
592 1.63519086453307
593 1.63523653005784
594 1.63528128347051
595 1.63531414983638
596 1.63533276777624
597 1.63533991614703
598 1.63534062271814
599 1.63533999619822
600 1.63534179912766
601 1.63534771078831
602 1.635357225201
603 1.63536817836874
604 1.63537779889258
605 1.63538380316326
606 1.63538504943418
607 1.63538166551377
608 1.63537477801755
609 1.63536604405496
610 1.63535716997075
611 1.63534954179578
612 1.63534194843863
613 1.63532965329581
614 1.63531091530625
615 1.63528784529066
616 1.63526479023113
617 1.63524624040211
618 1.63523528418034
619 1.63523294000208
620 1.63523827169354
621 1.63524899914864
622 1.63526228626727
623 1.63527545422532
624 1.63528647265746
625 1.6352941831839
626 1.63529828584536
627 1.63529916158468
628 1.635297615695
629 1.63529461664606
630 1.63529108206252
631 1.63528773787196
632 1.6352850541719
633 1.63528324561428
634 1.63528231592294
635 1.63528212457584
636 1.63528245676494
637 1.63528308332115
638 1.63528380346132
639 1.63528446862368
640 1.63528498956745
641 1.63528533111433
642 1.6352854995889
643 1.63528552756894
644 1.6352854594527
645 1.63528534000987
646 1.63528520682709
647 1.63528508657766
648 1.63528499441684
649 1.63528493551432
650 1.63528490771749
651 1.63528490449955
652 1.63528491759601
653 1.63528493899638
654 1.63528496218495
655 1.63528498268922
656 1.6352849980909
657 1.63528500768973
658 1.63528501200103
659 1.63528501223102
660 1.63528500982604
661 1.63528500614458
662 1.63528500226281
663 1.63528499889791
664 1.63528499641923
665 1.63528499491363
666 1.63528499427421
667 1.63528499428901
668 1.63528499471493
669 1.63528499532971
670 1.63528499596142
671 1.63528499649864
672 1.6352849968868
673 1.63528499711636
674 1.63528499720777
675 1.63528499719698
676 1.63528499712369
677 1.63528499702334
678 1.63528499692271
679 1.63528499683872
680 1.63528499677919
681 1.63528499674496
682 1.63528499673232
683 1.63528499673533
684 1.63528499674765
685 1.63528499676374
686 1.6352849967795
687 1.63528499679242
688 1.63528499680139
689 1.6352849968064
690 1.63528499680809
691 1.63528499680742
692 1.63528499680539
693 1.63528499680285
694 1.63528499680042
695 1.63528499679846
696 1.63528499679712
697 1.6352849967964
698 1.63528499679619
699 1.63528499679632
700 1.63528499679665
701 1.63528499679705
702 1.63528499679742
703 1.63528499679771
704 1.63528499679791
705 1.63528499679801
706 1.63528499679804
707 1.63528499679801
708 1.63528499679796
709 1.6352849967979
710 1.63528499679784
711 1.63528499679779
712 1.63528499679776
713 1.63528499679775
714 1.63528499679775
715 1.63528499679775
716 1.63528499679776
717 1.63528499679778
718 1.63528499679779
719 1.6352849967978
720 1.63528499679781
721 1.6352849967978
722 1.63528499679778
723 1.63528499679773
724 1.63528499679766
725 1.63528499679757
726 1.63528499679748
727 1.63528499679741
728 1.63528499679739
729 1.63528499679748
730 1.63528499679769
731 1.63528499679806
732 1.63528499679857
733 1.63528499679922
734 1.63528499679996
735 1.63528499680074
736 1.63528499680149
737 1.63528499680218
738 1.63528499680124
739 1.6352849967948
740 1.6352849967782
741 1.63528499675043
742 1.63528499672041
743 1.63528499671306
744 1.63528499677031
745 1.63528499694313
746 1.63528499727328
747 1.63528499776653
748 1.63528499836258
749 1.635284998911
750 1.63528499916621
751 1.63528499881302
752 1.63528499752459
753 1.63528499504319
754 1.63528499126381
755 1.63528498629512
756 1.63528498047585
757 1.63528497433693
758 1.6352849685144
759 1.63528496357586
760 1.63528495989743
761 1.63528495763147
762 1.6352849567566
763 1.63528495719837
764 1.63528495898189
765 1.63528496230356
766 1.63528496749416
767 1.63528497488807
768 1.63528498463525
769 1.63528499650779
770 1.63528500977148
771 1.63528502321803
772 1.63528503539476
773 1.63528504495491
774 1.63528505100945
775 1.63528505335532
776 1.63528505248682
777 1.63528504939654
778 1.63528504526603
779 1.63528504116237
780 1.63528503730668
781 1.63528503324688
782 1.63528502832331
783 1.63528502206005
784 1.63528501451702
785 1.63528500651553
786 1.6352849991827
787 1.63528499341013
788 1.63528498951872
789 1.63528498720958
790 1.6352849857534
791 1.63528498431113
792 1.63528498226504
793 1.63528497944772
794 1.63528497618817
795 1.63528497316757
796 1.63528497115935
797 1.6352849707613
798 1.63528497221093
799 1.63528497532899
800 1.88528497532899
801 2.13528497532899
802 2.38528497532899
803 2.63528497532899
804 2.78449361412921
805 2.62815664440707
806 2.37815664440707
807 2.12815664440707
808 1.87815664440707
809 1.65954749498801
810 1.55251731395033
811 1.5319827081967
812 1.56781691893001
813 1.63199901265963
814 1.70259050466799
815 1.76511032240486
816 1.8120956877258
817 1.84163560784462
818 1.85552993169914
819 1.85753475660671
820 1.85195974296369
821 1.84271893565205
822 1.83281962495186
823 1.82420516677674
824 1.81784023878238
825 1.81392929984362
826 1.81217902394385
827 1.81204286136866
828 1.81291309161176
829 1.81424820594246
830 1.81563921831327
831 1.81682749153881
832 1.8176899982936
833 1.81820725667568
834 1.81842617190085
835 1.81842610130512
836 1.81829265978969
837 1.81810069931562
838 1.81790577386254
839 1.81774222588072
840 1.81762563166531
841 1.8175574854704
842 1.81753044984423
843 1.81753305706153
844 1.81755327587334
845 1.81758077993813
846 1.81760803928273
847 1.81763050906784
848 1.81764623638873
849 1.81765517953867
850 1.81765846801948
851 1.81765775243359
852 1.81765471979436
853 1.81765079210368
854 1.81764698787039
855 1.81764390644998
856 1.81764178986074
857 1.81764062126727
858 1.81764022903274
859 1.8176403764496
860 1.81764082747184
861 1.81764138663978
862 1.81764191648895
863 1.81764233828103
864 1.81764262245175
865 1.81764277442156
866 1.81764281999734
867 1.81764279301006
868 1.81764272641889
869 1.81764264704123
870 1.81764257338821
871 1.81764251576043
872 1.81764247770388
873 1.81764245804671
874 1.81764245294292
875 1.81764245757242
876 1.81764246734235
877 1.81764247858012
878 1.81764248879889
879 1.81764249665738
880 1.81764250174046
881 1.8176425042677
882 1.81764250480797
883 1.817642504046
884 1.81764250262055
885 1.81764250103363
886 1.81764249961852
887 1.81764249854895
888 1.81764249787193
889 1.81764249754926
890 1.81764249749737
891 1.81764249761923
892 1.81764249782618
893 1.81764249804973
894 1.81764249824533
895 1.8176424983906
896 1.8176424984805
897 1.81764249852135
898 1.81764249852539
899 1.81764249850631
900 1.81764249847641
901 1.817642498445
902 1.81764249841802
903 1.81764249839834
904 1.81764249838645
905 1.81764249838132
906 1.81764249838119
907 1.81764249838413
908 1.81764249838843
909 1.81764249839283
910 1.81764249839655
911 1.81764249839921
912 1.81764249840078
913 1.81764249840141
914 1.81764249840137
915 1.81764249840092
916 1.81764249840029
917 1.81764249839967
918 1.81764249839915
919 1.81764249839878
920 1.81764249839858
921 1.81764249839852
922 1.81764249839859
923 1.81764249839873
924 1.81764249839893
925 1.81764249839914
926 1.81764249839932
927 1.81764249839943
928 1.81764249839942
929 1.81764249839923
930 1.81764249839885
931 1.81764249839825
932 1.81764249839744
933 1.81764249839647
934 1.8176424983954
935 1.81764249839431
936 1.81764249839329
937 1.8176424983924
938 1.81764249839172
939 1.8176424983913
940 1.8176424983912
941 1.81764249839149
942 1.81764249839223
943 1.81764249839351
944 1.81764249839539
945 1.81764249839786
946 1.81764249840087
947 1.81764249840424
948 1.81764249840773
949 1.81764249841103
950 1.81764249841382
951 1.81764249841584
952 1.81764249841695
953 1.81764249841713
954 1.81764249841644
955 1.81764249841503
956 1.81764249841303
957 1.81764249841056
958 1.81764249840768
959 1.81764249840444
960 1.8176424984009
961 1.81764249839718
962 1.8176424983935
963 1.81764249839015
964 1.81764249838741
965 1.81764249838554
966 1.81764249838464
967 1.81764249838465
968 1.81764249838538
969 1.81764188648837
970 1.81764017939296
971 1.81763741728443
972 1.81763431321117
973 1.81763247954113
974 1.81763473224617
975 1.81764400390971
976 1.81766217013797
977 1.81768929013896
978 1.81772309562355
979 1.81775874443802
980 1.81778948729564
981 1.81780838909617
982 1.81781041392047
983 1.81779392035495
984 1.81776138167231
985 1.81771896276995
986 1.81767473128138
987 1.81763635818487
988 1.81760942710851
989 1.81759654354214
990 1.81758581708873
991 1.8175712933728
992 1.81755053896552
993 1.81752313273627
994 1.81749434547005
995 1.81748053799626
996 1.8174903433615
997 1.81752246029585
998 1.81757083726665
999 1.81762678196156
1000 1.81767845195929
1001 1.81771625012258
1002 1.81773534163736
1003 1.81773587045606
1004 1.81772173998765
1005 1.81769880702819
1006 1.81767314235714
1007 1.81764974863565
1008 1.8176318786136
1009 1.81762091116214
1010 1.81761663503896
1011 1.81761775399769
1012 1.81762244298674
1013 1.81762883114454
1014 1.8176353427986
1015 1.81764087797974
1016 1.81764485078334
1017 1.8176471246676
1018 1.81764789001382
1019 1.81764752482579
1020 1.81764646886719
1021 1.81764512894868
1022 1.81764382152989
1023 1.8176427500763
1024 1.81764200933451
1025 1.8176416066279
1026 1.8176414906865
1027 1.81764158047414
1028 1.81764178907907
1029 1.81764204029867
1030 1.81764227763355
1031 1.81764246681206
1032 1.81764259368438
1033 1.81764265947248
1034 1.81764267511407
1035 1.81764265597935
1036 1.81764261772198
1037 1.81764257356214
1038 1.81764253294978
1039 1.81764250133995
1040 1.81764248071962
1041 1.81764247052683
1042 1.81764246866617
1043 1.81764247241452
1044 1.8176424791041
1045 1.81764248654849
1046 1.81764249323304
1047 1.81764249832327
1048 1.81764250155609
1049 1.81764250307482
1050 1.81764250325642
1051 1.81764250256265
1052 1.81764250143171
1053 1.81764250021346
1054 1.8176424991434
1055 1.81764249834537
1056 1.81764249785194
1057 1.81764249763273
1058 1.81764249762271
1059 1.81764249774594
1060 1.81764249793236
1061 1.81764249812732
1062 1.81764249829504
1063 1.81764249841761
1064 1.81764249849134
1065 1.81764249852211
1066 1.81764249852078
1067 1.81764249849956
1068 1.81764249846944
1069 1.81764249843878
1070 1.81764249841293
1071 1.81764249839441
1072 1.81764249838358
1073 1.81764249837938
1074 1.81764249838002
1075 1.81764249838359
1076 1.81764249838838
1077 1.81764249839313
1078 1.81764249839706
1079 1.81764249839982
1080 1.81764249840139
1081 1.81764249840195
1082 1.81764249840178
1083 1.81764249840119
1084 1.81764249840044
1085 1.81764249839971
1086 1.81764249839912
1087 1.81764249839871
1088 1.81764249839849
1089 1.81764249839842
1090 1.81764249839846
1091 1.81764249839855
1092 1.81764249839867
1093 1.81764249839878
1094 1.81764249839887
1095 1.81764249839893
1096 1.81764249839896
1097 1.81764249839897
1098 1.81764249839896
1099 1.81764249839894
1100 1.81764249839892
1101 1.81764249839891
1102 1.81764249839889
1103 1.81764249839888
1104 1.81764249839888
1105 1.81764249839888
1106 1.81764249839888
1107 1.81764249839888
1108 1.81764249839889
1109 1.81764249839889
1110 1.81764249839889
1111 1.8176424983989
1112 1.8176424983989
1113 1.8176424983989
1114 1.8176424983989
1115 1.8176424983989
1116 1.81764249839889
1117 1.81764249839889
1118 1.81764249839889
1119 1.81764249839889
1120 1.81764249839889
1121 1.81764249839889
1122 1.81764249839889
1123 1.81764249839889
1124 1.8176424983989
1125 1.8176424983989
1126 1.8176424983989
1127 1.8176424983989
1128 1.8176424983989
1129 1.8176424983989
1130 1.8176424983989
1131 1.8176424983989
1132 1.8176424983989
1133 1.81764249839889
1134 1.81764249839889
1135 1.81764249839889
1136 1.81764249839889
1137 1.81764249839889
1138 1.81764249840039
1139 1.81764249840725
1140 1.81764249842407
1141 1.81764249845181
1142 1.81764249848138
1143 1.8176424984867
1144 1.81764249842273
1145 1.81764249823434
1146 1.81764249787804
1147 1.81764249735419
1148 1.81764249674273
1149 1.81764249622997
1150 1.81764249610943
1151 1.81764249674241
1152 1.81764249847632
1153 1.81764250153394
1154 1.8176425059014
1155 1.81764251125277
1156 1.81764251694607
1157 1.81764252210661
1158 1.81764252578879
1159 1.8176425272383
1160 1.81764252609531
1161 1.81764252247307
1162 1.81764251690067
1163 1.81764251013098
1164 1.81764250283773
1165 1.8176424953816
1166 1.81764248775293
1167 1.81764247969474
1168 1.81764247096509
1169 1.81764246167031
1170 1.81764245253214
1171 1.81764244492743
1172 1.81764244062355
1173 1.81764244128057
1174 1.81764244787248
1175 1.81764246022632
1176 1.8176424768822
1177 1.81764249535692
1178 1.81764251271115
1179 1.81764252623004
1180 1.8176425345419
1181 1.81764253773429
1182 1.81764253699617
1183 1.81764253409857
1184 1.81764253068515
1185 1.81764252735269
1186 1.81764252369219
1187 1.81764251891481
1188 1.81764251242615
1189 1.81764250418231
1190 1.81764249489851
1191 1.8176424858952
1192 1.81764247868035
1193 1.81764247447659
1194 1.81764247387627
1195 1.81764247671867
1196 1.81764248218867
1197 1.81764248906913
1198 1.81764249605094
1199 1.81764250201179
1200 1.81764250620339
