1 2
2 2
3 2
4 2
5 2
6 2
7 2
8 2
9 2
10 2
11 2
12 2
13 2
14 2
15 2
16 2
17 2
18 2
19 2
20 2
21 2
22 2
23 2
24 2
25 2
26 2
27 2
28 2
29 2
30 2.176
31 2.184
32 2.2
33 2.216
34 2.232
35 2.248
36 2.264
37 2.28
38 2.296
39 2.312
40 2.327517564288
41 2.34220256343424
42 2.3561566131494
43 2.36941932455311
44 2.38202082980354
45 2.39398301090469
46 2.40532140121805
47 2.41604666283282
48 2.42616573373842
49 2.43568271796766
50 2.44460089810627
51 2.4529251291072
52 2.46066218634647
53 2.46782017702534
54 2.47440827990758
55 2.48043656243084
56 2.48591585912503
57 2.49085769181553
58 2.49527421787979
59 2.49917819689704
60 2.50258296534642
61 2.5055024071831
62 2.50795091510602
63 2.50994334557927
64 2.51149497108707
65 2.51262143133651
66 2.51333868448066
67 2.5136629589773
68 2.51361070641151
69 2.51319855543353
70 2.51244326687012
71 2.51136169004777
72 2.5099707203925
73 2.50828725839505
74 2.50632817003388
75 2.50411024873913
76 2.5016501789678
77 2.49896450144585
78 2.49606958011922
79 2.49298157084405
80 2.48971639183575
81 2.48628969588828
82 2.4827168443676
83 2.47901288297687
84 2.47519251928512
85 2.47127010200579
86 2.46725960200663
87 2.46317459502811
88 2.45902824608315
89 2.45483329550744
90 2.45060204662632
91 2.44634635500092
92 2.44207761921389
93 2.43780677315221
94 2.43354427974293
95 2.42930012609524
96 2.42508382000119
97 2.42090438774544
98 2.41677037317349
99 2.41268983796689
100 2.4086703630728
101 2.40471905123507
102 2.40084253057301
103 2.39704695915439
104 2.39333803050833
105 2.38972098002446
106 2.38620059218428
107 2.38278120857136
108 2.37946673660714
109 2.37626065895979
110 2.37316604357413
111 2.37018555427132
112 2.36732146186796
113 2.36457565576507
114 2.36194965595842
115 2.35944462542286
116 2.3570613828242
117 2.35480041551384
118 2.35266189276201
119 2.35064567918745
120 2.34875134834218
121 2.34697819641182
122 2.34532525599302
123 2.34379130991138
124 2.34237490504448
125 2.34107436611622
126 2.33988780943033
127 2.33881315651226
128 2.33784814763042
129 2.33699035516914
130 2.3362371968273
131 2.33558594861834
132 2.33503375764848
133 2.33457765465202
134 2.33421456626373
135 2.33394132701001
136 2.33375469100187
137 2.33365134331451
138 2.33362791103926
139 2.33368097399552
140 2.33380707509134
141 2.33400273032281
142 2.33426443840383
143 2.33458869001868
144 2.33497197669165
145 2.33541079926868
146 2.33590167600725
147 2.33644115027214
148 2.3370257978353
149 2.33765223377947
150 2.33831711900595
151 2.33901716634801
152 2.3397491462922
153 2.34050989231078
154 2.34129630580919
155 2.34210536069331
156 2.34293410756205
157 2.34377967753126
158 2.34463928569576
159 2.3455102342369
160 2.3463899151835
161 2.34727581283438
162 2.34816550585168
163 2.34905666903379
164 2.34994707477791
165 2.35083459424186
166 2.35171719821568
167 2.35259295771337
168 2.35346004429554
169 2.35431673013389
170 2.35516138782869
171 2.3559924899903
172 2.35680860859609
173 2.35760841413414
174 2.35839067454497
175 2.35915425397273
176 2.35989811133717
177 2.36062129873763
178 2.36132295970023
179 2.36200232727936
180 2.36265872202442
181 2.36329154982257
182 2.36390029962818
183 2.36448454108937
184 2.36504392208196
185 2.36557816616067
186 2.3660870699376
187 2.36657050039736
188 2.36702839215809
189 2.36746074468758
190 2.36786761948291
191 2.36824913722236
192 2.36860547489744
193 2.36893686293301
194 2.36924358230301
195 2.36952596164892
196 2.36978437440786
197 2.37001923595692
198 2.37023100077984
199 2.37042015966216
200 2.3705872369201
201 2.3707327876687
202 2.37085739513407
203 2.37096166801424
204 2.3710462378931
205 2.37111175671117
206 2.37115889429713
207 2.3711883359632
208 2.37120078016767
209 2.37119693624705
210 2.3711775222207
211 2.37114326266968
212 2.37109488669212
213 2.37103312593648
214 2.37095871271427
215 2.37087237819323
216 2.37077485067187
217 2.37066685393615
218 2.37054910569848
219 2.37042231611954
220 2.37028718641258
221 2.37014440753032
222 2.36999465893383
223 2.36983860744281
224 2.36967690616673
225 2.36951019351563
226 2.36933909228973
227 2.3691642088465
228 2.36898613234393
229 2.36880543405844
230 2.36862266677594
231 2.36843836425421
232 2.36825304075493
233 2.36806719064335
234 2.36788128805376
235 2.36769578661852
236 2.36751111925879
237 2.36732769803452
238 2.36714591405173
239 2.36696613742461
240 2.36678871729028
241 2.36661398187384
242 2.36644223860133
243 2.3662737742583
244 2.36610885519157
245 2.36594772755188
246 2.36579061757497
247 2.36563773189878
248 2.36548925791446
249 2.36534536414885
250 2.36520620067605
251 2.36507189955592
252 2.36494257529731
253 2.36481832534362
254 2.36469923057872
255 2.36458535585113
256 2.36447675051421
257 2.36437344898054
258 2.36427547128842
259 2.36418282367868
260 2.36409549917979
261 2.36401347819968
262 2.36393672912244
263 2.36386520890816
264 2.36379886369457
265 2.3637376293986
266 2.36368143231672
267 2.36363018972246
268 2.3635838104598
269 2.36354219553131
270 2.36350523867964
271 2.36347282696138
272 2.36344484131221
273 2.36342115710222
274 2.36340164468075
275 2.36338616990953
276 2.36337459468365
277 2.36336677743944
278 2.36336257364865
279 2.36336183629833
280 2.3633644163559
281 2.36337016321882
282 2.36337892514857
283 2.36339054968843
284 2.36340488406495
285 2.36342177557258
286 2.36344107194151
287 2.36346262168837
288 2.36348627444983
289 2.3635118812989
290 2.36353929504403
291 2.36356837051096
292 2.36359896480743
293 2.36363093757078
294 2.36366415119872
295 2.36369847106327
296 2.36373376570823
297 2.36376990703033
298 2.36380677044436
299 2.36384423503261
300 2.36388218367884
301 2.36392050318721
302 2.36395908438659
303 2.36399782222046
304 2.36403661582294
305 2.36407536858138
306 2.36411398818585
307 2.36415238666607
308 2.36419048041612
309 2.36422819020761
310 2.36426544119152
311 2.36430216288939
312 2.3643382891743
313 2.36437375824204
314 2.36440851257312
315 2.36444249888599
316 2.36447566808199
317 2.36450797518259
318 2.3645393792593
319 2.36456984335686
320 2.36459933441003
321 2.3646278231547
322 2.36465528403347
323 2.36468169509647
324 2.36470703789771
325 2.36473129738734
326 2.36475446180051
327 2.36477652254295
328 2.36479747407389
329 2.36481731378669
330 2.36483604188746
331 2.36485366127222
332 2.36487017740281
333 2.36488559818199
334 2.36489993382808
335 2.36491319674934
336 2.36492540141863
337 2.36493656424841
338 2.3649467034665
339 2.36495583899283
340 2.3649639923175
341 2.36497118638023
342 2.36497744545162
343 2.36498279501633
344 2.36498726165836
345 2.36499087294869
346 2.3649936573354
347 2.36499564403641
348 2.36499686293509
349 2.36499734447874
350 2.3649971195801
351 2.36499621952209
352 2.36499467586574
353 2.36499252036144
354 2.36498978486363
355 2.36498650124897
356 2.3649827013379
357 2.36497841681991
358 2.36497367918225
359 2.36496851964232
360 2.36496296908356
361 2.36495705799507
362 2.3649508164147
363 2.36494427387575
364 2.36493745935726
365 2.36493040123772
366 2.36492312725235
367 2.36491566445368
368 2.36490803917566
369 2.36490027700092
370 2.36489240273139
371 2.36488444036201
372 2.36487641305764
373 2.36486834313289
374 2.36486025203495
375 2.36485216032926
376 2.36484408768795
377 2.36483605288095
378 2.36482807376965
379 2.36482016730307
380 2.36481234951645
381 2.36480463553201
382 2.36479703956201
383 2.3647895749138
384 2.36478225399692
385 2.364775088332
386 2.36476808856151
387 2.36476126446206
388 2.3647546249584
389 2.3647481781388
390 2.36474193127178
391 2.36473589082417
392 2.36473006248026
393 2.36472445116206
394 2.36471906105051
395 2.36471389560758
396 2.36470895759914
397 2.36470424911855
398 2.3646997716108
399 2.36469552589725
400 2.11469552589725
401 2.09869174386766
402 2.06668819260758
403 2.03468487069841
404 2.00268177622642
405 1.97067890680895
406 1.93867625962061
407 1.90667383141941
408 1.87467161857271
409 1.8426696170831
410 1.81135308961193
411 1.78123207575598
412 1.75219629709784
413 1.72422796900249
414 1.6973157525964
415 1.6714550105841
416 1.64664612041455
417 1.6228931703848
418 1.60020295353961
419 1.57858419307031
420 1.55804506920054
421 1.53859008820193
422 1.52021971142787
423 1.5029312247199
424 1.48671914064842
425 1.4715755102168
426 1.45749015531852
427 1.44445084478695
428 1.43244343033668
429 1.42145195415618
430 1.41145874173477
431 1.40244449676732
432 1.39438840572305
433 1.38726824841629
434 1.38106051033818
435 1.37574049478054
436 1.37128243350537
437 1.36765959525475
438 1.36484439174004
439 1.36280848096212
440 1.36152286782721
441 1.36095800203956
442 1.36108387320911
443 1.36187010307194
444 1.36328603471002
445 1.36530081866277
446 1.36788349583607
447 1.37100307712953
448 1.37462861971914
449 1.37872929994668
450 1.38327448278066
451 1.38823378782461
452 1.39357715185918
453 1.39927488791373
454 1.40529774087195
455 1.41161693962492
456 1.41820424579275
457 1.42503199904397
458 1.43207315904889
459 1.43930134411012
460 1.44669086651999
461 1.45421676470018
462 1.4618548321849
463 1.46958164351371
464 1.47737457710515
465 1.48521183518623
466 1.49307246085733
467 1.5009363523751
468 1.50878427473955
469 1.51659786867418
470 1.52435965709056
471 1.53205304913082
472 1.53966234188362
473 1.54717271987039
474 1.55457025240004
475 1.56184188889113
476 1.56897545226134
477 1.57595963048416
478 1.58278396641306
479 1.58943884597319
480 1.59591548482019
481 1.60220591356523
482 1.60830296166442
483 1.61420024006991
484 1.61989212273852
485 1.62537372709262
486 1.63064089352606
487 1.63569016404679
488 1.64051876014514
489 1.64512455997556
490 1.64950607493682
491 1.65366242573384
492 1.65759331800175
493 1.66129901757047
494 1.66478032544534
495 1.66803855257716
496 1.67107549449176
497 1.67389340584708
498 1.67649497498243
499 1.67888329852227
500 1.68106185609367
501 1.68303448521395
502 1.68480535640197
503 1.68637894856391
504 1.68776002470126
505 1.68895360798594
506 1.6899649582448
507 1.69079954889261
508 1.69146304435025
509 1.69196127798152
510 1.69230023057985
511 1.69248600943307
512 1.69252482799198
513 1.69242298616565
514 1.69218685126436
515 1.69182283960787
516 1.691337398815
517 1.69073699078782
518 1.69002807540142
519 1.68921709490835
520 1.68831045906431
521 1.68731453097999
522 1.68623561370168
523 1.68507993752156
524 1.68385364801689
525 1.68256279481507
526 1.68121332108068
527 1.67981105371828
528 1.6783616942838
529 1.67687081059571
530 1.67534382903585
531 1.67378602752866
532 1.67220252918632
533 1.67059829660622
534 1.66897812680626
535 1.6673466467826
536 1.66570830967335
537 1.66406739151139
538 1.66242798854839
539 1.6607940151318
540 1.65916920211585
541 1.65755709578711
542 1.65596105728501
543 1.65438426249705
544 1.65282970240829
545 1.65130018388463
546 1.64979833086896
547 1.64832658596945
548 1.64688721241895
549 1.64548229638463
550 1.64411374960707
551 1.64278331234795
552 1.64149255662587
553 1.64024288971984
554 1.63903555792029
555 1.63787165050775
556 1.6367521039396
557 1.63567770622575
558 1.63464910147426
559 1.63366679458863
560 1.63273115609869
561 1.63184242710747
562 1.63100072433713
563 1.63020604525736
564 1.62945827328004
565 1.62875718300497
566 1.62810244550142
567 1.62749363361128
568 1.62693022726002
569 1.62641161876205
570 1.62593711810801
571 1.62550595822196
572 1.62511730017679
573 1.62477023835725
574 1.6244638055603
575 1.62419697802293
576 1.62396868036867
577 1.62377779046413
578 1.62362314417778
579 1.62350354003363
580 1.62341774375311
581 1.62336449267895
582 1.62334250007554
583 1.62335045930055
584 1.62338704784349
585 1.62345093122698
586 1.62354076676737
587 1.62365520719169
588 1.62379290410833
589 1.62395251132944
590 1.62413268804344
591 1.62433210183642
592 1.62454943156172
593 1.62478337005724
594 1.62503262671067
595 1.62529592987284
596 1.62557202912003
597 1.62585969736641
598 1.62615773282776
599 1.62646496083847
600 1.62678023552351
601 1.62710244132785
602 1.62743049440571
603 1.62776334387228
604 1.62809997292112
605 1.62843939981004
606 1.62878067871908
607 1.62912290048385
608 1.62946519320805
609 1.62980672275877
610 1.63014669314865
611 1.63048434680872
612 1.63081896475611
613 1.63114986666085
614 1.63147641081581
615 1.63179799401426
616 1.63211405133925
617 1.63242405586918
618 1.63272751830395
619 1.63302398651606
620 1.63331304503093
621 1.63359431444089
622 1.63386745075707
623 1.63413214470354
624 1.63438812095784
625 1.63463513734214
626 1.63487298396909
627 1.63510148234649
628 1.63532048444467
629 1.63552987173044
630 1.63572955417156
631 1.63591946921519
632 1.63609958074422
633 1.63626987801473
634 1.63643037457808
635 1.63658110719096
636 1.63672213471651
637 1.63685353701954
638 1.63697541385885
639 1.63708788377951
640 1.6371910830076
641 1.63728516435022
642 1.63737029610304
643 1.63744666096783
644 1.63751445498204
645 1.63757388646264
646 1.6376251749661
647 1.63766855026625
648 1.63770425135192
649 1.63773252544575
650 1.63775362704568
651 1.63776781699059
652 1.63777536155103
653 1.6377765315465
654 1.63777160148998
655 1.63776084876072
656 1.63774455280613
657 1.63772299437331
658 1.63769645477085
659 1.63766521516149
660 1.63762955588578
661 1.63758975581723
662 1.63754609174907
663 1.63749883781275
664 1.6374482649282
665 1.63739464028577
666 1.63733822685982
667 1.6372792829537
668 1.6372180617758
669 1.63715481104654
670 1.63708977263564
671 1.63702318222951
672 1.63695526902804
673 1.63688625547035
674 1.63681635698888
675 1.63674578179125
676 1.63667473066906
677 1.63660339683307
678 1.63653196577394
679 1.63646061514781
680 1.63638951468581
681 1.6363188261268
682 1.63624870317242
683 1.63617929146363
684 1.63611072857783
685 1.63604314404565
686 1.6359766593866
687 1.63591138816258
688 1.63584743604842
689 1.63578490091846
690 1.63572387294829
691 1.63566443473085
692 1.63560666140576
693 1.6355506208012
694 1.63549637358735
695 1.63544397344054
696 1.63539346721721
697 1.63534489513689
698 1.6352982909733
699 1.63525368225284
700 1.63521109045956
701 1.63517053124587
702 1.63513201464832
703 1.63509554530753
704 1.63506112269173
705 1.63502874132309
706 1.6349983910062
707 1.6349700570581
708 1.63494372053918
709 1.63491935848438
710 1.63489694413404
711 1.63487644716404
712 1.63485783391445
713 1.63484106761643
714 1.63482610861676
715 1.63481291459959
716 1.63480144080506
717 1.63479164024429
718 1.63478346391042
719 1.63477686098547
720 1.63477177904243
721 1.63476816424263
722 1.63476596152782
723 1.63476511480693
724 1.63476556713721
725 1.6347672608995
726 1.63477013796757
727 1.63477413987131
728 1.63477920795363
729 1.63478528352104
730 1.63479230798771
731 1.63480022301303
732 1.63480897063259
733 1.63481849338254
734 1.63482873441731
735 1.63483963762077
736 1.63485114771067
737 1.63486321033663
738 1.63487577217152
739 1.63488878099645
740 1.63490218577927
741 1.6349159367469
742 1.63492998545134
743 1.63494428482967
744 1.63495878925806
745 1.6349734545999
746 1.63498823824824
747 1.63500309916273
748 1.63501799790106
749 1.63503289664518
750 1.63504775922249
751 1.63506255112204
752 1.63507723950603
753 1.63509179321673
754 1.63510618277905
755 1.63512038039885
756 1.63513435995733
757 1.63514809700154
758 1.63516156873123
759 1.63517475398235
760 1.6351876332072
761 1.63520018845162
762 1.63521240332917
763 1.63522426299277
764 1.63523575410374
765 1.63524686479854
766 1.63525758465343
767 1.63526790464712
768 1.63527781712163
769 1.63528731574158
770 1.63529639545204
771 1.63530505243507
772 1.63531328406519
773 1.63532108886383
774 1.63532846645308
775 1.63533541750867
776 1.6353419437125
777 1.63534804770479
778 1.63535373303595
779 1.63535900411839
780 1.63536386617827
781 1.63536832520743
782 1.63537238791551
783 1.63537606168244
784 1.63537935451136
785 1.63538227498207
786 1.6353848322051
787 1.63538703577652
788 1.63538889573349
789 1.63539042251073
790 1.63539162689786
791 1.63539251999778
792 1.63539311318607
793 1.63539341807152
794 1.6353934464578
795 1.6353932103063
796 1.63539272170025
797 1.63539199281007
798 1.63539103586006
799 1.63538986309631
800 1.72338848675608
801 1.72738691903846
802 1.73538517207639
803 1.74338325791011
804 1.75138118846194
805 1.75937897551247
806 1.76737663067813
807 1.77537416539014
808 1.78337159087479
809 1.7913689181351
810 1.79912494007784
811 1.80646460249499
812 1.81343872347839
813 1.820067118541
814 1.82636486341979
815 1.83234290846881
816 1.83800902940563
817 1.84336856598818
818 1.848424995594
819 1.85318037828578
820 1.85763636306128
821 1.86179538475659
822 1.86566083807126
823 1.86923678326744
824 1.87252781603763
825 1.87553897606028
826 1.8782756862098
827 1.88074371265976
828 1.88294913901359
829 1.88489834963259
830 1.88659801698878
831 1.88805508695748
832 1.88927675945625
833 1.89027046596128
834 1.89104384564108
835 1.89160472096461
836 1.89196107331996
837 1.89212101895136
838 1.89209278537847
839 1.89188468837365
840 1.89150510952627
841 1.89096247441333
842 1.8902652314085
843 1.88942183117414
844 1.88844070688239
845 1.88733025520689
846 1.88609881812022
847 1.88475466552492
848 1.883305978739
849 1.88176083485115
850 1.88012719195525
851 1.87841287527013
852 1.87662556414631
853 1.8747727799585
854 1.87286187487983
855 1.8709000215309
856 1.86889420349434
857 1.86685120668356
858 1.86477761155191
859 1.86267978612705
860 1.86056387985336
861 1.8584358182238
862 1.85630129818134
863 1.85416578426873
864 1.85203450550443
865 1.84991245296157
866 1.84780437802587
867 1.84571479130788
868 1.8436479621842
869 1.84160791894185
870 1.83959844949963
871 1.83762310267984
872 1.8356851900037
873 1.8337877879835
874 1.83193374088441
875 1.8301256639292
876 1.82836594691871
877 1.82665675824148
878 1.82500004924589
879 1.82339755894856
880 1.82185081905294
881 1.82036115925262
882 1.81892971279394
883 1.81755742227336
884 1.81624504564524
885 1.81499316241627
886 1.81380218000356
887 1.81267234023371
888 1.81160372596108
889 1.81059626778392
890 1.80964975083796
891 1.80876382164737
892 1.80793799501425
893 1.80717166092803
894 1.80646409147729
895 1.80581444774699
896 1.80522178668519
897 1.80468506792371
898 1.80420316053831
899 1.8037748497346
900 1.80339884344663
901 1.80307377883601
902 1.80279822868003
903 1.80257070763814
904 1.80238967838694
905 1.80225355761439
906 1.80216072186485
907 1.8021095132273
908 1.80209824485972
909 1.80212520634331
910 1.80218866886101
911 1.80228689019538
912 1.80241811954156
913 1.80258060213164
914 1.80277258366746
915 1.80299231455943
916 1.80323805396943
917 1.80350807365661
918 1.80380066162526
919 1.80411412557449
920 1.80444679615005
921 1.80479702999894
922 1.80516321262793
923 1.80554376106772
924 1.80593712634462
925 1.80634179576213
926 1.80675629499518
927 1.8071791900001
928 1.80760908874369
929 1.80804464275508
930 1.80848454850424
931 1.80892754861147
932 1.80937243289221
933 1.80981803924174
934 1.81026325436477
935 1.81070701435466
936 1.81114830512762
937 1.811586162717
938 1.81201967343313
939 1.81244797389414
940 1.81287025093326
941 1.81328574138826
942 1.81369373177867
943 1.81409355787639
944 1.8144846041754
945 1.81486630326629
946 1.8152381351212
947 1.81559962629483
948 1.81595034904713
949 1.81628992039319
950 1.81661800108586
951 1.8169342945363
952 1.81723854567813
953 1.81753053977999
954 1.817810101212
955 1.81807709217086
956 1.81833141136858
957 1.81857299268968
958 1.81880180382135
959 1.81901784486118
960 1.81922114690673
961 1.81941177063131
962 1.81958980484977
963 1.8197553650785
964 1.81990859209317
965 1.82004965048797
966 1.8201787272396
967 1.82029603027952
968 1.82040178707736
969 1.82049624323858
970 1.82057966111905
971 1.82065231845933
972 1.82071450704094
973 1.82076653136702
974 1.82080870736957
975 1.82084136114512
976 1.82086482772073
977 1.82087944985207
978 1.82088557685492
979 1.82088356347173
980 1.82087376877415
981 1.82085655510295
982 1.82083228704604
983 1.82080133045552
984 1.82076405150442
985 1.82072081578374
986 1.82067198744015
987 1.82061792835472
988 1.82055899736291
989 1.82049554951585
990 1.82042793538298
991 1.82035650039592
992 1.82028158423334
993 1.82020352024656
994 1.8201226349255
995 1.82003924740459
996 1.81995366900792
997 1.81986620283325
998 1.81977714337403
999 1.81968677617876
1000 1.81959537754693
1001 1.81950321426061
1002 1.81941054335083
1003 1.81931761189778
1004 1.81922465686392
1005 1.81913190495886
1006 1.81903957253504
1007 1.81894786551308
1008 1.8188569793357
1009 1.81876709894913
1010 1.81867839881076
1011 1.81859104292192
1012 1.81850518488468
1013 1.81842096798137
1014 1.8183385252757
1015 1.81825797973435
1016 1.81817944436766
1017 1.81810302238854
1018 1.81802880738809
1019 1.81795688352703
1020 1.81788732574172
1021 1.81782019996351
1022 1.81775556335049
1023 1.81769346453046
1024 1.817633943854
1025 1.81757703365661
1026 1.817522758529
1027 1.81747113559429
1028 1.8174221747914
1029 1.81737587916346
1030 1.81733224515048
1031 1.81729126288528
1032 1.81725291649189
1033 1.81721718438548
1034 1.81718403957322
1035 1.81715344995507
1036 1.81712537862394
1037 1.81709978416444
1038 1.81707662094962
1039 1.81705583943495
1040 1.81703738644905
1041 1.81702120548064
1042 1.81700723696101
1043 1.81699541854171
1044 1.81698568536681
1045 1.81697797033955
1046 1.81697220438265
1047 1.81696831669227
1048 1.81696623498496
1049 1.81696588573761
1050 1.81696719441983
1051 1.81697008571875
1052 1.81697448375593
1053 1.81698031229616
1054 1.8169874949481
1055 1.81699595535654
1056 1.81700561738619
1057 1.81701640529696
1058 1.81702824391069
1059 1.81704105876918
1060 1.81705477628366
1061 1.81706932387563
1062 1.8170846301091
1063 1.81710062481433
1064 1.81711723920311
1065 1.81713440597563
1066 1.81715205941915
1067 1.81717013549847
1068 1.8171885719384
1069 1.81720730829841
1070 1.81722628603953
1071 1.81724544858375
1072 1.81726474136603
1073 1.81728411187925
1074 1.8173035097121
1075 1.81732288658033
1076 1.81734219635139
1077 1.81736139506284
1078 1.81738044093467
1079 1.81739929437574
1080 1.81741791798474
1081 1.81743627654563
1082 1.81745433701813
1083 1.81747206852324
1084 1.81748944232419
1085 1.81750643180296
1086 1.8175230124328
1087 1.8175391617467
1088 1.81755485930237
1089 1.81757008664379
1090 1.81758482725954
1091 1.81759906653833
1092 1.81761279172179
1093 1.81762599185481
1094 1.8176386577337
1095 1.81765078185231
1096 1.81766235834641
1097 1.81767338293649
1098 1.81768385286919
1099 1.8176937668576
1100 1.81770312502056
1101 1.81771192882121
1102 1.81772018100497
1103 1.81772788553704
1104 1.81773504753977
1105 1.8177416732298
1106 1.81774776985541
1107 1.81775334563401
1108 1.81775840969002
1109 1.81776297199328
1110 1.81776704329803
1111 1.8177706350827
1112 1.81777375949049
1113 1.81777642927102
1114 1.81777865772295
1115 1.8177804586378
1116 1.81778184624508
1117 1.81778283515859
1118 1.81778344032431
1119 1.81778367696961
1120 1.81778356055406
1121 1.81778310672176
1122 1.81778233125537
1123 1.81778125003174
1124 1.81777987897926
1125 1.81777823403698
1126 1.8177763311154
1127 1.8177741860591
1128 1.81777181461117
1129 1.81776923237937
1130 1.81776645480411
1131 1.81776349712831
1132 1.81776037436891
1133 1.81775710129029
1134 1.81775369237938
1135 1.81775016182259
1136 1.81774652348444
1137 1.81774279088787
1138 1.8177389771963
1139 1.81773509519731
1140 1.81773115728796
1141 1.81772717546162
1142 1.81772316129651
1143 1.81771912594556
1144 1.81771508012791
1145 1.81771103412172
1146 1.81770699775841
1147 1.81770298041821
1148 1.81769899102708
1149 1.81769503805471
1150 1.8176911295139
1151 1.81768727296092
1152 1.81768347549704
1153 1.81767974377114
1154 1.81767608398316
1155 1.81767250188865
1156 1.81766900280411
1157 1.81766559161319
1158 1.81766227277363
1159 1.81765905032504
1160 1.81765592789721
1161 1.81765290871917
1162 1.8176499956288
1163 1.81764719108291
1164 1.81764449716789
1165 1.81764191561076
1166 1.8176394477906
1167 1.81763709475036
1168 1.81763485720892
1169 1.81763273557349
1170 1.81763072995214
1171 1.81762884016656
1172 1.81762706576498
1173 1.81762540603515
1174 1.81762386001739
1175 1.8176224265177
1176 1.81762110412085
1177 1.81761989120344
1178 1.8176187859469
1179 1.8176177863504
1180 1.81761689024363
1181 1.81761609529946
1182 1.81761539904638
1183 1.81761479888083
1184 1.81761429207923
1185 1.81761387580981
1186 1.81761354714422
1187 1.81761330306884
1188 1.81761314049578
1189 1.81761305627364
1190 1.81761304719787
1191 1.81761311002096
1192 1.8176132414621
1193 1.81761343821662
1194 1.81761369696509
1195 1.81761401438198
1196 1.81761438714401
1197 1.81761481193812
1198 1.81761528546908
1199 1.8176158044667
1200 1.81761636569269
