1 2
2 2
3 2
4 2
5 2
6 2
7 2
8 2
9 2
10 2
11 2
12 2
13 2
14 2
15 2
16 2
17 2
18 2
19 2
20 2
21 2
22 2
23 2
24 2
25 2
26 2
27 2
28 2
29 2
30 2.25
31 2.27652702702703
32 2.30355405405405
33 2.33058108108108
34 2.35760810810811
35 2.38463513513513
36 2.41166216216216
37 2.43868918918919
38 2.46571621621622
39 2.49274324324324
40 2.51776889440372
41 2.53920695881939
42 2.55742956942028
43 2.57272052819012
44 2.58530013474793
45 2.59533925772601
46 2.60297029749436
47 2.60829572379301
48 2.61139472443002
49 2.61232838268058
50 2.61115973072022
51 2.60798058521344
52 2.60291385043207
53 2.59610187517875
54 2.58769851709993
55 2.57786379301654
56 2.56676035849858
57 2.55455126811641
58 2.54139862100061
59 2.52746280861411
60 2.5129020353284
61 2.49787169245942
62 2.48252340518069
63 2.46700390009293
64 2.45145387995418
65 2.4360070038063
66 2.42078901607719
67 2.40591703537977
68 2.39149899516462
69 2.37763321897805
70 2.36440811038862
71 2.35190194126315
72 2.34018272936613
73 2.32930820207051
74 2.31932584494634
75 2.3102730334034
76 2.30217724404058
77 2.29505634075915
78 2.28891892943029
79 2.28376477410583
80 2.27958526741338
81 2.27636394777408
82 2.27407705626403
83 2.27269412616926
84 2.27217859849153
85 2.27248845684416
86 2.27357687535511
87 2.27539287339442
88 2.27788197118158
89 2.28098684061302
90 2.28464794597969
91 2.28880416961254
92 2.2933934178901
93 2.29835320345869
94 2.30362119994436
95 2.30913576587095
96 2.31483643493803
97 2.32066437025039
98 2.32656278052678
99 2.33247729674454
100 2.33835630809663
101 2.34415125654549
102 2.34981688965012
103 2.35531147171729
104 2.36059695368193
105 2.36563910245326
106 2.3704075907712
107 2.37487604889997
108 2.37902207974178
109 2.38282723918254
110 2.38627698368272
111 2.38936058729986
112 2.39207103047462
113 2.39440486303024
114 2.39636204392556
115 2.39794576036611
116 2.39916222891588
117 2.40002048126612
118 2.40053213730797
119 2.40071116812355
120 2.40057365145778
121 2.40013752216142
122 2.39942232000675
123 2.39844893717215
124 2.39723936757284
125 2.39581646008384
126 2.39420367755892
127 2.39242486339908
128 2.39050401726623
129 2.38846508137472
130 2.38633173862702
131 2.38412722369126
132 2.3818741479492
133 2.37959433907562
134 2.37730869584401
135 2.37503705859227
136 2.37279809562457
137 2.37060920567495
138 2.36848643641392
139 2.36644441884325
140 2.36449631729639
141 2.36265379464344
142 2.3609269921909
143 2.3593245236678
144 2.35785348260141
145 2.35651946230865
146 2.35532658766189
147 2.35427755773241
148 2.35337369836874
149 2.35261502373279
150 2.35200030579135
151 2.35152715074621
152 2.35119208138042
153 2.35099062430213
154 2.35091740107949
155 2.35096622228035
156 2.35113018345795
157 2.35140176215813
158 2.35177291506384
159 2.35223517443861
160 2.3527797430811
161 2.35339758705737
162 2.35407952553563
163 2.3548163171087
164 2.35559874205214
165 2.35641768003017
166 2.35726418282626
167 2.35812954174042
168 2.3590053493596
169 2.35988355547169
170 2.36075651695557
171 2.36161704154036
172 2.36245842538491
173 2.36327448448415
174 2.36405957996149
175 2.36480863735533
176 2.36551716005363
177 2.36618123707242
178 2.36679754541174
179 2.36736334725696
180 2.36787648232305
181 2.36833535566508
182 2.3687389213
183 2.36908666200219
184 2.36937856564873
185 2.36961509849999
186 2.36979717580669
187 2.36992613013699
188 2.37000367781545
189 2.37003188386128
190 2.37001312580548
191 2.36995005675589
192 2.36984556806605
193 2.36970275194824
194 2.36952486435354
195 2.36931528842215
196 2.36907749878647
197 2.36881502698698
198 2.36853142823768
199 2.36823024975371
200 2.36791500082918
201 2.36758912482829
202 2.36725597322761
203 2.36691878182284
204 2.3665806491885
205 2.3662445174553
206 2.36591315544657
207 2.36558914419266
208 2.36527486482107
209 2.36497248879966
210 2.36468397049159
211 2.36441104196277
212 2.36415520996682
213 2.36391775501753
214 2.36369973244612
215 2.36350197532861
216 2.36332509915926
217 2.3631695081371
218 2.36303540292635
219 2.36292278974595
220 2.3628314906399
221 2.36276115477791
222 2.36271127063491
223 2.36268117889855
224 2.36267008595572
225 2.3626770778119
226 2.36270113430125
227 2.36274114345053
228 2.36279591586573
229 2.36286419901716
230 2.36294469130623
231 2.36303605580504
232 2.36313693356878
233 2.36324595642967
234 2.36336175919043
235 2.36348299114503
236 2.36360832686374
237 2.36373647618932
238 2.36386619340078
239 2.36399628551036
240 2.36412561966903
241 2.36425312966419
242 2.36437782150243
243 2.36449877807804
244 2.3646151629359
245 2.3647262231447
246 2.36483129130304
247 2.36492978670739
248 2.3650212157164
249 2.36510517135099
250 2.36518133217446
251 2.36524946050022
252 2.36530939997819
253 2.36536107261364
254 2.365404475274
255 2.36543967574071
256 2.36546680836409
257 2.36548606937943
258 2.3654977119424
259 2.3655020409411
260 2.36549940764107
261 2.36549020421786
262 2.36547485822991
263 2.36545382708226
264 2.36542759252886
265 2.36539665525849
266 2.36536152960619
267 2.36532273842871
268 2.36528080817921
269 2.36523626421267
270 2.36518962634997
271 2.36514140472482
272 2.36509209593412
273 2.36504217950846
274 2.36499211471609
275 2.36494233770985
276 2.36489325902338
277 2.36484526141939
278 2.36479869808982
279 2.36475389120443
280 2.36471113080193
281 2.36467067401478
282 2.36463274461674
283 2.36459753287968
284 2.36456519572474
285 2.36453585715065
286 2.36450960892102
287 2.36448651149082
288 2.36446659515162
289 2.36444986137392
290 2.36443628432487
291 2.36442581253891
292 2.36441837071903
293 2.36441386164621
294 2.36441216817509
295 2.36441315529402
296 2.3644166722287
297 2.36442255456889
298 2.36443062639885
299 2.36444070241314
300 2.36445259000038
301 2.36446609127883
302 2.36448100506904
303 2.36449712878994
304 2.36451426026625
305 2.36453219943645
306 2.36455074995201
307 2.36456972065987
308 2.36458892696189
309 2.3646081920459
310 2.36462734798488
311 2.36464623670176
312 2.36466471079867
313 2.36468263425087
314 2.36469988296653
315 2.36471634521467
316 2.36473192192469
317 2.36474652686164
318 2.36476008668244
319 2.36477254087874
320 2.36478384161315
321 2.36479395345563
322 2.36480285302784
323 2.36481052856322
324 2.36481697939112
325 2.3648222153534
326 2.36482625616204
327 2.3648291307065
328 2.36483087631924
329 2.36483153800811
330 2.3648311676638
331 2.36482982325044
332 2.36482756798733
333 2.36482446952904
334 2.36482059915121
335 2.36481603094852
336 2.36481084105116
337 2.36480510686551
338 2.3647989063442
339 2.36479231729023
340 2.36478541669936
341 2.3647782801443
342 2.36477098120377
343 2.36476359093895
344 2.36475617741923
345 2.36474880529875
346 2.3647415354447
347 2.36473442461762
348 2.36472752520391
349 2.36472088499998
350 2.364714547047
351 2.36470854951525
352 2.36470292563615
353 2.36469770368027
354 2.36469290697885
355 2.36468855398648
356 2.36468465838213
357 2.36468122920575
358 2.36467827102719
359 2.36467578414448
360 2.3646737648081
361 2.36467220546794
362 2.36467109503971
363 2.36467041918737
364 2.36467016061848
365 2.36467029938902
366 2.36467081321489
367 2.36467167778669
368 2.3646728670853
369 2.36467435369516
370 2.36467610911301
371 2.36467810404944
372 2.36468030872118
373 2.36468269313214
374 2.3646852273413
375 2.3646878817159
376 2.36469062716859
377 2.3646934353773
378 2.36469627898687
379 2.36469913179176
380 2.36470196889915
381 2.36470476687221
382 2.36470750385328
383 2.36471015966701
384 2.36471271590361
385 2.36471515598264
386 2.36471746519765
387 2.36471963074256
388 2.36472164172025
389 2.36472348913446
390 2.36472516586581
391 2.36472666663304
392 2.36472798794061
393 2.36472912801378
394 2.36473008672242
395 2.36473086549482
396 2.3647314672227
397 2.36473189615881
398 2.36473215780822
399 2.36473225881482
400 2.11473225881482
401 2.0616780083794
402 2.00762362288102
403 1.95356911232627
404 1.89951448726026
405 1.84545975864779
406 1.79140493775728
407 1.73735003604824
408 1.68329506506311
409 1.6292400363241
410 1.5771863366862
411 1.52893255014435
412 1.48446869626482
413 1.44379796038776
414 1.4069249969578
415 1.37385550537853
416 1.3445958974302
417 1.3191530431656
418 1.29753407769486
419 1.27974625517035
420 1.2657808173013
421 1.25558751531933
422 1.24907062494251
423 1.24609878523629
424 1.24651255571623
425 1.25013029654606
426 1.2567527474773
427 1.26616659698648
428 1.27814726763122
429 1.29246109290723
430 1.3088671498082
431 1.32711914388011
432 1.34696755247784
433 1.36816192094921
434 1.39045314786716
435 1.41359566112785
436 1.43734943054168
437 1.46148179172676
438 1.48576907501071
439 1.50999804479184
440 1.53396716062502
441 1.55748767077331
442 1.58038454405453
443 1.60249724133804
444 1.6236803266314
445 1.64380391856463
446 1.66275398491027
447 1.68043248480832
448 1.69675736519442
449 1.71166241936903
450 1.72509701665114
451 1.73702571268744
452 1.74742775036369
453 1.75629646151436
454 1.76363857982126
455 1.76947347544568
456 1.77383232204018
457 1.7767572068165
458 1.77830019429086
459 1.77852235418153
460 1.77749276369569
461 1.77528749412155
462 1.77198859124689
463 1.76768305866774
464 1.76246185254051
465 1.75641889577567
466 1.74965011907885
467 1.74225253562189
468 1.73432335547911
469 1.72595914529805
470 1.71725503799744
471 1.70830399660213
472 1.6991961356433
473 1.6900181028777
474 1.68085252341666
475 1.67177750771062
476 1.66286622421161
477 1.65418653693886
478 1.64580070760536
479 1.63776516142892
480 1.63013031525288
481 1.62294046614135
482 1.61623373819391
483 1.61004208494611
484 1.60439134438651
485 1.59930134332799
486 1.59478604762254
487 1.59085375450217
488 1.58750732316608
489 1.58474443961248
490 1.58255791163323
491 1.58093598984774
492 1.57986271064895
493 1.57931825696563
494 1.57927933281026
495 1.57971954767783
496 1.58060980698536
497 1.58191870489253
498 1.58361291601776
499 1.58565758275842
500 1.58801669513626
501 1.59065346031648
502 1.59353065918841
503 1.59661098764547
504 1.59985738045778
505 1.60323331589218
506 1.60670309949639
507 1.61023212572686
508 1.61378711635912
509 1.61733633487447
510 1.62084977626517
511 1.62429933194025
512 1.62765892964348
513 1.6309046485142
514 1.63401480962661
515 1.63697004253563
516 1.63975332853435
517 1.64235002148984
518 1.64474784727011
519 1.64693688290394
520 1.64890951672852
521 1.65066039087542
522 1.65218632752505
523 1.65348624042246
524 1.65456103319436
525 1.65541348603819
526 1.65604813237022
527 1.6564711270212
528 1.65669010755617
529 1.65671405026999
530 1.65655312237342
531 1.65621853183658
532 1.65572237629902
533 1.65507749238848
534 1.65429730671588
535 1.65339568973236
536 1.65238681354665
537 1.65128501470907
538 1.6501046628723
539 1.64886003614051
540 1.64756520381835
541 1.64623391716981
542 1.64487950869647
543 1.64351480034436
544 1.64215202095077
545 1.64080273314678
546 1.63947776983862
547 1.638187180303
548 1.63694018584684
549 1.63574514490333
550 1.63460952736147
551 1.63353989785897
552 1.63254190770521
553 1.6316202950454
554 1.63077889282685
555 1.6300206440852
556 1.62934762403099
557 1.62876106838681
558 1.62826140740061
559 1.62784830494298
560 1.62752070208397
561 1.62727686453891
562 1.62711443337187
563 1.62703047835014
564 1.62702155335261
565 1.62708375324893
566 1.62721277168484
567 1.62740395923135
568 1.62765238138083
569 1.6279528759022
570 1.62830010909859
571 1.62868863054444
572 1.62911292591451
573 1.62956746755437
574 1.63004676247951
575 1.63054539752907
576 1.63105808143905
577 1.6315796836386
578 1.63210526961148
579 1.6326301327027
580 1.63314982228684
581 1.63366016825041
582 1.63415730177445
583 1.63463767243602
584 1.63509806167785
585 1.63553559272365
586 1.63594773704302
587 1.6363323174939
588 1.63668750829208
589 1.63701183197646
590 1.63730415355556
591 1.63756367203511
592 1.6377899095381
593 1.63798269823834
594 1.63814216533528
595 1.63826871630281
596 1.63836301664672
597 1.63842597240637
598 1.6384587096338
599 1.63846255308026
600 1.63843900431456
601 1.6383897194905
602 1.63831648697243
603 1.63822120501754
604 1.63810585970318
605 1.63797250327468
606 1.6378232330768
607 1.63766017121795
608 1.63748544510229
609 1.63730116895011
610 1.63710942641216
611 1.63691225436859
612 1.63671162798812
613 1.63650944710839
614 1.6363075239839
615 1.63610757243363
616 1.63591119840697
617 1.63571989197326
618 1.63553502072801
619 1.63535782459682
620 1.63518941200743
621 1.63503075738979
622 1.63488269995529
623 1.63474594369739
624 1.63462105854899
625 1.63450848262523
626 1.6344085254747
627 1.63432137225797
628 1.63424708876829
629 1.63418562720682
630 1.63413683262294
631 1.6341004499293
632 1.63407613140094
633 1.63406344456877
634 1.63406188041884
635 1.63407086181106
636 1.63408975203377
637 1.63411786341366
638 1.63415446590443
639 1.63419879558205
640 1.63425006297862
641 1.63430746119236
642 1.63437017371602
643 1.63443738193193
644 1.63450827222703
645 1.63458204268737
646 1.63465790933708
647 1.63473511189255
648 1.6348129190085
649 1.63489063299792
650 1.63496759401341
651 1.63504318368285
652 1.63511682819728
653 1.63518800085346
654 1.63525622405861
655 1.6353210708085
656 1.6353821656543
657 1.63543918517708
658 1.63549185799203
659 1.63553996430725
660 1.63558333506473
661 1.63562185069281
662 1.63565543950161
663 1.63568407575403
664 1.63570777744607
665 1.63572660383085
666 1.63574065272121
667 1.63575005760564
668 1.63575498461211
669 1.63575562935395
670 1.63575221369095
671 1.63574498243785
672 1.63573420005134
673 1.63572014732475
674 1.63570311811871
675 1.63568341615341
676 1.63566135188694
677 1.63563723950175
678 1.63561139401915
679 1.63558412855995
680 1.63555575176675
681 1.63552656540142
682 1.63549686212898
683 1.63546692349702
684 1.63543701811743
685 1.6354074000554
686 1.63537830742837
687 1.63534996121578
688 1.63532256427867
689 1.63529630058627
690 1.63527133464532
691 1.63524781112614
692 1.63522585467829
693 1.63520556992725
694 1.63518704164259
695 1.63517033506706
696 1.63515549639527
697 1.63514255338988
698 1.63513151612277
699 1.63512237782817
700 1.63511511585456
701 1.6351096927019
702 1.63510605713084
703 1.63510414533051
704 1.63510388213195
705 1.63510518225416
706 1.63510795157058
707 1.63511208838396
708 1.63511748469831
709 1.63512402747721
710 1.63513159987837
711 1.63514008245532
712 1.63514935431741
713 1.63515929424076
714 1.63516978172287
715 1.63518069797525
716 1.63519192684855
717 1.63520335568609
718 1.6352148761021
719 1.63522638468219
720 1.63523778360402
721 1.63524898117727
722 1.63525989230237
723 1.63527043884861
724 1.63528054995247
725 1.63529016223797
726 1.6352992199613
727 1.6353076750824
728 1.63531548726695
729 1.63532262382225
730 1.63532905957112
731 1.63533477666829
732 1.63533976436377
733 1.63534401871804
734 1.63534754227417
735 1.63535034369188
736 1.63535243734869
737 1.63535384291331
738 1.63535458489649
739 1.6353546921842
740 1.63535419755826
741 1.63535313720903
742 1.63535155024485
743 1.63534947820254
744 1.63534696456315
745 1.63534405427673
746 1.63534079329986
747 1.63533722814902
748 1.63533340547295
749 1.63532937164657
750 1.63532517238879
751 1.63532085240626
752 1.63531645506465
753 1.63531202208886
754 1.63530759329323
755 1.63530320634237
756 1.63529889654311
757 1.63529469666762
758 1.63529063680769
759 1.63528674425956
760 1.63528304343891
761 1.63527955582487
762 1.63527629993225
763 1.63527329131052
764 1.63527054256824
765 1.63526806342136
766 1.63526586076364
767 1.63526393875762
768 1.63526229894391
769 1.63526094036731
770 1.63525985971748
771 1.63525905148226
772 1.6352585081118
773 1.63525822019129
774 1.63525817662052
775 1.63525836479837
776 1.63525877081025
777 1.6352593796169
778 1.63526017524274
779 1.63526114096227
780 1.63526225948296
781 1.63526351312328
782 1.63526488398462
783 1.63526635411593
784 1.63526790567006
785 1.63526952105093
786 1.63527118305072
787 1.63527287497646
788 1.63527458076551
789 1.63527628508947
790 1.63527797344637
791 1.63527963224078
792 1.63528124885206
793 1.63528281169051
794 1.63528431024179
795 1.6352857350998
796 1.63528707798825
797 1.63528833177151
798 1.63528949045508
799 1.63529054917627
800 1.88529054917627
801 1.89855491132443
802 1.91206916548609
803 1.92558331105893
804 1.93909734840151
805 1.95261127877925
806 1.96612510430541
807 1.979638827878
808 1.99315245311333
809 2.00666598427695
810 2.01817805799142
811 2.02620865508
812 2.03131098217211
813 2.03391233355287
814 2.03434548551537
815 2.03286959120701
816 2.02968645829949
817 2.0249532282766
818 2.01879225277891
819 2.01129878661047
820 2.00256300200765
821 1.99269750284994
822 1.98183878677343
823 1.97013469999656
824 1.9577363123319
825 1.94479283276012
826 1.93144861823301
827 1.91784159858619
828 1.90410263752255
829 1.89035549266455
830 1.87671701266577
831 1.86329714076282
832 1.85019855674846
833 1.83751612639691
834 1.82533635615655
835 1.81373695137287
836 1.80278651622344
837 1.79254439885168
838 1.78306066678749
839 1.77437618950812
840 1.76652280386616
841 1.75952354327721
842 1.75339292004213
843 1.74813725666361
844 1.74375506427641
845 1.74023746585922
846 1.73756866052598
847 1.73572642381724
848 1.73468263792564
849 1.73440384530798
850 1.73485181911713
851 1.73598414419642
852 1.73775480284142
853 1.74011476000168
854 1.74301254300356
855 1.74639481122515
856 1.75020691147201
857 1.75439341511736
858 1.75889863340087
859 1.76366710763335
860 1.76864407143087
861 1.77377588249283
862 1.77901042183589
863 1.78429745879121
864 1.78958898046011
865 1.79483948469923
866 1.80000623606796
867 1.8050494845176
868 1.80993264693094
869 1.81462245193187
870 1.81908904867648
871 1.82330608060665
872 1.82725072539537
873 1.83090370253671
874 1.83424925023347
875 1.83727507341044
876 1.83997226483109
877 1.84233520142073
878 1.84436141799964
879 1.84605146070563
880 1.84740872243849
881 1.84843926268854
882 1.8491516141197
883 1.84955657826497
884 1.84966701266018
885 1.84949761169146
886 1.84906468336522
887 1.84838592412652
888 1.84748019375593
889 1.84636729226644
890 1.84506774060265
891 1.84360256681649
892 1.84199309925786
893 1.84026076817685
894 1.83842691698822
895 1.83651262429961
896 1.83453853765449
897 1.83252471979011
898 1.8304905080611
899 1.82845438753247
900 1.82643387810149
901 1.82444543586966
902 1.82250436885149
903 1.82062476698017
904 1.81881944624981
905 1.8170999067213
906 1.81547630401523
907 1.81395743381937
908 1.81255072885243
909 1.81126226764858
910 1.81009679445998
911 1.80905774951683
912 1.80814730883598
913 1.80736643273077
914 1.80671492214491
915 1.80619148191328
916 1.8057937900405
917 1.80551857208527
918 1.80536167974295
919 1.80531817273123
920 1.80538240310315
921 1.80554810113713
922 1.80580846198568
923 1.80615623230121
924 1.80658379609906
925 1.80708325916388
926 1.80764653135437
927 1.80826540621427
928 1.80893163735117
929 1.80963701110169
930 1.81037341505845
931 1.8111329020923
932 1.81190774956141
933 1.81269051345617
934 1.81347407728569
935 1.81425169556679
936 1.81501703183016
937 1.81576419110954
938 1.81648774692903
939 1.81718276284976
940 1.81784480868038
941 1.81846997149619
942 1.81905486164814
943 1.8195966139764
944 1.82009288447265
945 1.8205418426614
946 1.82094215999276
947 1.82129299455767
948 1.82159397245175
949 1.821845166125
950 1.82204707006267
951 1.82220057414703
952 1.82230693505104
953 1.82236774601319
954 1.82238490533786
955 1.82236058395861
956 1.82229719239137
957 1.82219734739277
958 1.82206383862449
959 1.82189959560837
960 1.82170765523971
961 1.82149113010687
962 1.82125317784542
963 1.82099697173411
964 1.82072567271829
965 1.82044240302415
966 1.82015022150525
967 1.81985210084013
968 1.81955090667781
969 1.81924937880617
970 1.81895011439688
971 1.81865555336002
972 1.81836796582151
973 1.818089441718
974 1.81782188248553
975 1.81756699480215
976 1.81732628632874
977 1.8171010633786
978 1.81689243043308
979 1.81670129140968
980 1.8165283525784
981 1.81637412701413
982 1.81623894046533
983 1.81612293851358
984 1.81602609489428
985 1.81594822084559
986 1.81588897535108
987 1.8158478761411
988 1.81582431131824
989 1.81581755147458
990 1.81582676217074
991 1.81585101665089
992 1.81588930867231
993 1.81594056533387
994 1.81600365979345
995 1.81607742377166
996 1.81616065974616
997 1.81625215274858
998 1.81635068168443
999 1.81645503010433
1000 1.81656399636356
1001 1.81667640311562
1002 1.81679110609378
1003 1.81690700214346
1004 1.81702303647637
1005 1.81713820912574
1006 1.81725158058987
1007 1.81736227665878
1008 1.81746949242593
1009 1.81757249549427
1010 1.81767062839157
1011 1.81776331021671
1012 1.81785003754346
1013 1.81793038461348
1014 1.81800400285472
1015 1.81807061976506
1016 1.81813003720446
1017 1.81818212914172
1018 1.81822683890389
1019 1.81826417597856
1020 1.8182942124198
1021 1.81831707890982
1022 1.81833296052809
1023 1.81834209227987
1024 1.81834475443497
1025 1.81834126772682
1026 1.81833198846026
1027 1.81831730357491
1028 1.81829762570836
1029 1.81827338830192
1030 1.818245040788
1031 1.81821304389644
1032 1.81817786511325
1033 1.81813997432281
1034 1.81809983966078
1035 1.8180579236023
1036 1.81801467930624
1037 1.81797054723328
1038 1.81792595205212
1039 1.81788129984517
1040 1.81783697562149
1041 1.8177933411421
1042 1.81775073305965
1043 1.81770946137162
1044 1.81766980818371
1045 1.81763202677746
1046 1.81759634097396
1047 1.81756294478339
1048 1.81753200232817
1049 1.81750364802583
1050 1.81747798701637
1051 1.81745509581733
1052 1.81743502318891
1053 1.81741779119064
1054 1.81740339641041
1055 1.81739181134603
1056 1.81738298591958
1057 1.81737684910453
1058 1.81737331064556
1059 1.81737226285164
1060 1.81737358244307
1061 1.81737713243373
1062 1.81738276403071
1063 1.81739031853407
1064 1.81739962922045
1065 1.81741052319535
1066 1.8174228231998
1067 1.81743634935851
1068 1.81745092085751
1069 1.81746635754079
1070 1.81748248141654
1071 1.81749911806486
1072 1.81751609794022
1073 1.81753325756302
1074 1.81755044059605
1075 1.81756749880263
1076 1.81758429288464
1077 1.81760069319952
1078 1.81761658035667
1079 1.81763184569448
1080 1.81764639164015
1081 1.81766013195568
1082 1.81767299187376
1083 1.81768490812831
1084 1.81769582888506
1085 1.81770571357798
1086 1.81771453265798
1087 1.81772226726081
1088 1.81772890880105
1089 1.81773445849985
1090 1.81773892685376
1091 1.81774233305245
1092 1.81774470435302
1093 1.81774607541846
1094 1.81774648762791
1095 1.81774598836607
1096 1.81774463029897
1097 1.81774247064306
1098 1.8177395704341
1099 1.81773599380222
1100 1.81773180725909
1101 1.8177270790024
1102 1.81772187824302
1103 1.81771627455906
1104 1.81771033728123
1105 1.81770413491281
1106 1.81769773458764
1107 1.81769120156845
1108 1.81768459878798
1109 1.81767798643429
1110 1.81767142158163
1111 1.81766495786748
1112 1.81765864521625
1113 1.81765252960927
1114 1.81764665290087
1115 1.81764105267939
1116 1.81763576217219
1117 1.81763081019291
1118 1.81762622112936
1119 1.81762201496988
1120 1.8176182073659
1121 1.8176148097284
1122 1.81761182935535
1123 1.81760926958773
1124 1.81760712999102
1125 1.81760540655938
1126 1.81760409193955
1127 1.81760317567147
1128 1.81760264444274
1129 1.81760248235392
1130 1.81760267119193
1131 1.81760319070871
1132 1.81760401890242
1133 1.81760513229885
1134 1.81760650623037
1135 1.8176081151103
1136 1.81760993270064
1137 1.81761193237106
1138 1.81761408734758
1139 1.8176163709492
1140 1.81761875681125
1141 1.81762121909408
1142 1.81762373267629
1143 1.81762627333146
1144 1.81762881788789
1145 1.81763134437081
1146 1.81763383212683
1147 1.81763626193045
1148 1.81763861607274
1149 1.81764087843226
1150 1.81764303452872
1151 1.8176450715597
1152 1.81764697842109
1153 1.81764874571192
1154 1.81765036572431
1155 1.81765183241956
1156 1.81765314139116
1157 1.81765428981582
1158 1.81765527639358
1159 1.81765610127801
1160 1.81765676599777
1161 1.81765727337048
1162 1.81765762741022
1163 1.81765783322961
1164 1.81765789693779
1165 1.81765782553524
1166 1.81765762680655
1167 1.81765730921222
1168 1.81765688178037
1169 1.81765635399938
1170 1.81765573571229
1171 1.81765503701377
1172 1.81765426815037
1173 1.81765343942485
1174 1.81765256110502
1175 1.81765164333778
1176 1.81765069606872
1177 1.81764972896777
1178 1.81764875136104
1179 1.81764777216937
1180 1.81764679985349
1181 1.81764584236609
1182 1.81764490711075
1183 1.81764400090776
1184 1.81764312996677
1185 1.81764229986605
1186 1.81764151553835
1187 1.81764078126292
1188 1.81764010066361
1189 1.81763947671273
1190 1.81763891174012
1191 1.81763840744742
1192 1.8176379649268
1193 1.81763758468403
1194 1.81763726666524
1195 1.81763701028714
1196 1.81763681447009
1197 1.8176366776737
1198 1.81763659793448
1199 1.81763657290508
1200 1.81763659989477
