1 2
2 2
3 2
4 2
5 2
6 2
7 2
8 2
9 2
10 2
11 2
12 2
13 2
14 2
15 2
16 2
17 2
18 2
19 2
20 2
21 2
22 2
23 2
24 2
25 2
26 2
27 2
28 2
29 2
30 2.17942857142857
31 2.19428571428571
32 2.21714285714286
33 2.24
34 2.26285714285714
35 2.28571428571429
36 2.30857142857143
37 2.33142857142857
38 2.35428571428571
39 2.37714285714286
40 2.39949858501159
41 2.42095154048867
42 2.44154457509792
43 2.46126803007745
44 2.48010956130096
45 2.498054066914
46 2.51508456548395
47 2.53118286688825
48 2.54633008239975
49 2.56050701012709
50 2.5736958251544
51 2.58588242101998
52 2.59705687007397
53 2.6072129234763
54 2.616347774435
55 2.62446186131306
56 2.63155870758523
57 2.63764478838883
58 2.64272941631647
59 2.6468246411095
60 2.64994515547911
61 2.65210819553358
62 2.653333429795
63 2.65364283883287
64 2.65306058850855
65 2.65161289851101
66 2.64932790745625
67 2.64623553549292
68 2.64236734512419
69 2.63775640079317
70 2.63243712767477
71 2.62644517007814
72 2.61981724987508
73 2.61259102538613
74 2.60480495115704
75 2.59649813904803
76 2.58771022104222
77 2.57848121416074
78 2.56885138785198
79 2.55886113420145
80 2.54855084128832
81 2.53796076999453
82 2.52713093455233
83 2.51610098709617
84 2.50491010646503
85 2.49359689148089
86 2.48219925890903
87 2.47075434628559
88 2.45929841977743
89 2.4478667872195
90 2.43649371645468
91 2.42521235908133
92 2.41405467969432
93 2.40305139068609
94 2.39223189265515
95 2.38162422045128
96 2.37125499486836
97 2.36114937997816
98 2.35133104608146
99 2.34182213823627
100 2.33264325030677
101 2.3238134044616
102 2.31535003603496
103 2.30726898365045
104 2.29958448449373
105 2.29230917460775
106 2.28545409407245
107 2.27902869691932
108 2.27304086562127
109 2.26749692998824
110 2.26240169029049
111 2.25775844442323
112 2.25356901891903
113 2.24983380360811
114 2.24655178972077
115 2.24372061122137
116 2.24133658915935
117 2.23939477881899
118 2.23788901944751
119 2.23681198633898
120 2.23615524505039
121 2.23590930752598
122 2.23606368990616
123 2.23660697179816
124 2.23752685678752
125 2.23881023397139
126 2.2404432402978
127 2.24241132349831
128 2.24469930540551
129 2.24729144545135
130 2.25017150414739
131 2.25332280635337
132 2.25672830414672
133 2.26037063911161
134 2.2642322038733
135 2.2682952027102
136 2.27254171108379
137 2.27695373393403
138 2.28151326259588
139 2.28620233020075
140 2.29100306543506
141 2.29589774453644
142 2.30086884141706
143 2.30589907581199
144 2.31097145935962
145 2.31606933952977
146 2.32117644132418
147 2.32627690668286
148 2.33135533153873
149 2.33639680047138
150 2.34138691892008
151 2.34631184292405
152 2.35115830636691
153 2.35591364571026
154 2.36056582220952
155 2.36510344161295
156 2.36951577135252
157 2.37379275524273
158 2.37792502571056
159 2.38190391358676
160 2.38572145549515
161 2.38937039888324
162 2.39284420474307
163 2.39613704807736
164 2.39924381617099
165 2.40216010473331
166 2.40488221198112
167 2.40740713073696
168 2.40973253862081
169 2.41185678641767
170 2.41377888470613
171 2.41549848883666
172 2.41701588235034
173 2.41833195893164
174 2.4194482029903
175 2.42036666896921
176 2.42108995947635
177 2.42162120233981
178 2.42196402668538
179 2.42212253813663
180 2.42210129323721
181 2.42190527319475
182 2.42153985704534
183 2.42101079433613
184 2.42032417742304
185 2.41948641347849
186 2.41850419630276
187 2.41738447803043
188 2.41613444082127
189 2.41476146862249
190 2.41327311908662
191 2.41167709572672
192 2.40998122038736
193 2.40819340610697
194 2.40632163044368
195 2.40437390933363
196 2.40235827154689
197 2.40028273380279
198 2.39815527660273
199 2.39598382083459
200 2.39377620519913
201 2.39154016450497
202 2.38928330887461
203 2.38701310390025
204 2.38473685178385
205 2.38246167349244
206 2.38019449195512
207 2.3779420163249
208 2.37571072732413
209 2.37350686368877
210 2.37133640972289
211 2.36920508397091
212 2.3671183290119
213 2.36508130237612
214 2.3630988685811
215 2.36117559228091
216 2.35931573251901
217 2.35752323807226
218 2.35580174387021
219 2.35415456847152
220 2.35258471257597
221 2.35109485854858
222 2.34968737092944
223 2.34836429790073
224 2.34712737368042
225 2.3459780218098
226 2.34491735930047
227 2.34394620160461
228 2.34306506837069
229 2.34227418994581
230 2.34157351458408
231 2.34096271631996
232 2.34044120346409
233 2.34000812767888
234 2.33966239358996
235 2.33940266888983
236 2.33922739488897
237 2.33913479747031
238 2.33912289840228
239 2.33918952696623
240 2.33933233185396
241 2.33954879329177
242 2.33983623534762
243 2.34019183837895
244 2.3406126515791
245 2.3410956055815
246 2.3416375250813
247 2.34223514143564
248 2.34288510520441
249 2.34358399859504
250 2.34432834777563
251 2.34511463502276
252 2.34593931067098
253 2.34679880483325
254 2.34768953886251
255 2.34860793652663
256 2.34955043487029
257 2.35051349473923
258 2.35149361094398
259 2.35248732204175
260 2.35349121971721
261 2.35450195774426
262 2.35551626051305
263 2.35653093110795
264 2.35754285892419
265 2.35854902681237
266 2.35954651774203
267 2.36053252097707
268 2.36150433775741
269 2.36245938648311
270 2.36339520739875
271 2.36430946677728
272 2.3651999606044
273 2.36606461776581
274 2.36690150274113
275 2.36770881780989
276 2.368484904776
277 2.36922824621882
278 2.36993746627977
279 2.37061133099491
280 2.37124874818472
281 2.37184876691384
282 2.37241057653378
283 2.37293350532323
284 2.37341701874107
285 2.37386071730791
286 2.37426433413286
287 2.37462773210286
288 2.37495090075221
289 2.37523395283084
290 2.37547712058982
291 2.37568075180334
292 2.37584530554652
293 2.37597134774853
294 2.37605954654083
295 2.37611066742037
296 2.37612556824752
297 2.37610519409857
298 2.37605057199251
299 2.37596280551167
300 2.37584306933544
301 2.37569260370636
302 2.37551270884714
303 2.37530473934707
304 2.37507009853592
305 2.37481023286268
306 2.37452662629636
307 2.37422079476522
308 2.37389428065045
309 2.3735486473496
310 2.37318547392452
311 2.37280634984776
312 2.37241286986085
313 2.37200662895715
314 2.3715892175011
315 2.37116221649512
316 2.37072719300455
317 2.37028569575036
318 2.36983925087836
319 2.36938935791321
320 2.36893748590432
321 2.36848506977041
322 2.36803350684822
323 2.36758415365054
324 2.36713832283756
325 2.36669728040521
326 2.36626224309277
327 2.36583437601213
328 2.36541479049945
329 2.36500454219004
330 2.36460462931601
331 2.36421599122593
332 2.36383950712491
333 2.36347599503287
334 2.36312621095837
335 2.36279084828437
336 2.36247053736231
337 2.36216584530981
338 2.36187727600714
339 2.36160527028704
340 2.36135020631198
341 2.36111240013265
342 2.3608921064209
343 2.36068951937026
344 2.3605047737566
345 2.36033794615134
346 2.36018905627934
347 2.36005806851341
348 2.35994489349697
349 2.35984938988665
350 2.35977136620599
351 2.35971058280165
352 2.35966675389338
353 2.3596395497088
354 2.35962859869433
355 2.35963348979319
356 2.3596537747819
357 2.35968897065643
358 2.35973856205937
359 2.35980200373955
360 2.35987872303575
361 2.3599681223763
362 2.36006958178632
363 2.36018246139494
364 2.36030610393474
365 2.3604398372259
366 2.3605829766381
367 2.36073482752304
368 2.36089468761107
369 2.36106184936562
370 2.36123560228922
371 2.36141523517557
372 2.36160003830222
373 2.36178930555863
374 2.36198233650509
375 2.36217843835797
376 2.36237692789729
377 2.36257713329284
378 2.36277839584565
379 2.3629800716416
380 2.36318153311471
381 2.36338217051768
382 2.36358139329775
383 2.36377863137632
384 2.36397333633097
385 2.364164982479
386 2.36435306786184
387 2.36453711513002
388 2.36471667232883
389 2.36489131358473
390 2.36506063969345
391 2.36522427861045
392 2.36538188584494
393 2.36553314475895
394 2.36567776677316
395 2.3658154914813
396 2.36594608667534
397 2.36606934828385
398 2.36618510022605
399 2.36629319418433
400 2.11629319418433
401 2.08667135095431
402 2.04104156793115
403 1.99540380404992
404 1.94975804375604
405 1.90410429635512
406 1.85844259530457
407 1.81277299745086
408 1.76709558221608
409 1.72141045073789
410 1.6764166328695
411 1.63269887647229
412 1.59025438890606
413 1.5491564607
414 1.50947399849596
415 1.47127372495857
416 1.43462002818072
417 1.39957487524463
418 1.36619777423387
419 1.33454577253861
420 1.30467152895002
421 1.27662032317399
422 1.25042948234884
423 1.22612904183227
424 1.20374205153895
425 1.2
426 1.2
427 1.2
428 1.2
429 1.2
430 1.2
431 1.2
432 1.2
433 1.2
434 1.2
435 1.2
436 1.2
437 1.2014436381776
438 1.20426103326448
439 1.20836081873005
440 1.21366143295723
441 1.22008946050165
442 1.22757831512171
443 1.23606719024896
444 1.24550021893946
445 1.25582579810227
446 1.26699604173943
447 1.27896230141459
448 1.29167210109526
449 1.30507032899675
450 1.31910005769449
451 1.33370318103251
452 1.34882091355679
453 1.36439418355718
454 1.38036394350469
455 1.39667141610388
456 1.41325828993432
457 1.43006688668937
458 1.44704032391093
459 1.464122677768
460 1.48125914077505
461 1.4983961719335
462 1.51548163780569
463 1.53246494373937
464 1.54929715494022
465 1.5659311074077
466 1.58232150895377
467 1.59842503061912
468 1.61420038877619
469 1.6296084181301
470 1.6446121357752
471 1.65917679644594
472 1.67326993909849
473 1.68686142496828
474 1.69992346726158
475 1.71243065265553
476 1.72435995479666
477 1.73569074000302
478 1.74640476538932
479 1.75648616964771
480 1.76592145672904
481 1.77469947268205
482 1.78281137591897
483 1.79025060118694
484 1.79701281753481
485 1.80309588057383
486 1.80849977933905
487 1.81322657806575
488 1.81728035320092
489 1.82066712597567
490 1.82339479086815
491 1.82547304028991
492 1.82691328583067
493 1.82772857639762
494 1.82793351358537
495 1.82754416461173
496 1.82657797315275
497 1.82505366840748
498 1.82299117271922
499 1.82041150807554
500 1.81733670180355
501 1.81378969177123
502 1.80979423139783
503 1.80537479476941
504 1.80055648214638
505 1.79536492614147
506 1.78982619883648
507 1.78396672009595
508 1.77781316732553
509 1.77139238691098
510 1.76473130756288
511 1.75785685577944
512 1.75079587362811
513 1.74357503903357
514 1.7362207887474
515 1.72875924416134
516 1.72121614011306
517 1.7136167568203
518 1.70598585506567
519 1.69834761474137
520 1.69072557684964
521 1.68314258904181
522 1.67562075476541
523 1.66818138607622
524 1.66084496015911
525 1.65363107958913
526 1.64655843635206
527 1.6396447796314
528 1.63290688735736
529 1.62636054150182
530 1.62002050709236
531 1.61390051490767
532 1.6080132478067
533 1.60237033063376
534 1.59698232363275
535 1.59185871929458
536 1.58700794255365
537 1.58243735424099
538 1.57815325769465
539 1.57416090842059
540 1.57046452669137
541 1.56706731296349
542 1.56397146598945
543 1.56117820349533
544 1.55868778529056
545 1.55649953867282
546 1.55461188598756
547 1.55302237419906
548 1.55172770632771
549 1.55072377460621
550 1.55000569520665
551 1.5495678443891
552 1.54940389592259
553 1.54950685962919
554 1.54986912090282
555 1.55048248105524
556 1.55133819834344
557 1.55242702953426
558 1.55373927186478
559 1.5552648052592
560 1.55699313466627
561 1.55891343238475
562 1.56101458024758
563 1.56328521154007
564 1.56571375253105
565 1.56828846350071
566 1.57099747915363
567 1.57382884831022
568 1.57677057277498
569 1.5798106452855
570 1.58293708645121
571 1.58613798059667
572 1.58940151042994
573 1.59271599046204
574 1.5960698991098
575 1.59945190941965
576 1.60285091835659
577 1.60625607460775
578 1.60965680485638
579 1.6130428384878
580 1.61640423069464
581 1.6197313839546
582 1.62301506785962
583 1.62624643728084
584 1.62941704885959
585 1.63251887581954
586 1.63554432110081
587 1.63848622882184
588 1.6413378940796
589 1.6440930711037
590 1.64674597978455
591 1.64929131060004
592 1.65172422796947
593 1.65404037206752
594 1.6562358591349
595 1.65830728032566
596 1.66025169913499
597 1.66206664745384
598 1.66375012030034
599 1.66530056928
600 1.66671689482961
601 1.66799843730182
602 1.66914496694921
603 1.67015667286871
604 1.67103415096846
605 1.67177839102071
606 1.67239076286533
607 1.67287300182912
608 1.67322719342727
609 1.67345575741299
610 1.67356143124214
611 1.67354725301927
612 1.67341654399134
613 1.67317289065508
614 1.67282012654315
615 1.67236231375364
616 1.67180372428616
617 1.67114882124715
618 1.67040223998513
619 1.66956876921563
620 1.66865333219369
621 1.66766096799019
622 1.66659681292629
623 1.6654660822186
624 1.66427405188514
625 1.66302604096045
626 1.66172739406561
627 1.66038346437685
628 1.65899959703379
629 1.65758111302595
630 1.6561332935939
631 1.65466136517835
632 1.65317048494842
633 1.65166572693737
634 1.65015206881153
635 1.64863437929554
636 1.64711740627452
637 1.64560576559074
638 1.64410393055028
639 1.64261622215222
640 1.64114680005044
641 1.63969965425564
642 1.63827859758272
643 1.63688725884613
644 1.63552907680366
645 1.6342072948465
646 1.63292495643167
647 1.63168490125016
648 1.63048976212261
649 1.62934196261203
650 1.62824371534119
651 1.62719702100066
652 1.62620366803154
653 1.62526523296547
654 1.62438308140287
655 1.62355836960896
656 1.62279204670581
657 1.62208485743738
658 1.62143734548353
659 1.6208498572977
660 1.62032254644235
661 1.61985537839524
662 1.61944813579898
663 1.61910042412571
664 1.61881167772822
665 1.6185811662485
666 1.6184080013543
667 1.61829114377413
668 1.6182294106012
669 1.61822148283638
670 1.61826591314079
671 1.61836113376852
672 1.61850546465032
673 1.61869712159943
674 1.6189342246111
675 1.61921480622801
676 1.619536819944
677 1.61989814861962
678 1.62029661288328
679 1.62072997949286
680 1.62119596963317
681 1.62169226712577
682 1.62221652652847
683 1.62276638110265
684 1.62333945062783
685 1.62393334904361
686 1.62454569190059
687 1.62517410360246
688 1.625816224423
689 1.62646971728277
690 1.62713227427107
691 1.6278016229006
692 1.62847553208264
693 1.62915181781243
694 1.6298283485551
695 1.63050305032404
696 1.63117391144442
697 1.63183898699616
698 1.63249640293125
699 1.63314435986205
700 1.63378113651771
701 1.63440509286743
702 1.63501467291004
703 1.63560840713051
704 1.63618491462497
705 1.6367429048969
706 1.6372811793279
707 1.63779863232744
708 1.63829425216703
709 1.63876712150456
710 1.6392164176061
711 1.63964141227236
712 1.6400414714784
713 1.64041605473535
714 1.64076471418385
715 1.64108709342917
716 1.64138292612868
717 1.64165203434288
718 1.64189432666127
719 1.64210979611518
720 1.64229851788956
721 1.64246064684639
722 1.64259641487228
723 1.64270612806336
724 1.64279016376021
725 1.64284896744643
726 1.64288304952356
727 1.64289298197603
728 1.64287939493902
729 1.64284297318255
730 1.64278445252477
731 1.64270461618736
732 1.64260429110574
733 1.64248434420663
734 1.64234567866525
735 1.64218923015404
736 1.64201596309476
737 1.64182686692517
738 1.64162295239143
739 1.64140524787678
740 1.64117479577669
741 1.64093264893038
742 1.64067986711803
743 1.64041751363253
744 1.64014665193429
745 1.63986834239704
746 1.63958363915206
747 1.63929358703775
748 1.63899921866107
749 1.63870155157674
750 1.63840158558952
751 1.63810030018457
752 1.63779865209016
753 1.63749757297656
754 1.63719796729445
755 1.63690071025564
756 1.63660664595835
757 1.63631658565879
758 1.6360313061905
759 1.6357515485319
760 1.63547801652282
761 1.63521137572941
762 1.63495225245717
763 1.63470123291089
764 1.63445886250015
765 1.63422564528841
766 1.63400204358355
767 1.6337884776672
768 1.63358532565988
769 1.63339292351867
770 1.63321156516377
771 1.63304150273008
772 1.63288294693954
773 1.63273606758987
774 1.632600994155
775 1.63247781649225
776 1.63236658565126
777 1.63226731477941
778 1.63217998011821
779 1.63210452208532
780 1.63204084643635
781 1.63198882550083
782 1.6319482994866
783 1.63191907784653
784 1.63190094070196
785 1.63189364031679
786 1.63189690261637
787 1.63191042874538
788 1.63193389665876
789 1.63196696274003
790 1.63200926344125
791 1.63206041693907
792 1.63212002480126
793 1.63218767365849
794 1.63226293687597
795 1.63234537621994
796 1.63243454351402
797 1.63252998228063
798 1.6326312293629
799 1.63273781652262
800 1.72256355772429
801 1.73010797924415
802 1.7416563211717
803 1.75320811030022
804 1.76476287583141
805 1.77632015074814
806 1.78787947313809
807 1.79944038746567
808 1.8110024457895
809 1.82256520892361
810 1.8338775400457
811 1.84473834202631
812 1.85516863408017
813 1.86516319307723
814 1.87471546685645
815 1.88381753883202
816 1.89246056779085
817 1.90063512399295
818 1.90833144480424
819 1.91553962794048
820 1.92225047699487
821 1.92845667256942
822 1.93415300278083
823 1.93933611352216
824 1.94400439028138
825 1.94815785983206
826 1.95179811028798
827 1.95492822439538
828 1.95755272238818
829 1.95967751173742
830 1.96130983991009
831 1.9624582443787
832 1.96313249687515
833 1.96334354290488
834 1.9631034380205
835 1.96242528169734
836 1.96132314944975
837 1.95981202366153
838 1.9579077234883
839 1.9556268341079
840 1.95298663554281
841 1.9500050312593
842 1.9467004767537
843 1.94309190834407
844 1.93919867238652
845 1.93504045512977
846 1.93063721341386
847 1.92600910640935
848 1.92117642858319
849 1.91615954406714
850 1.91097882259414
851 1.90565457715799
852 1.90020700354171
853 1.89465612184976
854 1.88902172016938
855 1.88332330047614
856 1.87758002688851
857 1.87181067636623
858 1.86603359193694
859 1.86026663852536
860 1.85452716144936
861 1.84883194763717
862 1.84319718961001
863 1.837638452265
864 1.83217064248336
865 1.82680798157966
866 1.8215639805989
867 1.81645141845888
868 1.81148232292719
869 1.80666795441333
870 1.80201879254868
871 1.79754452551902
872 1.79325404210704
873 1.78915542639505
874 1.78525595507142
875 1.7815620972776
876 1.77807951692699
877 1.77481307742078
878 1.77176684868093
879 1.76894411641531
880 1.76634739352584
881 1.76397843356595
882 1.7618382461504
883 1.7599271142168
884 1.75824461303558
885 1.75678963086245
886 1.7555603911253
887 1.75455447603583
888 1.75376885151478
889 1.75319989331861
890 1.7528434142551
891 1.75269469237468
892 1.75274850002488
893 1.75299913365541
894 1.75344044426233
895 1.75406586836061
896 1.75486845937634
897 1.75584091935081
898 1.75697563085131
899 1.75826468898535
900 1.75969993341778
901 1.76127298029266
902 1.76297525396526
903 1.7647980184521
904 1.76673240851092
905 1.76876946026549
906 1.77090014129429
907 1.77311538010573
908 1.77540609492662
909 1.77776322173464
910 1.78017774146997
911 1.78264070636528
912 1.78514326533765
913 1.78767668839079
914 1.79023238997961
915 1.79280195129462
916 1.79537714142714
917 1.79794993738168
918 1.80051254290547
919 1.80305740611029
920 1.80557723586556
921 1.80806501694636
922 1.81051402392393
923 1.8129178337909
924 1.81527033731698
925 1.81756574913533
926 1.81979861656339
927 1.82196382716594
928 1.82405661507155
929 1.82607256605729
930 1.82800762141985
931 1.82985808065443
932 1.83162060296579
933 1.83329220763878
934 1.8348702732985
935 1.8363525360926
936 1.8377370868308
937 1.83902236711896
938 1.84020716452687
939 1.84129060683107
940 1.84227215537558
941 1.84315159759488
942 1.84392903874494
943 1.84460489288929
944 1.84517987318793
945 1.8456549815379
946 1.84603149761491
947 1.84631096736582
948 1.84649519100222
949 1.84658621054545
950 1.84658629697328
951 1.84649793701859
952 1.84632381966976
953 1.84606682242224
954 1.84572999733016
955 1.84531655690594
956 1.8448298599153
957 1.84427339711383
958 1.84365077697036
959 1.84296571142105
960 1.84222200169698
961 1.84142352426649
962 1.84057421693204
963 1.83967806511997
964 1.83873908839966
965 1.83776132726704
966 1.83674883022567
967 1.83570564119667
968 1.83463578728694
969 1.83354326694338
970 1.83243203851855
971 1.83130600927171
972 1.83016902482669
973 1.82902485910647
974 1.82787720476218
975 1.82672966411213
976 1.82558574060476
977 1.82444883081714
978 1.82332221699892
979 1.82220906016951
980 1.82111239377454
981 1.82003511790563
982 1.81897999408568
983 1.81794964062033
984 1.81694652851408
985 1.81597297794823
986 1.81503115531609
987 1.81412307080912
988 1.81325057654646
989 1.8124153652386
990 1.81161896937473
991 1.81086276092191
992 1.81014795152295
993 1.80947559317882
994 1.80884657940015
995 1.80826164681166
996 1.80772137719198
997 1.8072261999309
998 1.8067763948851
999 1.80637209561265
1000 1.80601329296616
1001 1.80569983902363
1002 1.80543145133598
1003 1.80520771746936
1004 1.8050280998205
1005 1.80489194068281
1006 1.80479846754097
1007 1.80474679857148
1008 1.80473594832681
1009 1.80476483358075
1010 1.80483227931266
1011 1.80493702480855
1012 1.80507772985716
1013 1.80525298101949
1014 1.80546129795061
1015 1.80570113975308
1016 1.80597091134152
1017 1.80626896979885
1018 1.80659363070467
1019 1.80694317441756
1020 1.80731585229302
1021 1.80770989282012
1022 1.80812350766012
1023 1.80855489757131
1024 1.80900225820522
1025 1.80946378575987
1026 1.80993768247667
1027 1.81042216196866
1028 1.81091545436813
1029 1.81141581128303
1030 1.81192151055226
1031 1.81243086079063
1032 1.81294220571559
1033 1.81345392824829
1034 1.81396445438269
1035 1.81447225681726
1036 1.81497585834464
1037 1.81547383499545
1038 1.81596481893356
1039 1.81644750110052
1040 1.81692063360814
1041 1.8173830318787
1042 1.81783357653314
1043 1.81827121502841
1044 1.81869496304578
1045 1.81910390563276
1046 1.81949719810173
1047 1.81987406668937
1048 1.8202338089813
1049 1.82057579410708
1050 1.82089946271128
1051 1.82120432670674
1052 1.82148996881692
1053 1.82175604191431
1054 1.82200226816255
1055 1.82222843797039
1056 1.82243440876562
1057 1.82262010359777
1058 1.82278550957854
1059 1.82293067616906
1060 1.82305571332356
1061 1.82316078949887
1062 1.82324612953963
1063 1.82331201244909
1064 1.82335876905527
1065 1.82338677958267
1066 1.82339647113945
1067 1.82338831513004
1068 1.82336282460316
1069 1.82332055154514
1070 1.82326208412827
1071 1.82318804392384
1072 1.82309908308934
1073 1.82299588153913
1074 1.82287914410766
1075 1.82274959771414
1076 1.82260798853729
1077 1.82245507920846
1078 1.8222916460313
1079 1.82211847623564
1080 1.82193636527309
1081 1.82174611416157
1082 1.82154852688532
1083 1.82134440785708
1084 1.82113455944826
1085 1.82091977959301
1086 1.82070085947126
1087 1.82047858127587
1088 1.82025371606824
1089 1.82002702172661
1090 1.81979924099078
1091 1.8195710996065
1092 1.81934330457263
1093 1.81911654249341
1094 1.81889147803825
1095 1.81866875251055
1096 1.81844898252714
1097 1.81823275880924
1098 1.81802064508562
1099 1.81781317710823
1100 1.81761086178027
1101 1.81741417639625
1102 1.81722356799327
1103 1.81703945281257
1104 1.81686221586986
1105 1.81669221063283
1106 1.81652975880388
1107 1.81637515020587
1108 1.8162286427684
1109 1.81609046261191
1110 1.8159608042267
1111 1.81583983074373
1112 1.81572767429373
1113 1.81562443645139
1114 1.81553018876061
1115 1.81544497333723
1116 1.81536880354519
1117 1.81530166474208
1118 1.81524351508978
1119 1.81519428642618
1120 1.81515388519337
1121 1.81512219341808
1122 1.81509906973999
1123 1.81508435048327
1124 1.81507785076703
1125 1.81507936565029
1126 1.81508867130678
1127 1.81510552622544
1128 1.81512967243209
1129 1.81516083672797
1130 1.81519873194093
1131 1.81524305818516
1132 1.81529350412523
1133 1.8153497482406
1134 1.81541146008667
1135 1.81547830154858
1136 1.81554992808417
1137 1.8156259899526
1138 1.81570613342522
1139 1.81579000197557
1140 1.8158772374453
1141 1.81596748118325
1142 1.81606037515486
1143 1.81615556301937
1144 1.81625269117236
1145 1.81635140975143
1146 1.81645137360293
1147 1.81655224320788
1148 1.81665368556533
1149 1.81675537503164
1150 1.81685699411435
1151 1.81695823421942
1152 1.81705879635081
1153 1.81715839176164
1154 1.81725674255621
1155 1.81735358224239
1156 1.81744865623405
1157 1.81754172230339
1158 1.81763255098311
1159 1.81772092591862
1160 1.81780664417051
1161 1.81788951646777
1162 1.81796936741234
1163 1.81804603563566
1164 1.81811937390801
1165 1.8181892492018
1166 1.81825554270954
1167 1.81831814981804
1168 1.81837698003983
1169 1.81843195690336
1170 1.81848301780329
1171 1.81853011381262
1172 1.81857320945807
1173 1.81861228246049
1174 1.81864732344215
1175 1.81867833560247
1176 1.81870533436433
1177 1.81872834699259
1178 1.81874741218692
1179 1.81876257965078
1180 1.81877390963864
1181 1.81878147248323
1182 1.81878534810505
1183 1.81878562550587
1184 1.81878240224844
1185 1.81877578392421
1186 1.81876588361108
1187 1.81875282132314
1188 1.81873672345422
1189 1.81871772221717
1190 1.81869595508072
1191 1.81867156420569
1192 1.81864469588222
1193 1.81861549996983
1194 1.81858412934189
1195 1.818550739336
1196 1.81851548721201
1197 1.81847853161881
1198 1.81844003207164
1199 1.8184001484409
1200 1.81835904045394
