1 2
2 2
3 2
4 2
5 2
6 2
7 2
8 2
9 2
10 2
11 2
12 2
13 2
14 2
15 2
16 2
17 2
18 2
19 2
20 2
21 2
22 2
23 2
24 2
25 2
26 2
27 2
28 2
29 2
30 2.25
31 2.17666666666667
32 2.21333333333333
33 2.25
34 2.28666666666667
35 2.32333333333333
36 2.36
37 2.39666666666667
38 2.43333333333333
39 2.47
40 2.50531038729167
41 2.53908684321458
42 2.57195110833948
43 2.60353785511208
44 2.63372089793884
45 2.66238205845173
46 2.68941036888544
47 2.7147014039046
48 2.73815671481892
49 2.75968334577112
50 2.77920077386186
51 2.79664463059188
52 2.8
53 2.8
54 2.8
55 2.8
56 2.8
57 2.8
58 2.8
59 2.79970202788394
60 2.79719504048609
61 2.79251427103154
62 2.7857692381804
63 2.7771124924136
64 2.76666488021692
65 2.75453010284896
66 2.74080323940327
67 2.72557195274528
68 2.70891746313814
69 2.69091695576683
70 2.67165528142847
71 2.65122892118727
72 2.62974064174361
73 2.60729793348865
74 2.58401180820326
75 2.55999598346797
76 2.53536617993665
77 2.51023951239775
78 2.48473396967079
79 2.45896795914957
80 2.4330598401362
81 2.40712739645959
82 2.38128729368177
83 2.35565455285985
84 2.33034203955031
85 2.30545997102761
86 2.28111544351862
87 2.25741198112339
88 2.23444910752922
89 2.21232194121416
90 2.19112081492215
91 2.1709309206938
92 2.15183198193032
93 2.13389795374036
94 2.11719675261097
95 2.10179001629882
96 2.08773289468072
97 2.07507387214728
98 2.06385462197079
99 2.05410989293179
100 2.04586742834708
101 2.03914791750104
102 2.03396497933957
103 2.03032517814403
104 2.02822807076255
105 2.02766628483974
106 2.02862562735303
107 2.03108522263537
108 2.03501767894097
109 2.04038928249308
110 2.04716021784094
111 2.05528481324799
112 2.0647118097351
113 2.07538465231114
114 2.08724180183979
115 2.10021706591577
116 2.11423994705568
117 2.12923600644979
118 2.14512724146998
119 2.16183247508696
120 2.17926775531668
121 2.197346762791
122 2.21598122453216
123 2.23508133200351
124 2.25455616151074
125 2.27431409503832
126 2.29426323962484
127 2.31431184340784
128 2.33436870650454
129 2.35434358493764
130 2.37414758586626
131 2.39369355244036
132 2.41289643666142
133 2.43167365870426
134 2.44994545123213
135 2.46763518732079
136 2.48466969069622
137 2.50097952708379
138 2.51649927556515
139 2.53116777894079
140 2.54492837220136
141 2.55772908831932
142 2.56952284068271
143 2.58026758160545
144 2.58992643646214
145 2.59846781310976
146 2.60586548637369
147 2.6120986574896
148 2.61715198850688
149 2.62101561177153
150 2.6236851147172
151 2.62516150030169
152 2.62545112353188
153 2.62456560462267
154 2.62252171943493
155 2.61934126793204
156 2.61505092148595
157 2.60968204994909
158 2.60327052948998
159 2.59585653226571
160 2.58748429907434
161 2.57820189619464
162 2.5680609576782
163 2.55711641441068
164 2.54542621130428
165 2.53305101402162
166 2.52005390666347
167 2.50650008187747
168 2.49245652486338
169 2.47799169276162
170 2.46317519091653
171 2.44807744750357
172 2.43276938800076
173 2.41732211096931
174 2.40180656658647
175 2.38629323934571
176 2.37085183630498
177 2.35555098222403
178 2.340457922886
179 2.32563823784787
180 2.31115556380812
181 2.29707132971951
182 2.28344450470973
183 2.27033135980355
184 2.25778524436718
185 2.24585637811951
186 2.23459165947545
187 2.22403449090523
188 2.21422462190921
189 2.2051980101223
190 2.19698670097486
191 2.18961872624898
192 2.18311802178038
193 2.17750436446735
194 2.17279332865966
195 2.1689962619125
196 2.16612028000348
197 2.16416828102545
198 2.163138978284
199 2.16302695164707
200 2.1638227169149
201 2.16551281270232
202 2.16807990425221
203 2.17150290352901
204 2.17575710487534
205 2.18081433545246
206 2.18664311962734
207 2.19320885641562
208 2.20047400904071
209 2.20839830562501
210 2.21693894999
211 2.22605084150753
212 2.23568680291564
213 2.24579781498807
214 2.25633325692806
215 2.26724115134364
216 2.27846841265316
217 2.2899610977674
218 2.30166465789652
219 2.3135241903378
220 2.32548468911256
221 2.33749129333833
222 2.34948953224431
223 2.36142556576556
224 2.37324641968247
225 2.38490021430799
226 2.396336385765
227 2.40750589893981
228 2.41836145124527
229 2.4288576663776
230 2.43895127730507
231 2.44860129778312
232 2.45776918175004
233 2.46641897001859
234 2.47451742374263
235 2.48203414420271
236 2.48894167852128
237 2.49521561098546
238 2.50083463972366
239 2.50578063855077
240 2.51003870386558
241 2.51359718655217
242 2.51644770890542
243 2.51858516666737
244 2.5200077163276
245 2.52071674790505
246 2.52071684349171
247 2.52001572189969
248 2.51862416981153
249 2.51655595989051
250 2.51382775636072
251 2.51045900861797
252 2.50647183347996
253 2.50189088672869
254 2.49674322463919
255 2.49105815622586
256 2.48486708697188
257 2.47820335483658
258 2.47110205936217
259 2.46359988472306
260 2.4557349175791
261 2.44754646060803
262 2.43907484260245
263 2.43036122602217
264 2.42144741289476
265 2.41237564995481
266 2.40318843390588
267 2.39392831767944
268 2.38463771855042
269 2.37535872895201
270 2.36613293081048
271 2.35700121419626
272 2.34800360105957
273 2.33917907478737
274 2.33056541628444
275 2.32219904724437
276 2.31411488123664
277 2.30634618319403
278 2.29892443784051
279 2.29187922755362
280 2.28523812010768
281 2.27902656669474
282 2.27326781056989
283 2.26798280661568
284 2.26319015206851
285 2.25890602859668
286 2.25514415586694
287 2.25191575668313
288 2.24922953372765
289 2.24709165788383
290 2.2455057680658
291 2.24447298243118
292 2.24399192080223
293 2.24405873807279
294 2.24466716833105
295 2.24580857938327
296 2.24747203732002
297 2.24964438072552
298 2.2523103040913
299 2.25545244995921
300 2.2590515092845
301 2.2630863294783
302 2.26753402956024
303 2.27237012182629
304 2.27756863941385
305 2.28310226912659
306 2.28894248886467
307 2.29505970899253
308 2.30142341696579
309 2.30800232453192
310 2.31476451681472
311 2.32167760259224
312 2.32870886507947
313 2.33582541253264
314 2.34299432800006
315 2.35018281755578
316 2.35735835636615
317 2.36448883195639
318 2.37154268406372
319 2.37848904048553
320 2.38529784835561
321 2.39194000030809
322 2.39838745501769
323 2.40461335163579
324 2.4105921176742
325 2.41629956992323
326 2.42171300802615
327 2.42681130036957
328 2.4315749619871
329 2.43598622421328
330 2.44002909586441
331 2.44368941576362
332 2.44695489646821
333 2.44981515909865
334 2.45226175920942
335 2.45428820368313
336 2.45588995866954
337 2.45706444863137
338 2.45781104659812
339 2.4581310557673
340 2.45802768263
341 2.45750600183404
342 2.45657291303234
343 2.45523708999805
344 2.45350892231906
345 2.45140045001502
346 2.44892529144766
347 2.44609856492157
348 2.44293680439646
349 2.43945786975398
350 2.43568085208163
351 2.43162597445387
352 2.42731448870529
353 2.42276856870369
354 2.41801120064066
355 2.4130660708655
356 2.40795745179324
357 2.40271008642067
358 2.39734907198455
359 2.39189974329435
360 2.38638755626746
361 2.38083797218812
362 2.3752763432025
363 2.36972779955113
364 2.36421713902662
365 2.35876871912938
366 2.35340635237668
367 2.34815320520126
368 2.34303170085489
369 2.33806342670976
370 2.33326904632634
371 2.32866821663122
372 2.32427951052149
373 2.3201203451844
374 2.31620691639247
375 2.31255413900404
376 2.30917559386941
377 2.3060834813113
378 2.30328858131717
379 2.30080022054938
380 2.29862624624702
381 2.29677300706192
382 2.29524534083927
383 2.29404656932229
384 2.29317849972931
385 2.29264143312138
386 2.29243417944877
387 2.29255407913608
388 2.29299703103779
389 2.29375752656907
390 2.29482868979133
391 2.29620232320749
392 2.29786895899878
393 2.29981791541384
394 2.30203735800015
395 2.30451436535023
396 2.3072349990176
397 2.31018437724308
398 2.31334675211833
399 2.31670558980261
400 2.06670558980261
401 2.217071691157
402 2.14758077784459
403 2.078214021592
404 2.00895224106103
405 1.93977599191152
406 1.87066565706591
407 1.80160153676729
408 1.73256393802857
409 1.66353326307716
410 1.59586557019445
411 1.52932966601134
412 1.46330589698895
413 1.39861421536222
414 1.33558138245795
415 1.27450631035212
416 1.21566408135124
417 1.2
418 1.2
419 1.2
420 1.2
421 1.2
422 1.2
423 1.2
424 1.2
425 1.2
426 1.2
427 1.2
428 1.2
429 1.2
430 1.2
431 1.2
432 1.2
433 1.2
434 1.2
435 1.20077618437827
436 1.20369085673185
437 1.2086317256591
438 1.21549367999692
439 1.22417806514935
440 1.23459207711716
441 1.24664825027952
442 1.26026402017108
443 1.275361346548
444 1.29186638519568
445 1.30970498850482
446 1.32879327202702
447 1.34903688232118
448 1.37033551000936
449 1.39258407177725
450 1.41567370708684
451 1.43949262375579
452 1.46392681942291
453 1.48886070035219
454 1.51417761467862
455 1.53976033664163
456 1.56549157232234
457 1.59125450869985
458 1.61693336310047
459 1.64241391383399
460 1.66758401476685
461 1.69233409111112
462 1.71655761448836
463 1.74015155592469
464 1.76301681589429
465 1.7850586307616
466 1.80618695475142
467 1.82631681614793
468 1.845368646357
469 1.8632685806844
470 1.87994872984642
471 1.8953474213576
472 1.90940941008591
473 1.92208605741292
474 1.93333547858064
475 1.94312265794677
476 1.95141953200788
477 1.95820504018848
478 1.96346514353391
479 1.96719281158496
480 1.96938797784966
481 1.97005746442224
482 1.96921487643077
483 1.96688046712187
484 1.96308097451312
485 1.95784943066064
486 1.95122494470019
487 1.943252460925
488 1.93398249326128
489 1.92347083759362
490 1.91177826347559
491 1.89897018683677
492 1.88511632536512
493 1.87029033830297
494 1.85456945244589
495 1.83803407617628
496 1.8207674033972
497 1.80285500925688
498 1.78438443957071
499 1.76544479585517
500 1.74612631788668
501 1.72651996568893
502 1.70671700283384
503 1.68680858291507
504 1.66688534101824
505 1.64703699196989
506 1.62735193709725
507 1.60791688117372
508 1.58881646116103
509 1.57013288828837
510 1.55194560493215
511 1.53433095767761
512 1.51736188785548
513 1.50110764075462
514 1.4856334946143
515 1.47100051039882
516 1.45726530325308
517 1.44447983643023
518 1.43269123837302
519 1.42194164351891
520 1.41226805728629
521 1.40370224558528
522 1.39627064908279
523 1.38999432233764
524 1.38488889780859
525 1.38096457462606
526 1.37822613190866
527 1.37667296629713
528 1.37629915327346
529 1.37709353173052
530 1.3790398111589
531 1.38211670072296
532 1.38629805940745
533 1.39155306633048
534 1.39784641023767
535 1.40513849711685
536 1.41338567480286
537 1.42254047337774
538 1.43255186011393
539 1.44336550765599
540 1.45492407409138
541 1.46716749352184
542 1.48003327571507
543 1.49345681339074
544 1.50737169567667
545 1.52171002625895
546 1.53640274474476
547 1.55137994975855
548 1.56657122230032
549 1.58190594790968
550 1.59731363620064
551 1.61272423635943
552 1.62806844723117
553 1.64327802066052
554 1.65828605679627
555 1.67302729011995
556 1.68743836501387
557 1.70145809974374
558 1.71502773779551
559 1.72809118557436
560 1.74059523554584
561 1.7524897739748
562 1.76372797249592
563 1.77426646283085
564 1.78406549405014
565 1.7930890718631
566 1.80130507950523
567 1.80868537988015
568 1.81520589870114
569 1.82084668846527
570 1.82559197318147
571 1.82943017386091
572 1.83235391486464
573 1.83436001128839
574 1.83544943764769
575 1.83562727820771
576 1.83490265938093
577 1.83328866469171
578 1.83080223287994
579 1.82746403978523
580 1.82329836471926
581 1.81833294209578
582 1.81259879914573
583 1.8061300805985
584 1.79896386125911
585 1.79113994745579
586 1.78270066837147
587 1.77369065830729
588 1.76415663095567
589 1.75414714678446
590 1.74371237465279
591 1.73290384879303
592 1.72177422230157
593 1.7103770182845
594 1.69876637980231
595 1.6869968197507
596 1.67512297180241
597 1.663199343518
598 1.65128007271181
599 1.63941868813263
600 1.62766787548801
601 1.61607924980548
602 1.60470313508514
603 1.59358835215451
604 1.58278201559003
605 1.57232934051912
606 1.56227346006393
607 1.55265525413112
608 1.54351319019399
609 1.53488317665198
610 1.52679842928958
611 1.51928935129255
612 1.51238342721285
613 1.50610513120727
614 1.50047584980661
615 1.49551381940453
616 1.49123407858657
617 1.48764843535217
618 1.48476544921488
619 1.48259042809904
620 1.48112543988606
621 1.48036933839854
622 1.48031780354854
623 1.48096339531512
624 1.482295621158
625 1.48430101641805
626 1.48696323720177
627 1.4902631651963
628 1.49417902381405
629 1.49868650502129
630 1.50375890616454
631 1.50936727607069
632 1.51548056966325
633 1.52206581030704
634 1.5290882590673
635 1.5365115900473
636 1.54429807095005
637 1.5524087479956
638 1.56080363431537
639 1.56944190093876
640 1.57828206948546
641 1.58728220567857
642 1.5964001128
643 1.60559352421901
644 1.61482029413863
645 1.62403858572208
646 1.633207055782
647 1.64228503523971
648 1.6512327045896
649 1.66001126363407
650 1.66858309478876
651 1.67691191929369
652 1.68496294570581
653 1.69270301008909
654 1.7001007073628
655 1.70712651331363
656 1.71375289682487
657 1.71995442192491
658 1.72570783930693
659 1.73099216702328
660 1.73578876010957
661 1.74008136894611
662 1.74385618621705
663 1.74710188238013
664 1.74980962961292
665 1.75197311425324
666 1.75358853780316
667 1.75465460661665
668 1.7551725104403
669 1.75514589002518
670 1.75458079407418
671 1.75348562583458
672 1.75187107968873
673 1.7497500681366
674 1.74713763960314
675 1.7440508875398
676 1.74050885132355
677 1.73653240948817
678 1.73214416585123
679 1.72736832912592
680 1.72223058662994
681 1.71675797272318
682 1.71097873262316
683 1.70492218226053
684 1.69861856484783
685 1.69209890484187
686 1.68539485998467
687 1.67853857210883
688 1.67156251739148
689 1.66449935673591
690 1.65738178695192
691 1.65024239339526
692 1.64311350471257
693 1.63602705032175
694 1.62901442123879
695 1.62210633483988
696 1.61533270412421
697 1.60872251201574
698 1.60230369121437
699 1.59610301007595
700 1.59014596496857
701 1.58445667951839
702 1.5790578111229
703 1.5739704650727
704 1.56921411658494
705 1.5648065410128
706 1.56076375245558
707 1.55709995095398
708 1.5538274784144
709 1.55095678336525
710 1.54849639460771
711 1.54645290378232
712 1.54483095683284
713 1.54363325430879
714 1.5428605604091
715 1.54251172063101
716 1.54258368785124
717 1.54307155663037
718 1.54396860549663
719 1.54526634693226
720 1.54695458475381
721 1.54902147854798
722 1.55145361479655
723 1.5542360842978
724 1.55735256546799
725 1.56078541308427
726 1.56451575201107
727 1.56852357543418
728 1.57278784711218
729 1.57728660714156
730 1.58199708072207
731 1.58689578940068
732 1.59195866426713
733 1.59716116057096
734 1.60247837322946
735 1.60788515269756
736 1.61335622067486
737 1.61886628513165
738 1.62439015414404
739 1.62990284803972
740 1.63537970936856
741 1.6407965102274
742 1.64612955648548
743 1.65135578847573
744 1.65645287773786
745 1.66139931942126
746 1.66617451997982
747 1.67075887981556
748 1.67513387055472
749 1.67928210666732
750 1.68318741116996
751 1.68683487518082
752 1.69021091112625
753 1.69330329942877
754 1.69610122853774
755 1.69859532819513
756 1.70077769586063
757 1.70264191625169
758 1.70418307398576
759 1.70539775934289
760 1.70628406719777
761 1.70684158920034
762 1.70707139931372
763 1.70697603284661
764 1.7065594591455
765 1.70582704813821
766 1.70478553094627
767 1.70344295480774
768 1.70180863257498
769 1.69989308707343
770 1.6977079906276
771 1.69526610007854
772 1.69258118763411
773 1.68966796790813
774 1.68654202151801
775 1.68321971562157
776 1.67971812178372
777 1.67605493157117
778 1.67224837027936
779 1.66831710919962
780 1.664280176837
781 1.66015686948906
782 1.65596666159469
783 1.65172911625832
784 1.64746379634984
785 1.64319017657359
786 1.63892755689108
787 1.63469497767182
788 1.63051113693494
789 1.62639431003068
790 1.62236227209637
791 1.61843222360516
792 1.61462071930838
793 1.61094360085423
794 1.60741593334537
795 1.60405194607788
796 1.60086497768238
797 1.59786742586586
798 1.59507070193024
799 1.59248519021991
800 1.76428687929357
801 1.72548399825824
802 1.74191699167882
803 1.75859183311899
804 1.77551334401131
805 1.79268518453021
806 1.81010984978416
807 1.82778867128616
808 1.84572182363847
809 1.8639083363448
810 1.88140123600976
811 1.89799531084783
812 1.91412534290312
813 1.92962481160069
814 1.94444267829587
815 1.95852845644296
816 1.97183232659283
817 1.98430521928707
818 1.99589887449183
819 2.00656588418756
820 2.01626484920841
821 2.02496367301635
822 2.03263519870085
823 2.03925614785767
824 2.04480845013251
825 2.04927898284999
826 2.05265955342956
827 2.0549468822082
828 2.05614258456833
829 2.05625315160219
830 2.05528990097579
831 2.05326886809352
832 2.05021066693429
833 2.04614034710329
834 2.04108723427417
835 2.0350847505936
836 2.02817021965656
837 2.02038465653539
838 2.01177254377962
839 2.00238159424781
840 1.9922625017373
841 1.98146868071445
842 1.97005599662487
843 1.95808248814221
844 1.945608082658
845 1.93269430637146
846 1.91940399035135
847 1.90580097393351
848 1.89194980681366
849 1.87791545118644
850 1.86376298526856
851 1.84955730952504
852 1.83536285689086
853 1.82124330824746
854 1.80726131437641
855 1.79347822556968
856 1.77995383002887
857 1.76674610213369
858 1.75391096160386
859 1.74150204451842
860 1.72957048709275
861 1.71816472304624
862 1.70733029532364
863 1.69710968286004
864 1.68754214300448
865 1.67866357013994
866 1.67050637095897
867 1.66309935677413
868 1.65646765316191
869 1.65063262715758
870 1.64561183213703
871 1.64141897044084
872 1.6380638737154
873 1.63555250086655
874 1.63388695344313
875 1.63306550819151
876 1.63308266644788
877 1.63392921996287
878 1.63559233268368
879 1.63805563795254
880 1.64129935051648
881 1.64530039268389
882 1.65003253390662
883 1.65546654301413
884 1.66157035227755
885 1.66830923243752
886 1.67564597778952
887 1.68354110038537
888 1.6919530323787
889 1.7008383355161
890 1.71015191675465
891 1.71984724896974
892 1.72987659570592
893 1.7401912389163
894 1.75074170863444
895 1.76147801352528
896 1.7723498712692
897 1.78330693774555
898 1.79429903399845
899 1.80527636998889
900 1.81618976416241
901 1.82699085789085
902 1.83763232388019
903 1.84806806767342
904 1.85825342141777
905 1.8681453291097
906 1.87770252257767
907 1.88688568751258
908 1.89565761890789
909 1.90398336532617
910 1.91183036146508
911 1.91916854855449
912 1.92597048217595
913 1.93221142715689
914 1.93786943925371
915 1.94292543340043
916 1.94736323836245
917 1.95116963769779
918 1.95433439699074
919 1.95685027738499
920 1.9587130355046
921 1.95992140991142
922 1.96047709430636
923 1.96038469773929
924 1.95965169214803
925 1.95828834760001
926 1.95630765566172
927 1.95372524136965
928 1.95055926432239
929 1.94683030945717
930 1.94256126811384
931 1.93777721002685
932 1.93250524691935
933 1.92677438840388
934 1.92061539092132
935 1.91406060047272
936 1.90714378991866
937 1.89989999163652
938 1.89236532633842
939 1.88457682886111
940 1.87657227174383
941 1.86838998741123
942 1.86006868977577
943 1.85164729606789
944 1.84316474969227
945 1.83465984489521
946 1.82617105401167
947 1.81773635804023
948 1.80939308127134
949 1.80117773066814
950 1.79312584066994
951 1.78527182405698
952 1.77764882948086
953 1.77028860622834
954 1.76322137674779
955 1.75647571742654
956 1.75007844806542
957 1.74405453045234
958 1.73842697639204
959 1.73321676550208
960 1.72844277303865
961 1.72412170796699
962 1.72026806144357
963 1.71689406582804
964 1.71400966429462
965 1.71162249106406
966 1.70973786222946
967 1.70835877710169
968 1.70748592995405
969 1.7071177319999
970 1.70725034339319
971 1.70787771499897
972 1.70899163963953
973 1.71058181248288
974 1.71263590020246
975 1.71513961850172
976 1.71807681756401
977 1.72142957495751
978 1.72517829549617
979 1.72930181753243
980 1.73377752513348
981 1.73858146557312
982 1.74368847155311
983 1.74907228755297
984 1.75470569969571
985 1.76056066850707
986 1.7666084639403
987 1.7728198020348
988 1.77916498257648
989 1.78561402713034
990 1.79213681682059
991 1.79870322924181
992 1.8052832738953
993 1.81184722555775
994 1.81836575500533
995 1.82481005653451
996 1.83115197174104
997 1.83736410904169
998 1.84341995844781
999 1.84929400112636
1000 1.85496181331297
1001 1.86040016417114
1002 1.86558710722395
1003 1.87050206501693
1004 1.87512590670562
1005 1.87944101829578
1006 1.88343136530075
1007 1.88708254761671
1008 1.89038184645416
1009 1.89331826320083
1010 1.8958825501295
1011 1.89806723290131
1012 1.89986662485283
1013 1.90127683309205
1014 1.9022957564652
1015 1.90292307549193
1016 1.90316023440163
1017 1.9030104154376
1018 1.90247850562875
1019 1.90157105626026
1020 1.90029623530482
1021 1.89866377310495
1022 1.89668490162403
1023 1.89437228760908
1024 1.89173996003214
1025 1.88880323219852
1026 1.88557861893025
1027 1.88208374925054
1028 1.87833727501074
1029 1.87435877591462
1030 1.87016866140626
1031 1.86578806989656
1032 1.86123876581034
1033 1.85654303494065
1034 1.85172357859893
1035 1.84680340705
1036 1.84180573271871
1037 1.83675386365064
1038 1.83167109770309
1039 1.82658061793398
1040 1.82150538964578
1041 1.81646805952931
1042 1.8114908573378
1043 1.8065955005057
1044 1.80180310210891
1045 1.79713408254367
1046 1.79260808528071
1047 1.7882438970289
1048 1.78405937261936
1049 1.78007136489604
1050 1.77629565987369
1051 1.77274691739708
1052 1.76943861750841
1053 1.7663830127019
1054 1.76359108621585
1055 1.76107251648415
1056 1.75883564783985
1057 1.7568874675343
1058 1.75523358910666
1059 1.75387824210904
1060 1.75282426816458
1061 1.75207312330701
1062 1.75162488652286
1063 1.75147827439038
1064 1.75163066168299
1065 1.75207810777972
1066 1.75281538870062
1067 1.753836034562
1068 1.75513237222406
1069 1.75669557288271
1070 1.75851570433778
1071 1.76058178765178
1072 1.76288185789682
1073 1.76540302867193
1074 1.76813156005989
1075 1.77105292968058
1076 1.77415190648781
1077 1.77741262694799
1078 1.78081867323228
1079 1.78435315304893
1080 1.78799878073898
1081 1.79173795925714
1082 1.79555286265963
1083 1.79942551872283
1084 1.80333789131976
1085 1.80727196218685
1086 1.81120981172018
1087 1.81513369844844
1088 1.81902613683985
1089 1.82286997311145
1090 1.82664845872184
1091 1.83034532124207
1092 1.83394483231477
1093 1.83743187242781
1094 1.84079199224593
1095 1.84401147026213
1096 1.84707736654987
1097 1.84997757241677
1098 1.85270085578137
1099 1.85523690211548
1100 1.85757635081644
1101 1.85971082689549
1102 1.8616329678908
1103 1.86333644593633
1104 1.86481598493991
1105 1.86606737284658
1106 1.86708746898574
1107 1.86787420652248
1108 1.86842659005532
1109 1.86874468842426
1110 1.86882962281329
1111 1.86868355025238
1112 1.86830964264296
1113 1.86771206145007
1114 1.86689592822204
1115 1.8658672911157
1116 1.86463308762095
1117 1.86320110369388
1118 1.86157992952091
1119 1.85977891214976
1120 1.85780810523412
1121 1.85567821614937
1122 1.85340055074572
1123 1.85098695601283
1124 1.84844976093628
1125 1.84580171583159
1126 1.84305593044484
1127 1.84022581111176
1128 1.83732499726785
1129 1.83436729760213
1130 1.83136662614518
1131 1.82833693857967
1132 1.82529216905713
1133 1.82224616779946
1134 1.81921263975712
1135 1.81620508458825
1136 1.81323673821403
1137 1.81032051619602
1138 1.80746895916986
1139 1.80469418055854
1140 1.80200781677516
1141 1.7994209801121
1142 1.79694421449898
1143 1.79458745429718
1144 1.79235998628289
1145 1.790270414955
1146 1.78832663128755
1147 1.7865357850296
1148 1.78490426063848
1149 1.78343765691502
1150 1.78214077039202
1151 1.78101758250964
1152 1.78007125059432
1153 1.77930410264015
1154 1.77871763587493
1155 1.778312519076
1156 1.77808859858477
1157 1.7780449079524
1158 1.77817968113406
1159 1.77849036913351
1160 1.7789736599858
1161 1.77962550195186
1162 1.78044112978581
1163 1.78141509392337
1164 1.78254129242838
1165 1.78381300552394
1166 1.78522293252457
1167 1.78676323097748
1168 1.78842555781283
1169 1.79020111229607
1170 1.79208068056992
1171 1.79405468156816
1172 1.79611321408018
1173 1.79824610474198
1174 1.80044295672806
1175 1.80269319891742
1176 1.80498613530783
1177 1.80731099445321
1178 1.80965697870197
1179 1.81201331301695
1180 1.81436929316207
1181 1.81671433304624
1182 1.81903801102048
1183 1.82133011493195
1184 1.8235806857457
1185 1.82578005955365
1186 1.82791890779965
1187 1.82998827555911
1188 1.83197961772241
1189 1.83388483294229
1190 1.83569629521678
1191 1.83740688299179
1192 1.8390100056792
1193 1.84049962749964
1194 1.84187028857185
1195 1.84311712318371
1196 1.84423587519368
1197 1.84522291052449
1198 1.84607522672472
1199 1.84679045958712
1200 1.84736688682603
