1 2
2 2
3 2
4 2
5 2
6 2
7 2
8 2
9 2
10 2
11 2
12 2
13 2
14 2
15 2
16 2
17 2
18 2
19 2
20 2
21 2
22 2
23 2
24 2
25 2
26 2
27 2
28 2
29 2
30 2.25
31 2.26786181818182
32 2.28604363636364
33 2.30422545454545
34 2.32240727272727
35 2.34058909090909
36 2.35877090909091
37 2.37695272727273
38 2.39513454545455
39 2.41331636363636
40 2.43021557926727
41 2.44485675355085
42 2.45754854511823
43 2.46852845073056
44 2.47798112951481
45 2.48605009796697
46 2.49284684045068
47 2.49845790502446
48 2.50295042998326
49 2.50637644804469
50 2.50878281869568
51 2.51022337730514
52 2.5107604466834
53 2.51046043937955
54 2.50939101604909
55 2.50761930944626
56 2.5052108813671
57 2.50222917487633
58 2.49873529342841
59 2.49478798875613
60 2.49044374190828
61 2.48575680938352
62 2.48077917820933
63 2.47556046546819
64 2.47014780940218
65 2.46458577632482
66 2.45891629365447
67 2.45317861124277
68 2.44740928875445
69 2.44164220477219
70 2.43590858280224
71 2.4302370301521
72 2.42465358715204
73 2.41918178544365
74 2.41384271463166
75 2.40865509670166
76 2.40363536752385
77 2.39879776463922
78 2.39415442042821
79 2.38971545971816
80 2.38548910089581
81 2.38148175964123
82 2.37769815446976
83 2.37414141334151
84 2.37081318066433
85 2.36771372407417
86 2.36484204042844
87 2.36219596049542
88 2.35977225186866
89 2.35756671967963
90 2.35557430472674
91 2.35378917868197
92 2.35220483607952
93 2.35081418283157
94 2.34960962105607
95 2.34858313003863
96 2.34772634318592
97 2.34703062086144
98 2.34648711902554
99 2.34608685363089
100 2.34582076075165
101 2.34567975244987
102 2.34565476840562
103 2.34573682335892
104 2.34591705043029
105 2.34618674040483
106 2.34653737707968
107 2.34696066878887
108 2.34744857623169
109 2.34799333674085
110 2.34858748513598
111 2.34922387131506
112 2.34989567474255
113 2.35059641599751
114 2.35131996554842
115 2.35206054992358
116 2.35281275544699
117 2.35357152970976
118 2.3543321809463
119 2.35509037548245
120 2.35584213342071
121 2.35658382272405
122 2.3573121518562
123 2.35802416113169
124 2.35871721292418
125 2.3593889808761
126 2.36003743824701
127 2.36066084553198
128 2.36125773747511
129 2.36182690959668
130 2.36236740434607
131 2.36287849698551
132 2.36335968130333
133 2.36381065524835
134 2.36423130657032
135 2.36462169854489
136 2.36498205585451
137 2.36531275069081
138 2.36561428913703
139 2.36588729788352
140 2.3661325113229
141 2.36635075906609
142 2.36654295391451
143 2.36671008031898
144 2.36685318335018
145 2.36697335820136
146 2.36707174023904
147 2.36714949561339
148 2.3672078124359
149 2.36724789252846
150 2.36727094374404
151 2.3672781728566
152 2.36727077901448
153 2.36724994774908
154 2.36721684552812
155 2.3671726148408
156 2.36711836980002
157 2.36705519224538
158 2.36698412832895
159 2.36690618556489
160 2.36682233032255
161 2.36673348574222
162 2.36664053005174
163 2.36654429526177
164 2.36644556621733
165 2.36634507998265
166 2.36624352553685
167 2.36614154375754
168 2.36603972766995
169 2.36593862293941
170 2.36583872858533
171 2.36574049789547
172 2.36564433951979
173 2.36555061872364
174 2.36545965878112
175 2.36537174248984
176 2.36528711378927
177 2.36520597946572
178 2.36512851092769
179 2.36505484603644
180 2.36498509097737
181 2.36491932215859
182 2.36485758812441
183 2.36479991147175
184 2.36474629075896
185 2.36469670239705
186 2.36465110251431
187 2.36460942878625
188 2.36457160222343
189 2.36453752891073
190 2.36450710169232
191 2.3644802017972
192 2.36445670040128
193 2.3644364601222
194 2.36441933644396
195 2.36440517906917
196 2.36439383319707
197 2.36438514072609
198 2.36437894138037
199 2.36437507375986
200 2.36437337631446
201 2.36437368824245
202 2.36437585031461
203 2.36437970562501
204 2.36438510027027
205 2.36439188395907
206 2.36439991055412
207 2.36440903854881
208 2.36441913148116
209 2.36443005828751
210 2.36444169359904
211 2.36445391798362
212 2.3644666181362
213 2.36447968702067
214 2.36449302396613
215 2.36450653472069
216 2.36452013146585
217 2.36453373279439
218 2.36454726365479
219 2.36456065526519
220 2.3645738449996
221 2.36458677624923
222 2.36459939826171
223 2.36461166596073
224 2.36462353974863
225 2.3646349852944
226 2.36464597330942
227 2.36465647931303
228 2.36466648339011
229 2.36467596994259
230 2.36468492743675
231 2.36469334814796
232 2.36470122790456
233 2.3647085658323
234 2.3647153641007
235 2.36472162767255
236 2.36472736405777
237 2.36473258307251
238 2.36473729660449
239 2.36474151838539
240 2.36474526377093
241 2.36474854952924
242 2.36475139363811
243 2.36475381509146
244 2.36475583371542
245 2.36475746999423
246 2.3647587449062
247 2.36475967976979
248 2.36476029609986
249 2.36476061547422
250 2.36476065941014
251 2.364760449251
252 2.36476000606267
253 2.36475935053967
254 2.36475850292054
255 2.36475748291256
256 2.36475630962508
257 2.36475500151152
258 2.36475357631942
259 2.36475205104835
260 2.36475044191512
261 2.36474876432615
262 2.36474703285637
263 2.36474526123432
264 2.36474346233316
265 2.36474164816699
266 2.3647398298922
267 2.36473801781345
268 2.36473622139386
269 2.36473444926896
270 2.36473270926414
271 2.36473100841521
272 2.36472935299161
273 2.36472774852207
274 2.36472619982228
275 2.36472471102435
276 2.36472328560768
277 2.36472192643101
278 2.36472063576539
279 2.36471941532772
280 2.36471826631479
281 2.36471718943744
282 2.36471618495477
283 2.36471525270811
284 2.3647143921546
285 2.36471360240033
286 2.36471288223273
287 2.36471223015219
288 2.36471164440282
289 2.36471112300214
290 2.36471066376976
291 2.36471026435482
292 2.3647099222623
293 2.36470963487798
294 2.36470939949215
295 2.36470921332196
296 2.36470907353246
297 2.36470897725622
298 2.36470892161162
299 2.3647089037198
300 2.36470892072023
301 2.364708969785
302 2.36470904813178
303 2.3647091530355
304 2.36470928183888
305 2.36470943196165
306 2.36470960090871
307 2.36470978627716
308 2.36470998576225
309 2.36471019716234
310 2.36471041838293
311 2.36471064743975
312 2.36471088246101
313 2.36471112168885
314 2.36471136348011
315 2.36471160630632
316 2.36471184875311
317 2.36471208951903
318 2.36471232741389
319 2.3647125613565
320 2.36471279037214
321 2.3647130135895
322 2.3647132302374
323 2.36471343964119
324 2.36471364121885
325 2.36471383447693
326 2.36471401900635
327 2.36471419447802
328 2.36471436063835
329 2.36471451730476
330 2.36471466436112
331 2.36471480175315
332 2.36471492948388
333 2.36471504760917
334 2.36471515623322
335 2.36471525550424
336 2.36471534561018
337 2.36471542677458
338 2.36471549925255
339 2.3647155633269
340 2.36471561930443
341 2.36471566751234
342 2.36471570829484
343 2.36471574200995
344 2.36471576902643
345 2.36471578972091
346 2.36471580447523
347 2.3647158136739
348 2.36471581770182
349 2.36471581694209
350 2.36471581177411
351 2.36471580257171
352 2.36471578970161
353 2.3647157735219
354 2.36471575438078
355 2.36471573261545
356 2.36471570855105
357 2.36471568249989
358 2.36471565476072
359 2.36471562561811
360 2.36471559534206
361 2.36471556418763
362 2.36471553239471
363 2.3647155001879
364 2.36471546777647
365 2.3647154353544
366 2.36471540310054
367 2.36471537117879
368 2.3647153397384
369 2.36471530891426
370 2.36471527882732
371 2.36471524958499
372 2.36471522128164
373 2.36471519399907
374 2.36471516780709
375 2.36471514276402
376 2.36471511891733
377 2.36471509630418
378 2.36471507495206
379 2.36471505487938
380 2.36471503609607
381 2.36471501860422
382 2.36471500239864
383 2.36471498746752
384 2.36471497379295
385 2.36471496135154
386 2.36471495011494
387 2.36471494005044
388 2.36471493112144
389 2.36471492328796
390 2.36471491650717
391 2.36471491073379
392 2.36471490592057
393 2.3647149020187
394 2.36471489897816
395 2.36471489674815
396 2.3647148952774
397 2.36471489451447
398 2.36471489440808
399 2.36471489490737
400 2.11471489490737
401 2.07899126010462
402 2.04262762575978
403 2.00626399182587
404 1.96990035825735
405 1.93353672501024
406 1.89717309204224
407 1.86080945931282
408 1.82444582678334
409 1.78808219441708
410 1.75300116473561
411 1.72026981496062
412 1.68973591173795
413 1.66128628587116
414 1.6348341591295
415 1.61031324606422
416 1.58767315989815
417 1.56687583709312
418 1.54789275526069
419 1.53070276889936
420 1.51528384597042
421 1.50160175058035
422 1.48960842091625
423 1.47924613972644
424 1.47045047737561
425 1.46315237097564
426 1.45727957930678
427 1.45275768943729
428 1.44951080361029
429 1.44746199996325
430 1.44653366859803
431 1.44664784640487
432 1.44772661178919
433 1.44969251262127
434 1.45246898599852
435 1.45598074747973
436 1.46015413943124
437 1.46491743549893
438 1.47020110252668
439 1.47593802354903
440 1.48206368634685
441 1.48851634163442
442 1.49523713373728
443 1.50217020553094
444 1.50926277889636
445 1.51646521185356
446 1.52373103361953
447 1.53101695896893
448 1.53828288338855
449 1.54549186058284
450 1.55261006390154
451 1.55960673323237
452 1.56645410884762
453 1.5731273536306
454 1.57960446504602
455 1.58586617815884
456 1.59189586094969
457 1.59767940311846
458 1.60320509951078
459 1.6084635292435
460 1.6134474315444
461 1.61815157926
462 1.62257265092218
463 1.6267091022015
464 1.6305610375128
465 1.63413008247662
466 1.63741925787948
467 1.64043285571688
468 1.64317631784479
469 1.64565611770981
470 1.64787964557333
471 1.64985509759349
472 1.651591369078
473 1.65309795217342
474 1.65438483821071
475 1.65546242488387
476 1.65634142839745
477 1.65703280068086
478 1.65754765173125
479 1.65789717711358
480 1.65809259061586
481 1.6581450620287
482 1.6580656599928
483 1.65786529983423
484 1.65755469628583
485 1.6571443209744
486 1.65664436453612
487 1.65606470320791
488 1.65541486972982
489 1.65470402838235
490 1.65394095397381
491 1.65313401458539
492 1.65229115787593
493 1.65141990074427
494 1.65052732214438
495 1.64962005884698
496 1.64870430394152
497 1.64778580787309
498 1.64686988181112
499 1.6459614031499
500 1.64506482294436
501 1.64418417509
502 1.64332308706036
503 1.64248479202223
504 1.64167214215467
505 1.64088762300517
506 1.6401333687236
507 1.63941117802208
508 1.63872253071697
509 1.63806860471699
510 1.6374502933298
511 1.63686822276766
512 1.63632276974077
513 1.63581407903535
514 1.63534208098155
515 1.63490650872424
516 1.6345069152178
517 1.63414268987331
518 1.63381307479463
519 1.63351718054646
520 1.63325400140484
521 1.63302243004733
522 1.63282127164605
523 1.6326492573336
524 1.63250505701694
525 1.63238729152041
526 1.6322945440439
527 1.63222537092703
528 1.63217831171497
529 1.63215189852527
530 1.63214466471948
531 1.63215515288627
532 1.63218192214653
533 1.63222355479349
534 1.63227866228363
535 1.6323458905965
536 1.63242392498352
537 1.63251149412776
538 1.63260737373796
539 1.63271038960164
540 1.63281942012286
541 1.63293339837124
542 1.63305131366933
543 1.63317221274581
544 1.63329520048236
545 1.63341944028194
546 1.63354415408615
547 1.63366862206918
548 1.63379218203543
549 1.63391422854726
550 1.63403421180898
551 1.63415163633227
552 1.63426605940757
553 1.63437708940495
554 1.63448438392739
555 1.63458764783799
556 1.63468663118198
557 1.63478112702317
558 1.63487096921341
559 1.63495603011267
560 1.635036218276
561 1.6351114761229
562 1.635181777603
563 1.6352471258715
564 1.63530755098608
565 1.63536310763649
566 1.63541387291661
567 1.63545994414789
568 1.6355014367622
569 1.63553848225099
570 1.63557122618684
571 1.63559982632264
572 1.63562445077271
573 1.6356452762795
574 1.63566248656856
575 1.6356762707941
576 1.63568682207637
577 1.63569433613188
578 1.63569900999656
579 1.63570104084169
580 1.63570062488183
581 1.63569795637352
582 1.63569322670306
583 1.63568662356159
584 1.63567833020497
585 1.635668524796
586 1.63565737982608
587 1.63564506161331
588 1.63563172987378
589 1.63561753736261
590 1.63560262958138
591 1.6355871445482
592 1.63557121262695
593 1.63555495641178
594 1.6355384906634
595 1.63552192229327
596 1.63550535039215
597 1.63548886629927
598 1.6354725537087
599 1.63545648880923
600 1.6354407404546
601 1.63542537036053
602 1.63541043332555
603 1.63539597747246
604 1.63538204450753
605 1.63536866999457
606 1.63535588364124
607 1.63534370959508
608 1.63533216674685
609 1.63532126903893
610 1.63531102577674
611 1.63530144194119
612 1.63529251850034
613 1.63528425271873
614 1.63527663846276
615 1.63526966650076
616 1.6352633247966
617 1.63525759879563
618 1.63525247170207
619 1.63524792474696
620 1.63524393744589
621 1.63524048784601
622 1.63523755276171
623 1.63523510799858
624 1.63523312856537
625 1.63523158887374
626 1.63523046292553
627 1.63522972448774
628 1.63522934725498
629 1.6352293049996
630 1.63522957170966
631 1.63523012171489
632 1.63523092980086
633 1.63523197131175
634 1.63523322224196
635 1.635234659317
636 1.63523626006399
637 1.63523800287227
638 1.63523986704447
639 1.63524183283862
640 1.63524388150171
641 1.63524599529512
642 1.63524815751256
643 1.63525035249089
644 1.63525256561443
645 1.63525478331306
646 1.63525699305486
647 1.63525918333354
648 1.63526134365125
649 1.63526346449718
650 1.63526553732248
651 1.63526755451178
652 1.63526950935185
653 1.63527139599781
654 1.63527320943712
655 1.63527494545192
656 1.63527660057992
657 1.63527817207414
658 1.63527965786202
659 1.63528105650391
660 1.63528236715135
661 1.63528358950548
662 1.63528472377553
663 1.63528577063792
664 1.63528673119589
665 1.63528760694002
666 1.63528839970971
667 1.6352891116557
668 1.63528974520391
669 1.63529030302052
670 1.63529078797856
671 1.63529120312585
672 1.63529155165463
673 1.63529183687272
674 1.63529206217623
675 1.6352922310241
676 1.63529234691411
677 1.63529241336065
678 1.63529243387414
679 1.63529241194207
680 1.63529235101163
681 1.63529225447395
682 1.63529212564989
683 1.63529196777729
684 1.63529178399973
685 1.63529157735664
686 1.63529135077476
687 1.63529110706095
688 1.63529084889612
689 1.63529057883042
690 1.63529029927949
691 1.63529001252169
692 1.63528972069641
693 1.63528942580318
694 1.63528912970166
695 1.63528883411241
696 1.63528854061831
697 1.63528825066669
698 1.635287965572
699 1.63528768651898
700 1.63528741456638
701 1.63528715065095
702 1.63528689559193
703 1.63528665009568
704 1.63528641476075
705 1.63528619008293
706 1.63528597646067
707 1.6352857742005
708 1.63528558352251
709 1.63528540456596
710 1.63528523739484
711 1.63528508200342
712 1.63528493832173
713 1.63528480622099
714 1.63528468551892
715 1.63528457598496
716 1.63528447734527
717 1.63528438928769
718 1.63528431146638
719 1.63528424350642
720 1.63528418500815
721 1.63528413555123
722 1.63528409469867
723 1.63528406200045
724 1.63528403699707
725 1.63528401922276
726 1.63528400820859
727 1.63528400348526
728 1.63528400458569
729 1.63528401104744
730 1.63528402241488
731 1.63528403824114
732 1.6352840580899
733 1.63528408153695
734 1.63528410817155
735 1.63528413759768
736 1.635284169435
737 1.63528420331974
738 1.63528423890542
739 1.63528427586336
740 1.63528431388309
741 1.63528435267266
742 1.63528439195878
743 1.63528443148683
744 1.63528447102083
745 1.63528451034325
746 1.63528454925478
747 1.63528458757398
748 1.63528462513689
749 1.63528466179654
750 1.63528469742244
751 1.6352847319
752 1.63528476512993
753 1.63528479702756
754 1.63528482752216
755 1.63528485655627
756 1.63528488408493
757 1.63528491007499
758 1.63528493450432
759 1.63528495736112
760 1.63528497864312
761 1.63528499835691
762 1.63528501651714
763 1.63528503314587
764 1.63528504827181
765 1.63528506192969
766 1.63528507415958
767 1.63528508500623
768 1.63528509451852
769 1.63528510274877
770 1.63528510975229
771 1.63528511558675
772 1.63528512031174
773 1.63528512398827
774 1.63528512667832
775 1.63528512844444
776 1.63528512934933
777 1.63528512945553
778 1.63528512882504
779 1.63528512751906
780 1.6352851255977
781 1.63528512311974
782 1.6352851201424
783 1.63528511672117
784 1.63528511290962
785 1.63528510875926
786 1.63528510431945
787 1.63528509963723
788 1.63528509475732
789 1.63528508972199
790 1.63528508457109
791 1.63528507934194
792 1.63528507406939
793 1.63528506878579
794 1.63528506352102
795 1.6352850583025
796 1.63528505315527
797 1.63528504810199
798 1.63528504316305
799 1.63528503835661
800 1.79999048824413
801 1.80892139283954
802 1.81801229760934
803 1.82710320256359
804 1.83619410771055
805 1.84528501305676
806 1.85437591860717
807 1.86346682436523
808 1.87255773033295
809 1.88164863651104
810 1.88989453635443
811 1.89666734368604
812 1.90219525329589
813 1.90665447916308
814 1.91018222437133
815 1.91288530669373
816 1.91484687808913
817 1.91613165870347
818 1.91679001375498
819 1.91686112909256
820 1.91637981990388
821 1.91538466692313
822 1.91391899472886
823 1.91202793835371
824 1.90975658726332
825 1.90714886342624
826 1.90424689953849
827 1.90109075101344
828 1.89771832447434
829 1.89416544102377
830 1.89046595587892
831 1.88665184927006
832 1.88275325240238
833 1.87879843327198
834 1.87481377429572
835 1.87082375801716
836 1.86685096767677
837 1.86291610394917
838 1.85903801622272
839 1.85523374546015
840 1.85151857540867
841 1.84790608951162
842 1.84440823190865
843 1.84103537176153
844 1.83779637052967
845 1.8346986518914
846 1.83174827395291
847 1.82895000330687
848 1.82630739044164
849 1.82382284597668
850 1.82149771721052
851 1.81933236450346
852 1.81732623706665
853 1.81547794777858
854 1.81378534669429
855 1.81224559295095
856 1.81085522480644
857 1.80961022757756
858 1.80850609927288
859 1.8075379137423
860 1.80670038119223
861 1.80598790594099
862 1.80539464131404
863 1.80491454160237
864 1.80454141102954
865 1.80426894969372
866 1.80409079647029
867 1.80400056887845
868 1.80399189993149
869 1.8040584720055
870 1.80419404777471
871 1.80439249827401
872 1.8046478281603
873 1.80495419825381
874 1.80530594544928
875 1.80569760009422
876 1.80612390093766
877 1.80657980775806
878 1.80706051178332
879 1.80756144401897
880 1.80807828160303
881 1.80860695230755
882 1.80914363730772
883 1.80968477233917
884 1.81022704736379
885 1.81076740486293
886 1.81130303687515
887 1.81183138089328
888 1.812350114733
889 1.81285715048172
890 1.81335062763336
891 1.81382890551058
892 1.81429055507203
893 1.81473435019791
894 1.81515925854278
895 1.81556443203978
896 1.81594919713573
897 1.81631304483213
898 1.81665562060188
899 1.81697671424682
900 1.81727624975682
901 1.81755427522559
902 1.81781095287464
903 1.81804654923143
904 1.81826142550377
905 1.81845602818793
906 1.81863087994385
907 1.81878657076649
908 1.81892374947884
909 1.81904311556795
910 1.8191454113821
911 1.81923141470356
912 1.81930193170842
913 1.81935779032184
914 1.81939983397408
915 1.81942891576048
916 1.81944589300558
917 1.81945162222974
918 1.81944695451425
919 1.81943273125927
920 1.81940978032709
921 1.8193789125617
922 1.81934091867424
923 1.81929656648295
924 1.81924659849483
925 1.81919172981558
926 1.81913264637362
927 1.81907000344329
928 1.81900442445197
929 1.81893650005529
930 1.81886678746467
931 1.81879581001104
932 1.81872405692864
933 1.81865198334279
934 1.81858001044589
935 1.8185085258457
936 1.81843788407074
937 1.81836840721752
938 1.81830038572508
939 1.81823407926253
940 1.8181697177159
941 1.81810750226115
942 1.81804760651057
943 1.81799017772069
944 1.81793533805013
945 1.81788318585661
946 1.81783379702298
947 1.81778722630262
948 1.81774350867545
949 1.8177026607061
950 1.81766468189677
951 1.81762955602769
952 1.8175972524788
953 1.81756772752695
954 1.81754092561322
955 1.81751678057602
956 1.81749521684564
957 1.81747615059685
958 1.8174594908565
959 1.81744514056343
960 1.81743299757891
961 1.81742295564555
962 1.81741490529379
963 1.81740873469491
964 1.81740433046016
965 1.81740157838577
966 1.81740036414408
967 1.81740057392113
968 1.81740209500149
969 1.81740481630117
970 1.81740862884986
971 1.81741342622368
972 1.81741910493012
973 1.81742556474662
974 1.81743270901468
975 1.81744044489142
976 1.81744868356032
977 1.8174573404035
978 1.81746633513728
979 1.81747559191344
980 1.81748503938812
981 1.81749461076058
982 1.81750424378404
983 1.81751388075054
984 1.81752346845222
985 1.81753295812078
986 1.81754230534739
987 1.8175514699849
988 1.81756041603435
989 1.81756911151755
990 1.81757752833757
991 1.81758564212891
992 1.81759343209886
993 1.81760088086169
994 1.81760797426714
995 1.81761470122458
996 1.81762105352411
997 1.81762702565596
998 1.81763261462911
999 1.81763781979036
1000 1.81764264264468
1001 1.81764708667792
1002 1.81765115718234
1003 1.81765486108607
1004 1.81765820678688
1005 1.81766120399088
1006 1.81766386355672
1007 1.81766619734566
1008 1.81766821807792
1009 1.81766993919546
1010 1.81767137473168
1011 1.81767253918802
1012 1.81767344741765
1013 1.81767411451639
1014 1.81767455572079
1015 1.81767478631347
1016 1.8176748215356
1017 1.81767467650649
1018 1.81767436615011
1019 1.81767390512846
1020 1.81767330778166
1021 1.81767258807437
1022 1.8176717595486
1023 1.81767083528247
1024 1.81766982785476
1025 1.81766874931499
1026 1.81766761115873
1027 1.81766642430794
1028 1.8176651990959
1029 1.81766394525665
1030 1.81766267191854
1031 1.8176613876015
1032 1.81766010021803
1033 1.81765881707731
1034 1.81765754489237
1035 1.81765628978996
1036 1.81765505732286
1037 1.81765385248436
1038 1.81765267972472
1039 1.81765154296926
1040 1.81765044563799
1041 1.81764939066641
1042 1.81764838052735
1043 1.8176474172537
1044 1.81764650246168
1045 1.81764563737466
1046 1.81764482284721
1047 1.8176440593893
1048 1.81764334719056
1049 1.81764268614427
1050 1.81764207587123
1051 1.81764151574317
1052 1.81764100490574
1053 1.8176405423009
1054 1.8176401266887
1055 1.81763975666833
1056 1.81763943069846
1057 1.81763914711666
1058 1.81763890415808
1059 1.81763869997311
1060 1.8176385326442
1061 1.81763840020173
1062 1.81763830063889
1063 1.8176382319256
1064 1.81763819202152
1065 1.817638178888
1066 1.8176381904992
1067 1.81763822485216
1068 1.81763827997604
1069 1.8176383539404
1070 1.81763844486265
1071 1.81763855091463
1072 1.81763867032837
1073 1.81763880140111
1074 1.8176389424995
1075 1.81763909206317
1076 1.81763924860752
1077 1.81763941072602
1078 1.81763957709172
1079 1.81763974645836
1080 1.81763991766088
1081 1.81764008961543
1082 1.81764026131898
1083 1.81764043184847
1084 1.81764060035965
1085 1.8176407660855
1086 1.8176409283344
1087 1.81764108648804
1088 1.81764123999902
1089 1.81764138838836
1090 1.81764153124272
1091 1.81764166821155
1092 1.81764179900408
1093 1.81764192338625
1094 1.81764204117753
1095 1.81764215224772
1096 1.81764225651374
1097 1.81764235393636
1098 1.81764244451701
1099 1.81764252829458
1100 1.81764260534224
1101 1.81764267576441
1102 1.81764273969367
1103 1.81764279728787
1104 1.81764284872729
1105 1.81764289421185
1106 1.8176429339585
1107 1.81764296819871
1108 1.81764299717602
1109 1.81764302114379
1110 1.81764304036302
1111 1.81764305510035
1112 1.81764306562611
1113 1.81764307221256
1114 1.81764307513228
1115 1.8176430746566
1116 1.81764307105423
1117 1.81764306458999
1118 1.81764305552366
1119 1.81764304410895
1120 1.81764303059257
1121 1.81764301521345
1122 1.81764299820201
1123 1.81764297977958
1124 1.81764296015788
1125 1.81764293953865
1126 1.81764291811325
1127 1.81764289606253
1128 1.81764287355654
1129 1.81764285075454
1130 1.81764282780492
1131 1.81764280484525
1132 1.8176427820024
1133 1.81764275939261
1134 1.81764273712176
1135 1.81764271528558
1136 1.81764269396987
1137 1.8176426732509
1138 1.81764265319565
1139 1.81764263386222
1140 1.8176426153002
1141 1.81764259755103
1142 1.81764258064847
1143 1.81764256461897
1144 1.81764254948212
1145 1.81764253525108
1146 1.81764252193299
1147 1.81764250952942
1148 1.81764249803681
1149 1.81764248744687
1150 1.81764247774699
1151 1.81764246892068
1152 1.81764246094793
1153 1.81764245380564
1154 1.81764244746792
1155 1.81764244190653
1156 1.81764243709116
1157 1.81764243298977
1158 1.81764242956894
1159 1.81764242679411
1160 1.81764242462989
1161 1.8176424230403
1162 1.81764242198905
1163 1.8176424214397
1164 1.81764242135596
1165 1.81764242170178
1166 1.8176424224416
1167 1.81764242354048
1168 1.81764242496426
1169 1.81764242667964
1170 1.81764242865436
1171 1.81764243085725
1172 1.81764243325834
1173 1.8176424358289
1174 1.81764243854155
1175 1.81764244137026
1176 1.81764244429039
1177 1.81764244727875
1178 1.81764245031359
1179 1.8176424533746
1180 1.81764245644292
1181 1.81764245950113
1182 1.81764246253324
1183 1.81764246552465
1184 1.8176424684621
1185 1.81764247133372
1186 1.81764247412889
1187 1.81764247683826
1188 1.81764247945367
1189 1.81764248196812
1190 1.81764248437573
1191 1.81764248667165
1192 1.81764248885203
1193 1.81764249091395
1194 1.81764249285536
1195 1.81764249467507
1196 1.81764249637261
1197 1.81764249794824
1198 1.81764249940286
1199 1.81764250073797
1200 1.8176425019556
