1 2
2 2
3 2
4 2
5 2
6 2
7 2
8 2
9 2
10 2
11 2
12 2
13 2
14 2
15 2
16 2
17 2
18 2
19 2
20 2
21 2
22 2
23 2
24 2
25 2
26 2
27 2
28 2
29 2
30 2.125
31 2.175
32 2.225
33 2.275
34 2.325
35 2.375
36 2.425
37 2.475
38 2.525
39 2.575
40 2.6247566484375
41 2.67392077367187
42 2.72224521628188
43 2.76948179349105
44 2.8
45 2.8
46 2.8
47 2.8
48 2.8
49 2.8
50 2.8
51 2.8
52 2.8
53 2.8
54 2.8
55 2.8
56 2.8
57 2.8
58 2.8
59 2.8
60 2.8
61 2.79837868478596
62 2.79400813652399
63 2.78700251076764
64 2.77747488777258
65 2.76553632766396
66 2.75129519234325
67 2.73485667233807
68 2.71632247059741
69 2.69579060597631
70 2.67335530751531
71 2.64911013352312
72 2.62315344756726
73 2.59559115672736
74 2.56653717849391
75 2.53611353731537
76 2.50445019105189
77 2.47168466485657
78 2.43796155217654
79 2.4034319286029
80 2.36825271337787
81 2.33258599869507
82 2.29659834943453
83 2.26046007032576
84 2.22434444191721
85 2.18842692914013
86 2.15288436634338
87 2.11789412284361
88 2.08363325320315
89 2.05027763657142
90 2.01800110948424
91 1.98697459651192
92 1.95736524311903
93 1.92933555507741
94 1.9030425487598
95 1.87863691662227
96 1.85626221215089
97 1.83605405850162
98 1.81813938499751
99 1.80263569556502
100 1.78965037308836
101 1.7792800235385
102 1.77160986359103
103 1.76671315528504
104 1.76465069109412
105 1.76547033258043
106 1.76920660558558
107 1.77588035467653
108 1.78549845931423
109 1.79805361394576
110 1.81352417394047
111 1.83187406899666
112 1.85305278534027
113 1.87699541772065
114 1.90362279188384
115 1.93284165787095
116 1.96454495415043
117 1.99861214224975
118 2.03490961120571
119 2.07329115080469
120 2.1135984922374
121 2.15566191444679
122 2.19930091410669
123 2.24432493683252
124 2.2905341668964
125 2.337720372399
126 2.38566780254073
127 2.43415413333739
128 2.48295145784191
129 2.53182731666501
130 2.58054576433634
131 2.62886846681411
132 2.67655582523765
133 2.7233681208244
134 2.76906667564239
135 2.8
136 2.8
137 2.8
138 2.8
139 2.8
140 2.8
141 2.8
142 2.8
143 2.8
144 2.8
145 2.8
146 2.8
147 2.8
148 2.8
149 2.8
150 2.8
151 2.8
152 2.797422497964
153 2.79214061330272
154 2.78426673789704
155 2.77391217923996
156 2.76118623714125
157 2.74619554145483
158 2.72904359034289
159 2.70983044209764
160 2.6886525240561
161 2.6656025303273
162 2.64077440433317
163 2.6142687931528
164 2.58619414791201
165 2.55666703703284
166 2.52581213041258
167 2.49376194523534
168 2.46065642350596
169 2.42664239522491
170 2.3918729684524
171 2.35650687759723
172 2.32070780375483
173 2.28464366395471
174 2.24848586721482
175 2.21240854070613
176 2.17658772980621
177 2.14120057595885
178 2.10642447643847
179 2.0724362302784
180 2.03941117472789
181 2.00752231663682
182 1.9769394631474
183 1.94782835604282
184 1.92034981408742
185 1.89465888768016
186 1.87090403011986
187 1.84922628974432
188 1.82975852715328
189 1.81262466165483
190 1.79793895098591
191 1.78580530824839
192 1.77631665987326
193 1.76955434827635
194 1.76558758270074
195 1.76447294155354
196 1.76625392933873
197 1.7709605910644
198 1.77860918676217
199 1.78920192850029
200 1.80272678200062
201 1.81915733468449
202 1.83845273167475
203 1.86055768097227
204 1.88540252870565
205 1.91290340502562
206 1.94296244088022
207 1.97546805556657
208 2.01029531461041
209 2.04730635717748
210 2.08635089187319
211 2.12726675943997
212 2.16988056051747
213 2.21400834629094
214 2.25945636951877
215 2.30602189310422
216 2.35349405305936
217 2.40165477240329
218 2.45027972224374
219 2.499139326012
220 2.54799980255837
221 2.59662424356921
222 2.64477372053987
223 2.6922084163307
224 2.73868877614768
225 2.78397667262612
226 2.8
227 2.8
228 2.8
229 2.8
230 2.8
231 2.8
232 2.8
233 2.8
234 2.8
235 2.8
236 2.8
237 2.8
238 2.8
239 2.8
240 2.8
241 2.8
242 2.79930021327215
243 2.79582065124172
244 2.78967374493281
245 2.78097164616176
246 2.76982508641963
247 2.75634254687731
248 2.74062966785725
249 2.7227888420963
250 2.70291894856549
251 2.68111519329742
252 2.6574703935627
253 2.63208041971366
254 2.60504846948491
255 2.57648567171692
256 2.54651128449178
257 2.51525259558634
258 2.48284460883807
259 2.44942958093434
260 2.41515645816969
261 2.38018025099504
262 2.34466137236569
263 2.30876494802172
264 2.27266009483637
265 2.23651916675462
266 2.20051697209262
267 2.16482996601522
268 2.12963542216737
269 2.09511058761284
270 2.06143182537784
271 2.02877374897978
272 1.99730835333662
273 1.96720414642688
274 1.93862528604424
275 1.91173072597728
276 1.88667337592887
277 1.86359927946252
278 1.84264681422138
279 1.82394591860761
280 1.80761734903321
281 1.79377197175803
282 1.78251009321471
283 1.77392083258477
284 1.76808154023465
285 1.76505726544573
286 1.7649002766787
287 1.76764963740102
288 1.77333084027693
289 1.78195550227362
290 1.79352112297621
291 1.80801090812768
292 1.82539366012087
293 1.84562373686813
294 1.86864108016128
295 1.89437131431283
296 1.92272591553901
297 1.95360245220824
298 1.98688489573676
299 2.02244400156773
300 2.06013775932257
301 2.09981191086589
302 2.14130053467917
303 2.18442669459534
304 2.22900315060852
305 2.2748331291412
306 2.32171114982851
307 2.36942390556529
308 2.41775119226029
309 2.46646688445326
310 2.51533995267678
311 2.56413551818755
312 2.61261594045185
313 2.66054193254977
314 2.70767369946247
315 2.75377209402895
316 2.79859978520299
317 2.8
318 2.8
319 2.8
320 2.8
321 2.8
322 2.8
323 2.8
324 2.8
325 2.8
326 2.8
327 2.8
328 2.8
329 2.8
330 2.8
331 2.8
332 2.8
333 2.79834060609933
334 2.79393934168814
335 2.78690878644627
336 2.77736079057894
337 2.76540545366273
338 2.75115038709613
339 2.73470019463017
340 2.71615612007794
341 2.6956158226852
342 2.67317324950556
343 2.64892181154805
344 2.62295983471865
345 2.59539321418322
346 2.56633587019848
347 2.53590983723547
348 2.50424508558624
349 2.47147915220077
350 2.43775663988842
351 2.40322863021348
352 2.36805204460906
353 2.3323889735009
354 2.29640597581731
355 2.26027334592054
356 2.22416434941431
357 2.1882544316034
358 2.15272040247474
359 2.11773960223927
360 2.08348905164281
361 2.05014459137828
362 2.01788001498968
363 1.98686619965526
364 1.95727023920998
365 1.92925458374661
366 1.90297619012166
367 1.87858568767253
368 1.85622656342048
369 1.83603437098687
370 1.81813596738572
371 1.80264878177302
372 1.78968012013032
373 1.77932650973788
374 1.77167308715005
375 1.76679303322338
376 1.764747058567
377 1.76558294258451
378 1.7693351290592
379 1.77602438099923
380 1.78565749720835
381 1.79822709278119
382 1.81371144544157
383 1.83207440934849
384 1.85326539768923
385 1.87721943506268
386 1.90385728033138
387 1.93308562028777
388 1.9647973341418
389 1.9988718284932
390 2.03517544210595
391 2.07356191945459
392 2.11387295166481
393 2.15593878312582
394 2.19957888171013
395 2.24460267020076
396 2.29081031619681
397 2.33799357744838
398 2.38593669926248
399 2.43441736032378
400 2.23320766299106
401 2.18207516386144
402 2.13078394014319
403 2.07909568714486
404 2.02677084197458
405 1.97356972835112
406 1.91925371725745
407 1.86358639802079
408 1.80633475427963
409 1.7472703392012
410 1.68665714736561
411 1.62497770834446
412 1.56251856067048
413 1.49957743780735
414 1.43645845236198
415 1.37346881633656
416 1.31091673149507
417 1.24911016434004
418 1.2
419 1.2
420 1.2
421 1.2
422 1.2
423 1.2
424 1.2
425 1.2
426 1.2
427 1.2
428 1.2
429 1.2
430 1.2
431 1.2
432 1.2
433 1.2
434 1.2
435 1.2
436 1.2
437 1.2
438 1.20069999872149
439 1.20422917986588
440 1.21046177019283
441 1.21927534348305
442 1.23055127770913
443 1.24417505255539
444 1.26003642544604
445 1.27802951566528
446 1.2980528194797
447 1.32000917398243
448 1.34380432057409
449 1.36934124878299
450 1.39651575692375
451 1.42521580455163
452 1.45532128822045
453 1.48670412655314
454 1.51922856679542
455 1.55275164543648
456 1.58712375139322
457 1.62218925264365
458 1.65778715948055
459 1.69375181593932
460 1.7299136233195
461 1.76609979627322
462 1.80213514758758
463 1.83784289776437
464 1.87304550535788
465 1.90756551386503
466 1.94122641082725
467 1.97385349472912
468 2.00527474527065
469 2.03532169262289
470 2.0638302813072
471 2.09064172435629
472 2.11560334343376
473 2.13856939061846
474 2.15940184760391
475 2.17797119812289
476 2.19415716948529
477 2.20784943921523
478 2.21894830289011
479 2.22736529942222
480 2.23302379018019
481 2.23585948852385
482 2.23582093652161
483 2.2328699258323
484 2.22698185996436
485 2.21814605537233
486 2.20636597911338
487 2.19165942106393
488 2.17405859898701
489 2.15361019504375
490 2.13037532265623
491 2.10442942295183
492 2.07586209035066
493 2.044776827195
494 2.01129072766293
495 1.97553409155388
496 1.93764996888227
497 1.89779363656296
498 1.85613200881904
499 1.81284298328531
500 1.76811472511935
501 1.72214489176307
502 1.67513980132125
503 1.62731354783615
504 1.57888706703889
505 1.53008715644605
506 1.48114545394309
507 1.4322973792529
508 1.3837810429262
509 1.33583612771043
510 1.28870274735196
511 1.242620288064
512 1.2
513 1.2
514 1.2
515 1.2
516 1.2
517 1.2
518 1.2
519 1.2
520 1.2
521 1.2
522 1.2
523 1.2
524 1.2
525 1.2
526 1.2
527 1.2
528 1.2
529 1.20183049571887
530 1.20639627112221
531 1.21358467473154
532 1.22328387524138
533 1.23538385896153
534 1.2497771490757
535 1.26635931103364
536 1.28502929403851
537 1.30568964741525
538 1.32824664194733
539 1.35260675586735
540 1.37867122156568
541 1.40633365950757
542 1.43547964862301
543 1.46598665653196
544 1.49772423194711
545 1.53055438371387
546 1.56433208830222
547 1.59890588116551
548 1.63411849802622
549 1.66980754740224
550 1.70580621302314
551 1.74194398894088
552 1.77804744553552
553 1.81394102263888
554 1.84944784589708
555 1.88439056232113
556 1.91859219080748
557 1.95187698328966
558 1.98407129212887
559 2.01500443935736
560 2.04450958341609
561 2.07242457904827
562 2.09859282602324
563 2.12286410238564
564 2.14509537795767
565 2.16515160387013
566 2.18290647396361
567 2.19824315398485
568 2.21105497460756
569 2.22124608443034
570 2.22873205924834
571 2.23344046405838
572 2.23531136443974
573 2.23429778415389
574 2.23036610602523
575 2.22349641340099
576 2.21368276974042
577 2.20093343415099
578 2.18527101097065
579 2.16673253178979
580 2.14536946861254
581 2.12124767717373
582 2.09444726975333
583 2.0650624171633
584 2.03320107992074
585 1.99898466896501
586 1.96254763662272
587 1.92403699887216
588 1.88361179030608
589 1.84144245353641
590 1.79771016512604
591 1.75260610046822
592 1.70633064036255
593 1.65909252235589
594 1.61110794022561
595 1.5625995952787
596 1.51379570342348
597 1.46492896223755
598 1.41623548250634
599 1.36795368893838
600 1.32032319497594
601 1.27358365681096
602 1.22797361188518
603 1.2
604 1.2
605 1.2
606 1.2
607 1.2
608 1.2
609 1.2
610 1.2
611 1.2
612 1.2
613 1.2
614 1.2
615 1.2
616 1.2
617 1.2
618 1.2
619 1.2
620 1.20276106882063
621 1.208218957675
622 1.21626133038937
623 1.22677700196414
624 1.23965684323421
625 1.25479442881544
626 1.27208648786125
627 1.29143320386022
628 1.31273839935613
629 1.33590963341769
630 1.36085285813362
631 1.38746696387984
632 1.41564298985673
633 1.44526383940724
634 1.47620431685595
635 1.50833139687173
636 1.54150465760093
637 1.5755768246992
638 1.6103943858323
639 1.64579824494996
640 1.68162440370229
641 1.71770467424185
642 1.75386742534155
643 1.78993835815529
644 1.82574130784228
645 1.86109906712843
646 1.89583422769452
647 1.92977003512156
648 1.96273125302252
649 1.99454503195935
650 2.02504177876799
651 2.05405602194338
652 2.08142726875067
653 2.10700084974208
654 2.13062874638233
655 2.15217039752303
656 2.17149348051971
657 2.1884746628564
658 2.20300032023317
659 2.21496721718241
660 2.2242831464097
661 2.23086752320581
662 2.23465193144572
663 2.23558061787923
664 2.23361093162518
665 2.22871370600532
666 2.22087358009612
667 2.21008925763349
668 2.1963737011783
669 2.179754259736
670 2.16027272832274
671 2.13798533827986
672 2.11296267745868
673 2.08528953972576
674 2.05506470357412
675 2.02240063996698
676 1.9874231498852
677 1.95027093239699
678 1.91109508441603
679 1.87005853366124
680 1.82733540667529
681 1.78311033409883
682 1.73757769573094
683 1.690940808232
684 1.64341105864162
685 1.59520698718928
686 1.54655332316761
687 1.4976799779164
688 1.44882099922719
689 1.40021349172317
690 1.35209650799488
691 1.30470991547771
692 1.25829324424168
693 1.21308452102548
694 1.2
695 1.2
696 1.2
697 1.2
698 1.2
699 1.2
700 1.2
701 1.2
702 1.2
703 1.2
704 1.2
705 1.2
706 1.2
707 1.2
708 1.2
709 1.2
710 1.20088364883325
711 1.20453987051852
712 1.21085618930538
713 1.21972049865776
714 1.23102217855372
715 1.24465290711928
716 1.26050723703718
717 1.27848299145921
718 1.29848152191954
719 1.32040786122498
720 1.34416907658919
721 1.36966882578484
722 1.39680339302409
723 1.42546111351803
724 1.45552219619602
725 1.48685883834201
726 1.51933554985947
727 1.55280962368077
728 1.58713170358186
729 1.62214641220869
730 1.65769301449849
731 1.69360610946511
732 1.72971635404046
733 1.76585121907946
734 1.8018357737569
735 1.83749349452876
736 1.87264709466991
737 1.9071193702244
738 1.94073405806373
739 1.97331670167123
740 2.00469552025825
741 2.03470227684427
742 2.06317314095765
743 2.08994954162741
744 2.11487900635302
745 2.13781598176738
746 2.15862263175066
747 2.17716960881219
748 2.19333679463499
749 2.20701400577469
750 2.21810166062157
751 2.2265114038713
752 2.23216668490688
753 2.23500328667007
754 2.2349698017955
755 2.23202805299365
756 2.22615345489894
757 2.21733531484628
758 2.20557707030145
759 2.1908964609478
760 2.17332563372183
761 2.15291117939252
762 2.12971409959259
763 2.10380970353254
764 2.07528743395874
765 2.04425062225455
766 2.01081617292517
767 1.97511417805303
768 1.9372874626575
769 1.89749106224057
770 1.85589163414587
771 1.81266680470122
772 1.76800445445236
773 1.72210194412698
774 1.67516528429024
775 1.62740825196606
776 1.579051457799
777 1.53032136761947
778 1.48144928254727
779 1.43267028202523
780 1.38422213441268
781 1.336344179988
782 1.28927619140781
783 1.24325721684714
784 1.2
785 1.2
786 1.2
787 1.2
788 1.2
789 1.2
790 1.2
791 1.2
792 1.2
793 1.2
794 1.2
795 1.2
796 1.2
797 1.2
798 1.2
799 1.2
800 1.26149770734381
801 1.28834185331741
802 1.3179204242973
803 1.35012085187233
804 1.38483137462383
805 1.42194203822777
806 1.46134541679784
807 1.50293711991298
808 1.54661613538989
809 1.5922850466632
810 1.63973043041503
811 1.68868619908003
812 1.73893037127508
813 1.79023268847295
814 1.84235569909512
815 1.89505580086847
816 1.94808423584288
817 2.00118803407292
818 2.05411090335229
819 2.10659406355964
820 2.15837725822379
821 2.20920006160632
822 2.25880321334338
823 2.30692989333826
824 2.35332700412961
825 2.39774645241717
826 2.43994642218209
827 2.4796926325641
828 2.51675957435419
829 2.55093171962987
830 2.5820046992449
831 2.60978644234055
832 2.63409827166364
833 2.65477594867258
834 2.67167066267353
835 2.68464995841838
836 2.69359859682133
837 2.69841934370966
838 2.69903368181242
839 2.69538244150541
840 2.68742634616775
841 2.6751464683651
842 2.65854459345599
843 2.63764348762155
844 2.61248706774201
845 2.58314047098524
846 2.54969002242986
847 2.51224309951801
848 2.47092789261655
849 2.42589306145996
850 2.37730728774984
851 2.3253587246933
852 2.27025434477251
853 2.21221918754864
854 2.15149550981213
855 2.08834184089556
856 2.023031946463
857 1.95585370457775
858 1.88710789832647
859 1.81710692973937
860 1.7461734601915
861 1.67463898289521
862 1.6028423334988
863 1.53112814518642
864 1.45984525502883
865 1.38934506866152
866 1.31997989066272
867 1.25210122826922
868 1.2
869 1.2
870 1.2
871 1.2
872 1.2
873 1.2
874 1.2
875 1.2
876 1.2
877 1.2
878 1.2
879 1.2
880 1.2
881 1.2
882 1.2
883 1.2
884 1.2
885 1.20135148524631
886 1.20664519878886
887 1.2157182959173
888 1.22840924508292
889 1.24455923532474
890 1.26401318948222
891 1.28662047440371
892 1.31223537899895
893 1.34071741513317
894 1.37193148402313
895 1.40574531010544
896 1.44202166368399
897 1.48061286083772
898 1.52135995132627
899 1.5640924717994
900 1.60862861296902
901 1.65477568365239
902 1.70233078144898
903 1.75108160084679
904 1.80080732600604
905 1.8512795734392
906 1.90226337512094
907 1.95351820718862
908 2.00479906418818
909 2.05585757348827
910 2.10644314440727
911 2.15630414637266
912 2.20518911018587
913 2.2528479462713
914 2.29903317368188
915 2.34350115362051
916 2.38601332127533
917 2.42633740980291
918 2.46424866031346
919 2.49953101173691
920 2.53197826448966
921 2.5613952119234
922 2.58759873362257
923 2.6104188447284
924 2.62969969560612
925 2.64530051633897
926 2.65709650072842
927 2.66497962470293
928 2.66885939428892
929 2.66866351857448
930 2.6643385034
931 2.6558501618371
932 2.64318403786878
933 2.62634574005641
934 2.60536118237323
935 2.58027672979606
936 2.55115924667718
937 2.51809604636284
938 2.48119474098358
939 2.44058299081114
940 2.39640815305559
941 2.3488368304624
942 2.29805432055968
943 2.24426396689894
944 2.18768641412607
945 2.12855876920987
946 2.06713367164158
947 2.00367827589819
948 1.93847314993115
949 1.87181109390008
950 1.80399588381385
951 1.73534094516781
952 1.66616796207361
953 1.59680542776395
954 1.52758714271767
955 1.45885066698789
956 1.390935733626
957 1.32418263037493
958 1.25893055705482
959 1.2
960 1.2
961 1.2
962 1.2
963 1.2
964 1.2
965 1.2
966 1.2
967 1.2
968 1.2
969 1.2
970 1.2
971 1.2
972 1.2
973 1.2
974 1.2
975 1.2
976 1.20275107269024
977 1.20937668713441
978 1.21971713045243
979 1.23361388970009
980 1.25091105597968
981 1.27145633645752
982 1.29510176496093
983 1.32170418158825
984 1.3511255360096
985 1.3832330568727
986 1.41789396436073
987 1.45496773336463
988 1.49430299758257
989 1.53573696413374
990 1.57909533232056
991 1.62419257943589
992 1.6708325075754
993 1.71880896978841
994 1.76790671300257
995 1.81790229010683
996 1.8685650156836
997 1.91965796439915
998 1.9709390158872
999 2.02216194326277
1000 2.0730775399072
1001 2.12343477901282
1002 2.17298200012999
1003 2.22146811672296
1004 2.26864383857319
1005 2.31426290279655
1006 2.35808330725213
1007 2.39986854016057
1008 2.43938879977638
1009 2.47642219797761
1010 2.51075594166584
1011 2.54218748591622
1012 2.570525652887
1013 2.59559171059111
1014 2.61722040575314
1015 2.63526094512316
1016 2.64957791979565
1017 2.66005216728669
1018 2.66658156635521
1019 2.66908175981438
1020 2.66748680086472
1021 2.66174971879287
1022 2.65184300021492
1023 2.63775898240252
1024 2.61951015560962
1025 2.59712937171825
1026 2.57066995694012
1027 2.54020572674567
1028 2.50583090164218
1029 2.46765992288473
1030 2.42582716767689
1031 2.38048656389938
1032 2.33181110489272
1033 2.27999226531158
1034 2.22523931956167
1035 2.1677785648227
1036 2.10785245115041
1037 2.04571862163429
1038 1.98164886606384
1039 1.91592799202143
1040 1.84885261777277
1041 1.78072989176339
1042 1.71187614394996
1043 1.64261547459513
1044 1.57327828653362
1045 1.50419976727118
1046 1.43571832760638
1047 1.36817400376561
1048 1.3019068303116
1049 1.23725519132479
1050 1.2
1051 1.2
1052 1.2
1053 1.2
1054 1.2
1055 1.2
1056 1.2
1057 1.2
1058 1.2
1059 1.2
1060 1.2
1061 1.2
1062 1.2
1063 1.2
1064 1.2
1065 1.2
1066 1.20008475062542
1067 1.20414940656363
1068 1.21203465637841
1069 1.22358114014585
1070 1.23863118629571
1071 1.2570300800304
1072 1.27862697100265
1073 1.30327550392813
1074 1.33083423711914
1075 1.36116689937773
1076 1.39414235936895
1077 1.42962691388541
1078 1.46747669071578
1079 1.50753665229273
1080 1.5496402115355
1081 1.59360929856539
1082 1.63925475322161
1083 1.68637694676999
1084 1.73476655852649
1085 1.78420545061049
1086 1.83446759804824
1087 1.88532005723858
1088 1.93652397911533
1089 1.9878356695131
1090 2.03900769139225
1091 2.08979000355604
1092 2.13993113027925
1093 2.18917935600687
1094 2.23728393905808
1095 2.28399633813019
1096 2.32907144535787
1097 2.37226881971791
1098 2.41335391461124
1099 2.45209929347343
1100 2.48828582728414
1101 2.52170386788
1102 2.55215439102907
1103 2.57945010330206
1104 2.60341650687714
1105 2.62389291654478
1106 2.64073342333665
1107 2.65380779938863
1108 2.6630023388621
1109 2.66822062998977
1110 2.66938425358071
1111 2.66643340361418
1112 2.65932742587166
1113 2.6480452708997
1114 2.63258585796274
1115 2.61296834703168
1116 2.58923231626078
1117 2.56143784282968
1118 2.52966548546764
1119 2.49401616743122
1120 2.45461095917315
1121 2.41159076041606
1122 2.36511588182906
1123 2.3153655269943
1124 2.26253717584342
1125 2.20684587123742
1126 2.14852341085544
1127 2.08781744704583
1128 2.02499049777496
1129 1.96031887228185
1130 1.89409151550873
1131 1.82660877582575
1132 1.75818110100029
1133 1.68912766777554
1134 1.61977495081648
1135 1.55045523715243
1136 1.48150509259129
1137 1.41326378690027
1138 1.34607168483832
1139 1.28026861038589
1140 1.2161921917457
1141 1.2
1142 1.2
1143 1.2
1144 1.2
1145 1.2
1146 1.2
1147 1.2
1148 1.2
1149 1.2
1150 1.2
1151 1.2
1152 1.2
1153 1.2
1154 1.2
1155 1.2
1156 1.2
1157 1.2014077728667
1158 1.20674358732291
1159 1.21584782003705
1160 1.22856144456705
1161 1.24472759732466
1162 1.26419271427102
1163 1.28680733730232
1164 1.31242666721028
1165 1.340910922917
1166 1.3721255533072
1167 1.40593859689979
1168 1.4422129558512
1169 1.48080103092618
1170 1.52154392869554
1171 1.56427122746589
1172 1.60880115258556
1173 1.65494104546196
1174 1.70248803707237
1175 1.7512298574853
1176 1.8009457291467
1177 1.85140730971378
1178 1.90237967538371
1179 1.95362234981176
1180 2.00489037846121
1181 2.05593544303248
1182 2.10650701053224
1183 2.15635351131352
1184 2.20522354016954
1185 2.25286707436818
1186 2.2990367024074
1187 2.34348885725796
1188 2.3859850478971
1189 2.4262930829711
1190 2.46418828044399
1191 2.49945465711389
1192 2.53188609191884
1193 2.5612874570158
1194 2.58747571070137
1195 2.61028094635391
1196 2.62954739171579
1197 2.64513435300126
1198 2.65691709851116
1199 2.66478767665897
1200 2.66865566356345
