1 2
2 2
3 2
4 2
5 2
6 2
7 2
8 2
9 2
10 2
11 2
12 2
13 2
14 2
15 2
16 2
17 2
18 2
19 2
20 2
21 2
22 2
23 2
24 2
25 2
26 2
27 2
28 2
29 2
30 2.25
31 2.27376
32 2.29776
33 2.32176
34 2.34576
35 2.36976
36 2.39376
37 2.41776
38 2.44176
39 2.46576
40 2.48877787203
41 2.51000426361963
42 2.52956880849979
43 2.54756689867521
44 2.56406906411051
45 2.57912665252773
46 2.59277624547766
47 2.60504308962372
48 2.61594376134916
49 2.6254882345638
50 2.63368534231681
51 2.64055001106136
52 2.64610488305543
53 2.65037846087366
54 2.65340381235242
55 2.65521766669007
56 2.65585978819658
57 2.65537254537253
58 2.6538006159484
59 2.6511907853383
60 2.64759179308827
61 2.6430541713943
62 2.63763004555688
63 2.63137290500446
64 2.6243373618728
65 2.61657890743272
66 2.60815367231204
67 2.59911819366372
68 2.58952919068591
69 2.57944334885178
70 2.56891711267567
71 2.55800648678084
72 2.54676684529553
73 2.53525274988695
74 2.52351777687541
75 2.51161435387809
76 2.49959360637791
77 2.48750521453415
78 2.47539728046934
79 2.46331620619153
80 2.45130658224704
81 2.43941108714533
82 2.42767039755283
83 2.41612310921167
84 2.40480566850112
85 2.39375231452169
86 2.38299503154653
87 2.3725635116493
88 2.36248512728556
89 2.35278491357346
90 2.34348555999137
91 2.33460741118379
92 2.32616847654296
93 2.31818444821244
94 2.31066872713897
95 2.30363245678266
96 2.29708456407971
97 2.29103180723995
98 2.28547882994997
99 2.28042822154447
100 2.2758805827016
101 2.27183459621321
102 2.26828710237833
103 2.26523317856709
104 2.26266622250298
105 2.26057803881399
106 2.25895892840701
107 2.25779778022581
108 2.25708216495961
109 2.25679843027814
110 2.25693179717844
111 2.25746645703996
112 2.25838566899643
113 2.25967185724615
114 2.26130670793646
115 2.26327126527309
116 2.26554602652072
117 2.26811103557764
118 2.27094597482427
119 2.27403025496284
120 2.27734310258348
121 2.28086364521019
122 2.28457099359885
123 2.28844432107779
124 2.29246293974081
125 2.29660637332077
126 2.30085442659114
127 2.30518725116138
128 2.30958540755047
129 2.31402992344142
130 2.31850234803728
131 2.32298480245686
132 2.32746002612573
133 2.33191141913452
134 2.3363230805529
135 2.34067984270335
136 2.34496730141378
137 2.34917184228254
138 2.35328066300326
139 2.35728179180988
140 2.36116410211482
141 2.36491732342483
142 2.36853204862996
143 2.37199973777123
144 2.37531271840218
145 2.37846418266772
146 2.381448181232
147 2.38425961419362
148 2.38689421913302
149 2.38934855644246
150 2.39161999209342
151 2.39370667800055
152 2.39560753014423
153 2.39732220461665
154 2.39885107175759
155 2.4001951885478
156 2.40135626942768
157 2.40233665570923
158 2.403139283748
159 2.40376765204065
160 2.40422578741138
161 2.40451821044828
162 2.40464990034716
163 2.40462625931734
164 2.40445307669942
165 2.40413649294088
166 2.40368296357056
167 2.40309922330777
168 2.40239225043627
169 2.40156923156781
170 2.40063752691368
171 2.39960463617639
172 2.39847816516741
173 2.39726579325007
174 2.39597524170002
175 2.39461424306884
176 2.39319051162943
177 2.39171171497485
178 2.39018544683537
179 2.38861920117134
180 2.38702034759287
181 2.38539610815012
182 2.38375353553141
183 2.38209949269972
184 2.38044063399138
185 2.37878338769468
186 2.37713394011972
187 2.37549822116467
188 2.37388189137809
189 2.3722903305111
190 2.37072862754785
191 2.36920157219762
192 2.36771364782699
193 2.36626902580586
194 2.36487156123677
195 2.36352479003278
196 2.36223192730549
197 2.36099586702123
198 2.35981918288007
199 2.35870413036955
200 2.35765264994227
201 2.3566663712641
202 2.35574661847768
203 2.35489441642424
204 2.35411049776495
205 2.35339531094209
206 2.35274902891915
207 2.35217155863841
208 2.35166255113388
209 2.3512214122376
210 2.35084731381714
211 2.35053920548233
212 2.35029582670006
213 2.35011571925646
214 2.34999724000661
215 2.34993857385345
216 2.34993774689828
217 2.34999263970723
218 2.35010100063929
219 2.35026045918346
220 2.35046853925451
221 2.35072267239857
222 2.35102021086234
223 2.35135844048142
224 2.35173459334599
225 2.35214586020432
226 2.35258940256675
227 2.35306236447578
228 2.35356188391004
229 2.35408510379259
230 2.35462918257662
231 2.35519130438416
232 2.35576868867599
233 2.35635859943353
234 2.35695835383593
235 2.35756533041836
236 2.35817697669956
237 2.35879081626966
238 2.35940445533103
239 2.36001558868794
240 2.3606220051824
241 2.36122159257619
242 2.36181234188087
243 2.36239235113987
244 2.36295982866837
245 2.36351309575878
246 2.36405058886103
247 2.36457086124906
248 2.36507258418575
249 2.36555454760049
250 2.3660156602947
251 2.3664549496918
252 2.36687156114934
253 2.3672647568519
254 2.36763391430436
255 2.3679785244459
256 2.36829818940567
257 2.3685926199218
258 2.36886163244587
259 2.3691051459552
260 2.36932317849576
261 2.36951584347858
262 2.36968334575275
263 2.36982597747782
264 2.36994411381875
265 2.37003820848594
266 2.37010878914301
267 2.37015645270432
268 2.37018186054414
269 2.37018573363869
270 2.37016884766181
271 2.37013202805456
272 2.37007614508806
273 2.37000210893873
274 2.36991086479372
275 2.36980338800413
276 2.36968067930233
277 2.36954376009923
278 2.36939366787611
279 2.36923145168507
280 2.36905816777093
281 2.36887487532675
282 2.36868263239397
283 2.36848249191732
284 2.36827549796378
285 2.36806268211369
286 2.36784506003136
287 2.36762362822154
288 2.36739936097714
289 2.36717320752258
290 2.36694608935652
291 2.36671889779662
292 2.36649249172801
293 2.36626769555679
294 2.36604529736839
295 2.36582604729053
296 2.36561065605923
297 2.36539979378589
298 2.36519408892277
299 2.36499412742338
300 2.36480045209384
301 2.36461356213072
302 2.36443391284004
303 2.36426191553217
304 2.36409793758625
305 2.36394230267786
306 2.36379529116302
307 2.36365714061138
308 2.36352804648107
309 2.36340816292744
310 2.36329760373787
311 2.36319644338434
312 2.36310471818552
313 2.36302242757005
314 2.36294953543249
315 2.36288597157335
316 2.36283163321482
317 2.36278638658365
318 2.36275006855276
319 2.36272248833314
320 2.36270342920806
321 2.3626926503012
322 2.36268988837106
323 2.36269485962372
324 2.36270726153658
325 2.36272677468573
326 2.36275306456998
327 2.36278578342471
328 2.36282457201925
329 2.36286906143141
330 2.36291887479345
331 2.36297362900392
332 2.36303293640019
333 2.36309640638676
334 2.3631636470149
335 2.36323426650938
336 2.36330787473856
337 2.36338408462432
338 2.36346251348873
339 2.36354278433475
340 2.36362452705848
341 2.36370737959099
342 2.36379098896794
343 2.36387501232564
344 2.36395911782247
345 2.36404298548504
346 2.36412630797843
347 2.36420879130066
348 2.36429015540136
349 2.36437013472517
350 2.36444847868059
351 2.36452495203522
352 2.36459933523861
353 2.36467142467418
354 2.36474103284182
355 2.36480798847307
356 2.36487213658091
357 2.36493333844636
358 2.36499147154423
359 2.36504642941063
360 2.36509812145477
361 2.36514647271784
362 2.36519142358187
363 2.36523292943143
364 2.36527096027119
365 2.36530550030247
366 2.3653365474618
367 2.36536411292461
368 2.36538822057732
369 2.36540890646085
370 2.36542621818875
371 2.36544021434307
372 2.36545096385111
373 2.36545854534598
374 2.3654630465141
375 2.36546456343252
376 2.36546319989889
377 2.36545906675704
378 2.36545228122059
379 2.36544296619754
380 2.36543124961807
381 2.36541726376811
382 2.36540114463102
383 2.36538303123937
384 2.36536306503915
385 2.36534138926809
386 2.36531814835016
387 2.36529348730771
388 2.36526755119303
389 2.36524048454058
390 2.36521243084131
391 2.36518353204019
392 2.36515392805802
393 2.3651237563384
394 2.36509315142068
395 2.36506224453948
396 2.36503116325147
397 2.36500003108954
398 2.36496896724498
399 2.3649380862776
400 2.1149380862776
401 2.06738789493737
402 2.01935819988734
403 1.97132909482341
404 1.92330066777963
405 1.87527300100429
406 1.82724617086219
407 1.77922024776284
408 1.73119529611363
409 1.68317137429735
410 1.63613054247631
411 1.59097545331603
412 1.54773888318736
413 1.50646077555853
414 1.4671837217116
415 1.42995181417951
416 1.39480977946535
417 1.3618023286719
418 1.33097367659415
419 1.30236719082053
420 1.27602128311899
421 1.2519628771234
422 1.23020572642648
423 1.21075205400911
424 1.2
425 1.2
426 1.2
427 1.2
428 1.2
429 1.2
430 1.2
431 1.2
432 1.2
433 1.20182648992181
434 1.20543360435508
435 1.21066521615749
436 1.2173535720956
437 1.22535867161306
438 1.23456255233221
439 1.24486485455181
440 1.25617934487736
441 1.26843118801023
442 1.28155480230712
443 1.2954849956237
444 1.31015058142376
445 1.32547620170341
446 1.34138422733101
447 1.35779623782416
448 1.37463405006347
449 1.3918204219449
450 1.40927952296109
451 1.42693723884066
452 1.44472135902048
453 1.46256171040418
454 1.48039030315408
455 1.49814150140671
456 1.51575220023139
457 1.53316199500385
458 1.55031333510255
459 1.56715165809458
460 1.5836255032402
461 1.59968660473669
462 1.61528996600824
463 1.63039391666831
464 1.64496015357661
465 1.65895376697562
466 1.67234325237183
467 1.68510050869244
468 1.69720082322453
469 1.70862284387304
470 1.71934853932025
471 1.72936314771465
472 1.73865511455142
473 1.74721602042815
474 1.75504049936936
475 1.7621261484159
476 1.76847342917492
477 1.77408556202386
478 1.77896841365895
479 1.78313037867476
480 1.78658225585595
481 1.78933711985525
482 1.79141018892283
483 1.7928186893412
484 1.79358171720676
485 1.79372009818457
486 1.79325624584635
487 1.79221401918367
488 1.79061857986889
489 1.78849624981562
490 1.78587436956839
491 1.78278115802829
492 1.77924557399699
493 1.77529717999692
494 1.77096600879937
495 1.76628243306614
496 1.76127703848337
497 1.75598050073896
498 1.7504234666674
499 1.74463643985804
500 1.73864967099512
501 1.73249305316984
502 1.72619602237738
503 1.71978746338414
504 1.71329562112334
505 1.70674801775052
506 1.70017137546429
507 1.69359154517177
508 1.68703344105354
509 1.68052098105834
510 1.6740770333345
511 1.66772336858211
512 1.66148061828867
513 1.65536823878956
514 1.64940448107528
515 1.64360636624856
516 1.63798966651631
517 1.6325688915853
518 1.62735728031442
519 1.62236679746223
520 1.61760813535505
521 1.61309072028886
522 1.60882272346717
523 1.60481107626713
524 1.60106148961774
525 1.59757847726604
526 1.59436538270108
527 1.59142440949994
528 1.58875665485586
529 1.58636214604546
530 1.5842398795896
531 1.58238786286167
532 1.58080315789649
533 1.57948192715417
534 1.5784194809946
535 1.57761032662089
536 1.57704821825349
537 1.57672620830072
538 1.57663669929623
539 1.57677149637961
540 1.57712186010241
541 1.57767855934867
542 1.57843192416615
543 1.57937189831274
544 1.58048809133019
545 1.58176982996642
546 1.58320620877649
547 1.58478613974169
548 1.58649840075574
549 1.58833168283702
550 1.5902746359356
551 1.59231591321409
552 1.59444421369128
553 1.59664832314817
554 1.59891715320582
555 1.60123977849485
556 1.60360547184675
557 1.60600373744665
558 1.60842434189767
559 1.61085734315639
560 1.61329311730835
561 1.61572238316216
562 1.61813622464944
563 1.62052611102674
564 1.62288391488401
565 1.62520192797214
566 1.62747287487007
567 1.62968992451921
568 1.6318466996599
569 1.63393728421148
570 1.63595622864341
571 1.63789855339121
572 1.63975975037578
573 1.64153578269024
574 1.64322308252251
575 1.64481854738644
576 1.64631953473745
577 1.64772385505257
578 1.64902976345711
579 1.65023594998294
580 1.65134152854523
581 1.65234602472634
582 1.65324936245658
583 1.65405184968252
584 1.65475416311404
585 1.65535733214146
586 1.65586272201369
587 1.65627201636803
588 1.65658719920119
589 1.65681053637
590 1.65694455670878
591 1.65699203284862
592 1.6569559618217
593 1.65683954553185
594 1.65664617116953
595 1.65637939164741
596 1.6560429061293
597 1.6556405407225
598 1.65517622940023
599 1.65465399521774
600 1.65407793188193
601 1.65345218573118
602 1.65278093817801
603 1.65206838866393
604 1.65131873817187
605 1.65053617333782
606 1.64972485119959
607 1.64888888461687
608 1.64803232839273
609 1.64715916612325
610 1.64627329779814
611 1.64537852817139
612 1.64447855591763
613 1.64357696358616
614 1.64267720836132
615 1.64178261363434
616 1.64089636138873
617 1.64002148539794
618 1.63916086523129
619 1.63831722106093
620 1.63749310926009
621 1.63669091878019
622 1.63591286829175
623 1.63516100407209
624 1.63443719862005
625 1.6337431499766
626 1.63308038172775
627 1.63245024366483
628 1.6318539130755
629 1.63129239663749
630 1.63076653288578
631 1.63027699522291
632 1.62982429544115
633 1.62940878772445
634 1.62903067309746
635 1.62869000428855
636 1.62838669097315
637 1.62812050536385
638 1.62789108811335
639 1.62769795449662
640 1.62754050083867
641 1.6274180111547
642 1.62732966396985
643 1.6272745392862
644 1.62725162566541
645 1.62725982739608
646 1.62729797171558
647 1.62736481605737
648 1.62745905529527
649 1.62757932895778
650 1.62772422838614
651 1.62789230381136
652 1.62808207132642
653 1.62829201973131
654 1.62852061722967
655 1.62876631795738
656 1.6290275683245
657 1.62930281315365
658 1.62959050159911
659 1.62988909283231
660 1.63019706148101
661 1.6305129028106
662 1.63083513763746
663 1.63116231696575
664 1.63149302634028
665 1.63182588990943
666 1.63215957419353
667 1.63249279155527
668 1.63282430336996
669 1.63315292289477
670 1.63347751783714
671 1.63379701262376
672 1.63411039037249
673 1.63441669457075
674 1.63471503046486
675 1.63500456616556
676 1.6352845334761
677 1.63555422844995
678 1.63581301168581
679 1.63606030836863
680 1.63629560806574
681 1.63651846428773
682 1.63672849382456
683 1.63692537586754
684 1.63710885092834
685 1.63727871956662
686 1.63743484093799
687 1.63757713117451
688 1.63770556160986
689 1.63782015686159
690 1.63792099278299
691 1.63800819429699
692 1.63808193312467
693 1.63814242542072
694 1.63818992932826
695 1.63822474246511
696 1.6382471993536
697 1.63825766880558
698 1.63825655127418
699 1.6382442761835
700 1.63822129924717
701 1.63818809978612
702 1.63814517805598
703 1.63809305259349
704 1.63803225759152
705 1.63796334031139
706 1.63788685854083
707 1.63780337810568
708 1.63771347044251
709 1.6376177102392
710 1.63751667314992
711 1.63741093359018
712 1.63730106261764
713 1.63718762590316
714 1.63707118179679
715 1.63695227949217
716 1.63683145729288
717 1.63670924098345
718 1.63658614230727
719 1.63646265755335
720 1.63633926625314
721 1.63621642998833
722 1.63609459131002
723 1.63597417276934
724 1.63585557605897
725 1.63573918126474
726 1.63562534622622
727 1.63551440600449
728 1.63540667245538
729 1.63530243390577
730 1.63520195493047
731 1.63510547622678
732 1.63501321458364
733 1.63492536294202
734 1.63484209054296
735 1.6347635431595
736 1.63468984340857
737 1.63462109113858
738 1.63455736388877
739 1.63449871741564
740 1.63444518628221
741 1.6343967845055
742 1.63435350625771
743 1.63431532661642
744 1.63428220235925
745 1.63425407279828
746 1.63423086064975
747 1.63421247293429
748 1.63419880190332
749 1.63418972598712
750 1.63418511076016
751 1.63418480991948
752 1.6341886662719
753 1.63419651272607
754 1.63420817328543
755 1.63422346403822
756 1.63424219414107
757 1.63426416679258
758 1.63428918019361
759 1.6343170284912
760 1.63434750270311
761 1.63438039162019
762 1.63441548268413
763 1.63445256283796
764 1.63449141934728
765 1.63453184059016
766 1.6345736168138
767 1.63461654085644
768 1.63466040883295
769 1.63470502078296
770 1.63475018128042
771 1.63479570000366
772 1.63484139226531
773 1.63488707950157
774 1.6349325897204
775 1.63497775790854
776 1.63502242639728
777 1.63506644518709
778 1.63510967223149
779 1.63515197368052
780 1.63519322408434
781 1.63523330655778
782 1.63527211290647
783 1.63530954371573
784 1.63534550840295
785 1.63537992523491
786 1.63541272131101
787 1.63544383251387
788 1.63547320342867
789 1.63550078723258
790 1.63552654555596
791 1.63555044831671
792 1.63557247352952
793 1.63559260709159
794 1.63561084254653
795 1.63562718082806
796 1.63564162998529
797 1.63565420489129
798 1.63566492693663
799 1.63567382370955
800 1.76180092866458
801 1.77368628078119
802 1.78568992421412
803 1.79769190793707
804 1.80969228538132
805 1.82169111407075
806 1.83368845525486
807 1.84568437354129
808 1.85767893652904
809 1.86967221444396
810 1.88116881585941
811 1.89176093121191
812 1.90151476134237
813 1.91047911280682
814 1.91869015117146
815 1.92617428633324
816 1.93295041591666
817 1.93903166844094
818 1.94442675704637
819 1.94914103006813
820 1.95317923209825
821 1.95654915641087
822 1.95926246292039
823 1.961333740929
824 1.96277985549141
825 1.96361949169345
826 1.96387283935951
827 1.96356137650686
828 1.96270772149345
829 1.96133553232846
830 1.95946943018941
831 1.95713491891403
832 1.95435828527217
833 1.95116648439164
834 1.94758701892143
835 1.94364781712973
836 1.93937711293638
837 1.9348033294672
838 1.9299549668356
839 1.92486049432796
840 1.91954824690122
841 1.91404632587065
842 1.90838250379831
843 1.90258413373514
844 1.89667806303699
845 1.89069055197852
846 1.88464719736146
847 1.87857286127433
848 1.87249160511892
849 1.86642662898147
850 1.86040021639352
851 1.85443368450158
852 1.84854733964127
853 1.84276043829199
854 1.83709115336849
855 1.83155654578719
856 1.82617254122722
857 1.82095391198844
858 1.81591426383291
859 1.81106602768028
860 1.80642045601397
861 1.80198762384158
862 1.7977764340413
863 1.79379462691541
864 1.79004879376227
865 1.78654439426983
866 1.78328577752631
867 1.78027620643732
868 1.77751788533346
869 1.77501199054823
870 1.77275870374277
871 1.77075724775174
872 1.76900592472337
873 1.7675021563262
874 1.7662425257956
875 1.76522282159461
876 1.76443808246545
877 1.76388264365135
878 1.76355018407167
879 1.76343377423794
880 1.763525924703
881 1.7638186348415
882 1.76430344176572
883 1.76497146918767
884 1.76581347604523
885 1.76681990471804
886 1.76798092866636
887 1.76928649933483
888 1.77072639217114
889 1.772290251619
890 1.77396763495329
891 1.77574805483493
892 1.77762102047188
893 1.77957607728264
894 1.7816028449674
895 1.7836910539021
896 1.78583057977972
897 1.78801147643252
898 1.79022400677839
899 1.79245867184353
900 1.79470623782265
901 1.79695776114677
902 1.79920461153725
903 1.8014384930331
904 1.80365146298673
905 1.80583594903099
906 1.8079847640282
907 1.81009111901873
908 1.81214863419384
909 1.81415134792387
910 1.81609372387919
911 1.81797065628705
912 1.81977747337282
913 1.82150993903952
914 1.82316425284367
915 1.82473704833033
916 1.82622538979364
917 1.82762676753294
918 1.82893909167757
919 1.83016068465602
920 1.83129027238777
921 1.83232697427766
922 1.83327029209466
923 1.83412009781768
924 1.83487662053232
925 1.83554043246263
926 1.83611243422237
927 1.83659383936988
928 1.83698615835044
929 1.83729118190904
930 1.83751096405551
931 1.83764780466267
932 1.8377042317765
933 1.83768298371563
934 1.83758699103526
935 1.8374193584285
936 1.83718334663568
937 1.83688235442939
938 1.8365199007405
939 1.83609960698722
940 1.83562517966649
941 1.83510039326347
942 1.83452907353215
943 1.83391508119614
944 1.83326229611593
945 1.83257460196504
946 1.83185587145404
947 1.83110995213828
948 1.83034065284115
949 1.82955173072151
950 1.82874687901051
951 1.82792971543926
952 1.82710377137576
953 1.82627248168594
954 1.82543917533042
955 1.82460706670547
956 1.82377924773351
957 1.82295868070538
958 1.82214819187386
959 1.82135046579488
960 1.82056804041047
961 1.81980330286466
962 1.81905848604122
963 1.81833566580974
964 1.81763675896461
965 1.81696352183903
966 1.81631754957463
967 1.81570027602535
968 1.81511297427269
969 1.8145567577279
970 1.81403258179551
971 1.81354124607122
972 1.81308339704634
973 1.81265953128998
974 1.81226999907944
975 1.81191500844868
976 1.81159462962432
977 1.81130879981812
978 1.81105732834496
979 1.81083990203488
980 1.81065609090824
981 1.81050535408267
982 1.81038704588135
983 1.81030042211197
984 1.81024464648653
985 1.81021879715265
986 1.81022187330768
987 1.81025280186753
988 1.81031044416327
989 1.81039360263911
990 1.81050102752643
991 1.81063142346981
992 1.81078345608154
993 1.81095575840279
994 1.81114693725041
995 1.81135557942961
996 1.8115802577941
997 1.81181953713639
998 1.81207197989233
999 1.81233615164519
1000 1.81261062641588
1001 1.81289399172722
1002 1.81318485343157
1003 1.81348184029205
1004 1.81378360830949
1005 1.81408884478781
1006 1.81439627213234
1007 1.81470465137633
1008 1.81501278543266
1009 1.81531952206823
1010 1.81562375660026
1011 1.81592443431438
1012 1.81622055260574
1013 1.8165111628451
1014 1.81679537197308
1015 1.81707234382645
1016 1.81734130020134
1017 1.81760152165903
1018 1.81785234808067
1019 1.81809317897812
1020 1.81832347356863
1021 1.81854275062183
1022 1.81875058808784
1023 1.81894662251605
1024 1.81913054827434
1025 1.81930211657915
1026 1.81946113434679
1027 1.81960746287706
1028 1.81974101638026
1029 1.81986176035877
1030 1.8199697098548
1031 1.8200649275757
1032 1.82014752190845
1033 1.82021764483489
1034 1.82027548975913
1035 1.82032128925858
1036 1.82035531276994
1037 1.82037786422114
1038 1.82038927962021
1039 1.82038992461178
1040 1.82038019201147
1041 1.82036049932851
1042 1.82033128628603
1043 1.8202930123488
1044 1.82024615426722
1045 1.82019120364625
1046 1.82012866454771
1047 1.82005905113349
1048 1.81998288535723
1049 1.81990069471139
1050 1.81981301003609
1051 1.81972036339568
1052 1.81962328602875
1053 1.81952230637638
1054 1.81941794819334
1055 1.81931072874621
1056 1.81920115710218
1057 1.8190897325114
1058 1.81897694288587
1059 1.81886326337668
1060 1.81874915505171
1061 1.81863506367488
1062 1.81852141858782
1063 1.81840863169456
1064 1.81829709654912
1065 1.81818718754577
1066 1.8180792592112
1067 1.81797364559758
1068 1.81787065977495
1069 1.81777059342144
1070 1.81767371650905
1071 1.81758027708281
1072 1.81749050113066
1073 1.81740459254121
1074 1.8173227331464
1075 1.81724508284564
1076 1.8171717798081
1077 1.81710294074944
1078 1.81703866127924
1079 1.81697901631525
1080 1.81692406056037
1081 1.81687382903834
1082 1.81682833768392
1083 1.81678758398336
1084 1.81675154766089
1085 1.81672019140693
1086 1.81669346164384
1087 1.81667128932474
1088 1.81665359076152
1089 1.81664026847742
1090 1.81663121208044
1091 1.81662629915329
1092 1.81662539615606
1093 1.81662835933763
1094 1.81663503565212
1095 1.81664526367678
1096 1.81665887452773
1097 1.81667569277019
1098 1.81669553732007
1099 1.81671822233366
1100 1.81674355808272
1101 1.816771351812
1102 1.81680140857677
1103 1.81683353205781
1104 1.8168675253517
1105 1.81690319173433
1106 1.81694033539566
1107 1.81697876214413
1108 1.81701828007908
1109 1.81705870022987
1110 1.81709983716053
1111 1.81714150953885
1112 1.81718354066919
1113 1.81722575898818
1114 1.81726799852294
1115 1.81731009931143
1116 1.81735190778468
1117 1.81739327711094
1118 1.81743406750175
1119 1.8174741464803
1120 1.81751338911237
1121 1.81755167820036
1122 1.81758890444103
1123 1.81762496654771
1124 1.81765977133785
1125 1.81769323378678
1126 1.81772527704873
1127 1.81775583244631
1128 1.81778483942958
1129 1.81781224550596
1130 1.81783800614236
1131 1.81786208464094
1132 1.81788445198987
1133 1.81790508669059
1134 1.81792397456313
1135 1.81794110853096
1136 1.81795648838699
1137 1.81797012054226
1138 1.81798201775892
1139 1.81799219886903
1140 1.81800068848087
1141 1.81800751667424
1142 1.81801271868627
1143 1.8180163345894
1144 1.81801840896292
1145 1.81801899055953
1146 1.81801813196853
1147 1.81801588927679
1148 1.81801232172905
1149 1.81800749138874
1150 1.8180014628007
1151 1.81799430265681
1152 1.81798607946593
1153 1.81797686322897
1154 1.81796672512042
1155 1.81795573717696
1156 1.81794397199441
1157 1.81793150243359
1158 1.81791840133605
1159 1.81790474125023
1160 1.81789059416881
1161 1.81787603127785
1162 1.81786112271804
1163 1.8178459373588
1164 1.81783054258533
1165 1.8178150040992
1166 1.81779938573247
1167 1.81778374927577
1168 1.81776815432035
1169 1.8177526581142
1170 1.81773731543232
1171 1.81772217846105
1172 1.81770729669635
1173 1.81769271685608
1174 1.81767848280582
1175 1.81766463549826
1176 1.81765121292574
1177 1.81763825008576
1178 1.81762577895894
1179 1.81761382849921
1180 1.81760242463583
1181 1.81759159028657
1182 1.81758134538196
1183 1.81757170689972
1184 1.8175626889092
1185 1.81755430262504
1186 1.81754655646972
1187 1.81753945614421
1188 1.81753300470644
1189 1.81752720265671
1190 1.81752204802969
1191 1.8175175364923
1192 1.81751366144693
1193 1.81751041413942
1194 1.81750778377116
1195 1.81750575761484
1196 1.81750432113318
1197 1.81750345810016
1198 1.81750315072408
1199 1.81750337977213
1200 1.81750412469575
