1 0.8
2 0.8
3 0.8
4 0.8
5 0.8
6 0.8
7 0.8
8 0.8
9 0.8
10 0.8
11 0.8
12 0.8
13 0.8
14 0.8
15 0.8
16 0.8
17 0.8
18 0.8
19 0.8
20 0.8
21 0.8
22 0.8
23 0.8
24 0.8
25 0.8
26 0.8
27 0.8
28 0.8
29 0.8
30 0.8
31 0.8
32 0.8
33 0.8
34 0.8
35 0.8
36 0.8
37 0.8
38 0.8
39 0.8
40 0.8
41 0.8
42 0.8
43 0.8
44 0.8
45 0.8
46 0.8
47 0.8
48 0.8
49 0.8
50 0.8
51 0.8
52 0.8
53 0.8
54 0.8
55 0.8
56 0.8
57 0.8
58 0.8
59 0.8
60 0.8
61 0.8
62 0.8
63 0.8
64 0.8
65 0.8
66 0.8
67 0.8
68 0.8
69 0.8
70 0.8
71 0.8
72 0.8
73 0.8
74 0.8
75 0.8
76 0.8
77 0.8
78 0.8
79 0.8
80 0.8
81 0.8
82 0.8
83 0.8
84 0.8
85 0.8
86 0.8
87 0.8
88 0.8
89 0.8
90 0.8
91 0.8
92 0.8
93 0.8
94 0.8
95 0.8
96 0.8
97 0.8
98 0.8
99 0.8
100 0.8
101 0.8
102 0.8
103 0.8
104 0.8
105 0.8
106 0.8
107 0.8
108 0.8
109 0.8
110 0.8
111 0.8
112 0.8
113 0.8
114 0.8
115 0.8
116 0.8
117 0.8
118 0.8
119 0.8
120 0.8
121 0.8
122 0.8
123 0.8
124 0.8
125 0.8
126 0.8
127 0.8
128 0.8
129 0.8
130 0.8
131 0.8
132 0.8
133 0.8
134 0.8
135 0.8
136 0.8
137 0.8
138 0.8
139 0.8
140 0.8
141 0.8
142 0.8
143 0.8
144 0.8
145 0.8
146 0.8
147 0.8
148 0.8
149 0.8
150 0.8
151 0.8
152 0.8
153 0.8
154 0.8
155 0.8
156 0.8
157 0.8
158 0.8
159 0.8
160 0.8
161 0.8
162 0.8
163 0.8
164 0.8
165 0.8
166 0.8
167 0.8
168 0.8
169 0.8
170 0.8
171 0.8
172 0.8
173 0.8
174 0.8
175 0.8
176 0.8
177 0.8
178 0.8
179 0.8
180 0.8
181 0.8
182 0.8
183 0.8
184 0.8
185 0.8
186 0.8
187 0.8
188 0.8
189 0.8
190 0.8
191 0.8
192 0.8
193 0.8
194 0.8
195 0.8
196 0.8
197 0.8
198 0.8
199 0.8
200 0.8
201 0.8
202 0.8
203 0.8
204 0.8
205 0.8
206 0.8
207 0.8
208 0.8
209 0.8
210 0.8
211 0.800778725
212 0.80360926925
213 0.809412565748
214 0.818215714898255
215 0.829286889816548
216 0.841918473471702
217 0.85556936539215
218 0.869827678611113
219 0.884381706727413
220 0.89899733176974
221 0.913500447983848
222 0.927763291690398
223 0.941693812748994
224 0.955227414305679
225 0.968048060471646
226 0.979470106410995
227 0.988816614838947
228 0.995735704069976
229 1.00025475663614
230 1.00269875917384
231 1.00355997533407
232 1.00337247202598
233 1.00261840555419
234 1.00167403663508
235 1.00079170733549
236 1.00010823401399
237 0.999668735849227
238 0.999456202962542
239 0.999419718354304
240 0.999497148318143
241 0.999630652451766
242 0.999775218092691
243 0.99990152922223
244 0.99999493210978
245 1.00005223370358
246 1.0000777547366
247 1.00007962433193
248 1.00006686915926
249 1.00004749225962
250 1.0000274865601
251 1.00001058660701
252 0.99999851079299
253 0.999991458570847
254 0.99998867560852
255 0.999988961776974
256 0.999991056157682
257 0.999993880619584
258 0.999996655405212
259 0.999998917134271
260 1.00000047461365
261 1.00000133469887
262 1.00000162293673
263 1.00000151486557
264 1.00000118572704
265 1.00000078007756
266 1.00000039873536
267 1.00000009849346
268 0.999999899609895
269 0.999999796701583
270 0.999999769802126
271 0.99999979359375
272 0.999999843926986
273 0.999999901563628
274 0.999999953587357
275 0.999999993157043
276 1.00000001829981
277 1.00000003033298
278 1.00000003233613
279 1.00000002791939
280 1.00000002038558
281 1.00000001227653
282 1.00000000523097
283 1.00000000005565
284 0.999999996913346
285 0.99999999554865
286 0.999999995497515
287 0.999999996250379
288 0.999999997358842
289 0.999999998489581
290 0.999999999436959
291 1.00000000010842
292 1.00000000049599
293 1.00000000064423
294 1.00000000062182
295 1.0000000005
296 1.00000000033922
297 1.00000000018285
298 1.00000000005636
299 0.999999999969992
300 0.999999999922935
301 0.999999999907868
302 0.999999999914787
303 0.999999999933809
304 0.999999999956847
305 0.999999999978304
306 0.99999999999507
307 1.00000000000608
308 1.00000000001168
309 1.00000000001304
310 1.00000000001159
311 1.0000000000087
312 1.00000000000543
313 1.00000000000251
314 1.0000000000003
315 0.999999999998914
316 0.999999999998262
317 0.999999999998169
318 0.999999999998432
319 0.999999999998863
320 0.999999999999321
321 0.999999999999716
322 1
323 1.00000000000018
324 1.00000000000025
325 1.00000000000025
326 1.00000000000021
327 1.00000000000014
328 1.00000000000008
329 1.00000000000003
330 0.99999999999999
331 0.999999999999969
332 0.999999999999961
333 0.999999999999963
334 0.99999999999997
335 0.999999999999979
336 0.999999999999988
337 0.999999999999995
338 1
339 1
340 1
341 1
342 1
343 1
344 1
345 1
346 1
347 1
348 1
349 1
350 1
351 1
352 1
353 1
354 1
355 1
356 1
357 1
358 1
359 1
360 1
361 1
362 1
363 1
364 1
365 1
366 1
367 1
368 1
369 1
370 1
371 1
372 1
373 1
374 1
375 1
376 1
377 1
378 1
379 1
380 0.999999998100277
381 0.999999987765021
382 0.999999957780238
383 0.999999897332216
384 0.99999980518063
385 0.999999698584134
386 0.999999618856048
387 0.999999631896372
388 0.999999822844348
389 1.00000028464191
390 1.00000110133125
391 1.00000232881327
392 1.00000397892868
393 1.00000601394703
394 1.00000835510989
395 1.00001090181469
396 1.00001355244472
397 1.00001621900462
398 1.00001883269536
399 1.00002134154209
400 1.00002370329438
401 1.00002584081025
402 1.0000276040193
403 1.00002878617665
404 1.00002919216258
405 1.0000287141531
406 1.00002735858888
407 1.00002523456191
408 1.0000225227133
409 1.00001943758056
410 0.999237414302545
411 0.99640344955962
412 0.990596679039178
413 0.981167073799667
414 0.967938353969095
415 0.951574440754265
416 0.933064971117493
417 0.913166302833689
418 0.892453791999021
419 0.871362479693052
420 0.850218751680266
421 0.829264968200653
422 0.808678619367355
423 0.788587217763117
424 0.769079871930468
425 0.750216275776437
426 0.732033686369707
427 0.714552335998893
428 0.697779625741679
429 0.681713370978404
430 0.666344309450688
431 0.65165803586147
432 0.637761651003481
433 0.625169801220734
434 0.614603314667265
435 0.606528043970763
436 0.601021722557517
437 0.59782194671805
438 0.596451063124921
439 0.596351229478618
440 0.596993332581254
441 0.597945844510906
442 0.598904274141984
443 0.599689737577981
444 0.60022794288123
445 0.600519292184974
446 0.600608400140735
447 0.600558318209382
448 0.60043194611526
449 0.600280940547869
450 0.600141039262431
451 0.600032050295034
452 0.599960647557146
453 0.599924366876477
454 0.599915626061122
455 0.599925055494681
456 0.59994382908025
457 0.59996498280632
458 0.599983890072676
459 0.599998143312499
460 0.600007096527081
461 0.600011282012951
462 0.600011852359235
463 0.600010134810562
464 0.600007331181357
465 0.600004358087527
466 0.600001799910387
467 0.599999938176596
468 0.599998822072634
469 0.599998351579213
470 0.599998353770095
471 0.599998641689619
472 0.599999052434703
473 0.599999466019351
474 0.599999809322511
475 0.600000050319454
476 0.600000187435902
477 0.600000237803191
478 0.600000226892786
479 0.60000018079019
480 0.600000121411456
481 0.600000064333588
482 0.600000018584825
483 0.599999987657745
484 0.599999971086179
485 0.599999966088874
486 0.599999968967431
487 0.599999976112137
488 0.599999984595357
489 0.599999992411976
490 0.599999998464344
491 0.600000002395182
492 0.600000004357555
493 0.600000004786794
494 0.600000004213304
495 0.600000003132695
496 0.600000001933246
497 0.600000000870669
498 0.60000000007592
499 0.599999999581641
500 0.599999999355283
501 0.599999999330504
502 0.599999999432054
503 0.599999999592393
504 0.599999999760405
505 0.599999999903812
506 0.600000000007361
507 0.600000000068758
508 0.600000000093951
509 0.600000000092845
510 0.600000000076013
511 0.600000000052592
512 0.600000000029259
513 0.600000000010043
514 0.599999999996663
515 0.599999999989145
516 0.599999999986484
517 0.599999999987227
518 0.599999999989901
519 0.599999999993277
520 0.599999999996492
521 0.599999999999049
522 0.600000000000763
523 0.600000000001668
524 0.600000000001926
525 0.600000000001747
526 0.600000000001336
527 0.600000000000855
528 0.600000000000415
529 0.600000000000077
530 0.59999999999986
531 0.599999999999753
532 0.599999999999732
533 0.599999999999766
534 0.599999999999828
535 0.599999999999895
536 0.599999999999955
537 0.599999999999999
538 0.600000000000026
539 0.600000000000038
540 0.600000000000039
541 0.600000000000033
542 0.600000000000023
543 0.600000000000013
544 0.600000000000005
545 0.599999999999999
546 0.599999999999995
547 0.599999999999994
548 0.599999999999994
549 0.6
550 0.600000000000035
551 0.600000000000163
552 0.600000000000491
553 0.60000000000112
554 0.600000000002032
555 0.600000000002914
556 0.600000000002995
557 0.60000000000097
558 0.599999999995107
559 0.599999999983657
560 0.599999999965569
561 0.59999999994147
562 0.599999999914698
563 0.599999999892066
564 0.599999999884026
565 0.599999999903962
566 0.599999999966611
567 0.600000000085829
568 0.600000000272148
569 0.600000000530673
570 0.600000000859988
571 0.600000001252534
572 0.600000001696212
573 0.600000002176303
574 0.600000002676624
575 0.600000003179344
576 0.600000003663596
577 0.600000004103622
578 0.600000004467517
579 0.600000006617543
580 0.600000017049641
581 0.600000046941193
582 0.600000108599456
583 0.600000208215112
584 0.600000335336003
585 0.600000452656662
586 0.600000490674536
587 0.600000349632155
588 0.599999909759523
589 0.599999049430698
590 0.599997668733007
591 0.599995712501194
592 0.599993184987116
593 0.599990151242885
594 0.59998672498629
595 0.599983046740215
596 0.59997925930687
597 0.599975487738247
598 0.599971827456652
599 0.599968340541577
600 0.599965094903138
601 0.599962202810648
602 0.599959810441098
603 0.599958070045352
604 0.599957101722487
605 0.599956943549847
606 0.599957533721254
607 0.599958740392344
608 0.599960406624964
609 0.599962390373355
610 0.599964589379472
611 0.599966948118199
612 0.599969448965921
613 0.599972093268313
614 0.599974880231582
615 0.599977791320089
616 0.599980784437963
617 0.599983797762828
618 0.599986760033068
619 0.599989602976644
620 0.599992272070949
621 0.59999473323555
622 0.599996968805758
623 0.599998954370232
624 0.600000639877406
625 0.600001958044313
626 0.600002850177363
627 0.600003292454514
628 0.600003310575384
629 0.600002978742906
630 0.600002405584338
631 0.600001713152352
632 0.600001015661262
633 0.600000403064776
634 0.599999932123288
635 0.599999625197383
636 0.599999475232009
637 0.599999454485168
638 0.599999524444225
639 0.599999644835742
640 0.599999780391514
641 0.599999904833142
642 0.600000002202611
643 0.600000066105819
644 0.600000097634769
645 0.600000102730146
646 0.60000008960483
647 0.600000066640957
648 0.600000040958602
649 0.600000017674232
650 0.599999999743029
651 0.599999988214753
652 0.599999982719542
653 0.599999982023112
654 0.599999984533862
655 0.599999988692958
656 0.5999999932223
657 0.599999997238163
658 0.600000000258524
659 0.600000002140307
660 0.600000002981994
661 0.600000003020375
662 0.600000002541003
663 0.600000001812622
664 0.600000001048057
665 0.600000000388684
666 0.599999999906596
667 0.599999999617697
668 0.599999999499536
669 0.599999999509128
670 0.599999999597748
671 0.599999999721275
672 0.599999999845963
673 0.599999999950336
674 0.600000000024294
675 0.600000000066629
676 0.600000000081934
677 0.600000000077676
678 0.600000000061865
679 0.600000000041488
680 0.600000000021705
681 0.600000000005649
682 0.599999999994651
683 0.599999999988685
684 0.599999999986879
685 0.59999999998798
686 0.599999999990709
687 0.599999999993991
688 0.599999999997059
689 0.599999999999472
690 0.600000000001065
691 0.600000000001876
692 0.600000000002061
693 0.600000000001826
694 0.600000000001368
695 0.60000000000085
696 0.600000000000384
697 0.600000000000029
698 0.599999999999803
699 0.599999999999697
700 0.599999999999683
701 0.599999999999728
702 0.599999999999803
703 0.599999999999883
704 0.599999999999953
705 0.600000000000004
706 0.600000000000035
707 0.600000000000049
708 0.600000000000049
709 0.60000000000004
710 0.600000000000028
711 0.600000000000016
712 0.600000000000006
713 0.599999999999998
714 0.599999999999994
715 0.599999999999993
716 0.599999999999993
717 0.599999999999994
718 0.599999999999996
719 0.599999999999998
720 0.6
721 0.600000000000001
722 0.600000000000001
723 0.600000000000002
724 0.600000000000002
725 0.600000000000002
726 0.600000000000001
727 0.600000000000001
728 0.600000000000001
729 0.600000000000001
730 0.600000000000001
731 0.600000000000001
732 0.600000000000002
733 0.600000000000002
734 0.600000000000001
735 0.599999999999999
736 0.599999999999996
737 0.599999999999992
738 0.599999999999987
739 0.599999999999981
740 0.599999999999975
741 0.599999999999971
742 0.599999999999972
743 0.59999999999998
744 0.599999999999996
745 0.600000000000024
746 0.600000000000065
747 0.600000000000118
748 0.600000000000181
749 0.600000000000225
750 0.600000000000187
751 0.599999999999951
752 0.599999999999393
753 0.599999999998484
754 0.599999999997463
755 0.599999999997055
756 0.599999999998619
757 0.600000000004129
758 0.600000000015841
759 0.600000000035572
760 0.600000000063598
761 0.600000000097341
762 0.600000000130165
763 0.600000000150695
764 0.600000000143046
765 0.600000000088162
766 0.599999999966226
767 0.599999999759755
768 0.599999999456791
769 0.599999999053308
770 0.599999998554081
771 0.599999997971939
772 0.599999997325873
773 0.599999996638844
774 0.599999995936277
775 0.599999995245752
776 0.599999994597735
777 0.599999994026544
778 0.599999993570479
779 0.599999993270139
780 0.599999993164376
781 0.599999993284255
782 0.599999993646455
783 0.599999994248201
784 0.599999995065607
785 0.59999999605637
786 0.599999997166335
787 0.59999999833816
788 0.59999999951975
789 0.600000000670467
790 0.60000000176229
791 0.600000002775689
792 0.60000000369382
793 0.6000000044983
794 0.600000005168566
795 0.600000005685635
796 0.600000006038159
797 0.600000006226845
798 0.600000006264888
799 0.600000006174307
800 0.600000005979862
801 0.600000005702944
802 0.60000000535762
803 0.60000000495009
804 0.600000004481481
805 0.600000003952674
806 0.600000003369199
807 0.600000002744381
808 0.600000002099708
809 0.600000001462423
810 0.600778725847053
811 0.603609269504575
812 0.609412565433467
813 0.618838694038085
814 0.632064015083448
815 0.647927537999418
816 0.664345305651053
817 0.679512678641772
818 0.692106273284033
819 0.701195881316897
820 0.706545189200638
821 0.708677060042217
822 0.708476961027331
823 0.706892152600054
824 0.704740266555407
825 0.702616855117875
826 0.700878601737077
827 0.699675048665541
828 0.699004045946472
829 0.698771832569987
830 0.698845418076867
831 0.699091158244397
832 0.699398242673784
833 0.699688951152528
834 0.699919109937858
835 0.700072533176132
836 0.700152789124345
837 0.70017477921231
838 0.700157669032876
839 0.70011986781669
840 0.700076121584934
841 0.700036391588818
842 0.700006008533007
843 0.699986572124577
844 0.699977145134143
845 0.699975417835684
846 0.699978651792139
847 0.699984325772288
848 0.699990488918583
849 0.699995875229994
850 0.699999853637459
851 0.700002287253723
852 0.700003362148396
853 0.700003427484025
854 0.700002870358732
855 0.700002033444649
856 0.700001172868519
857 0.700000447783172
858 0.699999930936921
859 0.699999630112997
860 0.699999512416308
861 0.699999526055726
862 0.699999616818419
863 0.699999738463352
864 0.699999857624696
865 0.699999954538483
866 0.700000021114561
867 0.700000057737313
868 0.700000069853841
869 0.700000065027446
870 0.700000050785709
871 0.700000033324144
872 0.70000001695342
873 0.700000004092883
874 0.699999995595893
875 0.699999991219357
876 0.699999990098822
877 0.699999991144212
878 0.699999993318649
879 0.69999999579796
880 0.6999999980302
881 0.699999999724288
882 0.700000000797716
883 0.700000001308591
884 0.700000001390017
885 0.700000001197323
886 0.700000000872249
887 0.700000000523636
888 0.700000000221463
889 0.700000000000004
890 0.699999999865954
891 0.699999999808149
892 0.699999999806558
893 0.69999999983927
894 0.699999999887052
895 0.699999999935637
896 0.69999999997625
897 0.700000000004968
898 0.700000000021487
899 0.700000000027745
900 0.700000000026703
901 0.700000000021425
902 0.7000000000145
903 0.700000000007785
904 0.700000000002365
905 0.699999999998673
906 0.699999999996669
907 0.699999999996036
908 0.699999999996343
909 0.699999999997165
910 0.699999999998156
911 0.699999999999076
912 0.699999999999794
913 0.700000000000264
914 0.700000000000502
915 0.700000000000559
916 0.700000000000496
917 0.700000000000371
918 0.700000000000231
919 0.700000000000105
920 0.700000000000011
921 0.699999999999952
922 0.699999999999925
923 0.699999999999921
924 0.699999999999933
925 0.699999999999951
926 0.699999999999971
927 0.699999999999988
928 0.7
929 0.700000000000007
930 0.70000000000001
931 0.700000000000009
932 0.700000000000007
933 0.700000000000005
934 0.700000000000004
935 0.700000000000004
936 0.700000000000007
937 0.700000000000013
938 0.70000000000002
939 0.700000000000028
940 0.700000000000035
941 0.700000000000038
942 0.700000000000033
943 0.700000000000017
944 0.699999999999988
945 0.699999999999942
946 0.699999999999877
947 0.699999999999794
948 0.699999999999694
949 0.699999999999578
950 0.699999999999451
951 0.699999999999318
952 0.699999999999185
953 0.699999999999059
954 0.699999999998951
955 0.699999999998869
956 0.699999999998824
957 0.699999999998827
958 0.699999999998887
959 0.699999999999007
960 0.69999999999919
961 0.699999999999431
962 0.699999999999721
963 0.700000000000048
964 0.700000000000396
965 0.700000000000748
966 0.70000000000109
967 0.700000000001405
968 0.700000000001682
969 0.700000000001909
970 0.700000000002076
971 0.700000000002175
972 0.7000000000022
973 0.70000000000215
974 0.700000000002027
975 0.700000000001839
976 0.700000000001596
977 0.700000000001314
978 0.70000000000101
979 0.699999998100974
980 0.699999987765414
981 0.69999995778034
982 0.699999895812269
983 0.699999795661287
984 0.69999966900398
985 0.699999558037393
986 0.699999541834422
987 0.699999732137237
988 0.70000025754905
989 0.700001236614022
990 0.700002743747038
991 0.700004777556425
992 0.700007243205736
993 0.700009956608261
994 0.700012671829461
995 0.700015126539386
996 0.700017093516197
997 0.700018423204602
998 0.700019066682667
999 0.70001907575791
1000 0.700018546105193
1001 0.700017551045095
1002 0.70001612090759
1003 0.700014244556085
1004 0.700011892777832
1005 0.700009090391777
1006 0.700005978628487
1007 0.700002803686687
1008 0.699999862820383
1009 0.69999744557002
1010 0.699995771542601
1011 0.699994938159647
1012 0.699994905081507
1013 0.69999551595151
1014 0.699996544297168
1015 0.699997746587101
1016 0.699998908112944
1017 0.699999873103933
1018 0.700000556585885
1019 0.700000940285354
1020 0.700001057650388
1021 0.700000973850607
1022 0.700000765913263
1023 0.700000506595782
1024 0.700000253797053
1025 0.700000045719637
1026 0.699999900866373
1027 0.69999982136013
1028 0.699999797955232
1029 0.699999815330198
1030 0.699999856658959
1031 0.69999990691342
1032 0.699999954753627
1033 0.699999993156271
1034 0.70000001910106
1035 0.700000032689606
1036 0.700000036041874
1037 0.700000032235188
1038 0.700000024451901
1039 0.700000015408246
1040 0.700000007063159
1041 0.70000000055817
1042 0.69999999631694
1043 0.699999994230871
1044 0.699999993868521
1045 0.699999994664645
1046 0.699999996063932
1047 0.699999997611241
1048 0.699999998992207
1049 0.700000000035239
1050 0.700000000688537
1051 0.700000000985128
1052 0.700000001006233
1053 0.700000000849832
1054 0.700000000607883
1055 0.700000000352931
1056 0.700000000132933
1057 0.699999999972188
1058 0.69999999987594
1059 0.699999999836539
1060 0.699999999839522
1061 0.699999999868597
1062 0.699999999909099
1063 0.699999999949884
1064 0.699999999983914
1065 0.700000000007929
1066 0.700000000021593
1067 0.700000000026458
1068 0.700000000024996
1069 0.70000000001983
1070 0.700000000013232
1071 0.700000000006863
1072 0.700000000001725
1073 0.699999999998229
1074 0.699999999996354
1075 0.699999999995808
1076 0.699999999996183
1077 0.699999999997068
1078 0.699999999998119
1079 0.699999999999093
1080 0.699999999999853
1081 0.700000000000351
1082 0.700000000000599
1083 0.700000000000651
1084 0.700000000000572
1085 0.700000000000425
1086 0.700000000000261
1087 0.700000000000115
1088 0.700000000000004
1089 0.699999999999935
1090 0.699999999999903
1091 0.6999999999999
1092 0.699999999999915
1093 0.699999999999939
1094 0.699999999999964
1095 0.699999999999986
1096 0.700000000000002
1097 0.700000000000011
1098 0.700000000000015
1099 0.700000000000015
1100 0.700000000000012
1101 0.700000000000008
1102 0.700000000000004
1103 0.700000000000001
1104 0.699999999999999
1105 0.699999999999998
1106 0.699999999999998
1107 0.699999999999998
1108 0.699999999999998
1109 0.699999999999999
1110 0.7
1111 0.7
1112 0.700000000000001
1113 0.700000000000001
1114 0.700000000000001
1115 0.700000000000001
1116 0.700000000000001
1117 0.700000000000001
1118 0.700000000000001
1119 0.700000000000001
1120 0.7
1121 0.7
1122 0.7
1123 0.7
1124 0.7
1125 0.7
1126 0.7
1127 0.7
1128 0.7
1129 0.699999999999999
1130 0.699999999999999
1131 0.699999999999999
1132 0.699999999999999
1133 0.699999999999999
1134 0.699999999999999
1135 0.699999999999999
1136 0.699999999999999
1137 0.699999999999999
1138 0.699999999999999
1139 0.699999999999999
1140 0.699999999999999
1141 0.699999999999999
1142 0.699999999999999
1143 0.699999999999999
1144 0.699999999999999
1145 0.699999999999999
1146 0.699999999999999
1147 0.699999999999999
1148 0.700000000000004
1149 0.700000000000038
1150 0.700000000000164
1151 0.700000000000495
1152 0.700000000001151
1153 0.700000000002152
1154 0.700000000003236
1155 0.70000000000362
1156 0.700000000001842
1157 0.699999999995801
1158 0.699999999983169
1159 0.699999999962257
1160 0.699999999933325
1161 0.69999999990008
1162 0.699999999870947
1163 0.699999999859565
1164 0.699999999883995
1165 0.699999999964396
1166 0.700000000119308
1167 0.700000000361172
1168 0.700000000692096
1169 0.700000001101164
1170 0.7000000015644
1171 0.700000002047599
1172 0.70000000251136
1173 0.700000002916947
1174 0.700000003231146
1175 0.700000003428604
1176 0.700000003491322
1177 0.700000003406174
1178 0.700000003162154
1179 0.700000002749322
1180 0.700000002160953
1181 0.700000001399111
1182 0.700000000482029
1183 0.699999999450365
1184 0.699999998369141
1185 0.699999997323142
1186 0.69999999640559
1187 0.699999995702389
1188 0.699999995275926
1189 0.699999995152718
1190 0.699999995319849
1191 0.699999995731728
1192 0.69999999632355
1193 0.699999997026746
1194 0.699999997781854
1195 0.699999998544042
1196 0.699999999280355
1197 0.699999999963142
1198 0.700000000564597
1199 0.700000001054933
1200 0.700000001405027
