1 2
2 2
3 2
4 2
5 2
6 2
7 2
8 2
9 2
10 2
11 2
12 2
13 2
14 2
15 2
16 2
17 2
18 2
19 2
20 2
21 2
22 2
23 2
24 2
25 2
26 2
27 2
28 2
29 2
30 2.25
31 2.27232666666667
32 2.29499333333333
33 2.31766
34 2.34032666666667
35 2.36299333333333
36 2.38566
37 2.40832666666667
38 2.43099333333333
39 2.45366
40 2.47495738258417
41 2.49380698081098
42 2.51047503498459
43 2.52516447780448
44 2.53803181383166
45 2.5491974577252
46 2.55875378513639
47 2.56677140035421
48 2.57330401506863
49 2.57839224543393
50 2.58207406645842
51 2.58439825498903
52 2.58542623833146
53 2.5852272681665
54 2.58387517809709
55 2.58144623914154
56 2.57801778418583
57 2.57366736426965
58 2.56847226692474
59 2.56250927593821
60 2.55585454655185
61 2.54858344727775
62 2.54077029909763
63 2.53248805089327
64 2.52380794600492
65 2.51479920948295
66 2.50552876986467
67 2.49606101980567
68 2.48645761447776
69 2.47677730384593
70 2.46707579399104
71 2.45740563331662
72 2.44781612111078
73 2.4383532373481
74 2.42905959323667
75 2.41997440207139
76 2.41113346977368
77 2.40256920426004
78 2.39431064257475
79 2.38638349458099
80 2.37881020193497
81 2.37161001105559
82 2.36479905882313
83 2.35839046977299
84 2.35239446358118
85 2.34681847166469
86 2.34166726174441
87 2.33694306924255
88 2.33264573441457
89 2.32877284414742
90 2.32531987739244
91 2.32228035324254
92 2.31964598070776
93 2.31740680929044
94 2.31555137951089
95 2.31406687258511
96 2.31293925850794
97 2.31215344184801
98 2.31169340461379
99 2.31154234560358
100 2.31168281570563
101 2.31209684866775
102 2.31276608690808
103 2.31367190199062
104 2.31479550943957
105 2.31611807761595
106 2.317620830428
107 2.31928514369293
108 2.32109263501239
109 2.32302524706651
110 2.32506532427184
111 2.32719568278739
112 2.32939967388894
113 2.33166124076594
114 2.33396496882724
115 2.33629612963107
116 2.33864071858191
117 2.34098548656163
118 2.34331796568447
119 2.34562648938573
120 2.34790020707144
121 2.35012909357221
122 2.3523039536572
123 2.35441642187579
124 2.3564589580032
125 2.3584248383736
126 2.36030814338927
127 2.36210374149766
128 2.3638072699298
129 2.36541511249331
130 2.3669243747118
131 2.36833285659902
132 2.36963902335199
133 2.37084197424151
134 2.37194140997139
135 2.37293759877034
136 2.37383134147106
137 2.37462393582195
138 2.37531714026606
139 2.37591313741112
140 2.3764144974028
141 2.37682414140156
142 2.37714530535065
143 2.37738150421075
144 2.37753649682349
145 2.37761425155336
146 2.37761891284454
147 2.37755476881625
148 2.37742622000748
149 2.37723774936915
150 2.3769938935895
151 2.37669921582638
152 2.37635827990815
153 2.37597562605349
154 2.3755557481496
155 2.37510307261732
156 2.37462193888187
157 2.37411658145814
158 2.37359111365043
159 2.37304951285785
160 2.3724956074688
161 2.3719330653202
162 2.37136538369061
163 2.37079588078967
164 2.37022768870089
165 2.36966374772951
166 2.36910680210243
167 2.36855939696335
168 2.36802387660261
169 2.36750238385829
170 2.3669968606226
171 2.36650904938565
172 2.36604049574727
173 2.36559255182623
174 2.36516638049598
175 2.36476296037558
176 2.36438309150465
177 2.36402740163197
178 2.36369635304809
179 2.36339024989347
180 2.36310924587538
181 2.36285335232839
182 2.36262244655537
183 2.36241628038822
184 2.36223448890974
185 2.36207659928097
186 2.36194203962082
187 2.36183014788773
188 2.36174018071608
189 2.3616713221631
190 2.36162269232513
191 2.36159335578512
192 2.36158232985644
193 2.36158859259141
194 2.36161109052565
195 2.3616487461329
196 2.36170046496772
197 2.36176514247654
198 2.36184167046052
199 2.36192894317638
200 2.36202586306417
201 2.36213134609363
202 2.36224432672319
203 2.3623637624681
204 2.36248863807661
205 2.36261796931507
206 2.36275080636486
207 2.36288623683622
208 2.36302338840528
209 2.36316143108289
210 2.36329957912451
211 2.36343709259259
212 2.36357327858334
213 2.36370749213142
214 2.36383913680652
215 2.36396766501709
216 2.36409257803664
217 2.36421342576906
218 2.36432980626941
219 2.36444136503739
220 2.36454779410034
221 2.36464883090341
222 2.3647442570239
223 2.36483389672707
224 2.36491761538056
225 2.36499531774393
226 2.36506694615002
227 2.36513247859404
228 2.36519192674602
229 2.36524533390166
230 2.36529277288621
231 2.36533434392513
232 2.36537017249491
233 2.36540040716662
234 2.36542521745398
235 2.36544479167728
236 2.36545933485343
237 2.3654690666218
238 2.36547421921483
239 2.36547503548153
240 2.3654717669712
241 2.36546467208399
242 2.36545401429428
243 2.36544006045192
244 2.36542307916572
245 2.3654033392731
246 2.36538110839877
247 2.36535665160486
248 2.36533023013444
249 2.36530210024932
250 2.365272512163
251 2.36524170906866
252 2.36520992626177
253 2.36517739035652
254 2.36514431859446
255 2.3651109182438
256 2.36507738608714
257 2.36504390799504
258 2.36501065858281
259 2.36497780094722
260 2.36494548648002
261 2.36491385475457
262 2.36488303348198
263 2.36485313853275
264 2.36482427402015
265 2.36479653244099
266 2.36476999486989
267 2.36474473120266
268 2.36472080044478
269 2.36469825104059
270 2.36467712123928
271 2.36465743949327
272 2.36463922488527
273 2.3646224875798
274 2.36460722929546
275 2.36459344379423
276 2.36458111738404
277 2.36457022943144
278 2.36456075288074
279 2.36455265477669
280 2.36454589678762
281 2.36454043572635
282 2.36453622406601
283 2.36453321044855
284 2.36453134018366
285 2.36453055573576
286 2.36453079719757
287 2.36453200274817
288 2.36453410909432
289 2.36453705189344
290 2.3645407661573
291 2.36454518663527
292 2.36455024817634
293 2.3645558860693
294 2.36456203636043
295 2.3645686361485
296 2.36457562385675
297 2.36458293948172
298 2.36459052481914
299 2.36459832366689
300 2.36460628200531
301 2.36461434815538
302 2.36462247291499
303 2.36463060967419
304 2.36463871450971
305 2.36464674625971
306 2.36465466657949
307 2.36466243997883
308 2.36467003384212
309 2.36467741843189
310 2.36468456687696
311 2.36469145514598
312 2.3646980620075
313 2.36470436897753
314 2.36471036025555
315 2.3647160226501
316 2.36472134549488
317 2.36472632055639
318 2.36473094193409
319 2.36473520595408
320 2.36473911105723
321 2.36474265768265
322 2.36474584814745
323 2.36474868652363
324 2.36475117851285
325 2.36475333132005
326 2.36475515352642
327 2.36475665496264
328 2.36475784658293
329 2.36475874034057
330 2.36475934906546
331 2.36475968634425
332 2.36475976640354
333 2.36475960399653
334 2.36475921429361
335 2.36475861277716
336 2.36475781514092
337 2.36475683719416
338 2.36475569477091
339 2.36475440364437
340 2.36475297944677
341 2.36475143759463
342 2.36474979321963
343 2.36474806110506
344 2.36474625562782
345 2.36474439070609
346 2.36474247975246
347 2.36474053563252
348 2.36473857062883
349 2.36473659641007
350 2.36473462400529
351 2.3647326637831
352 2.36473072543557
353 2.36472881796663
354 2.36472694968493
355 2.36472512820068
356 2.36472336042648
357 2.36472165258175
358 2.36472001020064
359 2.364718438143
360 2.36471694060846
361 2.364715521153
362 2.36471418270808
363 2.36471292760193
364 2.36471175758276
365 2.36471067384373
366 2.36470967704933
367 2.36470876736307
368 2.36470794447619
369 2.36470720763713
370 2.36470655568167
371 2.36470598706348
372 2.36470549988485
373 2.36470509192752
374 2.36470476068339
375 2.36470450338491
376 2.36470431703513
377 2.36470419843712
378 2.36470414422275
379 2.36470415088073
380 2.36470421478364
381 2.36470433221408
382 2.36470449938973
383 2.36470471248727
384 2.36470496766508
385 2.36470526108475
386 2.36470558893126
387 2.36470594743187
388 2.36470633287365
389 2.36470674161972
390 2.36470717012398
391 2.3647076149447
392 2.36470807275655
393 2.36470854036145
394 2.36470901469801
395 2.36470949284976
396 2.36470997205204
397 2.36471044969778
398 2.36471092334199
399 2.36471139070523
400 2.11471139070523
401 2.07005850600764
402 2.02472560920221
403 1.97939269868498
404 1.93405977301944
405 1.88872683093434
406 1.84339387132062
407 1.79806089322776
408 1.75272789585951
409 1.70739487856894
410 1.66343112744948
411 1.62203743036382
412 1.58315709061689
413 1.54675552911251
414 1.51281078967867
415 1.48131050830574
416 1.45224956085145
417 1.42562824207738
418 1.40145085800936
419 1.37972463972696
420 1.36045140725757
421 1.34361511319523
422 1.32917967494726
423 1.31709332547884
424 1.30729185179575
425 1.29970103261561
426 1.29423847683056
427 1.29081501415684
428 1.28933575147653
429 1.2897008798501
430 1.29180633680367
431 1.29554446470039
432 1.30080474062348
433 1.30747455096221
434 1.31543996338334
435 1.32458646855341
436 1.33479967681319
437 1.34596596331604
438 1.35797306034843
439 1.37071059865545
440 1.3840706010772
441 1.39794793170572
442 1.41224070260484
443 1.4268506389983
444 1.44168340333283
445 1.45664887862136
446 1.47166141169544
447 1.48664001728834
448 1.50150854414999
449 1.51619580461904
450 1.53063566923702
451 1.5447671280888
452 1.55853432061377
453 1.57188653567086
454 1.58477818367264
455 1.59716874263047
456 1.60902267997503
457 1.62030935203213
458 1.63100288303987
459 1.64108202559008
460 1.65053000436321
461 1.6593343450025
462 1.66748668994116
463 1.67498260295589
464 1.68182136417319
465 1.68800575720149
466 1.69354185000336
467 1.69843877105849
468 1.70270848230015
469 1.70636555023623
470 1.70942691659109
471 1.71191166972718
472 1.71384081802583
473 1.71523706632573
474 1.71612459643572
475 1.71652885265592
476 1.71647633315915
477 1.71599438800195
478 1.71511102445396
479 1.71385472025373
480 1.71225424532105
481 1.71033849237871
482 1.70813631686273
483 1.70567638642739
484 1.70298704028236
485 1.70009615853268
486 1.69703104162854
487 1.69381829997189
488 1.69048375366963
489 1.68705234236975
490 1.68354804506685
491 1.67999380971672
492 1.67641149245731
493 1.67282180619363
494 1.66924427826909
495 1.66569721691333
496 1.6621976861284
497 1.65876148865003
498 1.65540315659923
499 1.65213594942124
500 1.64897185869367
501 1.64592161937409
502 1.64299472704806
503 1.64019946073277
504 1.63754291078815
505 1.63503101148637
506 1.63266857779263
507 1.63045934591377
508 1.62840601717782
509 1.62651030481497
510 1.62477298322118
511 1.6231939392963
512 1.62177222546219
513 1.62050611398055
514 1.61939315220529
515 1.61843021842146
516 1.61761357793962
517 1.61693893913294
518 1.61640150912311
519 1.61599604884003
520 1.61571692720024
521 1.61555817416835
522 1.61551353248572
523 1.61557650787062
524 1.61574041751331
525 1.61599843670952
526 1.61634364349435
527 1.6167690611578
528 1.61726769854119
529 1.6178325880314
530 1.61845682118721
531 1.61913358194825
532 1.61985617739285
533 1.62061806602627
534 1.62141288359469
535 1.62223446643407
536 1.62307687237527
537 1.62393439923873
538 1.6248016009627
539 1.62567330141908
540 1.62654460597996
541 1.6274109109062
542 1.62826791063676
543 1.62911160306386
544 1.62993829288504
545 1.63074459312758
546 1.63152742494522
547 1.63228401579018
548 1.63301189606601
549 1.63370889436889
550 1.63437313142572
551 1.6350030128383
552 1.63559722074255
553 1.63615470449106
554 1.6366746704661
555 1.63715657112863
556 1.63760009340638
557 1.63800514652185
558 1.63837184935781
559 1.63870051745483
560 1.6389916497314
561 1.63924591501388
562 1.63946413845867
563 1.63964728794538
564 1.63979646051486
565 1.63991286892139
566 1.63999782836393
567 1.64005274345615
568 1.64007909549044
569 1.64007843004619
570 1.64005234498787
571 1.6400024788935
572 1.63993049994989
573 1.63983809534568
574 1.6397269611895
575 1.6395987929756
576 1.63945527661533
577 1.63929808004878
578 1.6391288454468
579 1.63894918201004
580 1.63876065936802
581 1.63856480157786
582 1.63836308171919
583 1.63815691707872
584 1.6379476649153
585 1.63773661879368
586 1.63752500547292
587 1.63731398233317
588 1.6371046353228
589 1.63689797740601
590 1.63669494748977
591 1.63649640980722
592 1.63630315373425
593 1.63611589401431
594 1.63593527136646
595 1.63576185345058
596 1.63559613616373
597 1.6354385452411
598 1.63528943813511
599 1.63514910614637
600 1.63501777678009
601 1.63489561630239
602 1.63478273247094
603 1.63467917741524
604 1.63458495064231
605 1.63450000214463
606 1.63442423558753
607 1.63435751155462
608 1.63429965083045
609 1.63425043770093
610 1.63420962325276
611 1.63417692865451
612 1.63415204840302
613 1.6341346535198
614 1.6341243946836
615 1.63412090528609
616 1.63412380439905
617 1.63413269964258
618 1.63414718994478
619 1.63416686818484
620 1.63419132371226
621 1.63422014473607
622 1.63425292057931
623 1.63428924379434
624 1.63432871213636
625 1.6343709303927
626 1.63441551206693
627 1.63446208091717
628 1.63451027234933
629 1.63455973466609
630 1.63461013017384
631 1.6346611361498
632 1.63471244567267
633 1.63476376832021
634 1.63481483073817
635 1.63486537708492
636 1.6349151693568
637 1.63496398759961
638 1.63501163001169
639 1.6350579129446
640 1.63510267080719
641 1.6351457558796
642 1.63518703804319
643 1.63522640443301
644 1.63526375901908
645 1.635299022123
646 1.63533212987623
647 1.63536303362637
648 1.63539169929768
649 1.63541810671185
650 1.63544224887515
651 1.63546413123751
652 1.63548377092929
653 1.63550119598107
654 1.63551644453153
655 1.63552956402842
656 1.63554061042725
657 1.63554964739207
658 1.63555674550243
659 1.63556198147048
660 1.63556543737166
661 1.63556719989229
662 1.63556735959708
663 1.63556601021928
664 1.63556324797589
665 1.63555917091005
666 1.63555387826257
667 1.63554746987421
668 1.63554004561996
669 1.63553170487661
670 1.63552254602435
671 1.63551266598305
672 1.63550215978368
673 1.63549112017508
674 1.63547963726602
675 1.63546779820238
676 1.63545568687921
677 1.63544338368692
678 1.63543096529117
679 1.63541850444546
680 1.6354060698356
681 1.63539372595494
682 1.63538153300923
683 1.63536954684988
684 1.63535781893427
685 1.63534639631173
686 1.6353353216338
687 1.63532463318719
688 1.63531436494803
689 1.63530454665575
690 1.63529520390517
691 1.63528635825511
692 1.63527802735206
693 1.63527022506732
694 1.63526296164612
695 1.63525624386714
696 1.63525007521112
697 1.63524445603692
698 1.6352393837639
699 1.63523485305902
700 1.63523085602764
701 1.63522738240659
702 1.6352244197584
703 1.63522195366574
704 1.63521996792477
705 1.63521844473661
706 1.63521736489606
707 1.6352167079765
708 1.63521645251053
709 1.63521657616536
710 1.63521705591249
711 1.6352178681911
712 1.63521898906455
713 1.63522039436971
714 1.63522205985869
715 1.63522396133256
716 1.63522607476703
717 1.63522837642974
718 1.63523084298904
719 1.63523345161431
720 1.63523618006762
721 1.63523900678686
722 1.63524191096042
723 1.63524487259337
724 1.63524787256552
725 1.63525089268132
726 1.63525391571196
727 1.63525692542981
728 1.63525990663551
729 1.63526284517806
730 1.6352657279681
731 1.63526854298475
732 1.63527127927643
733 1.63527392695596
734 1.63527647719018
735 1.63527892218474
736 1.63528125516417
737 1.63528347034773
738 1.63528556292143
739 1.63528752900655
740 1.63528936562503
741 1.63529107066218
742 1.63529264282692
743 1.63529408161006
744 1.63529538724087
745 1.63529656064225
746 1.63529760338495
747 1.63529851764097
748 1.63529930613654
749 1.63529997210495
750 1.63530051923943
751 1.63530095164645
752 1.63530127379945
753 1.63530149049349
754 1.63530160680077
755 1.63530162802735
756 1.63530155967116
757 1.63530140738149
758 1.63530117692004
759 1.6353008741237
760 1.6353005048691
761 1.63530007503907
762 1.635299590491
763 1.63529905702726
764 1.63529848036763
765 1.63529786612379
766 1.63529721977586
767 1.63529654665113
768 1.6352958519047
769 1.63529514050235
770 1.63529441720526
771 1.63529368655684
772 1.63529295287144
773 1.63529222022495
774 1.63529149244723
775 1.63529077311627
776 1.63529006555408
777 1.63528937282412
778 1.63528869773032
779 1.63528804281747
780 1.635287410373
781 1.63528680243004
782 1.63528622077163
783 1.63528566693597
784 1.63528514222273
785 1.63528464770022
786 1.63528418421335
787 1.63528375239236
788 1.6352833526621
789 1.63528298525192
790 1.63528265020598
791 1.63528234739395
792 1.63528207652198
793 1.63528183714393
794 1.63528162867273
795 1.63528145039178
796 1.63528130146645
797 1.63528118095542
798 1.63528108782204
799 1.63528102094539
800 1.81111764579794
801 1.82228096112283
802 1.83361429894428
803 1.84494765791095
804 1.85628103663892
805 1.86761443372098
806 1.87894784773551
807 1.89028127725481
808 1.9016147208531
809 1.91294817711395
810 1.92331856324213
811 1.9319921847776
812 1.93919890982168
813 1.94511570340234
814 1.9498800012786
815 1.95359846726785
816 1.95635381461714
817 1.95821011855762
818 1.95921695361558
819 1.95941261551356
820 1.95883190498484
821 1.95751578348284
822 1.95551260851061
823 1.95287464255264
824 1.94965577169974
825 1.94591005693219
826 1.94169086076583
827 1.93705036504679
828 1.93203934903617
829 1.92670713569246
830 1.9211016131895
831 1.9152692253689
832 1.90925488369243
833 1.90310183046543
834 1.8968514934841
835 1.89054335329399
836 1.88421483259168
837 1.87790121037583
838 1.8716355596003
839 1.8654487051756
840 1.8593691986082
841 1.85342330615731
842 1.84763500863141
843 1.84202601199747
844 1.83661576843705
845 1.83142150753362
846 1.82645827715708
847 1.82173899345536
848 1.81727449923193
849 1.81307362990592
850 1.80914328622063
851 1.80548851287574
852 1.80211258228944
853 1.79901708273445
854 1.79620201012574
855 1.79366586276785
856 1.79140573839567
857 1.78941743286855
858 1.78769553990373
859 1.78623355126334
860 1.78502395683996
861 1.7840583441179
862 1.78332749652142
863 1.78282149019561
864 1.78252978880111
865 1.78244133593892
866 1.78254464485658
867 1.78282788512217
868 1.78327896598672
869 1.78388561618946
870 1.78463545999395
871 1.78551608927484
872 1.78651513150714
873 1.78762031353988
874 1.78881952106532
875 1.79010085372309
876 1.79145267580508
877 1.79286366255238
878 1.79432284205921
879 1.79581963282153
880 1.79734387698833
881 1.7988858693935
882 1.80043638246345
883 1.80198668711235
884 1.80352856975105
885 1.80505434554932
886 1.80655686810239
887 1.80802953566309
888 1.80946629410942
889 1.81086163682487
890 1.81221060167451
891 1.81350876526465
892 1.81475223467703
893 1.81593763687076
894 1.8170621059461
895 1.8181232684641
896 1.81911922701506
897 1.82004854222637
898 1.82091021339776
899 1.82170365794786
900 1.82242868985145
901 1.82308549724161
902 1.82367461934528
903 1.8241969229139
904 1.82465357830437
905 1.8250460353581
906 1.82537599921809
907 1.82564540621637
908 1.82585639995575
909 1.82601130770136
910 1.8261126171894
911 1.82616295395139
912 1.8261650592443
913 1.82612176866782
914 1.82603599154192
915 1.82591069110941
916 1.82574886562004
917 1.82555353034441
918 1.82532770055871
919 1.82507437553305
920 1.82479652354945
921 1.82449706796828
922 1.82417887435525
923 1.82384473867474
924 1.82349737654936
925 1.82313941357987
926 1.82277337671419
927 1.82240168664956
928 1.8220266512473
929 1.82165045993519
930 1.82127517906918
931 1.82090274822231
932 1.82053497736585
933 1.82017354490509
934 1.81981999652964
935 1.81947574483644
936 1.8191420696818
937 1.81882011921756
938 1.8185109115656
939 1.81821533708407
940 1.81793416117841
941 1.81766802761008
942 1.81741746225611
943 1.81718287727278
944 1.8169645756176
945 1.81676275588444
946 1.81657751740748
947 1.81640886559123
948 1.81625671742483
949 1.81612090714053
950 1.81600119197775
951 1.81589725801595
952 1.81580872604118
953 1.81573515741325
954 1.81567605990225
955 1.81563089346531
956 1.81559907593635
957 1.81557998860384
958 1.81557298165349
959 1.81557737945491
960 1.81559248567348
961 1.81561758819049
962 1.81565196381674
963 1.81569488278684
964 1.81574561302319
965 1.81580342416059
966 1.81586759132437
967 1.81593739865625
968 1.81601214258439
969 1.81609113483514
970 1.81617370518582
971 1.81625920395924
972 1.81634700426181
973 1.81643650396865
974 1.81652712745996
975 1.81661832711419
976 1.81670958456435
977 1.81680041172486
978 1.81689035159692
979 1.81697897886131
980 1.81706590026792
981 1.81715075483194
982 1.8172332138472
983 1.81731298072718
984 1.81738979068486
985 1.81746341026261
986 1.81753363672334
987 1.81760029731448
988 1.81766324841614
989 1.81772237458473
990 1.81777758750352
991 1.81782882485089
992 1.8178760490974
993 1.81791924624213
994 1.81795842449868
995 1.81799361294063
996 1.81802486011619
997 1.81805223264125
998 1.81807581377931
999 1.81809570201697
1000 1.81811200964251
1001 1.81812486133511
1002 1.81813439277148
1003 1.81814074925629
1004 1.81814408438236
1005 1.81814455872575
1006 1.81814233858092
1007 1.81813759474006
1008 1.81813050132058
1009 1.81812123464412
1010 1.81810997217007
1011 1.81809689148588
1012 1.81808216935633
1013 1.81806598083328
1014 1.81804849842702
1015 1.81802989134
1016 1.81801032476342
1017 1.81798995923654
1018 1.8179689500686
1019 1.81794744682252
1020 1.8179255928597
1021 1.81790352494451
1022 1.81788137290726
1023 1.81785925936377
1024 1.81783729948995
1025 1.81781560084903
1026 1.81779426326959
1027 1.81777337877168
1028 1.81775303153896
1029 1.81773329793395
1030 1.81771424655403
1031 1.81769593832529
1032 1.81767842663166
1033 1.8176617574764
1034 1.81764596967336
1035 1.81763109506501
1036 1.81761715876477
1037 1.81760417942066
1038 1.81759216949778
1039 1.81758113557699
1040 1.81757107866716
1041 1.81756199452861
1042 1.81755387400538
1043 1.81754670336391
1044 1.81754046463612
1045 1.81753513596476
1046 1.81753069194894
1047 1.81752710398816
1048 1.81752434062305
1049 1.8175223678711
1050 1.81752114955608
1051 1.81752064762961
1052 1.81752082248372
1053 1.8175216332532
1054 1.81752303810691
1055 1.81752499452688
1056 1.81752745957468
1057 1.81753039014428
1058 1.8175337432009
1059 1.81753747600533
1060 1.81754154632351
1061 1.81754591262102
1062 1.8175505342424
1063 1.81755537157518
1064 1.81756038619875
1065 1.81756554101807
1066 1.81757080038248
1067 1.81757613018978
1068 1.817581497976
1069 1.81758687299116
1070 1.81759222626141
1071 1.81759753063813
1072 1.81760276083441
1073 1.81760789344949
1074 1.81761290698173
1075 1.81761778183077
1076 1.81762250028941
1077 1.81762704652596
1078 1.81763140655761
1079 1.81763556821567
1080 1.81763952110306
1081 1.81764325654506
1082 1.81764676753369
1083 1.81765004866662
1084 1.8176530960811
1085 1.81765590738361
1086 1.81765848157589
1087 1.81766081897791
1088 1.81766292114836
1089 1.81766479080332
1090 1.81766643173348
1091 1.81766784872064
1092 1.81766904745382
1093 1.81767003444548
1094 1.81767081694838
1095 1.81767140287335
1096 1.81767180070848
1097 1.8176720194399
1098 1.81767206847474
1099 1.8176719575663
1100 1.8176716967418
1101 1.81767129623299
1102 1.81767076640972
1103 1.81767011771672
1104 1.81766936061373
1105 1.81766850551902
1106 1.81766756275654
1107 1.81766654250662
1108 1.81766545476043
1109 1.81766430927803
1110 1.81766311555017
1111 1.81766188276382
1112 1.81766061977125
1113 1.81765933506281
1114 1.81765803674317
1115 1.81765673251101
1116 1.81765542964216
1117 1.81765413497583
1118 1.81765285490411
1119 1.81765159536438
1120 1.81765036183458
1121 1.8176491593313
1122 1.8176479924103
1123 1.81764686516951
1124 1.81764578125433
1125 1.8176447438649
1126 1.81764375576547
1127 1.81764281929533
1128 1.81764193638156
1129 1.81764110855308
1130 1.817640336956
1131 1.81763962237017
1132 1.81763896522662
1133 1.81763836562586
1134 1.81763782335687
1135 1.81763733791656
1136 1.81763690852973
1137 1.81763653416921
1138 1.81763621357618
1139 1.81763594528055
1140 1.81763572762122
1141 1.81763555876618
1142 1.81763543673231
1143 1.81763535940486
1144 1.81763532455641
1145 1.81763532986538
1146 1.81763537293389
1147 1.81763545130505
1148 1.8176355624794
1149 1.8176357039308
1150 1.81763587312135
1151 1.81763606751558
1152 1.81763628459378
1153 1.81763652186447
1154 1.81763677687591
1155 1.81763704722685
1156 1.81763733057625
1157 1.81763762465217
1158 1.81763792725977
1159 1.81763823628844
1160 1.81763854971798
1161 1.81763886562403
1162 1.81763918218266
1163 1.81763949767407
1164 1.81763981048564
1165 1.81764011911413
1166 1.81764042216722
1167 1.81764071836436
1168 1.81764100653699
1169 1.81764128562812
1170 1.81764155469135
1171 1.81764181288941
1172 1.81764205949214
1173 1.81764229387402
1174 1.81764251551139
1175 1.81764272397915
1176 1.81764291894724
1177 1.81764310017678
1178 1.81764326751593
1179 1.81764342089562
1180 1.81764356032496
1181 1.81764368588664
1182 1.8176437977321
1183 1.81764389607673
1184 1.81764398119486
1185 1.81764405341493
1186 1.81764411311448
1187 1.81764416071525
1188 1.81764419667839
1189 1.81764422149963
1190 1.8176442357046
1191 1.81764423984433
1192 1.81764423449078
1193 1.81764422023258
1194 1.8176441976709
1195 1.81764416741557
1196 1.81764413008128
1197 1.81764408628402
1198 1.8176440366378
1199 1.81764398175144
1200 1.81764392222565
