1 2
2 2
3 2
4 2
5 2
6 2
7 2
8 2
9 2
10 2
11 2
12 2
13 2
14 2
15 2
16 2
17 2
18 2
19 2
20 2
21 2
22 2
23 2
24 2
25 2
26 2
27 2
28 2
29 2
30 2.25
31 2.275875
32 2.304
33 2.332125
34 2.36025
35 2.388375
36 2.4165
37 2.444625
38 2.47275
39 2.500875
40 2.52718435399219
41 2.55023674226342
42 2.57034579644574
43 2.58773131909745
44 2.60256221724368
45 2.6149677945634
46 2.62504661671885
47 2.63287341155428
48 2.6385044388263
49 2.64198166803231
50 2.64334921433159
51 2.64267543603362
52 2.64005514370438
53 2.63560060652185
54 2.6294355187029
55 2.62169086231122
56 2.61250212039199
57 2.6020074420673
58 2.59034647152188
59 2.57765963379793
60 2.56408763380528
61 2.5497708556453
62 2.53484852315269
63 2.51945772300775
64 2.50373242115247
65 2.4878025421636
66 2.47179314459737
67 2.45582370290558
68 2.44000749353006
69 2.42445107588822
70 2.40925385660684
71 2.39450772732524
72 2.38029677095561
73 2.3666970350344
74 2.35377637212635
75 2.34159434692791
76 2.33020220877062
77 2.31964292718119
78 2.30995128727134
79 2.30115404110618
80 2.29327011084146
81 2.28631083927221
82 2.28028028340753
83 2.27517554669721
84 2.27098714554367
85 2.26769940573268
86 2.26529088441947
87 2.26373481332665
88 2.26299955885752
89 2.26304909490715
90 2.26384348426545
91 2.26533936464752
92 2.26749043555328
93 2.27024794234519
94 2.27356115413697
95 2.27737783230369
96 2.28164468665287
97 2.28630781653487
98 2.29131313441708
99 2.29660676969854
100 2.30213545079729
101 2.30784686380012
102 2.31368998622174
103 2.31961539467515
104 2.32557554550602
105 2.33152502768932
106 2.33742078752436
107 2.34322232489399
108 2.34889186107371
109 2.35439447828491
110 2.35969823138373
111 2.36477423226122
112 2.36959670770102
113 2.37414303159813
114 2.37839373258402
115 2.38233247823157
116 2.38594603712529
117 2.38922422018042
118 2.39215980267668
119 2.3947484285403
120 2.39698849846109
121 2.39888104347007
122 2.40042958562834
123 2.40163998748935
124 2.40252029199589
125 2.40308055445994
126 2.40333266824884
127 2.40329018576623
128 2.40296813627112
129 2.40238284202438
130 2.40155173418967
131 2.40049316984634
132 2.39922625139573
133 2.3977706495608
134 2.39614643109265
135 2.39437389220752
136 2.39247339868476
137 2.39046523346082
138 2.38836945245824
139 2.38620574929091
140 2.38399332939032
141 2.38175079400132
142 2.37949603440125
143 2.37724613660391
144 2.37501729672037
145 2.37282474706168
146 2.37068269298618
147 2.36860426041531
148 2.36660145386755
149 2.3646851247909
150 2.3628649499101
151 2.36114941924545
152 2.35954583340708
153 2.35806030972003
154 2.35669779669363
155 2.35546209631174
156 2.35435589358955
157 2.35338079281727
158 2.35253735989118
159 2.35182517011793
160 2.35124286086875
161 2.35078818845601
162 2.35045808860516
163 2.35024873989986
164 2.35015562958796
165 2.35017362114905
166 2.35029702304153
167 2.35051965806761
168 2.35083493281826
169 2.35123590668657
170 2.35171535996637
171 2.35226586058436
172 2.35287982904609
173 2.35354960121057
174 2.35426748854303
175 2.35502583553187
176 2.3558170739917
177 2.3566337740114
178 2.35746869134273
179 2.35831481106098
180 2.35916538736517
181 2.36001397941992
182 2.36085448317513
183 2.36168115913195
184 2.36248865605508
185 2.36327203066066
186 2.36402676333737
187 2.36474876998422
188 2.36543441007266
189 2.36608049106322
190 2.36668426932652
191 2.36724344773704
192 2.36775617012347
193 2.36822101277368
194 2.36863697320365
195 2.36900345640934
196 2.36932025882798
197 2.36958755024056
198 2.36980585385082
199 2.36997602477765
200 2.37009922719737
201 2.3701769103706
202 2.37021078378478
203 2.37020279163817
204 2.37015508688493
205 2.37007000505284
206 2.36995003803648
207 2.36979780805865
208 2.36961604198191
209 2.36940754614053
210 2.36917518185078
211 2.36892184174458
212 2.36865042705839
213 2.3683638259955
214 2.36806489326612
215 2.36775643089609
216 2.36744117038075
217 2.36712175624739
218 2.36680073107569
219 2.36648052201295
220 2.36616342880771
221 2.36585161337332
222 2.36554709088123
223 2.36525172237252
224 2.36496720886573
225 2.36469508692923
226 2.36443672567717
227 2.36419332513976
228 2.36396591595104
229 2.36375536029052
230 2.36356235400901
231 2.36338742986397
232 2.36323096178503
233 2.3630931700872
234 2.36297412754607
235 2.36287376624743
236 2.36279188512277
237 2.36272815808088
238 2.36268214264662
239 2.36265328901814
240 2.36264094945545
241 2.36264438791522
242 2.36266278984891
243 2.36269527208463
244 2.3627408927161
245 2.36279866092623
246 2.36286754667672
247 2.36294649019953
248 2.36303441123086
249 2.36313021793285
250 2.3632328154536
251 2.36334111408091
252 2.36345403695048
253 2.36357052727458
254 2.3636895550623
255 2.36381012330765
256 2.36393127362703
257 2.36405209133223
258 2.36417170993031
259 2.36428931504601
260 2.36440414776697
261 2.36451550741614
262 2.36462275375982
263 2.36472530866344
264 2.36482265721051
265 2.36491434830355
266 2.36499999476844
267 2.36507927298626
268 2.36515192207902
269 2.36521774267756
270 2.36527659530136
271 2.3653283983818
272 2.36537312596089
273 2.3654108050987
274 2.36544151302295
275 2.36546537405454
276 2.36548255634255
277 2.36549326844239
278 2.3654977557697
279 2.36549629696223
280 2.36548920018094
281 2.36547679938034
282 2.36545945057692
283 2.36543752814295
284 2.36541142115164
285 2.36538152979756
286 2.36534826191501
287 2.36531202961461
288 2.36527324605703
289 2.36523232238035
290 2.36518966479602
291 2.36514567186606
292 2.3651007319725
293 2.3650552209877
294 2.36500950015281
295 2.36496391416922
296 2.36491878950648
297 2.36487443292805
298 2.36483113023499
299 2.36478914522558
300 2.36474871886794
301 2.36471006868089
302 2.36467338831713
303 2.36463884734188
304 2.36460659119847
305 2.36457674135215
306 2.36454939560185
307 2.36452462854942
308 2.36450249221489
309 2.36448301678605
310 2.3644662114901
311 2.36445206557491
312 2.36444054938724
313 2.36443161553511
314 2.36442520012178
315 2.36442122403855
316 2.36441959430409
317 2.36442020543821
318 2.3644229408582
319 2.36442767428652
320 2.36443427115885
321 2.36444259002235
322 2.36445248391424
323 2.36446380171176
324 2.36447638944491
325 2.36449009156442
326 2.36450475215769
327 2.36452021610672
328 2.36453633018216
329 2.36455294406887
330 2.36456991131887
331 2.36458709022834
332 2.36460434463605
333 2.36462154464136
334 2.3646385672405
335 2.36465529688061
336 2.36467162593162
337 2.36468745507658
338 2.36470269362172
339 2.36471725972793
340 2.36473108056596
341 2.36474409239802
342 2.36475624058878
343 2.36476747954932
344 2.36477777261779
345 2.36478709188072
346 2.36479541793936
347 2.36480273962549
348 2.36480905367124
349 2.36481436433772
350 2.36481868300717
351 2.36482202774349
352 2.36482442282587
353 2.36482589826042
354 2.36482648927421
355 2.36482623579666
356 2.36482518193231
357 2.36482337542961
358 2.36482086714955
359 2.36481771053816
360 2.36481396110652
361 2.36480967592165
362 2.36480491311157
363 2.36479973138726
364 2.36479418958438
365 2.36478834622697
366 2.3647822591152
367 2.36477598493917
368 2.36476957891999
369 2.36476309447968
370 2.36475658294066
371 2.36475009325565
372 2.36474367176845
373 2.36473736200564
374 2.36473120449942
375 2.36472523664115
376 2.36471949256515
377 2.36471400306216
378 2.36470879552157
379 2.36470389390137
380 2.36469931872471
381 2.36469508710176
382 2.36469121277536
383 2.36468770618909
384 2.36468457457593
385 2.3646818220661
386 2.36467944981206
387 2.36467745612908
388 2.36467583664951
389 2.36467458448894
390 2.36467369042242
391 2.36467314306903
392 2.3646729290829
393 2.36467303334911
394 2.36467343918266
395 2.36467412852898
396 2.36467508216445
397 2.3646762798954
398 2.36467770075423
399 2.36467932319141
400 2.11467932319141
401 2.06293128273576
402 2.00668337755144
403 1.95043558555822
404 1.89418788495319
405 1.83794025435628
406 1.78169267294538
407 1.72544512058062
408 1.66919757791746
409 1.61295002650828
410 1.55851810798788
411 1.50753105407054
412 1.46000920030439
413 1.41601096563932
414 1.37558829068086
415 1.33878789764891
416 1.3056521375679
417 1.27621966518754
418 1.25052597897817
419 1.22860385532581
420 1.21047051327151
421 1.2
422 1.2
423 1.2
424 1.2
425 1.2
426 1.20304292619207
427 1.20911973537153
428 1.2180442238119
429 1.22961884414756
430 1.24363631076783
431 1.25985296502466
432 1.27795026744571
433 1.29760784182725
434 1.31857179692775
435 1.34063990999829
436 1.36362832388558
437 1.38734761916242
438 1.41160527818342
439 1.43620877279294
440 1.46096815146358
441 1.48569842457343
442 1.51022224793838
443 1.53437256585028
444 1.55799425113871
445 1.58094461940751
446 1.60309339556798
447 1.62432263745284
448 1.64452676107075
449 1.66361260515692
450 1.68149948647546
451 1.69811921241137
452 1.71341602359227
453 1.72734644331949
454 1.7398790229518
455 1.75099398928956
456 1.76068280992979
457 1.76894769297764
458 1.77580103353515
459 1.78126481581257
460 1.78536997767095
461 1.788155743368
462 1.78966892988726
463 1.78996323227493
464 1.78909849368118
465 1.78713996605181
466 1.78415756746477
467 1.78022514192852
468 1.77541972712944
469 1.76982083521609
470 1.76350975129105
471 1.75656885386909
472 1.74908096116189
473 1.74112870666181
474 1.73279394711578
475 1.72415720559885
476 1.7152971520133
477 1.70629012295314
478 1.69720968249035
479 1.68812622505999
480 1.67910662125294
481 1.67021390696837
482 1.66150701603693
483 1.65304055610113
484 1.64486462723379
485 1.63702468248807
486 1.62956142930688
487 1.62251077047379
488 1.61590378306435
489 1.60976673365559
490 1.60412112787339
491 1.59898379220189
492 1.59436698584707
493 1.59027854033684
494 1.58672202445321
495 1.58369693202656
496 1.58119889007896
497 1.5792198847794
498 1.5777485026712
499 1.57677018464646
500 1.5762674901757
501 1.57622036935052
502 1.57660644036161
503 1.57740127011393
504 1.5785786557727
505 1.58011090513713
506 1.58196911385268
507 1.58412343759518
508 1.58654335749006
509 1.58919793716621
510 1.59205606998538
511 1.59508671513228
512 1.59825912139817
513 1.60154303763881
514 1.60490890903576
515 1.60832805843781
516 1.61177285220391
517 1.61521685011177
518 1.61863493903397
519 1.62200345021736
520 1.62530026012935
521 1.62850487495658
522 1.6315984989569
523 1.63456408697305
524 1.63738638151734
525 1.64005193492832
526 1.64254911718486
527 1.64486811003855
528 1.64700088819185
529 1.6489411883083
530 1.65068446669026
531 1.65222784650069
532 1.65357005543825
533 1.65471135479916
534 1.65565346087542
535 1.65639945964755
536 1.65695371573117
537 1.65732177653062
538 1.65751027254012
539 1.65752681471411
540 1.65737988980391
541 1.65707875452732
542 1.65663332940353
543 1.65605409304607
544 1.65535197766367
545 1.65453826647259
546 1.65362449367471
547 1.65262234760426
548 1.6515435775926
549 1.65039990504599
550 1.64920293917558
551 1.64796409776282
552 1.64669453328777
553 1.64540506469182
554 1.6441061149919
555 1.64280765490938
556 1.64151915262498
557 1.64024952972025
558 1.63900712331845
559 1.63779965439128
560 1.63663420215466
561 1.63551718443619
562 1.63445434385897
563 1.63345073965182
564 1.63251074486428
565 1.63163804873639
566 1.63083566394797
567 1.63010593845041
568 1.62945057156506
569 1.62887063401733
570 1.62836659156291
571 1.62793833185391
572 1.62758519418631
573 1.62730600176724
574 1.62709909614009
575 1.62696237340785
576 1.62689332190009
577 1.62688906093581
578 1.62694638034417
579 1.62706178041625
580 1.62723151197422
581 1.62745161625922
582 1.62771796435543
583 1.62802629588533
584 1.62837225672984
585 1.62875143554644
586 1.62915939887828
587 1.62959172466843
588 1.63004403401389
589 1.63051202101539
590 1.63099148060005
591 1.63147833421497
592 1.63196865331049
593 1.63245868055194
594 1.63294484871866
595 1.63342379726771
596 1.63389238655806
597 1.63434770974848
598 1.63478710239829
599 1.63520814981606
600 1.63560869221485
601 1.63598682774641
602 1.636340913498
603 1.63666956454665
604 1.63697165117489
605 1.63724629436032
606 1.63749285965835
607 1.63771094960315
608 1.63790039475666
609 1.63806124353856
610 1.63819375097257
611 1.63829836648569
612 1.63837572089672
613 1.63842661272995
614 1.6384519939877
615 1.63845295551279
616 1.63843071206854
617 1.63838658725934
618 1.63832199841018
619 1.63823844151755
620 1.63813747637823
621 1.63802071199579
622 1.63788979235748
623 1.63774638266712
624 1.63759215611154
625 1.63742878123092
626 1.63725790995491
627 1.63708116635872
628 1.63690013618542
629 1.63671635717264
630 1.63653131021411
631 1.63634641137894
632 1.63616300480408
633 1.63598235646807
634 1.63580564884769
635 1.63563397645234
636 1.63546834222474
637 1.63530965479116
638 1.63515872653854
639 1.63501627249132
640 1.63488290995618
641 1.63475915889881
642 1.63464544301333
643 1.63454209144195
644 1.63444934109968
645 1.63436733955699
646 1.63429614843114
647 1.63423574723629
648 1.63418603764102
649 1.6341468480819
650 1.6341179386815
651 1.63409900641976
652 1.63408969050805
653 1.63408957791676
654 1.63409820900812
655 1.63411508322784
656 1.63413966481121
657 1.63417138846092
658 1.63420966495681
659 1.63425388665974
660 1.63430343287478
661 1.63435767504144
662 1.63441598172175
663 1.63447772335985
664 1.6345422767896
665 1.63460902947001
666 1.63467738343111
667 1.63474675891587
668 1.63481659770675
669 1.63488636612844
670 1.63495555772087
671 1.63502369557968
672 1.63509033436343
673 1.63515506196972
674 1.63521750088452
675 1.6352773092111
676 1.63533418138716
677 1.63538784860051
678 1.63543807891525
679 1.63548467712221
680 1.63552748432826
681 1.63556637730086
682 1.63560126758463
683 1.63563210040794
684 1.63565885339804
685 1.63568153512357
686 1.6357001834839
687 1.63571486396458
688 1.6357256677785
689 1.63573270991196
690 1.63573612709472
691 1.63573607571268
692 1.63573272968132
693 1.63572627829743
694 1.6357169240858
695 1.63570488065709
696 1.6356903705917
697 1.63567362336404
698 1.63565487332026
699 1.63563435772147
700 1.63561231486365
701 1.63558898228403
702 1.63556459506268
703 1.63553938422717
704 1.63551357526655
705 1.63548738676025
706 1.63546102912603
707 1.63543470349024
708 1.63540860068255
709 1.63538290035622
710 1.63535777023408
711 1.63533336547942
712 1.63530982819024
713 1.6352872870142
714 1.6352658568812
715 1.63524563884968
716 1.63522672006186
717 1.63520917380307
718 1.63519305965933
719 1.63517842376724
720 1.63516529914958
721 1.63515370613011
722 1.6351436528203
723 1.6351351356711
724 1.63512814008226
725 1.63512264106199
726 1.63511860392949
727 1.63511598505331
728 1.63511473261802
729 1.63511478741245
730 1.63511608363255
731 1.63511854969223
732 1.63512210903589
733 1.63512668094669
734 1.63513218134475
735 1.63513852356997
736 1.63514561914461
737 1.63515337851097
738 1.63516171174003
739 1.63517052920739
740 1.63517974223317
741 1.63518926368292
742 1.63519900852729
743 1.63520889435817
744 1.63521884185996
745 1.6352287752346
746 1.63523862257963
747 1.63524831621887
748 1.63525779298568
749 1.63526699445901
750 1.63527586715305
751 1.63528436266124
752 1.63529243775603
753 1.63530005444566
754 1.63530717998998
755 1.63531378687697
756 1.63531985276231
757 1.63532536037412
758 1.63533029738544
759 1.63533465625693
760 1.63533843405247
761 1.63534163223026
762 1.63534425641235
763 1.6353463161352
764 1.63534782458411
765 1.63534879831432
766 1.63534925696136
767 1.63534922294342
768 1.63534872115826
769 1.63534777867714
770 1.63534642443823
771 1.63534468894165
772 1.63534260394838
773 1.63534020218502
774 1.63533751705626
775 1.63533458236677
776 1.63533143205412
777 1.63532809993401
778 1.63532461945921
779 1.63532102349321
780 1.63531734409946
781 1.63531361234702
782 1.63530985813324
783 1.63530611002381
784 1.6353023951106
785 1.63529873888736
786 1.63529516514334
787 1.63529169587467
788 1.63528835121327
789 1.63528514937301
790 1.63528210661249
791 1.63527923721405
792 1.63527655347825
793 1.6352740657331
794 1.63527178235724
795 1.63526970981627
796 1.63526785271116
797 1.63526621383794
798 1.63526479425754
799 1.63526359337487
800 1.86841885902602
801 1.88135558757255
802 1.89541752400188
803 1.90947966203268
804 1.92354199422425
805 1.93760451208892
806 1.95166720620648
807 1.96573006633969
808 1.97979308154999
809 1.99385624031253
810 2.00622621377174
811 2.01564007738518
812 2.02253481041625
813 2.02723576668925
814 2.02999601129078
815 2.03101228247411
816 2.03043746170528
817 2.02839028627261
818 2.02496291404071
819 2.02022681517856
820 2.01424965858299
821 2.00711654701095
822 1.99893157150239
823 1.98980877959791
824 1.97986636951113
825 1.96922298239168
826 1.95799544868626
827 1.94629752610238
828 1.934239300135
829 1.92192701516715
830 1.90946308506222
831 1.89694598206466
832 1.88446988106495
833 1.87212416736195
834 1.85999293799078
835 1.84815456250603
836 1.83668133114248
837 1.82563919591032
838 1.81508759793449
839 1.80507936848521
840 1.79566068981722
841 1.78687110467296
842 1.77874356828896
843 1.77130454066799
844 1.76457411831176
845 1.75856620440993
846 1.75328871569206
847 1.74874382330143
848 1.74492822438754
849 1.74183344072037
850 1.73944614049371
851 1.73774847954155
852 1.73671845834679
853 1.73633029139364
854 1.73655478556606
855 1.73735972442107
856 1.73871025528084
857 1.74056927620581
858 1.74289782004156
859 1.74565543288133
860 1.7488005444527
861 1.75229082811923
862 1.75608354838068
863 1.7601358939555
864 1.76440529473265
865 1.7688497210849
866 1.77342796424026
867 1.77809989661212
868 1.78282671118919
869 1.78757113928434
870 1.79229764613415
871 1.79697260402803
872 1.80156444282641
873 1.80604377789929
874 1.81038351568039
875 1.81455893718579
876 1.81854775998953
877 1.82233017928164
878 1.8258888887553
879 1.82920908218036
880 1.83227843661807
881 1.83508707831899
882 1.83762753241969
883 1.83989465761716
884 1.84188556705014
885 1.8435995366561
886 1.84503790230067
887 1.84620394699341
888 1.84710277951047
889 1.8477412057417
890 1.84812759406663
891 1.84827173604235
892 1.8481847036564
893 1.84787870436003
894 1.84736693505269
895 1.84666343613772
896 1.8457829467126
897 1.84474076189548
898 1.84355259322437
899 1.8422344329955
900 1.84080242333568
901 1.83927273072889
902 1.83766142664143
903 1.83598437481315
904 1.83425712570524
905 1.83249481851804
906 1.83071209111657
907 1.82892299812631
908 1.82714093738956
909 1.82537858490139
910 1.82364783827679
911 1.82195976873532
912 1.82032458152822
913 1.81875158467481
914 1.81724916582105
915 1.8158247769831
916 1.81448492689289
917 1.81323518062128
918 1.81208016611761
919 1.81102358727175
920 1.81006824307674
921 1.80921605244704
922 1.80846808422771
923 1.80782459191564
924 1.80728505260334
925 1.80684820964921
926 1.8065121185761
927 1.8062741957011
928 1.80613126900446
929 1.80607963075377
930 1.80611509141098
931 1.806233034364
932 1.80642847104159
933 1.80669609598949
934 1.80703034150718
935 1.80742543146781
936 1.80787543396889
937 1.80837431248729
938 1.80891597523947
939 1.80949432247607
940 1.81010329146823
941 1.81073689897268
942 1.81138928099094
943 1.81205472966777
944 1.81272772720192
945 1.81340297667116
946 1.81407542970034
947 1.81474031092839
948 1.81539313925549
949 1.81602974587624
950 1.8166462891278
951 1.81723926620375
952 1.81780552180506
953 1.81834225381796
954 1.81884701612609
955 1.8193177186797
956 1.81975262495868
957 1.8201503469783
958 1.82050983799715
959 1.82083038309555
960 1.8211115877998
961 1.82135336493329
962 1.82155591987913
963 1.82171973444171
964 1.8218455494951
965 1.82193434660589
966 1.82198732881606
967 1.82200590076848
968 1.82199164835305
969 1.82194631804642
970 1.82187179611149
971 1.82177008781581
972 1.8216432968199
973 1.8214936048775
974 1.82132325198073
975 1.82113451707284
976 1.82092969944124
977 1.82071110089281
978 1.82048100880252
979 1.82024168011571
980 1.81999532637317
981 1.81974409981734
982 1.8194900806271
983 1.81923526531798
984 1.81898155633427
985 1.81873075284948
986 1.81848454278196
987 1.81824449602321
988 1.81801205886776
989 1.81778854962508
990 1.8175751553867
991 1.81737292991412
992 1.81718279260701
993 1.81700552850521
994 1.81684178927269
995 1.81669209510724
996 1.81655683751557
997 1.81643628289027
998 1.8163305768223
999 1.81623974908076
1000 1.81616371919015
1001 1.81610230253437
1002 1.8160552169166
1003 1.81602208950425
1004 1.81600246408892
1005 1.81599580859262
1006 1.81600152275298
1007 1.81601894592233
1008 1.81604736491809
1009 1.81608602186422
1010 1.81613412196718
1011 1.81619084117264
1012 1.81625533365296
1013 1.81632673907931
1014 1.81640418963583
1015 1.81648681673765
1016 1.81657375741843
1017 1.81666416035717
1018 1.81675719151847
1019 1.81685203938412
1020 1.81694791975848
1021 1.81704408013361
1022 1.81713980360443
1023 1.81723441232777
1024 1.81732727052276
1025 1.81741778701371
1026 1.81750541731968
1027 1.81758966529823
1028 1.81767008435351
1029 1.8177462782218
1030 1.81781790134987
1031 1.81788465888363
1032 1.81794630628684
1033 1.81800264861109
1034 1.8180535394398
1035 1.8180988795303
1036 1.81813861517906
1037 1.81817273633584
1038 1.81820127449307
1039 1.81822430037716
1040 1.8182419214686
1041 1.81825427937739
1042 1.8182615471004
1043 1.81826392618642
1044 1.81826164383444
1045 1.81825494994954
1046 1.81824411418019
1047 1.81822942295937
1048 1.81821117657111
1049 1.81818968626254
1050 1.81816527142024
1051 1.81813825682844
1052 1.81810897002493
1053 1.81807773876906
1054 1.8180448886349
1055 1.81801074074075
1056 1.81797560962479
1057 1.81793980127515
1058 1.81790361132106
1059 1.81786732339012
1060 1.81783120763564
1061 1.817795519436
1062 1.81776049826718
1063 1.81772636674793
1064 1.81769332985585
1065 1.8176615743118
1066 1.81763126812836
1067 1.81760256031782
1068 1.81757558075355
1069 1.81755044017822
1070 1.81752723035149
1071 1.81750602432903
1072 1.8174868768643
1073 1.81746982492405
1074 1.81745488830799
1075 1.81744207036298
1076 1.81743135878172
1077 1.81742272647595
1078 1.81741613251396
1079 1.81741152311241
1080 1.81740883267244
1081 1.81740798485037
1082 1.81740889365331
1083 1.81741146455048
1084 1.81741559559142
1085 1.81742117852238
1086 1.81742809989301
1087 1.81743624214565
1088 1.81744548468007
1089 1.81745570488733
1090 1.81746677914641
1091 1.81747858377855
1092 1.81749099595414
1093 1.81750389454809
1094 1.81751716093991
1095 1.81753067975549
1096 1.81754433954802
1097 1.81755803341613
1098 1.81757165955786
1099 1.81758512175969
1100 1.81759832982021
1101 1.81761119990866
1102 1.81762365485896
1103 1.81763562440032
1104 1.81764704532592
1105 1.81765786160148
1106 1.81766802441601
1107 1.81767749217719
1108 1.81768623045425
1109 1.81769421187129
1110 1.8177014159545
1111 1.81770782893639
1112 1.81771344352097
1113 1.81771825861327
1114 1.8177222790171
1115 1.81772551510478
1116 1.81772798246276
1117 1.81772970151678
1118 1.81773069714047
1119 1.81773099825098
1120 1.81773063739531
1121 1.81772965033078
1122 1.81772807560305
1123 1.81772595412486
1124 1.81772332875854
1125 1.81772024390515
1126 1.81771674510296
1127 1.81771287863767
1128 1.81770869116668
1129 1.81770422935945
1130 1.81769953955578
1131 1.81769466744353
1132 1.81768965775733
1133 1.81768455399925
1134 1.81767939818247
1135 1.8176742305987
1136 1.81766908960979
1137 1.81766401146385
1138 1.81765903013607
1139 1.81765417719407
1140 1.81764948168765
1141 1.81764497006235
1142 1.81764066609651
1143 1.81763659086086
1144 1.81763276269999
1145 1.81762919723464
1146 1.81762590738382
1147 1.8176229034055
1148 1.81762019295485
1149 1.8176177811584
1150 1.81761567070319
1151 1.81761386193909
1152 1.81761235299325
1153 1.81761113989492
1154 1.81761021670953
1155 1.81760957568023
1156 1.81760920737583
1157 1.81760910084348
1158 1.81760924376486
1159 1.81760962261458
1160 1.81761022281936
1161 1.81761102891707
1162 1.81761202471415
1163 1.81761319344063
1164 1.81761451790153
1165 1.81761598062379
1166 1.81761756399795
1167 1.81761925041365
1168 1.81762102238843
1169 1.81762286268911
1170 1.81762475444528
1171 1.81762668125448
1172 1.81762862727868
1173 1.81763057733179
1174 1.81763251695807
1175 1.81763443250126
1176 1.81763631116438
1177 1.81763814106029
1178 1.81763991125306
1179 1.81764161179032
1180 1.81764323372679
1181 1.81764476913929
1182 1.8176462111335
1183 1.81764755384291
1184 1.81764879242024
1185 1.81764992302191
1186 1.8176509427859
1187 1.81765184980356
1188 1.81765264308587
1189 1.81765332252466
1190 1.81765388884933
1191 1.81765434357959
1192 1.81765468897485
1193 1.81765492798067
1194 1.81765506417289
1195 1.81765510169999
1196 1.81765504522409
1197 1.81765489986119
1198 1.81765467112103
1199 1.81765436484717
1200 1.81765398715754
