1 2
2 2
3 2
4 2
5 2
6 2
7 2
8 2
9 2
10 2
11 2
12 2
13 2
14 2
15 2
16 2
17 2
18 2
19 2
20 2
21 2
22 2
23 2
24 2
25 2
26 2
27 2
28 2
29 2
30 2.25
31 2.28588121621622
32 2.32209743243243
33 2.35831364864865
34 2.39452986486486
35 2.43074608108108
36 2.4669622972973
37 2.50317851351351
38 2.53939472972973
39 2.57561094594595
40 2.60914662286535
41 2.63777560293201
42 2.66182778840623
43 2.68155409847679
44 2.69714831498857
45 2.70875979299826
46 2.71650335928762
47 2.72046701897596
48 2.72071795494326
49 2.71730719761939
50 2.71030200039055
51 2.69983228071686
52 2.68609514524609
53 2.66933452897286
54 2.64982668550789
55 2.62786988094564
56 2.60377713829462
57 2.57787118392647
58 2.55048097374692
59 2.52193934446865
60 2.49258115114628
61 2.46274097232862
62 2.43274997740779
63 2.40293231197486
64 2.37360145753946
65 2.34505682062002
66 2.31758067741356
67 2.2914355198775
68 2.26686180111136
69 2.2440760513209
70 2.22326932606196
71 2.20460595696899
72 2.18822259504575
73 2.17422755222953
74 2.16270045081552
75 2.15369218619685
76 2.14722520131702
77 2.14329406398773
78 2.14186633212492
79 2.14288368749796
80 2.14626331576951
81 2.15189950907209
82 2.1596654665441
83 2.1694152676197
84 2.18098599219849
85 2.19419996112813
86 2.20886706983825
87 2.22478718759108
88 2.2417525947531
89 2.25955043078031
90 2.27796512624738
91 2.29678079320565
92 2.31578354938338
93 2.33476375319918
94 2.35351812821264
95 2.37185175745594
96 2.38957993005624
97 2.40652982464989
98 2.42254201628457
99 2.43747179578095
100 2.45119029285563
101 2.46358539666534
102 2.47456246979114
103 2.48404485401486
104 2.49197416852326
105 2.49831040338403
106 2.50303181325187
107 2.50613461826141
108 2.5076325209293
109 2.50755604960465
110 2.50595174056058
111 2.50288117219861
112 2.49841986603193
113 2.49265607011562
114 2.48568944139702
115 2.47762964406404
116 2.46859488137328
117 2.45871037864416
118 2.4481068351144
119 2.43691886217081
120 2.42528342510561
121 2.41333830501116
122 2.40122059672644
123 2.38906525789824
124 2.37700372323325
125 2.36516259690787
126 2.35366243488675
127 2.34261662759416
128 2.33213039200167
129 2.32229988075817
130 2.31321141451015
131 2.30494084206009
132 2.29755303150372
133 2.29110149399051
134 2.28562814028121
135 2.28116316884638
136 2.27772508287557
137 2.27532083226037
138 2.27394607538849
139 2.27358555445122
140 2.27421357693215
141 2.27579459501963
142 2.27828387387523
143 2.28162823900154
144 2.285766892388
145 2.29063228667644
146 2.29615104627858
147 2.30224492419676
148 2.30883178324327
149 2.31582659042165
150 2.32314241341875
151 2.3306914084562
152 2.33838578915504
153 2.3461387665729
154 2.35386545116834
155 2.36148370812515
156 2.36891495821889
157 2.37608491721996
158 2.38292426769091
159 2.38936925793972
160 2.39536222382484
161 2.40085203006079
162 2.40579442863419
163 2.41015233289895
164 2.41389600686576
165 2.41700317012456
166 2.41945901973135
167 2.42125617124253
168 2.42239452188363
169 2.42288103958797
170 2.42272948232693
171 2.42196005277266
172 2.42059899388122
173 2.41867813145479
174 2.41623437013435
175 2.41330914958573
176 2.40994786787205
177 2.40619927915404
178 2.40211487292704
179 2.3977482419917
180 2.39315444626673
181 2.38838937938951
182 2.3835091448183
183 2.37856944785246
184 2.37362500962911
185 2.36872900874292
186 2.36393255567471
187 2.35928420471155
188 2.35482950750254
189 2.35061061182723
190 2.34666590856422
191 2.34302972924356
192 2.33973209595452
193 2.33679852476689
194 2.33424988321641
195 2.33210230180874
196 2.33036713891819
197 2.32905099790299
198 2.32815579473275
199 2.3276788739318
200 2.32761317018752
201 2.32794741256008
202 2.32866636786252
203 2.32975111945937
204 2.33117937746154
205 2.33292581607565
206 2.33496243369787
207 2.33725893122702
208 2.33978310400796
209 2.34250124280359
210 2.34537853923113
211 2.34837949118314
212 2.35146830388457
213 2.35460928241048
214 2.35776721170221
215 2.3609077203694
216 2.36399762484728
217 2.3670052507892
218 2.36990072890957
219 2.37265626284745
220 2.37524636699212
221 2.37764807259391
222 2.37984110087275
223 2.38180800222852
224 2.38353426104689
225 2.3850083659781
226 2.38622184594042
227 2.38716927245993
228 2.38784822930203
229 2.38825925067282
230 2.38840572956867
231 2.3882937981264
232 2.38793218207308
233 2.38733203159105
234 2.38650673109946
235 2.38547169060679
236 2.38424412140953
237 2.38284279899887
238 2.38128781609158
239 2.37960032872197
240 2.37780229832093
241 2.37591623266572
242 2.3739649285125
243 2.37197121862351
244 2.36995772577481
245 2.36794662618009
246 2.36595942459448
247 2.36401674317069
248 2.36213812593212
249 2.36034186050581
250 2.35864481852487
251 2.35706231586899
252 2.3556079936645
253 2.35429372071609
254 2.35312951779281
255 2.35212350394414
256 2.35128186478046
257 2.35060884241867
258 2.3501067465698
259 2.34977598603419
260 2.34961511967178
261 2.34962092573388
262 2.34978848827779
263 2.35011129923979
264 2.35058137461559
265 2.35118938309086
266 2.35192478537969
267 2.35277598246405
268 2.353730470885
269 2.35477500321427
270 2.35589575183386
271 2.35707847417043
272 2.35830867756939
273 2.35957178205061
274 2.36085327926132
275 2.36213888603178
276 2.36341469104363
277 2.364667293238
278 2.36588393071915
279 2.36705259904758
280 2.3681621579626
281 2.36920242572634
282 2.37016426043768
283 2.37103962782312
284 2.37182165517128
285 2.37250467123578
286 2.37308423208725
287 2.37355713304607
288 2.37392140697342
289 2.37417630933598
290 2.37432229058991
291 2.37436095654939
292 2.37429501751502
293 2.37412822703494
294 2.37386531125761
295 2.37351188990815
296 2.37307438997984
297 2.3725599532788
298 2.37197633899283
299 2.37133182247433
300 2.37063509143351
301 2.36989514073084
302 2.36912116693828
303 2.36832246380696
304 2.36750831973648
305 2.3666879182874
306 2.36587024271549
307 2.36506398543493
308 2.36427746323801
309 2.36351853901328
310 2.3627945506127
311 2.36211224742265
312 2.36147773509498
313 2.36089642879329
314 2.3603730152081
315 2.35991142349304
316 2.35951480517404
317 2.35918552298571
318 2.35892514849484
319 2.35873446828042
320 2.35861349835491
321 2.35856150643195
322 2.35857704157315
323 2.35865797068106
324 2.3588015212474
325 2.35900432971593
326 2.35926249477749
327 2.35957163488196
328 2.35992694922725
329 2.36032328146993
330 2.36075518539471
331 2.36121699178116
332 2.36170287571562
333 2.36220692361321
334 2.36272319923923
335 2.36324580805104
336 2.36376895921897
337 2.36428702472853
338 2.36479459501488
339 2.3652865306337
340 2.36575800952961
341 2.36620456952324
342 2.36662214570037
343 2.36700710245052
344 2.36735625996717
345 2.36766691508639
346 2.36793685640551
347 2.36816437368594
348 2.36834826160583
349 2.3684878179869
350 2.36858283667526
351 2.36863359530838
352 2.36864083824829
353 2.36860575500488
354 2.36852995451213
355 2.36841543565399
356 2.36826455446522
357 2.36807998845603
358 2.36786469852687
359 2.36762188895218
360 2.36735496591859
361 2.36706749510444
362 2.36676315878367
363 2.36644571292806
364 2.36611894476806
365 2.36578663125415
366 2.36545249883817
367 2.36512018496747
368 2.36479320165534
369 2.36447490145776
370 2.36416844615173
371 2.36387677837216
372 2.36360259642569
373 2.36334833245908
374 2.36311613411857
375 2.36290784979537
376 2.36272501751124
377 2.36256885745714
378 2.36244026815888
379 2.36233982620512
380 2.36226778943693
381 2.36222410346393
382 2.36220841134017
383 2.36222006620402
384 2.36225814666009
385 2.36232147465832
386 2.36240863560575
387 2.36251800043022
388 2.36264774930238
389 2.36279589671331
390 2.3629603175992
391 2.36313877420247
392 2.36332894335942
393 2.36352844390969
394 2.36373486392952
395 2.36394578750207
396 2.36415882075099
397 2.36437161687944
398 2.36458189997485
399 2.36478748736008
400 2.11478748736008
401 2.04321517747816
402 1.97096238099327
403 1.89869747619882
404 1.82641901850816
405 1.75412575079379
406 1.68181661141453
407 1.60949073991184
408 1.53714748038195
409 1.46478638255541
410 1.39508987174683
411 1.33067024939515
412 1.27184959046317
413 1.21889076738828
414 1.2
415 1.2
416 1.2
417 1.2
418 1.2
419 1.2
420 1.2
421 1.2
422 1.2051737170596
423 1.21658006614595
424 1.23361640917555
425 1.25528019886628
426 1.28060528393469
427 1.30883639415408
428 1.33938256704299
429 1.3717809567978
430 1.40566863700379
431 1.44076063039172
432 1.47677731602481
433 1.51338162664629
434 1.55018764668472
435 1.58678768982894
436 1.62277694695397
437 1.65777015539291
438 1.69141084908033
439 1.72337565253988
440 1.75337535371712
441 1.78115396597846
442 1.80648720688605
443 1.82918189574827
444 1.84907658444924
445 1.86604277796432
446 1.87998608893096
447 1.890846922757
448 1.8986005343337
449 1.90325645673089
450 1.90485738436684
451 1.90347762764239
452 1.89922125606242
453 1.89222001703978
454 1.88263107638534
455 1.87063459816898
456 1.85643117277481
457 1.84023910573187
458 1.82229158846068
459 1.80283378031787
460 1.78211983689499
461 1.76040992185201
462 1.73796723901664
463 1.71505511900114
464 1.69193419132819
465 1.66885966988679
466 1.64607877680502
467 1.62382832747663
468 1.60233249729912
469 1.58180078846187
470 1.56242621273076
471 1.54438370356863
472 1.52782876813627
473 1.5128963868084
474 1.49970016489459
475 1.48833173834913
476 1.47886043243444
477 1.47133316960366
478 1.46577462030534
479 1.46218758800334
480 1.46055361745891
481 1.46083381325533
482 1.46296985367356
483 1.46688518336482
484 1.47248636682777
485 1.4796645834938
486 1.48829724426103
487 1.49824970860092
488 1.50937708088978
489 1.52152606438946
490 1.53453685131183
491 1.54824502764286
492 1.562483471865
493 1.57708422738917
494 1.59188032937786
495 1.60670756769196
496 1.62140616891132
497 1.63582238174326
498 1.64980995162654
499 1.6632314719399
500 1.67595960091499
501 1.68787813511113
502 1.69888293211472
503 1.70888267695671
504 1.71779948857889
505 1.72556936450187
506 1.73214246363763
507 1.73748322892707
508 1.74157035315237
509 1.74439659285892
510 1.74596843680708
511 1.74630563674761
512 1.74544060956459
513 1.74341772094621
514 1.74029246171871
515 1.73613052880603
516 1.73100682345242
517 1.72500437986485
518 1.71821323779522
519 1.71072927279015
520 1.70265299789037
521 1.69408835046677
522 1.68514147764072
523 1.67591953336024
524 1.66652949969756
525 1.65707704430788
526 1.64766542525374
527 1.63839445356452
528 1.62935952297974
529 1.62065071532859
530 1.61235198894059
531 1.60454045637649
532 1.59728575662656
533 1.59064952576087
534 1.58468496884314
535 1.57943653475221
536 1.5749396944029
537 1.57122082173453
538 1.56829717575157
539 1.56617698086629
540 1.56485960181924
541 1.56433580854703
542 1.56458812553678
543 1.56559125945929
544 1.56731259821401
545 1.56971277395288
546 1.57274628217987
547 1.57636214865204
548 1.58050463553583
549 1.58511397810006
550 1.5901271431535
551 1.59547860045758
552 1.60110109846095
553 1.6069264359083
554 1.61288622116605
555 1.61891261147682
556 1.62493902479675
557 1.6309008173778
558 1.63673592082363
559 1.64238543296514
560 1.6477941575619
561 1.65291108852983
562 1.65768983511603
563 1.6620889851794
564 1.66607240448214
565 1.66960947064509
566 1.67267524115961
567 1.67525055557406
568 1.67732207267559
569 1.67888224416132
570 1.67992922693096
571 1.68046673672908
572 1.68050384641522
573 1.68005473263832
574 1.67913837513573
575 1.67777821326216
576 1.67600176467886
577 1.67384021139545
578 1.67132795855614
579 1.66850217149706
580 1.665402296674
581 1.66206957206952
582 1.65854653263813
583 1.65487651623933
584 1.65110317534478
585 1.64726999958948
586 1.64341985397333
587 1.63959453721121
588 1.63583436438295
589 1.63217777765254
590 1.62866098841551
591 1.62531765379809
592 1.62217858997827
593 1.61927152433196
594 1.6166208879324
595 1.61424764945394
596 1.61216919105605
597 1.61039922635677
598 1.60894776014978
599 1.60782108908167
600 1.60702184208928
601 1.60654905900563
602 1.60639830537954
603 1.60656182122267
604 1.60702870110027
605 1.60778510272102
606 1.60881448095815
607 1.61009784405097
608 1.61161402859231
609 1.61333998980487
610 1.61525110354728
611 1.61732147646837
612 1.61952426074525
613 1.62183196989517
614 1.62421679224204
615 1.62665089874312
616 1.62910674203777
617 1.63155734376583
618 1.63397656741501
619 1.63633937419152
620 1.63862205966353
621 1.64080246919872
622 1.64286019050225
623 1.64477672185649
624 1.64653561496541
625 1.64812259161056
626 1.64952563362998
627 1.6507350460316
628 1.6517434933463
629 1.65254600961008
630 1.65313998263614
631 1.65352511349421
632 1.65370335235393
633 1.65367881206881
634 1.65345766107592
635 1.65304799736277
636 1.65245970540462
637 1.65170429810292
638 1.65079474585735
639 1.64974529497973
640 1.64857127770825
641 1.64728891610463
642 1.64591512211624
643 1.64446729605962
644 1.64296312573317
645 1.64142038829587
646 1.63985675695678
647 1.63828961440898
648 1.63673587481308
649 1.63521181599096
650 1.63373292333263
651 1.63231374674957
652 1.63096777182934
653 1.62970730615996
654 1.62854338160186
655 1.62748567309143
656 1.62654243436574
657 1.62572045080523
658 1.62502500940181
659 1.62445988567574
660 1.62402734718824
661 1.62372817312864
662 1.6235616892981
663 1.62352581766604
664 1.62361713954342
665 1.62383097129847
666 1.62416145143763
667 1.62460163778622
668 1.62514361343255
669 1.6257786000434
670 1.62649707712091
671 1.62728890574819
672 1.62814345536575
673 1.62904973213019
674 1.62999650743222
675 1.6309724451907
676 1.63196622659259
677 1.63296667101527
678 1.63396285194489
679 1.63494420679323
680 1.63590063961237
681 1.63682261581234
682 1.63770124809842
683 1.63852837296181
684 1.63929661717833
685 1.63999945389262
686 1.64063124798956
687 1.64118729057806
688 1.6416638225344
689 1.64205804717111
690 1.64236813221223
691 1.64259320136501
692 1.64273331588163
693 1.64278944660007
694 1.6427634370414
695 1.64265795821982
696 1.64247645589152
697 1.64222309102853
698 1.64190267435332
699 1.64152059580946
700 1.64108274987251
701 1.64059545762333
702 1.64006538651423
703 1.6394994687558
704 1.63890481924012
705 1.63828865389436
706 1.63765820932812
707 1.6370206645988
708 1.63638306587261
709 1.63575225470523
710 1.63513480060583
711 1.6345369384835
712 1.63396451150463
713 1.63342291981691
714 1.63291707551912
715 1.63245136417785
716 1.63202961311336
717 1.63165506659775
718 1.63133036803011
719 1.63105754907675
720 1.6308380256902
721 1.63067260084927
722 1.63056147379527
723 1.63050425547583
724 1.63049998985012
725 1.63054718065619
726 1.63064382319402
727 1.63078744063757
728 1.6309751243541
729 1.63120357768173
730 1.63146916259485
731 1.63176794867258
732 1.63209576377803
733 1.63244824585477
734 1.63282089525236
735 1.63320912700422
736 1.63360832249831
737 1.63401388000412
738 1.63442126354716
739 1.63482604965475
740 1.63522397153366
741 1.6356109602805
742 1.63598318276901
743 1.63633707590485
744 1.63666937698586
745 1.63697714995584
746 1.63725780738953
747 1.6375091280974
748 1.63772927028889
749 1.63791678028222
750 1.63807059679709
751 1.63819005091276
752 1.63827486181821
753 1.63832512852257
754 1.63834131773234
755 1.63832424813703
756 1.6382750713765
757 1.63819524999071
758 1.63808653267634
759 1.63795092719416
760 1.6377906712862
761 1.63760820197263
762 1.63740612360496
763 1.63718717505446
764 1.636954196413
765 1.63671009557771
766 1.63645781508133
767 1.6362002995169
768 1.63594046388904
769 1.63568116320415
770 1.63542516358998
771 1.63517511520951
772 1.6349335272078
773 1.63470274490106
774 1.63448492938762
775 1.6342820397288
776 1.63409581781616
777 1.63392777600907
778 1.63377918759474
779 1.63365108009067
780 1.63354423137879
781 1.63345916863005
782 1.63339616995006
783 1.63335526864859
784 1.63333626001084
785 1.63333871042508
786 1.63336196869993
787 1.63340517938627
788 1.63346729790239
789 1.63354710724765
790 1.6336432360791
791 1.63375417791747
792 1.63387831124346
793 1.63401392024307
794 1.63415921596027
795 1.63431235761839
796 1.63447147387653
797 1.63463468379479
798 1.63480011729206
799 1.63496593489148
800 1.88496593489148
801 1.90306782592147
802 1.92133244911547
803 1.93959076426622
804 1.95784134368938
805 1.97608288426264
806 1.99431421777786
807 2.01253431954451
808 2.03074231520288
809 2.04893748572628
810 2.06444049416205
811 2.07521835540317
812 2.08192638827157
813 2.08507195554791
814 2.08504999204712
815 2.08216790510469
816 2.07666496800288
817 2.06872742269664
818 2.05850024018539
819 2.04609627727699
820 2.03163212748594
821 2.01527519469095
822 1.99724542612833
823 1.97779221753696
824 1.95717901759979
825 1.93567331680579
826 1.91354039104572
827 1.89103962771939
828 1.86842259700577
829 1.84593227505296
830 1.82380269498276
831 1.80225808056548
832 1.78151110058364
833 1.76176066614744
834 1.74318975885033
835 1.72596353883208
836 1.71022783530567
837 1.69610803595108
838 1.68370834454095
839 1.67311135382116
840 1.66437787666234
841 1.65754699247052
842 1.65263628977684
843 1.64964230360033
844 1.64854115066478
845 1.64928936165846
846 1.65182490316426
847 1.65606837557959
848 1.66192436856941
849 1.66928295271166
850 1.67802128484704
851 1.68800530474582
852 1.69909150138892
853 1.71112872788205
854 1.72396004455388
855 1.73742457017217
856 1.75135932158789
857 1.76560102261921
858 1.77998786370134
859 1.79436119478611
860 1.80856713516502
861 1.82245808527205
862 1.83589412704842
863 1.84874430107677
864 1.86088775038323
865 1.87221472254067
866 1.88262742346878
867 1.8920407181025
868 1.90038267487551
869 1.90759495272422
870 1.91363303104167
871 1.91846628468311
872 1.92207790772747
873 1.92446469121507
874 1.92563666149806
875 1.92561658714266
876 1.92443936350146
877 1.92215128512063
878 1.91880921705382
879 1.91447967691627
880 1.90923784012557
881 1.90316648123686
882 1.89635486459027
883 1.88889759764698
884 1.88089346040142
885 1.87244422412376
886 1.86365347241552
887 1.85462543715798
888 1.8454638614075
889 1.83627090065101
890 1.82714607309178
891 1.81818526879836
892 1.80947982663207
893 1.80111568688152
894 1.79317262648979
895 1.78572358267311
896 1.77883406961308
897 1.77256169176937
898 1.76695575622036
899 1.76205698530629
900 1.75789732973691
901 1.7544998812427
902 1.75187888280785
903 1.75003983353354
904 1.74897968425079
905 1.74868711914161
906 1.74914291784257
907 1.75032039180258
908 1.75218588805123
909 1.75469935301036
910 1.75781494855191
911 1.76148171217161
912 1.7656442529116
913 1.77024347452531
914 1.77521731733326
915 1.78050151026704
916 1.78603032473701
917 1.7917373221834
918 1.79755608747498
919 1.80342094069995
920 1.80926762034219
921 1.81503393134724
922 1.82066035214817
923 1.82609059533445
924 1.83127211729895
925 1.8361565728816
926 1.84070021173407
927 1.84486421385054
928 1.84861496243652
929 1.85192425301325
930 1.85476943837134
931 1.85713350968668
932 1.85900511478742
933 1.86037851520631
934 1.86125348426167
935 1.86163514897767
936 1.86153377917511
937 1.86096452753388
938 1.85994712484305
939 1.85850553501325
940 1.85666757472355
941 1.85446450281345
942 1.85193058470557
943 1.84910263725909
944 1.84601955950651
945 1.84272185471877
946 1.83925114917854
947 1.83564971292004
948 1.83195998751926
949 1.82822412579529
950 1.82448354801362
951 1.82077851887189
952 1.81714774920083
953 1.81362802593358
954 1.81025387348955
955 1.80705724929094
956 1.80406727568398
957 1.80131001008091
958 1.7988082546754
959 1.79658140662031
960 1.79464534909683
961 1.79301238325269
962 1.79169120054954
963 1.79068689463929
964 1.79000101149103
965 1.78963163611674
966 1.78957351389975
967 1.78981820421666
968 1.79035426376429
969 1.79116745676001
970 1.79224098897775
971 1.79355576241511
972 1.79509064725864
973 1.79682276772593
974 1.7987277983142
975 1.80078026697401
976 1.80295386175425
977 1.80522173752757
978 1.80755681950363
979 1.80993210036745
980 1.81232092804118
981 1.81469728125504
982 1.81703603032634
983 1.81931318077979
984 1.82150609769513
985 1.82359370893676
986 1.82555668569998
987 1.82737759909772
988 1.8290410518055
989 1.83053378407875
990 1.83184475375157
991 1.83296519011619
992 1.83388862186593
993 1.83461087955709
994 1.83513007330541
995 1.83544654667759
996 1.8355628079656
997 1.83548344023991
998 1.83521499176425
999 1.83476584851965
1000 1.83414609072612
1001 1.83336733536718
1002 1.83244256681431
1003 1.83138595771471
1004 1.83021268234749
1005 1.82893872466989
1006 1.82758068326727
1007 1.8261555753896
1008 1.82468064220323
1009 1.82317315731176
1010 1.82165024050499
1011 1.82012867858165
1012 1.81862475496222
1013 1.81715408966365
1014 1.81573149105086
1015 1.81437082061267
1016 1.81308487183329
1017 1.81188526404846
1018 1.81078235198846
1019 1.80978515152176
1020 1.80890128192389
1021 1.8081369248098
1022 1.80749679968495
1023 1.80698415589352
1024 1.80660078057249
1025 1.80634702206036
1026 1.80622182805911
1027 1.80622279771054
1028 1.80634624662315
1029 1.80658728377466
1030 1.80693989911955
1031 1.80739706064995
1032 1.80795081959336
1033 1.80859242238178
1034 1.80931242799375
1035 1.81010082925418
1036 1.81094717667536
1037 1.81184070343661
1038 1.81277045012873
1039 1.81372538793175
1040 1.81469453895041
1041 1.81566709249892
1042 1.81663251620573
1043 1.81758066089716
1044 1.81850185831589
1045 1.81938701083465
1046 1.82022767243588
1047 1.82101612034283
1048 1.82174541680606
1049 1.82240946066908
1050 1.82300302845759
1051 1.82352180485673
1052 1.82396240255825
1053 1.82432237157431
1054 1.82460019822483
1055 1.82479529410977
1056 1.82490797547651
1057 1.82493943348315
1058 1.82489169594207
1059 1.82476758120205
1060 1.82457064489286
1061 1.82430512031116
1062 1.82397585327278
1063 1.82358823229108
1064 1.8231481149667
1065 1.82266175148868
1066 1.82213570615171
1067 1.82157677778916
1068 1.82099192000717
1069 1.8203881620812
1070 1.81977253134432
1071 1.81915197785656
1072 1.81853330209679
1073 1.81792308636504
1074 1.81732763052291
1075 1.81675289263524
1076 1.81620443500704
1077 1.81568737603746
1078 1.81520634823787
1079 1.81476546268504
1080 1.81436828010317
1081 1.81401778869218
1082 1.81371638874342
1083 1.81346588401039
1084 1.81326747973021
1085 1.81312178712342
1086 1.81302883413518
1087 1.81298808212095
1088 1.81299844812439
1089 1.81305833234583
1090 1.81316565035531
1091 1.81331786956664
1092 1.81351204945684
1093 1.81374488499075
1094 1.81401275269138
1095 1.81431175878484
1096 1.8146377888429
1097 1.81498655834707
1098 1.81535366360487
1099 1.81573463246187
1100 1.81612497427137
1101 1.81652022860731
1102 1.81691601223446
1103 1.81730806388267
1104 1.81769228640888
1105 1.8180647859706
1106 1.81842190787777
1107 1.81876026883487
1108 1.81907678533282
1109 1.81936869799796
1110 1.81963359175479
1111 1.819869411708
1112 1.82007447469807
1113 1.82024747653256
1114 1.82038749494125
1115 1.82049398834815
1116 1.8205667905953
1117 1.82060610179276
1118 1.82061247550592
1119 1.82058680252409
1120 1.82053029148413
1121 1.8204444466486
1122 1.82033104315958
1123 1.82019210010723
1124 1.82002985176558
1125 1.81984671735755
1126 1.81964526971637
1127 1.81942820321165
1128 1.81919830130573
1129 1.81895840409899
1130 1.81871137621275
1131 1.8184600753443
1132 1.81820732181194
1133 1.81795586938794
1134 1.81770837769468
1135 1.81746738641468
1136 1.81723529153834
1137 1.81701432384482
1138 1.816806529782
1139 1.81661375488054
1140 1.81643762980648
1141 1.81627955912489
1142 1.81614071281632
1143 1.81602202055688
1144 1.81592416874275
1145 1.81584760021124
1146 1.81579251658275
1147 1.81575888312229
1148 1.81574643599493
1149 1.81575469176774
1150 1.81578295899076
1151 1.81583035167231
1152 1.81589580444889
1153 1.81597808923749
1154 1.81607583314871
1155 1.81618753743154
1156 1.81631159721679
1157 1.81644632182388
1158 1.81658995539691
1159 1.81674069763895
1160 1.81689672441925
1161 1.8170562080361
1162 1.81721733692788
1163 1.81737833463698
1164 1.8175374778449
1165 1.81769311331206
1166 1.81784367357253
1167 1.81798769125164
1168 1.81812381189273
1169 1.81825080519924
1170 1.81836757461726
1171 1.81847316520442
1172 1.81856676975036
1173 1.81864773313427
1174 1.8187155549238
1175 1.81876989023894
1176 1.818810548922
1177 1.81883749307195
1178 1.81885083301715
1179 1.81885082181523
1180 1.81883784838201
1181 1.81881242936295
1182 1.81877519987123
1183 1.81872690322448
1184 1.81866837981974
1185 1.81860055529083
1186 1.8185244280963
1187 1.8184410566875
1188 1.81835154640678
1189 1.81825703626419
1190 1.81815868573807
1191 1.81805766174041
1192 1.8179551258821
1193 1.81785222216586
1194 1.81775006522643
1195 1.81764972922833
1196 1.81755223752104
1197 1.81745855314056
1198 1.81736957023458
1199 1.81728610647643
1200 1.8172088965203
