1 2
2 2
3 2
4 2
5 2
6 2
7 2
8 2
9 2
10 2
11 2
12 2
13 2
14 2
15 2
16 2
17 2
18 2
19 2
20 2
21 2
22 2
23 2
24 2
25 2
26 2
27 2
28 2
29 2
30 2.25
31 2.2788
32 2.3108
33 2.3428
34 2.3748
35 2.4068
36 2.4388
37 2.4708
38 2.5028
39 2.5348
40 2.5654792824
41 2.59373511388448
42 2.61969041533018
43 2.64340709246451
44 2.6649249935027
45 2.68426705054892
46 2.70144341578855
47 2.71645466394095
48 2.72929426832856
49 2.73995051203568
50 2.74841493707128
51 2.75469432249822
52 2.75881297271087
53 2.76080919344686
54 2.76073290378773
55 2.75864388460171
56 2.75461049139041
57 2.74870870284837
58 2.74102141091325
59 2.73163788359271
60 2.72065331382437
61 2.7081683345084
62 2.69428843629571
63 2.67912331236214
64 2.66278617068875
65 2.64539303799991
66 2.62706206987787
67 2.60791287523309
68 2.5880658592458
69 2.5676415863708
70 2.54676016369479
71 2.52554064488692
72 2.50410045582088
73 2.48255484378583
74 2.46101635255318
75 2.43959432553162
76 2.4183944390226
77 2.39751826729367
78 2.37706288088018
79 2.35712047924017
80 2.33777805863617
81 2.31911711590064
82 2.30121338854706
83 2.28413663150506
84 2.26795043057539
85 2.25271205251919
86 2.238472331515
87 2.22527559154044
88 2.21315960406383
89 2.20215558026755
90 2.19228819687022
91 2.18357565446922
92 2.17602976719045
93 2.16965608230677
94 2.16445402837243
95 2.16041709031661
96 2.15753300984629
97 2.15578400942623
98 2.15514703803298
99 2.1555940368195
100 2.15709222277858
101 2.15960438845517
102 2.16308921573116
103 2.16750160169018
104 2.17279299456463
105 2.1789117377721
106 2.1858034200634
107 2.19341122982883
108 2.2016763116434
109 2.21053812317403
110 2.21993479062314
111 2.22980346094158
112 2.24008064911008
113 2.25070257886151
114 2.2616055152953
115 2.2727260879201
116 2.284001602751
117 2.29537034218153
118 2.30677185144928
119 2.31814721061516
120 2.32943929108043
121 2.34059299577195
122 2.35155548223342
123 2.36227636796889
124 2.3727079174935
125 2.38280521065487
126 2.39252629189588
127 2.40183230023619
128 2.41068757985377
129 2.41905977125005
130 2.42691988308141
131 2.43424234483576
132 2.4410050406253
133 2.44718932445518
134 2.45278001741159
135 2.45776538729265
136 2.46213711127963
137 2.46589022231601
138 2.46902303992532
139 2.47153708625807
140 2.47343698821014
141 2.47473036650289
142 2.47542771265599
143 2.47554225481959
144 2.47508981346196
145 2.47408864793203
146 2.47255929493444
147 2.47052439996605
148 2.46800854276974
149 2.46503805786163
150 2.46164085118335
151 2.4578462139211
152 2.45368463451829
153 2.44918760988887
154 2.44438745681421
155 2.4393171244777
156 2.43401000905866
157 2.42849977127074
158 2.42282015769019
159 2.41700482667594
160 2.41108717963812
161 2.40510019836249
162 2.39907628904801
163 2.39304713366192
164 2.38704354916249
165 2.38109535508413
166 2.3752312499231
167 2.36947869670485
168 2.36386381805677
169 2.35841130105248
170 2.35314431203675
171 2.34808442158338
172 2.34325153968252
173 2.33866386119935
174 2.33433782159234
175 2.33028806282764
176 2.32652740937604
177 2.32306685413073
178 2.31991555403843
179 2.31708083519255
180 2.3145682070963
181 2.31238138576503
182 2.31052232530155
183 2.30899125754527
184 2.30778673936629
185 2.30690570714871
186 2.3063435379836
187 2.30609411707155
188 2.30614991081718
189 2.30650204508357
190 2.30714038806328
191 2.30805363721454
192 2.30922940970594
193 2.31065433581078
194 2.31231415469298
195 2.31419381203
196 2.31627755892451
197 2.31854905156534
198 2.32099145110966
199 2.32358752327214
200 2.32631973712267
201 2.32917036261239
202 2.33212156636777
203 2.33515550531402
204 2.33825441771295
205 2.34140071122466
206 2.34457704762917
207 2.34776642387073
208 2.35095224911629
209 2.35411841754823
210 2.35724937664109
211 2.36033019070217
212 2.36334659948602
213 2.36628507172336
214 2.36913285343521
215 2.37187801093325
216 2.3745094684373
217 2.37701704026995
218 2.37939145761732
219 2.38162438987264
220 2.38370846060667
221 2.38563725823486
222 2.38740534147625
223 2.38900823972299
224 2.39044244846184
225 2.39170541991006
226 2.39279554904826
227 2.39371215525059
228 2.39445545972974
229 2.39502655902924
230 2.39542739480921
231 2.39566072018349
232 2.39573006287645
233 2.39563968547654
234 2.3953945430703
235 2.39500023854618
236 2.39446297586109
237 2.39378951156469
238 2.39298710487715
239 2.39206346661497
240 2.39102670725702
241 2.38988528443939
242 2.38864795016195
243 2.38732369798349
244 2.38592171047427
245 2.38445130718601
246 2.3829218933896
247 2.38134290981939
248 2.37972378365169
249 2.37807388093185
250 2.37640246065132
251 2.37471863066173
252 2.37303130559866
253 2.37134916697246
254 2.36968062556823
255 2.36803378628112
256 2.36641641549748
257 2.36483591111591
258 2.36329927528652
259 2.36181308993061
260 2.36038349508697
261 2.35901617011532
262 2.35771631777234
263 2.35648865116013
264 2.3553373835329
265 2.35426622093318
266 2.35327835761529
267 2.35237647420119
268 2.35156273850076
269 2.35083880891782
270 2.35020584035135
271 2.34966449249198
272 2.34921494040401
273 2.34885688727472
274 2.34858957920535
275 2.34841182191079
276 2.34832199918944
277 2.34831809301955
278 2.34839770513377
279 2.34855807992089
280 2.34879612850066
281 2.34910845381633
282 2.34949137658858
283 2.34994096197463
284 2.35045304677699
285 2.35102326704804
286 2.35164708593888
287 2.35231982164382
288 2.3530366752958
289 2.35379275867215
290 2.35458312157506
291 2.35540277875676
292 2.35624673626508
293 2.35711001709187
294 2.35798768601331
295 2.35887487351854
296 2.35976679873054
297 2.36065879123105
298 2.3615463117093
299 2.36242497136272
300 2.36329054998593
301 2.36413901269305
302 2.36496652522659
303 2.36576946781502
304 2.36654444754915
305 2.36728830925622
306 2.3679981448586
307 2.36867130121218
308 2.36930538642728
309 2.36989827468277
310 2.37044810955119
311 2.37095330585999
312 2.37141255012049
313 2.37182479956278
314 2.37218927982071
315 2.37250548131666
316 2.37277315440118
317 2.37299230330718
318 2.37316317898282
319 2.37328627087113
320 2.37336229770784
321 2.37339219741177
322 2.37337711614489
323 2.37331839662089
324 2.37321756574307
325 2.37307632165317
326 2.37289652027368
327 2.37268016142631
328 2.37242937460914
329 2.37214640451445
330 2.37183359636823
331 2.37149338117081
332 2.37112826091664
333 2.37074079386898
334 2.37033357996265
335 2.36990924640584
336 2.36947043354824
337 2.36901978108021
338 2.36855991462366
339 2.36809343277188
340 2.3676228946317
341 2.36715080791706
342 2.36667961763918
343 2.36621169543393
344 2.36574932956294
345 2.36529471562011
346 2.36484994797121
347 2.36441701194923
348 2.36399777682406
349 2.3635939895605
350 2.36320726937398
351 2.36283910308947
352 2.36249084130433
353 2.36216369535227
354 2.36185873506108
355 2.36157688729326
356 2.36131893525506
357 2.36108551855568
358 2.3608771339952
359 2.36069413705686
360 2.36053674407617
361 2.36040503505679
362 2.36029895710063
363 2.36021832841747
364 2.36016284287744
365 2.36013207506776
366 2.36012548581401
367 2.36014242812466
368 2.36018215351673
369 2.36024381867971
370 2.36032649243428
371 2.36042916294211
372 2.36055074512314
373 2.36069008823653
374 2.36084598358238
375 2.36101717228143
376 2.36120235309107
377 2.36140019021689
378 2.36160932108007
379 2.3618283640025
380 2.36205592577265
381 2.36229060905722
382 2.36253101962519
383 2.36277577335268
384 2.36302350297931
385 2.36327286458859
386 2.36352254378722
387 2.36377126156016
388 2.36401777978116
389 2.36426090635999
390 2.36449950001073
391 2.36473247462742
392 2.36495880325586
393 2.36517752165269
394 2.36538773142532
395 2.36558860274855
396 2.36577937665591
397 2.36595936690604
398 2.36612796142662
399 2.36628462334043
400 2.11628462334043
401 2.05881611285939
402 1.9949345144521
403 1.93103959419153
404 1.86713119250065
405 1.80320922287153
406 1.73927367024885
407 1.67532458909544
408 1.61136210115866
409 1.54738639295732
410 1.48471919276033
411 1.42461623661756
412 1.36723329467845
413 1.31275317644607
414 1.26134039958844
415 1.21314445327742
416 1.2
417 1.2
418 1.2
419 1.2
420 1.2
421 1.2
422 1.2
423 1.2
424 1.2
425 1.2
426 1.2
427 1.2
428 1.2
429 1.20159008822318
430 1.20546582213897
431 1.21140610785579
432 1.2192248161464
433 1.22876373422441
434 1.23988704222352
435 1.25247697897143
436 1.26643043571342
437 1.28165627413546
438 1.29807320998201
439 1.3155997383467
440 1.33414308407516
441 1.35359921991495
442 1.37385690924703
443 1.39480061728489
444 1.41631262826643
445 1.43827457647944
446 1.46056854562729
447 1.48307785115678
448 1.50568759039354
449 1.52828506751629
450 1.55076022281226
451 1.57300611789405
452 1.59491944587285
453 1.61640102866471
454 1.63735628000381
455 1.65769562309422
456 1.67733485849077
457 1.6961954819331
458 1.71420495429112
459 1.73129692685714
460 1.74741142496369
461 1.76249499185775
462 1.77650079385994
463 1.78938868746896
464 1.80112524907735
465 1.81168376814286
466 1.82104420489529
467 1.82919311388865
468 1.83612353490167
469 1.84183485283574
470 1.84633262836265
471 1.84962840114876
472 1.85173946754162
473 1.85268863465772
474 1.85250395285781
475 1.85121842863832
476 1.84886972000218
477 1.84549981639779
478 1.84115470533011
479 1.83588402775243
480 1.82974072434069
481 1.82278067473601
482 1.81506233181382
483 1.80664635300256
484 1.79759523062971
485 1.78797292321964
486 1.77784448960703
487 1.76727572766041
488 1.75633281933524
489 1.74508198369376
490 1.7335891394412
491 1.72191957843457
492 1.71013765152271
493 1.69830646797456
494 1.68648760964705
495 1.67474086093632
496 1.66312395544563
497 1.65169234019148
498 1.64049895805678
499 1.62959404908676
500 1.61902497111027
501 1.60883604005711
502 1.59906839023102
503 1.589759854689
504 1.58094486577084
505 1.57265437571895
506 1.56491579722788
507 1.55775296366581
508 1.55118610861763
509 1.54523186431035
510 1.53990327839822
511 1.53520984850583
512 1.53115757385413
513 1.52774902322642
514 1.52498341846905
515 1.52285673266507
516 1.52136180206881
517 1.52048845084489
518 1.52022362761701
519 1.52055155279965
520 1.5214538756599
521 1.52290984003685
522 1.52489645763188
523 1.52738868777542
524 1.53035962257363
525 1.53378067634171
526 1.53762177823974
527 1.54185156704105
528 1.5464375869824
529 1.55134648366933
530 1.55654419903854
531 1.56199616441229
532 1.56766749071641
533 1.57352315497415
534 1.57952818223217
535 1.58564782212169
536 1.59184771930777
537 1.59809407713165
538 1.60435381380538
539 1.61059471057383
540 1.61678555131637
541 1.62289625311926
542 1.62889798740848
543 1.63476329129261
544 1.6404661688249
545 1.64598218195316
546 1.65128853098505
547 1.65636412445458
548 1.66118963833274
549 1.66574756458088
550 1.67002224909997
551 1.67399991918102
552 1.67766870061261
553 1.6810186246495
554 1.6840416250924
555 1.68673152577194
556 1.68908401877058
557 1.69109663375411
558 1.69276869881868
559 1.69410129329157
560 1.69509719295215
561 1.69576080816504
562 1.69609811543962
563 1.69611658294909
564 1.69582509055806
565 1.69523384491979
566 1.69435429021399
567 1.69319901510177
568 1.69178165647763
569 1.69011680059809
570 1.68821988216391
571 1.68610708192674
572 1.68379522338256
573 1.68130166910328
574 1.67864421724377
575 1.67584099874614
576 1.67291037574425
577 1.66987084165168
578 1.66674092339397
579 1.66353908622201
580 1.66028364151825
581 1.65699265798041
582 1.65368387653944
583 1.65037462933946
584 1.64708176307735
585 1.64382156696947
586 1.64060970558154
587 1.63746115672648
588 1.63439015460359
589 1.63141013832069
590 1.62853370590963
591 1.62577257391443
592 1.62313754260083
593 1.62063846680596
594 1.61828423241771
595 1.61608273844493
596 1.6140408846124
597 1.61216456438813
598 1.61045866332554
599 1.60892706257942
600 1.60757264743212
601 1.60639732064564
602 1.60540202043578
603 1.60458674284695
604 1.60395056828989
605 1.60349169199012
606 1.60320745808224
607 1.603094397074
608 1.60314826639469
609 1.60336409373484
610 1.60373622287814
611 1.6042583617224
612 1.60492363218348
613 1.60572462167559
614 1.60665343586149
615 1.60770175236866
616 1.60886087517095
617 1.61012178934038
618 1.6114752158801
619 1.61291166635737
620 1.61442149706426
621 1.61599496244382
622 1.61762226753067
623 1.61929361916694
624 1.62099927576759
625 1.62272959542268
626 1.62447508213876
627 1.62622643003661
628 1.62797456533784
629 1.62971068598921
630 1.6314262987894
631 1.63311325389987
632 1.63476377663767
633 1.63637049646514
634 1.63792647310788
635 1.63942521974892
636 1.64086072326342
637 1.64222746147428
638 1.64352041742473
639 1.64473509067922
640 1.64586750567879
641 1.64691421719135
642 1.64787231291083
643 1.64873941327232
644 1.64951366856237
645 1.65019375341545
646 1.65077885879798
647 1.65126868159149
648 1.65166341189545
649 1.65196371817857
650 1.65217073041461
651 1.65228602134523
652 1.65231158601797
653 1.65224981975187
654 1.65210349468716
655 1.65187573507819
656 1.65156999149047
657 1.65119001406422
658 1.65073982500638
659 1.650223690473
660 1.64964609200195
661 1.64901169765421
662 1.64832533301845
663 1.64759195223039
664 1.64681660915404
665 1.64600442886659
666 1.64516057958372
667 1.64429024515561
668 1.64339859825753
669 1.64249077439181
670 1.64157184681064
671 1.64064680246134
672 1.63972051904762
673 1.63879774329225
674 1.63788307047772
675 1.63698092533312
676 1.63609554432657
677 1.63523095941361
678 1.63439098328341
679 1.63357919613551
680 1.63279893401141
681 1.63205327869658
682 1.63134504920001
683 1.63067679481025
684 1.63005078971897
685 1.62946902919515
686 1.62893322728584
687 1.62844481601211
688 1.62800494602228
689 1.62761448865805
690 1.62727403938329
691 1.62698392251959
692 1.62674419722791
693 1.62655466467059
694 1.62641487628423
695 1.62632414309004
696 1.6262815459651
697 1.62628594679523
698 1.62633600042792
699 1.62643016734207
700 1.62656672694978
701 1.62674379144485
702 1.62695932011215
703 1.62721113401205
704 1.62749693095464
705 1.62781430067952
706 1.62816074015805
707 1.62853366893681
708 1.62893044444308
709 1.62934837717552
710 1.62978474570602
711 1.63023681142176
712 1.63070183293972
713 1.63117708012961
714 1.6316598476849
715 1.63214746818554
716 1.63263732460042
717 1.63312686218154
718 1.63361359970658
719 1.63409514003113
720 1.63456917991615
721 1.63503351910116
722 1.63548606859827
723 1.63592485818672
724 1.63634804309233
725 1.63675390984085
726 1.63714088127867
727 1.63750752075874
728 1.63785253549399
729 1.63817477908454
730 1.63847325322917
731 1.63874710863523
732 1.63899564514498
733 1.63921831109976
734 1.63941470196662
735 1.63958455825528
736 1.6397277627558
737 1.63984433713035
738 1.6399344378944
739 1.63999835182513
740 1.64003649083634
741 1.64004938636118
742 1.64003768328488
743 1.64000213347127
744 1.63994358892717
745 1.63986299464989
746 1.6397613812029
747 1.6396398570653
748 1.63949960080019
749 1.63934185308698
750 1.63916790866202
751 1.63897910821104
752 1.63877683025601
753 1.638562483078
754 1.63833749671584
755 1.63810331507939
756 1.63786138821427
757 1.63761316475293
758 1.63736008458556
759 1.6371035717816
760 1.63684502779106
761 1.63658582495217
762 1.6363273003299
763 1.6360707499073
764 1.63581742314932
765 1.63556851795624
766 1.63532517602144
767 1.63508847860577
768 1.63485944273824
769 1.63463901785035
770 1.63442808284908
771 1.63422744363093
772 1.63403783103737
773 1.63385989924959
774 1.63369422461843
775 1.63354130492312
776 1.63340155905056
777 1.63327532708499
778 1.63316287079589
779 1.63306437451065
780 1.63297994635651
781 1.63290961985522
782 1.63285335585231
783 1.63281104476172
784 1.63278250910559
785 1.63276750632786
786 1.63276573185977
787 1.6327768224145
788 1.63280035948779
789 1.63283587304089
790 1.63288284534203
791 1.63294071494234
792 1.63300888076233
793 1.63308670626482
794 1.63317352369092
795 1.6332686383355
796 1.63337133283949
797 1.63348087147654
798 1.63359650441248
799 1.63371747191672
800 1.80344300850532
801 1.81797234699689
802 1.83410472246285
803 1.85023937605511
804 1.86637555869503
805 1.88251253460893
806 1.89864958469636
807 1.91478600971879
808 1.93092113329747
809 1.9470543047107
810 1.96228892666196
811 1.9759034559753
812 1.98803041808194
813 1.99875490001185
814 2.00813984790133
815 2.01623105784581
816 2.02306113149442
817 2.02865254970437
818 2.0330200595315
819 2.03617252664986
820 2.03811910497643
821 2.03887756461965
822 2.0384757516956
823 2.03694903857754
824 2.03433863126824
825 2.03069037580145
826 2.0260539224165
827 2.0204821434079
828 2.01403072922429
829 2.00675790846805
830 1.99872422788314
831 1.98999230857626
832 1.98062653601686
833 1.97069270236627
834 1.96025763013538
835 1.94938879397815
836 1.93815395023824
837 1.92662077923471
838 1.91485654238385
839 1.90292775452801
840 1.890899871008
841 1.87883698906003
842 1.86680156375679
843 1.85485413932709
844 1.84305309694455
845 1.83145442006016
846 1.82011147821019
847 1.80907483004081
848 1.79839204609781
849 1.78810755175594
850 1.77826249051632
851 1.76889460777963
852 1.76003815509962
853 1.75172381482505
854 1.74397864494483
855 1.73682604385717
856 1.7302857346912
857 1.72437376871995
858 1.71910254731729
859 1.71448086183126
860 1.71051395067083
861 1.70720357283467
862 1.7045480970478
863 1.70254260561612
864 1.7011790120581
865 1.70044619153003
866 1.70033012302272
867 1.70081404227705
868 1.70187860434003
869 1.70350205466452
870 1.70566040764301
871 1.70832763145873
872 1.71147583813712
873 1.71507547768505
874 1.71909553521592
875 1.72350372997436
876 1.72826671519521
877 1.73335027775702
878 1.73871953662064
879 1.744339139078
880 1.75017345387479
881 1.75618676031271
882 1.76234343248296
883 1.76860811783085
884 1.77494590930298
885 1.78132251038214
886 1.78770439237066
887 1.79405894334036
888 1.80035460822623
889 1.80656101960038
890 1.81264911872353
891 1.81859126653195
892 1.82436134427854
893 1.82993484360744
894 1.83528894590136
895 1.84040259079998
896 1.84525653384569
897 1.84983339326945
898 1.85411768598452
899 1.8580958529087
900 1.8617562737866
901 1.86508927173217
902 1.86808710775767
903 1.87074396559873
904 1.8730559271859
905 1.87502093915067
906 1.87663877078867
907 1.87791096393442
908 1.87884077523016
909 1.87943311129654
910 1.87969445733484
911 1.87963279970852
912 1.8792575430677
913 1.87857942259147
914 1.87761041193204
915 1.87636362744975
916 1.87485322933082
917 1.87309432017823
918 1.87110284166287
919 1.86889546981533
920 1.86648950952904
921 1.8639027888338
922 1.86115355348386
923 1.85826036238787
924 1.85524198438913
925 1.85211729688296
926 1.84890518673537
927 1.8456244539422
928 1.84229371844167
929 1.83893133046566
930 1.83555528478606
931 1.83218313918292
932 1.82883193743016
933 1.82551813706354
934 1.82225754216373
935 1.81906524135522
936 1.81595555118965
937 1.81294196505004
938 1.81003710768048
939 1.80725269541411
940 1.80459950214155
941 1.80208733103112
942 1.79972499198291
943 1.79752028477003
944 1.79547998779268
945 1.79360985234429
946 1.79191460226376
947 1.79039793882399
948 1.78906255068441
949 1.78791012871447
950 1.78694138547539
951 1.78615607913021
952 1.78555304153562
953 1.78513021025525
954 1.78488466422094
955 1.78481266275808
956 1.7849096876818
957 1.78517048816336
958 1.78558912806066
959 1.78615903540268
960 1.78687305371549
961 1.78772349487705
962 1.78870219318864
963 1.78980056035399
964 1.79100964106053
965 1.79232016886333
966 1.79372262207885
967 1.79520727940388
968 1.79676427498452
969 1.79838365267054
970 1.80005541920206
971 1.80176959608806
972 1.80351626994961
973 1.80528564111498
974 1.80706807026866
975 1.80885412297164
976 1.81063461188659
977 1.81240063655753
978 1.8141436206107
979 1.81585534625974
980 1.8175279860157
981 1.81915413151917
982 1.82072681942892
983 1.82223955431808
984 1.82368632854582
985 1.82506163908833
986 1.82636050132926
987 1.82757845982498
988 1.82871159607499
989 1.8297565333423
990 1.83071043858233
991 1.8315710215518
992 1.83233653118153
993 1.83300574930873
994 1.83357798187484
995 1.83405304770504
996 1.83443126499467
997 1.83471343563577
998 1.83490082752425
999 1.83499515499451
1000 1.83499855753388
1001 1.83491357693333
1002 1.83474313303496
1003 1.83449049823887
1004 1.83415927093421
1005 1.83375334801981
1006 1.8332768966796
1007 1.8327343255777
1008 1.83213025563573
1009 1.83146949055295
1010 1.8307569872263
1011 1.82999782622377
1012 1.8291971824596
1013 1.828360296215
1014 1.82749244464192
1015 1.82659891388135
1016 1.8256849719206
1017 1.82475584230685
1018 1.82381667882662
1019 1.82287254125278
1020 1.82192837225231
1021 1.82098897553976
1022 1.82005899535242
1023 1.81914289731437
1024 1.81824495074769
1025 1.81736921248007
1026 1.81651951218913
1027 1.81569943931468
1028 1.81491233156133
1029 1.81416126500531
1030 1.81344904581057
1031 1.812778203551
1032 1.8121509861276
1033 1.81156935626154
1034 1.8110349895365
1035 1.8105492739569
1036 1.81011331098121
1037 1.80972791798398
1038 1.80939363209357
1039 1.80911071534743
1040 1.80887916110166
1041 1.8086987016269
1042 1.8085688168185
1043 1.80848874394538
1044 1.80845748835868
1045 1.8084738350787
1046 1.80853636117662
1047 1.80864344886542
1048 1.8087932992136
1049 1.80898394639447
1050 1.80921327238316
1051 1.80947902201442
1052 1.80977881831402
1053 1.81011017801843
1054 1.81047052719823
1055 1.81085721690314
1056 1.81126753874819
1057 1.81169874036368
1058 1.81214804063396
1059 1.81261264465357
1060 1.81308975833255
1061 1.81357660258659
1062 1.81407042705141
1063 1.81456852326508
1064 1.81506823726616
1065 1.81556698156004
1066 1.81606224641037
1067 1.81655161041712
1068 1.81703275034767
1069 1.81750345019166
1070 1.81796160941579
1071 1.81840525039865
1072 1.81883252503126
1073 1.81924172047288
1074 1.81963126405683
1075 1.81999972734513
1076 1.82034582933542
1077 1.82066843882756
1078 1.82096657596169
1079 1.82123941294304
1080 1.82148627397299
1081 1.82170663440867
1082 1.82190011917753
1083 1.8220665004755
1084 1.82220569478094
1085 1.82231775921864
1086 1.8224028873107
1087 1.8224614041532
1088 1.82249376105931
1089 1.82250052971116
1090 1.82248239586391
1091 1.82244015264692
1092 1.82237469350706
1093 1.82228700484055
1094 1.82217815835915
1095 1.82204930323739
1096 1.82190165808667
1097 1.82173650280208
1098 1.82155517032698
1099 1.82135903837942
1100 1.82114952118378
1101 1.82092806124936
1102 1.82069612123648
1103 1.82045517594902
1104 1.82020670449055
1105 1.81995218261938
1106 1.81969307533577
1107 1.81943082973249
1108 1.81916686813773
1109 1.81890258157695
1110 1.81863932357798
1111 1.81837840434124
1112 1.81812108529442
1113 1.81786857404854
1114 1.81762201976968
1115 1.81738250897834
1116 1.81715106178566
1117 1.81692862857338
1118 1.81671608712194
1119 1.81651424018876
1120 1.81632381353628
1121 1.81614545440716
1122 1.8159797304418
1123 1.81582712903132
1124 1.81568805709684
1125 1.81556284128445
1126 1.81545172856295
1127 1.81535488721006
1128 1.81527240817126
1129 1.81520430677363
1130 1.81515052477622
1131 1.81511093273688
1132 1.81508533267468
1133 1.81507346100607
1134 1.81507499173204
1135 1.81508953985314
1136 1.81511666498851
1137 1.8151558751747
1138 1.81520663082002
1139 1.81526834878989
1140 1.81534040659862
1141 1.81542214668349
1142 1.81551288073686
1143 1.81561189407283
1144 1.81571845000515
1145 1.81583179421379
1146 1.8159511590784
1147 1.81607576795734
1148 1.8162048393923
1149 1.81633759121897
1150 1.81647324456566
1151 1.81661102772262
1152 1.81675017986604
1153 1.81688995462181
1154 1.81702962345556
1155 1.81716847887644
1156 1.81730583744376
1157 1.81744104256666
1158 1.81757346708834
1159 1.81770251564792
1160 1.81782762681399
1161 1.81794827498563
1162 1.81806397205754
1163 1.81817426884766
1164 1.81827875628657
1165 1.8183770663694
1166 1.81846887287199
1167 1.81855389183449
1168 1.81863188181621
1169 1.81870264392711
1170 1.81876602164191
1171 1.81882190040398
1172 1.8188702070268
1173 1.81891090890191
1174 1.81894401302272
1175 1.81896956483431
1176 1.81898764692002
1177 1.81899837753614
1178 1.81900190900629
1179 1.81899842598778
1180 1.81898814362224
1181 1.81897130558323
1182 1.8189481820337
1183 1.81891906750615
1184 1.81888427871851
1185 1.81884415233865
1186 1.81879904271028
1187 1.81874931955302
1188 1.81869536564889
1189 1.81863757452755
1190 1.81857634816199
1191 1.81851209468609
1192 1.81844522614513
1193 1.81837615628972
1194 1.81830529842309
1195 1.81823306331127
1196 1.81815985716504
1197 1.81808607970179
1198 1.81801212229498
1199 1.81793836621814
1200 1.81786518098964
