1 2
2 2
3 2
4 2
5 2
6 2
7 2
8 2
9 2
10 2
11 2
12 2
13 2
14 2
15 2
16 2
17 2
18 2
19 2
20 2
21 2
22 2
23 2
24 2
25 2
26 2
27 2
28 2
29 2
30 2.25
31 2.27285714285714
32 2.29571428571429
33 2.31857142857143
34 2.34142857142857
35 2.36428571428571
36 2.38714285714286
37 2.41
38 2.43285714285714
39 2.45571428571429
40 2.47696948
41 2.49537027653061
42 2.51124804229783
43 2.52486006029543
44 2.53640594680785
45 2.54604043761972
46 2.55388334590262
47 2.5600273170794
48 2.56454386773783
49 2.56748808799257
50 2.5689125677804
51 2.56888535973458
52 2.56749190581766
53 2.56482785358426
54 2.56099422463207
55 2.55609424515099
56 2.5502313386899
57 2.54350792109675
58 2.53602474002443
59 2.52788057613567
60 2.51917211164663
61 2.50999373459434
62 2.5004371764103
63 2.49059105361547
64 2.48054040682219
65 2.47036628585145
66 2.46014540222485
67 2.44994985390883
68 2.43984691807737
69 2.42989890316919
70 2.42016305028458
71 2.41069147559788
72 2.4015311487282
73 2.39272390470555
74 2.38430648827139
75 2.37631062926178
76 2.36876314740603
77 2.36168608439178
78 2.35509686066417
79 2.34900845420388
80 2.3434295984643
81 2.33836499670582
82 2.33381555008727
83 2.32977859701284
84 2.32624816135981
85 2.32321520732575
86 2.32066789873827
87 2.31859186077459
88 2.31697044214652
89 2.31578497592288
90 2.31501503728556
91 2.31463869664602
92 2.31463276668348
93 2.31497304200286
94 2.31563453024685
95 2.31659167363163
96 2.31781856000894
97 2.31928912268721
98 2.32097732837153
99 2.3228573527048
100 2.32490374301129
101 2.32709156795722
102 2.32939655395119
103 2.33179520820988
104 2.33426492851057
105 2.33678409974205
106 2.33933217744864
107 2.34188975863862
108 2.34443864019813
109 2.34696186531415
110 2.34944375836641
111 2.35186994879709
112 2.35422738450966
113 2.35650433538424
114 2.35869038752646
115 2.36077642888995
116 2.36275462693078
117 2.3646183989631
118 2.36636237589284
119 2.36798236000674
120 2.36947527749154
121 2.37083912635004
122 2.37207292036901
123 2.3731766297786
124 2.37415111922408
125 2.37499808364849
126 2.37571998266082
127 2.3763199739368
128 2.37680184617098
129 2.37716995206796
130 2.37742914182866
131 2.37758469755471
132 2.37764226896017
133 2.37760781074561
134 2.3774875219551
135 2.37728778760247
136 2.37701512281884
137 2.37667611973983
138 2.37627739731827
139 2.37582555421551
140 2.37532712489415
141 2.37478853900444
142 2.3742160841286
143 2.37361587191978
144 2.37299380764705
145 2.37235556313349
146 2.37170655305228
147 2.37105191452483
148 2.37039648994616
149 2.36974481294531
150 2.3691010973734
151 2.3684692291978
152 2.36785276116922
153 2.36725491011805
154 2.3666785567276
155 2.36612624762486
156 2.36560019962389
157 2.36510230595291
158 2.36463414429355
159 2.36419698645951
160 2.36379180954172
161 2.36341930834856
162 2.36307990897157
163 2.36277378331091
164 2.36250086439845
165 2.3622608623619
166 2.362053280879
167 2.36187743397708
168 2.36173246304071
169 2.36161735389731
170 2.36153095385858
171 2.36147198860413
172 2.36143907880164
173 2.36143075636705
174 2.36144548027673
175 2.36148165185235
176 2.3615376294482
177 2.36161174247901
178 2.36170230473506
179 2.36180762693982
180 2.36192602851315
181 2.36205584851113
182 2.36219545572115
183 2.36234325789792
184 2.36249771013297
185 2.36265732235654
186 2.36282066597694
187 2.3629863796678
188 2.36315317431908
189 2.36331983717199
190 2.36348523516283
191 2.36364831750389
192 2.36380811753358
193 2.36396375387033
194 2.36411443090776
195 2.36425943869037
196 2.36439815221097
197 2.36453003017198
198 2.36465461325425
199 2.36477152193688
200 2.36488045391233
201 2.36498118114076
202 2.36507354658724
203 2.36515746068456
204 2.36523289756405
205 2.3652998910949
206 2.36535853077175
207 2.36540895748858
208 2.36545135923511
209 2.3654859667502
210 2.36551304916497
211 2.36553290966597
212 2.36554588120684
213 2.36555232229471
214 2.36555261287534
215 2.36554715033866
216 2.36553634566437
217 2.36552061972485
218 2.36550039976041
219 2.36547611603993
220 2.36544819871766
221 2.36541707489494
222 2.36538316589365
223 2.36534688474646
224 2.36530863390666
225 2.36526880317938
226 2.36522776787363
227 2.36518588717376
228 2.36514350272705
229 2.36510093744312
230 2.36505849449968
231 2.36501645654789
232 2.36497508511003
233 2.36493462016081
234 2.36489527988359
235 2.36485726059152
236 2.36482073680365
237 2.36478586146529
238 2.36475276630182
239 2.36472156229483
240 2.36469234026934
241 2.36466517158095
242 2.36464010889166
243 2.36461718702335
244 2.36459642387791
245 2.36457782141357
246 2.3645613666669
247 2.36454703281071
248 2.36453478023811
249 2.36452455766366
250 2.36451630323304
251 2.36450994563299
252 2.36450540519389
253 2.36450259497804
254 2.36450142184695
255 2.36450178750181
256 2.36450358949172
257 2.36450672218485
258 2.36451107769836
259 2.36451654678325
260 2.36452301966117
261 2.36453038681052
262 2.36453853969964
263 2.36454737146573
264 2.36455677753812
265 2.36456665620549
266 2.36457690912659
267 2.36458744178471
268 2.36459816388654
269 2.36460898970605
270 2.36461983837493
271 2.36463063412079
272 2.36464130645501
273 2.36465179031229
274 2.36466202614387
275 2.36467195996706
276 2.36468154337331
277 2.3646907334977
278 2.36469949295238
279 2.36470778972686
280 2.36471559705795
281 2.36472289327218
282 2.3647296616037
283 2.36473588999028
284 2.36474157085044
285 2.36474670084435
286 2.36475128062117
287 2.36475531455559
288 2.36475881047585
289 2.36476177938583
290 2.36476423518351
291 2.36476619437777
292 2.36476767580579
293 2.36476870035286
294 2.36476929067631
295 2.36476947093532
296 2.3647692665279
297 2.36476870383654
298 2.36476780998363
299 2.36476661259764
300 2.36476513959109
301 2.36476341895099
302 2.36476147854232
303 2.36475934592518
304 2.36475704818585
305 2.36475461178211
306 2.36475206240288
307 2.36474942484224
308 2.3647467228878
309 2.36474397922314
310 2.36474121534425
311 2.36473845148938
312 2.36473570658224
313 2.36473299818772
314 2.36473034247992
315 2.36472775422169
316 2.36472524675522
317 2.36472283200293
318 2.36472052047808
319 2.36471832130425
320 2.36471624224316
321 2.36471428972997
322 2.36471246891533
323 2.3647107837136
324 2.36470923685631
325 2.36470782995026
326 2.36470656353959
327 2.36470543717106
328 2.36470444946196
329 2.36470359816989
330 2.36470288026401
331 2.36470229199694
332 2.36470182897701
333 2.36470148624016
334 2.36470125832108
335 2.36470113932324
336 2.36470112298722
337 2.36470120275718
338 2.36470137184498
339 2.36470162329175
340 2.36470195002665
341 2.36470234492253
342 2.36470280084842
343 2.36470331071858
344 2.36470386753809
345 2.36470446444486
346 2.36470509474799
347 2.36470575196244
348 2.3647064298401
349 2.36470712239718
350 2.36470782393799
351 2.36470852907526
352 2.36470923274698
353 2.36470993022995
354 2.36471061715011
355 2.36471128948981
356 2.36471194359217
357 2.36471257616272
358 2.36471318426838
359 2.36471376533409
360 2.36471431713721
361 2.3647148377998
362 2.36471532577916
363 2.36471577985655
364 2.36471619912454
365 2.364716582973
366 2.36471693107395
367 2.36471724336551
368 2.364717520035
369 2.36471776150151
370 2.36471796839796
371 2.36471814155288
372 2.36471828197203
373 2.36471839082001
374 2.36471846940197
375 2.36471851914553
376 2.36471854158306
377 2.36471853833438
378 2.36471851109002
379 2.36471846159498
380 2.36471839163331
381 2.36471830301335
382 2.36471819755372
383 2.36471807707027
384 2.36471794336375
385 2.36471779820853
386 2.36471764334213
387 2.3647174804557
388 2.3647173111855
389 2.36471713710521
390 2.36471695971923
391 2.36471678045692
392 2.36471660066763
393 2.36471642161669
394 2.36471624448218
395 2.36471607035258
396 2.36471590022505
397 2.36471573500462
398 2.36471557550392
399 2.36471542244365
400 2.11471542244365
401 2.06900099834997
402 2.02328658232023
403 1.97757217472301
404 1.93185777584522
405 1.88614338589545
406 1.84042900500759
407 1.79471463324478
408 1.74900027060359
409 1.70328591701833
410 1.65917352000155
411 1.61806199178389
412 1.57986754801335
413 1.54452755569052
414 1.51199572884045
415 1.4822383924963
416 1.45523157853335
417 1.43095876917748
418 1.40940914473909
419 1.39057622384688
420 1.37444654421503
421 1.36098279521241
422 1.35012124418948
423 1.3417781561787
424 1.3358545880617
425 1.33223996579895
426 1.33081475193807
427 1.3314524340999
428 1.33402100744838
429 1.33838408069765
430 1.3444017682966
431 1.35193158935608
432 1.36082948687332
433 1.37095091592067
434 1.38215191884021
435 1.39429014031624
436 1.40722575813047
437 1.42082232011173
438 1.43494748687831
439 1.44947368527276
440 1.46427867976664
441 1.47924606863703
442 1.4942657093503
443 1.50923407541317
444 1.52405454607461
445 1.53863763035748
446 1.55290112740705
447 1.56677022574959
448 1.58017754459236
449 1.59306312069698
450 1.60537434460265
451 1.61706585008907
452 1.6280993607957
453 1.63844349790062
454 1.64807355273596
455 1.65697122818287
456 1.66512435264712
457 1.67252657035901
458 1.67917701166592
459 1.68507994688955
460 1.69024442720365
461 1.69468391585272
462 1.69841591288195
463 1.70146157638503
464 1.70384534310352
465 1.70559455102995
466 1.70673906648016
467 1.70731091790848
468 1.70734393854521
469 1.70687341973976
470 1.70593577669689
471 1.7045682280983
472 1.70280849090964
473 1.70069449148384
474 1.69826409388755
475 1.69555484619897
476 1.6926037453532
477 1.68944702094635
478 1.68611993825297
479 1.68265662056281
480 1.67908989080345
481 1.67545113228508
482 1.67177016828341
483 1.66807516006555
484 1.66439252286304
485 1.66074685920517
486 1.65716090894501
487 1.65365551523901
488 1.65024960567997
489 1.64696018773109
490 1.64380235756597
491 1.6407893213858
492 1.63793242825961
493 1.63524121351636
494 1.63272345170835
495 1.63038521816364
496 1.6282309581497
497 1.62626356268213
498 1.62448445002915
499 1.6228936519854
500 1.62148990401577
501 1.62027073840197
502 1.61923257956011
503 1.61837084073685
504 1.61768002133327
505 1.6171538041505
506 1.61678515189705
507 1.61656640234586
508 1.61648936157799
509 1.61654539479955
510 1.61672551426823
511 1.6170204639158
512 1.61742080030235
513 1.61791696958677
514 1.61849938024566
515 1.61915847131946
516 1.61988477600937
517 1.62066898049211
518 1.62150197786068
519 1.62237491713884
520 1.6232792473539
521 1.62420675668746
522 1.6251496067559
523 1.62610036210262
524 1.62705201501127
525 1.62799800577432
526 1.62893223857352
527 1.62984909314878
528 1.63074343244938
529 1.63161060647619
530 1.63244645253621
531 1.63324729214092
532 1.63400992478776
533 1.63473161887
534 1.63541009996386
535 1.63604353674354
536 1.63663052477492
537 1.63717006843666
538 1.63766156121432
539 1.63810476460828
540 1.63849978588983
541 1.63884705493286
542 1.63914730033984
543 1.6394015250714
544 1.63961098177894
545 1.63977714802825
546 1.63990170159121
547 1.63998649597024
548 1.64003353630812
549 1.64004495582311
550 1.64002299289676
551 1.63996996892885
552 1.63988826706144
553 1.63978031186117
554 1.63964855003695
555 1.63949543225763
556 1.63932339612294
557 1.63913485032937
558 1.63893216006179
559 1.63871763363135
560 1.6384935103702
561 1.63826194978434
562 1.6380250219571
563 1.63778469918796
564 1.6375428488435
565 1.63730122739096
566 1.63706147557829
567 1.63682511471943
568 1.63659354403832
569 1.63636803902119
570 1.6361497507229
571 1.63593970597021
572 1.63573880840219
573 1.63554784028641
574 1.63536746504814
575 1.63519823044875
576 1.63504057234968
577 1.63489481899784
578 1.63476119576961
579 1.63463983031082
580 1.63453075801212
581 1.63443392776028
582 1.63434920790809
583 1.63427639240803
584 1.63421520705682
585 1.63416531580103
586 1.63412632705655
587 1.63409779999788
588 1.63407925077592
589 1.63407015862658
590 1.63406997183522
591 1.63407811352575
592 1.63409398724578
593 1.6341169823232
594 1.63414647897203
595 1.63418185312913
596 1.63422248100594
597 1.63426774334266
598 1.63431702935519
599 1.63436974036749
600 1.63442529312522
601 1.63448312278844
602 1.63454268560385
603 1.63460346125908
604 1.63466495492348
605 1.63472669898189
606 1.63478825446941
607 1.6348492122168
608 1.63490919371738
609 1.63496785172774
610 1.63502487061528
611 1.63507996646668
612 1.6351328869722
613 1.63518341110099
614 1.63523134858332
615 1.63527653921581
616 1.63531885200588
617 1.63535818417167
618 1.63539446001388
619 1.63542762967524
620 1.63545766780373
621 1.63548457213475
622 1.63550836200727
623 1.63552907682845
624 1.6355467745005
625 1.63556152982315
626 1.63557343288406
627 1.63558258744914
628 1.63558910936376
629 1.63559312497502
630 1.63559476958463
631 1.63559418594093
632 1.63559152277784
633 1.63558693340773
634 1.63558057437435
635 1.63557260417104
636 1.63556318202892
637 1.63555246677868
638 1.63554061578905
639 1.63552778398425
640 1.63551412294189
641 1.63549978007251
642 1.63548489788086
643 1.6354696133087
644 1.63545405715853
645 1.6354383535966
646 1.63542261973378
647 1.63540696528188
648 1.63539149228299
649 1.63537629490891
650 1.63536145932747
651 1.63534706363241
652 1.635333177833
653 1.63531986389976
654 1.63530717586225
655 1.63529515995484
656 1.63528385480646
657 1.63527329167003
658 1.63526349468751
659 1.63525448118651
660 1.63524626200415
661 1.63523884183449
662 1.63523221959528
663 1.63522638881065
664 1.63522133800566
665 1.63521705110966
666 1.63521350786474
667 1.63521068423647
668 1.63520855282373
669 1.63520708326499
670 1.63520624263854
671 1.63520599585414
672 1.63520630603421
673 1.63520713488239
674 1.63520844303795
675 1.63521019041444
676 1.6352123365213
677 1.63521484076742
678 1.63521766274555
679 1.63522076249711
680 1.63522410075664
681 1.63522763917567
682 1.63523134052574
683 1.63523516888058
684 1.63523908977756
685 1.63524307035863
686 1.63524707949105
687 1.63525108786855
688 1.6352550680934
689 1.63525899474001
690 1.635262844401
691 1.63526659571636
692 1.63527022938679
693 1.63527372817196
694 1.63527707687488
695 1.63528026231322
696 1.63528327327877
697 1.63528610048594
698 1.63528873651047
699 1.6352911757194
700 1.63529341419331
701 1.63529544964183
702 1.63529728131355
703 1.63529890990122
704 1.63530033744317
705 1.63530156722202
706 1.63530260366135
707 1.63530345222129
708 1.63530411929388
709 1.63530461209869
710 1.63530493857972
711 1.63530510730388
712 1.63530512736192
713 1.63530500827215
714 1.63530475988749
715 1.63530439230627
716 1.63530391578713
717 1.63530334066841
718 1.63530267729211
719 1.63530193593292
720 1.63530112673215
721 1.63530025963702
722 1.63529934434511
723 1.6352983902542
724 1.63529740641736
725 1.63529640150338
726 1.63529538376233
727 1.63529436099632
728 1.6352933405351
729 1.6352923292166
730 1.63529133337203
731 1.63529035881546
732 1.63528941083754
733 1.63528849420334
734 1.6352876131538
735 1.63528677141077
736 1.63528597218521
737 1.63528521818839
738 1.6352845116458
739 1.63528385431344
740 1.6352832474963
741 1.63528269206869
742 1.63528218849627
743 1.63528173685937
744 1.63528133687747
745 1.63528098793457
746 1.63528068910519
747 1.63528043918078
748 1.63528023669644
749 1.63528007995756
750 1.63527996706633
751 1.63527989594797
752 1.63527986437642
753 1.63527986999938
754 1.63527991036265
755 1.63527998293354
756 1.63528008512332
757 1.63528021430856
758 1.63528036785138
759 1.63528054311843
760 1.63528073749863
761 1.63528094841961
762 1.63528117336283
763 1.63528140987726
764 1.63528165559187
765 1.6352819082266
766 1.63528216560209
767 1.63528242564808
768 1.63528268641046
769 1.63528294605715
770 1.63528320288268
771 1.63528345531169
772 1.63528370190121
773 1.635283941342
774 1.63528417245879
775 1.63528439420963
776 1.63528460568441
777 1.63528480610245
778 1.63528499480952
779 1.63528517127405
780 1.63528533508283
781 1.63528548593616
782 1.6352856236425
783 1.63528574811278
784 1.63528585935435
785 1.63528595746466
786 1.63528604262475
787 1.63528611509259
788 1.63528617519628
789 1.63528622332729
790 1.63528625993366
791 1.63528628551322
792 1.63528630060698
793 1.63528630579262
794 1.63528630167814
795 1.63528628889575
796 1.63528626809593
797 1.63528623994182
798 1.63528620510386
799 1.6352861642547
800 1.84100040377875
801 1.8524289243392
802 1.86385744087389
803 1.87528595402017
804 1.88671446439721
805 1.8981429726029
806 1.90957147921119
807 1.92099998476969
808 1.93242848979761
809 1.94385699478409
810 1.9539673253623
811 1.96177618210687
812 1.96763616689273
813 1.97182183136949
814 1.97454693536487
815 1.97597789002236
816 1.97624422905918
817 1.97544676509725
818 1.97366394279843
819 1.97095678741561
820 1.96738120584936
821 1.96300312119567
822 1.95789984918761
823 1.9521539403329
824 1.94584919217178
825 1.93906817292693
826 1.93189078301293
827 1.92439351637963
828 1.91664918240164
829 1.90872692062758
830 1.90069233821793
831 1.89260757591751
832 1.88453122188346
833 1.87651813792947
834 1.86861927848928
835 1.86088154300421
836 1.85334767828068
837 1.84605623334211
838 1.83904156179526
839 1.83233386329737
840 1.82595925506841
841 1.81993986610769
842 1.81429394975217
843 1.80903601259924
844 1.80417695879603
845 1.79972424873802
846 1.79568207090916
847 1.79205152523786
848 1.78883081607891
849 1.78601545280477
850 1.78359845599499
851 1.78157056731494
852 1.77992046132401
853 1.77863495760705
854 1.77769923176011
855 1.77709702388041
856 1.77681084331658
857 1.77682216853583
858 1.77711164106483
859 1.77765925256319
860 1.77844452419316
861 1.77944667755513
862 1.78064479656421
863 1.78201797974693
864 1.78354548253721
865 1.78520684924768
866 1.78698203448394
867 1.78885151385692
868 1.7907963839311
869 1.79279845142364
870 1.79484031174228
871 1.79690541701685
872 1.79897813384116
873 1.80104379099845
874 1.80308871749437
875 1.80510027126681
876 1.80706685898181
877 1.80897794735908
878 1.81082406650005
879 1.81259680571516
880 1.81428880236646
881 1.8158937242556
882 1.81740624609721
883 1.81882202062322
884 1.82013764486454
885 1.82135062215468
886 1.82245932039318
887 1.82346292709788
888 1.82436140176235
889 1.82515542601992
890 1.8258463520981
891 1.82643615002742
892 1.82692735404729
893 1.82732300862793
894 1.82762661450315
895 1.82784207508279
896 1.8279736435872
897 1.82802587121897
898 1.82800355665936
899 1.8279116971495
900 1.82775544138815
901 1.82754004445096
902 1.82727082490838
903 1.82695312429328
904 1.82659226904318
905 1.82619353501702
906 1.82576211466234
907 1.82530308688539
908 1.82482138965522
909 1.82432179535164
910 1.82380888884769
911 1.82328704829918
912 1.82276042859703
913 1.82223294742274
914 1.82170827383359
915 1.82118981929119
916 1.82068073103641
917 1.82018388770353
918 1.81970189705826
919 1.81923709573715
920 1.81879155086035
921 1.81836706338479
922 1.81796517306204
923 1.81758716486247
924 1.81723407672673
925 1.816906708505
926 1.81660563194596
927 1.81633120159866
928 1.81608356649357
929 1.81586268247201
930 1.81566832503763
931 1.81550010260797
932 1.81535747004928
933 1.81523974238369
934 1.81514610856363
935 1.81507564521471
936 1.81502733025523
937 1.81500005630681
938 1.81499264381816
939 1.81500385383048
940 1.81503240032066
941 1.81507696206485
942 1.81513619397267
943 1.81520873784852
944 1.81529323254373
945 1.81538832346951
946 1.81549267144709
947 1.81560496087744
948 1.81572390721904
949 1.81584826376707
950 1.81597682773338
951 1.81610844563071
952 1.81624201796964
953 1.81637650328071
954 1.81651092147798
955 1.81664435658377
956 1.81677595883751
957 1.81690494621406
958 1.81703060537971
959 1.8171522921156
960 1.81726943124042
961 1.81738151606537
962 1.8174881074155
963 1.81758883225228
964 1.81768338193277
965 1.81777151014092
966 1.81785303052633
967 1.8179278140859
968 1.81799578632269
969 1.81805692421616
970 1.81811125303665
971 1.81815884303612
972 1.81819980604573
973 1.81823429200973
974 1.8182624854835
975 1.81828460212194
976 1.81830088518309
977 1.81831160206971
978 1.81831704093022
979 1.81831750733826
980 1.81831332106869
981 1.81830481298563
982 1.81829232205672
983 1.81827619250583
984 1.81825677111466
985 1.8182344046821
986 1.81820943764844
987 1.81818220989011
988 1.8181530546888
989 1.81812229687771
990 1.818090251166
991 1.8180572206414
992 1.81802349544966
993 1.81798935164836
994 1.81795505023164
995 1.81792083632146
996 1.81788693851994
997 1.81785356841707
998 1.81782092024668
999 1.8177891706838
1000 1.81775847877522
1001 1.81772898599541
1002 1.81770081641907
1003 1.81767407700164
1004 1.81764885795877
1005 1.81762523323583
1006 1.8176032610583
1007 1.81758298455405
1008 1.81756443243862
1009 1.81754761975462
1010 1.81753254865678
1011 1.81751920923426
1012 1.81750758036215
1013 1.81749763057444
1014 1.81748931895116
1015 1.81748259601259
1016 1.817477404614
1017 1.8174736808348
1018 1.81747135485632
1019 1.81747035182294
1020 1.81747059268185
1021 1.81747199499694
1022 1.817474473733
1023 1.81747794200687
1024 1.81748231180234
1025 1.81748749464646
1026 1.81749340224501
1027 1.8174999470755
1028 1.81750704293637
1029 1.81751460545141
1030 1.81752255252906
1031 1.81753080477608
1032 1.81753928586598
1033 1.81754792286247
1034 1.81755664649872
1035 1.81756539141332
1036 1.81757409634424
1037 1.81758270428202
1038 1.81759116258398
1039 1.81759942305107
1040 1.81760744196931
1041 1.81761518011784
1042 1.81762260274563
1043 1.81762967951916
1044 1.81763638444323
1045 1.81764269575718
1046 1.81764859580886
1047 1.81765407090871
1048 1.81765911116608
1049 1.81766371031028
1050 1.81766786549837
1051 1.81767157711201
1052 1.81767484854546
1053 1.81767768598661
1054 1.8176800981932
1055 1.81768209626596
1056 1.81768369342041
1057 1.81768490475902
1058 1.81768574704523
1059 1.81768623848081
1060 1.8176863984878
1061 1.81768624749624
1062 1.81768580673887
1063 1.81768509805352
1064 1.81768414369435
1065 1.8176829661524
1066 1.81768158798618
1067 1.81768003166286
1068 1.81767831941033
1069 1.81767647308052
1070 1.81767451402423
1071 1.81767246297746
1072 1.81767033995935
1073 1.81766816418165
1074 1.8176659539696
1075 1.81766372669408
1076 1.81766149871456
1077 1.81765928533286
1078 1.81765710075698
1079 1.8176549580749
1080 1.81765286923772
1081 1.81765084505161
1082 1.8176488951782
1083 1.81764702814279
1084 1.81764525134972
1085 1.81764357110451
1086 1.81764199264205
1087 1.81764052016025
1088 1.8176391568587
1089 1.81763790498156
1090 1.81763676586427
1091 1.8176357399834
1092 1.8176348270092
1093 1.81763402586019
1094 1.81763333475943
1095 1.81763275129182
1096 1.8176322724621
1097 1.81763189475305
1098 1.81763161418346
1099 1.81763142636553
1100 1.81763132656131
1101 1.81763130973792
1102 1.81763137062113
1103 1.81763150374718
1104 1.81763170351247
1105 1.81763196422103
1106 1.81763228012956
1107 1.81763264548974
1108 1.81763305458802
1109 1.8176335017824
1110 1.81763398153649
1111 1.81763448845049
1112 1.81763501728934
1113 1.81763556300788
1114 1.817636120773
1115 1.81763668598303
1116 1.81763725428418
1117 1.81763782158426
1118 1.81763838406372
1119 1.81763893818408
1120 1.81763948069393
1121 1.81764000863253
1122 1.81764051933121
1123 1.81764101041266
1124 1.81764147978831
1125 1.81764192565389
1126 1.81764234648326
1127 1.81764274102086
1128 1.8176431082727
1129 1.81764344749619
1130 1.81764375818888
1131 1.81764404007633
1132 1.81764429309916
1133 1.81764451739951
1134 1.81764471330695
1135 1.81764488132407
1136 1.81764502211179
1137 1.81764513647457
1138 1.81764522534556
1139 1.81764528977185
1140 1.81764533089992
1141 1.81764534996131
1142 1.8176453482587
1143 1.81764532715231
1144 1.81764528804691
1145 1.81764523237927
1146 1.81764516160626
1147 1.81764507719355
1148 1.81764498060503
1149 1.81764487329288
1150 1.81764475668839
1151 1.81764463219354
1152 1.81764450117325
1153 1.8176443649485
1154 1.81764422479011
1155 1.81764408191328
1156 1.81764393747293
1157 1.81764379255965
1158 1.81764364819644
1159 1.8176435053361
1160 1.81764336485927
1161 1.81764322757304
1162 1.81764309421026
1163 1.81764296542931
1164 1.81764284181442
1165 1.81764272387654
1166 1.81764261205452
1167 1.81764250671684
1168 1.81764240816367
1169 1.8176423166292
1170 1.81764223228437
1171 1.81764215523977
1172 1.81764208554882
1173 1.81764202321114
1174 1.81764196817599
1175 1.81764192034595
1176 1.81764187958057
1177 1.81764184570015
1178 1.81764181848954
1179 1.81764179770186
1180 1.8176417830623
1181 1.8176417742718
1182 1.81764177101067
1183 1.81764177294211
1184 1.81764177971566
1185 1.81764179097044
1186 1.81764180633835
1187 1.81764182544701
1188 1.81764184792262
1189 1.81764187339261
1190 1.8176419014881
1191 1.81764193184617
1192 1.817641964112
1193 1.81764199794075
1194 1.81764203299927
1195 1.81764206896762
1196 1.81764210554043
1197 1.81764214242799
1198 1.81764217935729
1199 1.81764221607274
1200 1.81764225233682
