1 0.8
2 0.8
3 0.8
4 0.8
5 0.8
6 0.8
7 0.8
8 0.8
9 0.8
10 0.8
11 0.8
12 0.8
13 0.8
14 0.8
15 0.8
16 0.8
17 0.8
18 0.8
19 0.8
20 0.8
21 0.8
22 0.8
23 0.8
24 0.8
25 0.8
26 0.8
27 0.8
28 0.8
29 0.8
30 0.8
31 0.8
32 0.8
33 0.8
34 0.8
35 0.8
36 0.8
37 0.8
38 0.8
39 0.8
40 0.8
41 0.8
42 0.8
43 0.8
44 0.8
45 0.8
46 0.8
47 0.8
48 0.8
49 0.8
50 0.8
51 0.8
52 0.8
53 0.8
54 0.8
55 0.8
56 0.8
57 0.8
58 0.8
59 0.8
60 0.8
61 0.8
62 0.8
63 0.8
64 0.8
65 0.8
66 0.8
67 0.8
68 0.8
69 0.8
70 0.8
71 0.8
72 0.8
73 0.8
74 0.8
75 0.8
76 0.8
77 0.8
78 0.8
79 0.8
80 0.8
81 0.8
82 0.8
83 0.8
84 0.8
85 0.8
86 0.8
87 0.8
88 0.8
89 0.8
90 0.8
91 0.8
92 0.8
93 0.8
94 0.8
95 0.8
96 0.8
97 0.8
98 0.8
99 0.8
100 0.8
101 0.8
102 0.8
103 0.8
104 0.8
105 0.8
106 0.8
107 0.8
108 0.8
109 0.8
110 0.8
111 0.8
112 0.8
113 0.8
114 0.8
115 0.8
116 0.8
117 0.8
118 0.8
119 0.8
120 0.8
121 0.8
122 0.8
123 0.8
124 0.8
125 0.8
126 0.8
127 0.8
128 0.8
129 0.8
130 0.8
131 0.8
132 0.8
133 0.8
134 0.8
135 0.8
136 0.8
137 0.8
138 0.8
139 0.8
140 0.8
141 0.8
142 0.8
143 0.8
144 0.8
145 0.8
146 0.8
147 0.8
148 0.8
149 0.8
150 0.8
151 0.8
152 0.8
153 0.8
154 0.8
155 0.8
156 0.8
157 0.8
158 0.8
159 0.8
160 0.8
161 0.8
162 0.8
163 0.8
164 0.8
165 0.8
166 0.8
167 0.8
168 0.8
169 0.8
170 0.8
171 0.8
172 0.8
173 0.8
174 0.8
175 0.8
176 0.8
177 0.8
178 0.8
179 0.8
180 0.8
181 0.8
182 0.8
183 0.8
184 0.8
185 0.8
186 0.8
187 0.8
188 0.8
189 0.8
190 0.8
191 0.8
192 0.8
193 0.8
194 0.8
195 0.8
196 0.8
197 0.8
198 0.8
199 0.8
200 0.8
201 0.8
202 0.8
203 0.8
204 0.8
205 0.8
206 0.8
207 0.8
208 0.8
209 0.8
210 0.8
211 0.800147620037814
212 0.800669651056417
213 0.801703565935645
214 0.803321411297845
215 0.805548048044783
216 0.808375020019555
217 0.811771044806688
218 0.81568989868054
219 0.82007629502615
220 0.824870221246243
221 0.830010094718772
222 0.83543501715549
223 0.841086343577429
224 0.846908733055649
225 0.852850810242618
226 0.858865537111497
227 0.864910371336393
228 0.870947269915027
229 0.876942582810993
230 0.882866870684949
231 0.888694672499131
232 0.894404242378035
233 0.899977270169985
234 0.905398596352995
235 0.910655929009531
236 0.915739568360818
237 0.920642142648259
238 0.925358357857746
239 0.92988476280902
240 0.934219530404462
241 0.938362255293462
242 0.942313767816184
243 0.946075963810071
244 0.949651649667601
245 0.953044401904016
246 0.956258440413327
247 0.959298514547419
248 0.96216980113725
249 0.964877813579443
250 0.967428321130599
251 0.96982727758089
252 0.9720807585148
253 0.974194906407615
254 0.976175882849635
255 0.978029827234566
256 0.979762821293198
257 0.981380858897403
258 0.982889820602208
259 0.984295452434845
260 0.985603348478876
261 0.986818936838752
262 0.987947468605226
263 0.988994009475006
264 0.989963433708833
265 0.990860420140883
266 0.99168944997908
267 0.992454806160591
268 0.993160574049682
269 0.993810643286123
270 0.994408710611775
271 0.994958283520789
272 0.99546268459519
273 0.995925056402545
274 0.996348366846113
275 0.996735414870283
276 0.997088836435467
277 0.997411110686915
278 0.997704566251232
279 0.997971387602888
280 0.998213621450586
281 0.998433183100303
282 0.99863186275798
283 0.998811331740425
284 0.998973148567978
285 0.999118764916922
286 0.999249531413636
287 0.999366703255977
288 0.999471445650527
289 0.999564839057092
290 0.999647884234276
291 0.999721507082065
292 0.999786563279238
293 0.999843842714994
294 0.9998940737156
295 0.999937927068046
296 0.999976019843684
297 1.00000891902569
298 1.00003714494493
299 1.00006117452923
300 1.00008144437184
301 1.00009835362617
302 1.00011226673366
303 1.00012351599012
304 1.00013240395626
305 1.00013920571866
306 1.00014417100745
307 1.00014752617724
308 1.0001494760578
309 1.00015020568088
310 1.00014988188967
311 1.00014865483711
312 1.00014665937912
313 1.00014401636877
314 1.00014083385704
315 1.00013720820577
316 1.00013322511804
317 1.00012896059117
318 1.00012448179709
319 1.00011984789487
320 1.00011511077963
321 1.0001103157723
322 1.00010550225389
323 1.00010070424841
324 1.00009595095764
325 1.00009126725141
326 1.00008667411643
327 1.00008218906662
328 1.00007782651791
329 1.00007359813001
330 1.00006951311762
331 1.00006557853359
332 1.00006179952593
333 1.00005817957092
334 1.00005472068412
335 1.00005142361104
336 1.00004828799919
337 1.00004531255296
338 1.0000424951728
339 1.00003983308006
340 1.00003732292858
341 1.00003496090443
342 1.00003274281453
343 1.00003066416539
344 1.00002872023276
345 1.00002690612302
346 1.0000252168271
347 1.00002364726759
348 1.00002219233987
349 1.00002084694751
350 1.0000196060329
351 1.00001846460328
352 1.00001741775281
353 1.00001646068108
354 1.00001558870835
355 1.00001479728801
356 1.00001408201648
357 1.00001343864086
358 1.00001286306465
359 1.00001235135167
360 1.00001189972853
361 1.00001150458576
362 1.00001116247774
363 1.00001087012176
364 1.00001062439613
365 1.00001042233763
366 1.00001026113837
367 1.00001013814216
368 1.00001005084039
369 1.00000999686771
370 1.0000099739974
371 1.00000998013648
372 1.00001001332081
373 1.00001007170996
374 1.00001015358212
375 1.00001025732889
376 1.00001038145013
377 1.00001052454874
378 1.00001068532549
379 1.00001086257381
380 1.00001105517462
381 1.00001126209101
382 1.00001148236291
383 1.0000117151016
384 1.00001195948398
385 1.00001221474651
386 1.00001248017886
387 1.00001275511717
388 1.00001303893694
389 1.00001333104571
390 1.00001363087567
391 1.00001393787633
392 1.00001425150772
393 1.00001457123453
394 1.0000148965212
395 1.00001522682834
396 1.00001556161031
397 1.00001590031394
398 1.00001624237823
399 1.00001658723496
400 1.00001693431002
401 1.00001728288507
402 1.00001763190513
403 1.0000179799009
404 1.00001832498743
405 1.0000186649108
406 1.00001899712279
407 1.00001931886886
408 1.00001962727957
409 1.00001991945878
410 0.999724952488687
411 0.998681141765754
412 0.996613538996784
413 0.993378048635489
414 0.988924946845349
415 0.983271144201891
416 0.976479204109
417 0.968641572910098
418 0.959868823047021
419 0.950280979240321
420 0.940001206563274
421 0.929151301709666
422 0.917848555024464
423 0.906203649001546
424 0.894319335198443
425 0.882289690734245
426 0.870199801505041
427 0.858125754914522
428 0.846134852565752
429 0.83428597477576
430 0.822630045344415
431 0.811210557812111
432 0.800064134316958
433 0.789221095764788
434 0.778706027862808
435 0.768538332035661
436 0.758732753648771
437 0.749299882547394
438 0.740246622867026
439 0.731576630526357
440 0.723290717890417
441 0.715387225876225
442 0.707862364334144
443 0.700710521927883
444 0.693924546995577
445 0.687496001035301
446 0.681415386545234
447 0.67567235098046
448 0.670255868579673
449 0.665154401777101
450 0.660356043856415
451 0.655848644430853
452 0.651619919252253
453 0.647657545765029
454 0.643949245732068
455 0.640482856170324
456 0.637246389745966
457 0.634228085693529
458 0.631416452241232
459 0.628800301446209
460 0.626368777268928
461 0.624111377645904
462 0.622017971253921
463 0.620078809597366
464 0.618284534992844
465 0.616626184971919
466 0.615095193573365
467 0.613683389950623
468 0.612382994678026
469 0.611186614100539
470 0.610087233036146
471 0.609078206107349
472 0.608153247948325
473 0.607306422507021
474 0.606532131636502
475 0.605825103147265
476 0.605180378471572
477 0.604593300072227
478 0.604059498711255
479 0.603574880678723
480 0.603135615068089
481 0.602738121172135
482 0.602379056062357
483 0.602055302404726
484 0.601763956555831
485 0.601502316975457
486 0.601267872984599
487 0.601058293891656
488 0.600871418504041
489 0.600705245037554
490 0.600557921431659
491 0.600427736075051
492 0.600313108942708
493 0.600212583142847
494 0.600124816869822
495 0.600048575756991
496 0.599982725621879
497 0.599926225594558
498 0.599878121619013
499 0.599837540316337
500 0.599803683195143
501 0.59977582119573
502 0.599753289557357
503 0.599735482997009
504 0.599721851187372
505 0.599711894521274
506 0.599705160149667
507 0.599701238280126
508 0.599699758722947
509 0.599700387672053
510 0.599702824708198
511 0.599706800012244
512 0.599712071776654
513 0.59971842380372
514 0.599725663279484
515 0.599733618712701
516 0.599742138028687
517 0.5997510868083
518 0.59976034666276
519 0.599769813735489
520 0.599779397322548
521 0.599789018603707
522 0.59979860947661
523 0.599808111486882
524 0.599817474847464
525 0.599826657540794
526 0.59983562449788
527 0.599844346848622
528 0.599852801238111
529 0.599860969203942
530 0.599868836609906
531 0.599876393131707
532 0.599883631790647
533 0.599890548531488
534 0.599897141840944
535 0.599903412403513
536 0.59990936279158
537 0.599914997186935
538 0.59992032113105
539 0.599925341301671
540 0.599930065313425
541 0.599934501540349
542 0.599938658958376
543 0.59994254700598
544 0.599946175461312
545 0.599949554334289
546 0.599952693772229
547 0.599955603977724
548 0.599958295137555
549 0.599960777361554
550 0.599963060630406
551 0.599965154751468
552 0.599967069321764
553 0.599968813697377
554 0.59997039696855
555 0.599971827939845
556 0.599973115114781
557 0.599974266684417
558 0.59997529051941
559 0.599976194165104
560 0.599976984839264
561 0.599977669432092
562 0.599978254508219
563 0.599978746310373
564 0.599979150764473
565 0.599979473485922
566 0.599979719786889
567 0.599979894684403
568 0.599980002909098
569 0.599980048914472
570 0.599980036886532
571 0.599979970753734
572 0.599979854197115
573 0.599979690660557
574 0.599979483361121
575 0.599979235299414
576 0.599978949269962
577 0.59997862787158
578 0.599978273517754
579 0.599977888447066
580 0.599977474733712
581 0.599977034298204
582 0.599976568918383
583 0.59997608024087
584 0.59997556979312
585 0.59997503899618
586 0.599974489178176
587 0.599973921588472
588 0.599973337412342
589 0.599972737785814
590 0.599972123810232
591 0.599971496565837
592 0.599970857123644
593 0.599970206555094
594 0.599969545939296
595 0.599968876367859
596 0.599968198947466
597 0.599967514800432
598 0.59996682506351
599 0.599966130885259
600 0.59996543370269
601 0.599964735626097
602 0.599964039594389
603 0.599963349377851
604 0.599962669484615
605 0.599962005011476
606 0.599961361467876
607 0.599960744593026
608 0.599960160179547
609 0.599959613912151
610 0.599959111226331
611 0.599958657189486
612 0.599958256405122
613 0.599957912939538
614 0.599957630269605
615 0.599957411249745
616 0.599957258095971
617 0.599957172384724
618 0.599957155064264
619 0.599957206476459
620 0.599957326386961
621 0.599957514021909
622 0.5999577681095
623 0.599958086924966
624 0.599958468337643
625 0.599958909859055
626 0.599959408691047
627 0.599959961773212
628 0.59996056582894
629 0.599961217409607
630 0.599961912936483
631 0.59996264874007
632 0.599963421096661
633 0.599964226261973
634 0.599965060501795
635 0.59996592011963
636 0.599966801481346
637 0.599967701036928
638 0.599968615339404
639 0.599969541061064
640 0.59997047500713
641 0.599971414126999
642 0.599972355523239
643 0.599973296458491
644 0.59997423436045
645 0.599975166825091
646 0.599976091618292
647 0.599977006676041
648 0.59997791010335
649 0.599978800172054
650 0.599979675317614
651 0.59998053413507
652 0.599981375374271
653 0.599982197934485
654 0.599983000858516
655 0.599983783326415
656 0.59998454464888
657 0.59998528426043
658 0.59998600171243
659 0.59998669666603
660 0.599987368885078
661 0.59998801822907
662 0.599988644646177
663 0.59998924816638
664 0.599989828894778
665 0.599990387005063
666 0.59999092273321
667 0.599991436371403
668 0.599991928262198
669 0.599992398792949
670 0.599992848390507
671 0.599993277516183
672 0.599993686661004
673 0.599994076341235
674 0.599994447094191
675 0.599994799474317
676 0.599995134049547
677 0.599995451397922
678 0.599995752104473
679 0.599996036758357
680 0.599996305950224
681 0.599996560269833
682 0.59999680030388
683 0.599997026634041
684 0.599997239835227
685 0.599997440474016
686 0.599997629107278
687 0.599997806280969
688 0.599997972529078
689 0.599998128372734
690 0.599998274319445
691 0.599998410862469
692 0.599998538480309
693 0.599998657636311
694 0.59999876877837
695 0.599998872338727
696 0.599998968733851
697 0.599999058364396
698 0.599999141615234
699 0.599999218855544
700 0.599999290438959
701 0.599999356703762
702 0.59999941797313
703 0.59999947455541
704 0.599999526744433
705 0.599999574819855
706 0.599999619047519
707 0.59999965967984
708 0.599999696956209
709 0.599999731103404
710 0.599999762336013
711 0.599999790856861
712 0.59999981685745
713 0.599999840518389
714 0.599999862009832
715 0.599999881491911
716 0.599999899115161
717 0.599999915020952
718 0.599999929341896
719 0.599999942202264
720 0.599999953718383
721 0.599999963999028
722 0.599999973145801
723 0.599999981253501
724 0.599999988410486
725 0.599999994699014
726 0.60000000019558
727 0.600000004971242
728 0.600000009091925
729 0.600000012618726
730 0.600000015608193
731 0.600000018112604
732 0.600000020180226
733 0.600000021855566
734 0.600000023179608
735 0.600000024190041
736 0.600000024921474
737 0.60000002540564
738 0.60000002567159
739 0.600000025745879
740 0.600000025652737
741 0.600000025414235
742 0.60000002505044
743 0.600000024579559
744 0.60000002401808
745 0.600000023380899
746 0.600000022681442
747 0.600000021931781
748 0.600000021142737
749 0.600000020323982
750 0.600000019484135
751 0.600000018630846
752 0.600000017770877
753 0.600000016910184
754 0.600000016053978
755 0.600000015206801
756 0.60000001437258
757 0.600000013554685
758 0.600000012755986
759 0.600000011978893
760 0.600000011225411
761 0.600000010497172
762 0.600000009795481
763 0.600000009121344
764 0.600000008475505
765 0.600000007858477
766 0.600000007270563
767 0.600000006711887
768 0.600000006182411
769 0.600000005681961
770 0.600000005210243
771 0.60000000476686
772 0.600000004351328
773 0.60000000396309
774 0.600000003601527
775 0.600000003265972
776 0.600000002955717
777 0.600000002670026
778 0.600000002408136
779 0.600000002169272
780 0.600000001952648
781 0.600000001757472
782 0.600000001582953
783 0.600000001428304
784 0.600000001292741
785 0.600000001175494
786 0.6000000010758
787 0.600000000992912
788 0.600000000926092
789 0.600000000874622
790 0.600000000837796
791 0.600000000814921
792 0.600000000805321
793 0.600000000808329
794 0.600000000823285
795 0.600000000849537
796 0.600000000886434
797 0.600000000933326
798 0.60000000098956
799 0.600000001054481
800 0.600000001127425
801 0.600000001207724
802 0.600000001294703
803 0.600000001387681
804 0.600000001485973
805 0.600000001588889
806 0.600000001695739
807 0.600000001805834
808 0.600000001918488
809 0.600000002033024
810 0.600073812167679
811 0.600334827793286
812 0.600851785349122
813 0.601660708145741
814 0.602774026633426
815 0.604187512733154
816 0.605885525236641
817 0.60784495228055
818 0.610038150556917
819 0.612435113766653
820 0.615005050598319
821 0.617717511907413
822 0.620543175204108
823 0.623454370023629
824 0.626425408691946
825 0.629432772195407
826 0.632455189370878
827 0.635473638717063
828 0.638471295215643
829 0.641433439196863
830 0.644347340141792
831 0.647202125112663
832 0.649988639033654
833 0.652699302143816
834 0.655327968484455
835 0.65786978816628
836 0.660321075310118
837 0.662679182909058
838 0.664942385373136
839 0.667109769153724
840 0.669181131575719
841 0.671156887809414
842 0.673037985773758
843 0.674825828665226
844 0.676522204741684
845 0.67812922395039
846 0.679649260967545
847 0.681084904208887
848 0.682438910372993
849 0.683714164088427
850 0.684913642250539
851 0.686040382651832
852 0.68709745653021
853 0.688087944681077
854 0.689014916801536
855 0.689881413757228
856 0.690690432484325
857 0.691444913260574
858 0.692147729099812
859 0.692801677044036
860 0.693409471145677
861 0.693973736950309
862 0.694497007306473
863 0.694981719344717
864 0.6954302124823
865 0.695844727323339
866 0.69622740533657
867 0.696580289204262
868 0.69690532374643
869 0.697204357334123
870 0.697479143714529
871 0.697731344178759
872 0.697962530010688
873 0.69817418516203
874 0.698367709105051
875 0.698544419820025
876 0.698705556879633
877 0.698852284597228
878 0.698985695210088
879 0.6991068120726
880 0.699216592837781
881 0.699315932608623
882 0.699405667043549
883 0.699486575402738
884 0.699559383524338
885 0.699624766721538
886 0.699683352593263
887 0.699735723742795
888 0.699782420400026
889 0.699823942944242
890 0.699860754325415
891 0.699893282382914
892 0.699921922061312
893 0.699947037523716
894 0.699968964163592
895 0.699988010516581
896 0.700004460074243
897 0.700018573001968
898 0.700030587763642
899 0.700040722655849
900 0.700049177255253
901 0.700056133782537
902 0.700061758385567
903 0.700066202344659
904 0.700069603203063
905 0.700072085825805
906 0.700073763390153
907 0.700074738310946
908 0.700075103104021
909 0.700074941190936
910 0.70007432764812
911 0.700073329903499
912 0.700072008383568
913 0.700070417113783
914 0.700068604275024
915 0.7000666127188
916 0.700064480443733
917 0.70006224103576
918 0.700059924074376
919 0.700057555507119
920 0.70005515799441
921 0.700052751226739
922 0.700050352216072
923 0.700047975563276
924 0.70004563370324
925 0.700043337129286
926 0.700041094598358
927 0.700038913318396
928 0.700036799119223
929 0.70003475660818
930 0.700032789311662
931 0.700030899803656
932 0.700029089822283
933 0.700027360375303
934 0.700025711835457
935 0.700024144026483
936 0.700022656300557
937 0.700021247607893
938 0.700019916559142
939 0.700018661481224
940 0.70001748046715
941 0.700016371420371
942 0.700015332094134
943 0.700014360126302
944 0.700013453070051
945 0.700012608420833
946 0.700011823639946
947 0.700011096175058
948 0.700010423477955
949 0.70000980301982
950 0.700009232304266
951 0.70000870887837
952 0.700008230341915
953 0.700007794355028
954 0.700007398644399
955 0.70000704100823
956 0.700006719320072
957 0.700006431531662
958 0.700006175674913
959 0.700005949863125
960 0.700005752291553
961 0.700005581237392
962 0.700005435059278
963 0.700005312196363
964 0.700005211167039
965 0.700005130567359
966 0.700005069069216
967 0.700005025418312
968 0.700004998431972
969 0.700004986996824
970 0.700004990066386
971 0.70000500665858
972 0.700005035853195
973 0.70000507678932
974 0.700005128662758
975 0.700005190723434
976 0.700005262272799
977 0.700005342661236
978 0.700005431285466
979 0.700005527585938
980 0.700005631044199
981 0.700005741180219
982 0.700005857549636
983 0.700005979740894
984 0.700006107372226
985 0.700006240088468
986 0.700006377557686
987 0.700006519467633
988 0.700006665522084
989 0.700006815437123
990 0.700006968937505
991 0.700007125753258
992 0.700007285616714
993 0.700007448260098
994 0.700007613413714
995 0.700007780804745
996 0.7000079501566
997 0.700008121188782
998 0.700008293617183
999 0.700008467154747
1000 0.700008641442302
1001 0.700008815952358
1002 0.70000898995027
1003 0.700009162493553
1004 0.700009332455258
1005 0.700009498561273
1006 0.700009659434322
1007 0.70000981363969
1008 0.700009959729308
1009 0.700010096282083
1010 0.700010221939227
1011 0.700010335433974
1012 0.70001043561553
1013 0.700010521467399
1014 0.700010592120442
1015 0.700010646861129
1016 0.700010685135527
1017 0.700010706549594
1018 0.700010710866332
1019 0.700010698000332
1020 0.700010668010238
1021 0.700010621089568
1022 0.700010557556321
1023 0.70001047784173
1024 0.7000103824785
1025 0.700010272088783
1026 0.700010147372148
1027 0.700010009093718
1028 0.700009858072667
1029 0.700009695171166
1030 0.700009521283906
1031 0.700009337328269
1032 0.700009144235184
1033 0.700008942940718
1034 0.70000873437842
1035 0.700008519472406
1036 0.700008299131195
1037 0.700008074242275
1038 0.700007845667373
1039 0.700007614238394
1040 0.700007380754011
1041 0.700007145976849
1042 0.70000691063124
1043 0.700006675401495
1044 0.700006440930661
1045 0.700006207819714
1046 0.700005976627152
1047 0.700005747868947
1048 0.700005522018812
1049 0.700005299508756
1050 0.700005080729881
1051 0.700004866033394
1052 0.700004655731799
1053 0.700004450100248
1054 0.700004249378007
1055 0.700004053770032
1056 0.700003863448619
1057 0.700003678555107
1058 0.700003499201627
1059 0.700003325472863
1060 0.700003157427827
1061 0.700002995101618
1062 0.70000283850717
1063 0.700002687636962
1064 0.700002542464699
1065 0.700002402946937
1066 0.700002269024661
1067 0.700002140624808
1068 0.70000201766172
1069 0.700001900038543
1070 0.70000178764855
1071 0.700001680376399
1072 0.70000157809932
1073 0.700001480688236
1074 0.700001388008807
1075 0.700001299922414
1076 0.700001216287065
1077 0.700001136958242
1078 0.70000106178968
1079 0.700000990634086
1080 0.700000923343793
1081 0.700000859771356
1082 0.7000007997701
1083 0.700000743194603
1084 0.700000689901137
1085 0.700000639748055
1086 0.70000059259614
1087 0.700000548308904
1088 0.700000506752851
1089 0.700000467797699
1090 0.700000431316575
1091 0.700000397186165
1092 0.700000365286847
1093 0.700000335502787
1094 0.700000307722015
1095 0.700000281836475
1096 0.700000257742053
1097 0.70000023533859
1098 0.700000214529872
1099 0.70000019522361
1100 0.700000177331399
1101 0.700000160768673
1102 0.700000145454643
1103 0.700000131312228
1104 0.700000118267973
1105 0.700000106251972
1106 0.700000095197767
1107 0.70000008504226
1108 0.700000075725607
1109 0.70000006719112
1110 0.700000059385157
1111 0.700000052257016
1112 0.700000045758825
1113 0.700000039845438
1114 0.700000034474321
1115 0.700000029605445
1116 0.70000002520118
1117 0.700000021226189
1118 0.700000017647323
1119 0.700000014433517
1120 0.700000011555695
1121 0.700000008986666
1122 0.700000006701034
1123 0.700000004675102
1124 0.700000002886784
1125 0.70000000131552
1126 0.699999999942188
1127 0.699999998749027
1128 0.699999997719559
1129 0.699999996838513
1130 0.699999996091754
1131 0.699999995466216
1132 0.699999994949834
1133 0.699999994531484
1134 0.699999994200922
1135 0.699999993948728
1136 0.699999993766252
1137 0.699999993645563
1138 0.6999999935794
1139 0.699999993561126
1140 0.699999993584685
1141 0.699999993644561
1142 0.699999993735739
1143 0.699999993853669
1144 0.699999993994229
1145 0.699999994153698
1146 0.69999999432872
1147 0.699999994516278
1148 0.699999994713667
1149 0.699999994918472
1150 0.699999995128538
1151 0.699999995341954
1152 0.699999995557029
1153 0.699999995772277
1154 0.699999995986394
1155 0.699999996198246
1156 0.699999996406852
1157 0.699999996611369
1158 0.699999996811083
1159 0.699999997005389
1160 0.699999997193787
1161 0.69999999737587
1162 0.699999997551312
1163 0.699999997719863
1164 0.699999997881334
1165 0.699999998035601
1166 0.699999998182586
1167 0.69999999832226
1168 0.699999998454631
1169 0.699999998579744
1170 0.699999998697673
1171 0.699999998808516
1172 0.699999998912396
1173 0.699999999009451
1174 0.699999999099836
1175 0.699999999183718
1176 0.699999999261275
1177 0.69999999933269
1178 0.699999999398155
1179 0.699999999457863
1180 0.69999999951201
1181 0.699999999560796
1182 0.699999999604417
1183 0.699999999643071
1184 0.699999999676953
1185 0.699999999706256
1186 0.699999999731171
1187 0.699999999751885
1188 0.699999999768582
1189 0.699999999781442
1190 0.699999999790641
1191 0.699999999796352
1192 0.699999999798746
1193 0.699999999797987
1194 0.699999999794242
1195 0.699999999787673
1196 0.699999999778444
1197 0.699999999766716
1198 0.699999999752652
1199 0.699999999736417
1200 0.699999999718177
