1 2
2 2
3 2
4 2
5 2
6 2
7 2
8 2
9 2
10 2
11 2
12 2
13 2
14 2
15 2
16 2
17 2
18 2
19 2
20 2
21 2
22 2
23 2
24 2
25 2
26 2
27 2
28 2
29 2
30 2.1918
31 2.21
32 2.23
33 2.25
34 2.27
35 2.29
36 2.31
37 2.33
38 2.35
39 2.37
40 2.38942705713062
41 2.40780870810365
42 2.42521037829151
43 2.44167056158297
44 2.45721614076862
45 2.47186506037382
46 2.48562844911849
47 2.49851226602486
48 2.51051857582305
49 2.52164653593334
50 2.53189487058814
51 2.5412651192817
52 2.5497624313948
53 2.55739487278984
54 2.56417297050397
55 2.57010938667115
56 2.57521868466349
57 2.57951716019637
58 2.58302271775951
59 2.58575477831537
60 2.58773420316465
61 2.58898321526995
62 2.58952530779269
63 2.58938514225716
64 2.58858844144129
65 2.58716188010531
66 2.58513297550169
67 2.58252997883546
68 2.5793817683425
69 2.57571774433588
70 2.57156772639134
71 2.56696185278993
72 2.56193048237278
73 2.55650409901186
74 2.55071321892077
75 2.54458830102251
76 2.53815966057304
77 2.53145738621472
78 2.52451126060927
79 2.51735068477562
80 2.51000460623705
81 2.50250145106275
82 2.49486905987176
83 2.48713462785169
84 2.47932464882948
85 2.47146486341693
86 2.46358021124033
87 2.45569478724992
88 2.44783180209228
89 2.44001354651689
90 2.43226135977647
91 2.42459560197006
92 2.4170356302675
93 2.40959977894471
94 2.40230534314982
95 2.39516856631239
96 2.38820463110001
97 2.38142765381935
98 2.37485068215253
99 2.36848569611357
100 2.36234361210439
101 2.3564342899449
102 2.35076654274786
103 2.34534814950511
104 2.34018587024894
105 2.33528546364956
106 2.33065170690773
107 2.32628841779981
108 2.32219847873152
109 2.31838386265599
110 2.31484566071156
111 2.31158411143488
112 2.3085986314057
113 2.30588784718067
114 2.30344962837503
115 2.30128112175268
116 2.29937878618756
117 2.29773842836145
118 2.29635523906633
119 2.29522382998227
120 2.29433827080547
121 2.29369212660425
122 2.29327849528507
123 2.29309004505415
124 2.29311905176499
125 2.29335743604611
126 2.29379680010795
127 2.29442846413259
128 2.29524350215468
129 2.29623277734672
130 2.29738697662708
131 2.29869664451371
132 2.30015221615189
133 2.30174404944933
134 2.30346245625688
135 2.30529773253838
136 2.30724018747811
137 2.30928017147925
138 2.31140810301205
139 2.31361449427475
140 2.31588997563582
141 2.31822531883022
142 2.32061145888739
143 2.32303951477323
144 2.3255008087325
145 2.3279868843227
146 2.33048952313447
147 2.33300076019767
148 2.33551289807611
149 2.33801851965783
150 2.34051049965118
151 2.34298201480056
152 2.34542655283873
153 2.34783792019609
154 2.35021024848961
155 2.35253799981752
156 2.35481597088791
157 2.35703929601199
158 2.35920344899511
159 2.3613042439602
160 2.36333783514082
161 2.36530071568195
162 2.36718971548884
163 2.36900199816496
164 2.37073505708181
165 2.37238671062378
166 2.37395509665255
167 2.37543866623601
168 2.37683617668697
169 2.37814668395773
170 2.37936953443639
171 2.38050435619109
172 2.38155104970813
173 2.38250977816988
174 2.38338095731798
175 2.38416524494671
176 2.38486353007132
177 2.3854769218147
178 2.38600673805583
179 2.38645449388178
180 2.38682188988467
181 2.38711080034355
182 2.38732326133021
183 2.38746145877674
184 2.38752771654117
185 2.3875244845065
186 2.38745432674679
187 2.38731990979259
188 2.38712399102669
189 2.38686940723933
190 2.38655906337082
191 2.38619592146759
192 2.3857829898765
193 2.38532331270019
194 2.38481995953504
195 2.38427601551139
196 2.38369457165432
197 2.38307871558138
198 2.38243152255234
199 2.3817560468843
200 2.38105531374394
201 2.38033231132717
202 2.379589983435
203 2.37883122245273
204 2.37805886273845
205 2.37727567442511
206 2.37648435763924
207 2.37568753713795
208 2.37488775736461
209 2.37408747792243
210 2.37328906946369
211 2.3724948099917
212 2.37170688157086
213 2.37092736743985
214 2.37015824952123
215 2.36940140632054
216 2.36865861120658
217 2.36793153106384
218 2.36722172530763
219 2.36653064525116
220 2.3658596338137
221 2.36520992555808
222 2.36458264704526
223 2.36397881749337
224 2.36339934972801
225 2.36284505141034
226 2.36231662652913
227 2.36181467714273
228 2.36133970535652
229 2.36089211552158
230 2.36047221663975
231 2.36008022496059
232 2.35971626675552
233 2.35938038125444
234 2.35907252373018
235 2.35879256871643
236 2.35854031334463
237 2.35831548078571
238 2.35811772378273
239 2.35794662826063
240 2.35780171699966
241 2.35768245335947
242 2.35758824504082
243 2.35751844787268
244 2.3574723696126
245 2.35744927374857
246 2.35744838329137
247 2.35746888454635
248 2.35750993085455
249 2.35757064629311
250 2.35765012932571
251 2.35774745639407
252 2.35786168544215
253 2.35799185936519
254 2.35813700937616
255 2.3582961582828
256 2.35846832366893
257 2.35865252097411
258 2.3588477664664
259 2.35905308010345
260 2.3592674882775
261 2.35949002644059
262 2.35971974160663
263 2.35995569472753
264 2.36019696294092
265 2.36044264168779
266 2.3606918466984
267 2.36094371584554
268 2.36119741086464
269 2.36145211894047
270 2.36170705416065
271 2.3619614588368
272 2.36221460469396
273 2.36246579393004
274 2.36271436014658
275 2.36295966915306
276 2.36320111964703
277 2.36343814377242
278 2.3636702075592
279 2.36389681124709
280 2.36411748949696
281 2.36433181149323
282 2.364539380941
283 2.36473983596185
284 2.36493284889232
285 2.36511812598922
286 2.36529540704606
287 2.36546446492497
288 2.36562510500875
289 2.36577716457732
290 2.36592051211345
291 2.36605504654224
292 2.36618069640909
293 2.36629741900088
294 2.36640519941485
295 2.36650404958011
296 2.36659400723615
297 2.36667513487309
298 2.36674751863811
299 2.36681126721258
300 2.36686651066417
301 2.36691339927839
302 2.36695210237357
303 2.36698280710351
304 2.3670057172517
305 2.367021052021
306 2.3670290448225
307 2.3670299420671
308 2.36702400196335
309 2.36701149332478
310 2.36699269438992
311 2.36696789165796
312 2.366937378743
313 2.36690145524942
314 2.36686042567106
315 2.36681459831644
316 2.36676428426236
317 2.3667097963377
318 2.36665144813956
319 2.36658955308324
320 2.36652442348769
321 2.3664563696978
322 2.36638569924477
323 2.36631271604562
324 2.36623771964274
325 2.36616100448423
326 2.36608285924574
327 2.36600356619413
328 2.3659234005934
329 2.36584263015305
330 2.3657615145189
331 2.36568030480635
332 2.36559924317586
333 2.36551856245035
334 2.36543848577414
335 2.36535922631284
336 2.36528098699366
337 2.36520396028528
338 2.36512832801661
339 2.36505426123347
340 2.36498192009227
341 2.36491145378952
342 2.36484300052625
343 2.36477668750594
344 2.36471263096501
345 2.36465093623423
346 2.36459169783012
347 2.36453499957464
348 2.36448091474195
349 2.36442950623083
350 2.36438082676119
351 2.36433491909332
352 2.36429181626831
353 2.36425154186826
354 2.36421411029469
355 2.36417952706366
356 2.36414778911627
357 2.36411888514285
358 2.36409279591949
359 2.36406949465553
360 2.36404894735046
361 2.36403111315891
362 2.36401594476231
363 2.36400338874598
364 2.36399338598022
365 2.3639858720042
366 2.36398077741144
367 2.36397802823558
368 2.36397754633548
369 2.36397924977833
370 2.36398305321989
371 2.36398886828075
372 2.36399660391768
373 2.36400616678916
374 2.36401746161425
375 2.36403039152392
376 2.36404485840418
377 2.36406076323025
378 2.36407800639106
379 2.36409648800365
380 2.36411610821672
381 2.36413676750295
382 2.36415836693968
383 2.36418080847741
384 2.36420399519591
385 2.36422783154758
386 2.36425222358785
387 2.36427707919238
388 2.36430230826092
389 2.36432782290774
390 2.36435353763854
391 2.36437936951384
392 2.36440523829884
393 2.36443106659985
394 2.36445677998728
395 2.36448230710549
396 2.36450757976954
397 2.36453253304897
398 2.3645571053391
399 2.36458123841978
400 2.11458123841978
401 2.07820433218111
402 2.03822683278829
403 1.99824869591009
404 1.9582698807188
405 1.91829034988136
406 1.87831006954068
407 1.83832900928735
408 1.79834714212228
409 1.7583644444107
410 1.71912776371736
411 1.68129083226455
412 1.64483758763406
413 1.60977891642391
414 1.5761314272043
415 1.54391587972212
416 1.51315588499258
417 1.4838769114519
418 1.45610552859782
419 1.42986883474766
420 1.40519179634888
421 1.38209334766695
422 1.36058542131793
423 1.34067383534923
424 1.32235891153338
425 1.30563595761783
426 1.29049564821336
427 1.27692433081849
428 1.26490427657477
429 1.25441389020534
430 1.24542789642835
431 1.2379175261943
432 1.23185071651896
433 1.22719232195161
434 1.22390433200843
435 1.22194609103594
436 1.22127451819446
437 1.22184432608607
438 1.22360823710841
439 1.22651719698209
440 1.23052058511506
441 1.23556642153403
442 1.24160157006878
443 1.2485719374113
444 1.25642266764364
445 1.26509833183212
446 1.27454311230715
447 1.28470098127693
448 1.29551587345646
449 1.30693185242595
450 1.31889327046396
451 1.33134492163056
452 1.34423218790314
453 1.35750117819489
454 1.37109886011187
455 1.38497318433096
456 1.3990732015059
457 1.41334917163428
458 1.42775266584207
459 1.44223666056658
460 1.45675562414106
461 1.47126559580686
462 1.48572425719963
463 1.50009099637704
464 1.5143269644741
465 1.5283951250914
466 1.54226029653819
467 1.55588918706951
468 1.56925042327121
469 1.58231457176181
470 1.59505415439318
471 1.60744365714444
472 1.61945953291505
473 1.63108019843311
474 1.64228602550461
475 1.65305932683713
476 1.66338433667957
477 1.67324718652511
478 1.68263587613055
479 1.69154024010935
480 1.69995191035937
481 1.70786427458882
482 1.71527243120588
483 1.72217314083818
484 1.7285647747487
485 1.73444726041363
486 1.73982202452665
487 1.74469193369175
488 1.74906123306381
489 1.75293548319287
490 1.75632149532366
491 1.75922726539746
492 1.76166190699788
493 1.76363558347658
494 1.76515943948853
495 1.76624553215977
496 1.7669067621035
497 1.76715680449287
498 1.76701004039098
499 1.76648148853037
500 1.76558673772625
501 1.76434188009855
502 1.76276344526954
503 1.76086833569445
504 1.75867376327365
505 1.75619718738542
506 1.75345625446941
507 1.75046873928128
508 1.74725248792969
509 1.74382536279772
510 1.74020518944119
511 1.73640970554737
512 1.73245651202827
513 1.72836302631397
514 1.72414643790219
515 1.71982366621195
516 1.71541132078045
517 1.71092566383404
518 1.70638257525597
519 1.70179751996591
520 1.69718551771824
521 1.69256111531925
522 1.6879383612557
523 1.6833307827209
524 1.67875136501758
525 1.67421253331067
526 1.66972613669746
527 1.66530343455648
528 1.66095508513168
529 1.65669113630315
530 1.65252101849127
531 1.64845353963652
532 1.64449688219361
533 1.64065860207459
534 1.63694562947238
535 1.63336427149329
536 1.62992021652419
537 1.62661854025774
538 1.62346371329703
539 1.62045961025927
540 1.61760952029652
541 1.61491615895062
542 1.61238168125828
543 1.61000769602192
544 1.60779528116148
545 1.60574500006227
546 1.60385691883426
547 1.60213062439852
548 1.60056524331725
549 1.59915946128479
550 1.59791154319784
551 1.59681935372491
552 1.59588037829577
553 1.59509174443422
554 1.59445024335845
555 1.59395235177597
556 1.5935942538017
557 1.59337186293033
558 1.59328084399646
559 1.59331663505821
560 1.59347446914303
561 1.59374939579671
562 1.59413630237945
563 1.59462993505592
564 1.59522491942854
565 1.59591578076672
566 1.5966969637873
567 1.59756285194464
568 1.59850778619158
569 1.59952608317566
570 1.60061205283791
571 1.6017600153843
572 1.60296431760317
573 1.60421934850466
574 1.6055195542611
575 1.60685945243011
576 1.6082336454451
577 1.60963683336022
578 1.61106382583997
579 1.61250955338582
580 1.6139690777949
581 1.61543760184834
582 1.61691047822906
583 1.61838321767106
584 1.61985149634458
585 1.62131116248357
586 1.62275824226363
587 1.62418894494098
588 1.6255996672643
589 1.62698699717325
590 1.62834771679918
591 1.62967880478458
592 1.63097743793976
593 1.63224099225612
594 1.63346704329667
595 1.63465336598565
596 1.63579793381988
597 1.63689891752538
598 1.63795468318371
599 1.638963789853
600 1.6399249867091
601 1.64083720973314
602 1.6416995779717
603 1.64251138939639
604 1.64327211638973
605 1.64398140088434
606 1.6446390491824
607 1.64524502648251
608 1.6457994511406
609 1.64630258869177
610 1.64675484565912
611 1.64715676317596
612 1.64750901044664
613 1.64781237807149
614 1.64806777126016
615 1.64827620295773
616 1.64843878690673
617 1.64855673066803
618 1.64863132862244
619 1.64866395497446
620 1.6486560567786
621 1.64860914700785
622 1.64852479768334
623 1.64840463308287
624 1.64825032304565
625 1.64806357638908
626 1.64784613445315
627 1.64759976478643
628 1.6473262549872
629 1.64702740671206
630 1.64670502986344
631 1.64636093696661
632 1.64599693774561
633 1.64561483390686
634 1.64521641413815
635 1.64480344932961
636 1.64437768802283
637 1.64394085209285
638 1.64349463266734
639 1.64304068628615
640 1.64258063130369
641 1.64211604453585
642 1.64164845815224
643 1.64117935681393
644 1.64071017505602
645 1.64024229491383
646 1.63977704379064
647 1.63931569256433
648 1.63885945392991
649 1.63840948097387
650 1.63796686597622
651 1.63753263943528
652 1.63710776930992
653 1.63669316047346
654 1.63628965437311
655 1.63589802888835
656 1.63551899838133
657 1.63515321393216
658 1.63480126375153
659 1.63446367376297
660 1.63414090834675
661 1.63383337123742
662 1.63354140656647
663 1.63326530004203
664 1.63300528025673
665 1.63276152011554
666 1.6325341383747
667 1.63232320128324
668 1.63212872431857
669 1.63195067400739
670 1.63178896982365
671 1.63164348615492
672 1.63151405432915
673 1.63140046469333
674 1.63130246873632
675 1.63121978124776
676 1.63115208250555
677 1.63109902048434
678 1.63106021307776
679 1.63103525032739
680 1.63102369665168
681 1.63102509306816
682 1.6310389594029
683 1.63106479648083
684 1.63110208829158
685 1.63115030412504
686 1.63120890067171
687 1.63127732408286
688 1.63135501198588
689 1.63144139545062
690 1.63153590090279
691 1.63163795198054
692 1.63174697133113
693 1.63186238234429
694 1.63198361081985
695 1.63211008656688
696 1.63224124493226
697 1.63237652825684
698 1.63251538725742
699 1.63265728233341
700 1.63280168479691
701 1.63294807802553
702 1.63309595853738
703 1.63324483698788
704 1.63339423908839
705 1.63354370644684
706 1.63369279733066
707 1.6338410873528
708 1.63398817008145
709 1.63413365757462
710 1.6342771808407
711 1.63441839022642
712 1.63455695573365
713 1.63469256726683
714 1.63482493481281
715 1.63495378855497
716 1.63507887892389
717 1.63519997658657
718 1.6353168723766
719 1.63542937716756
720 1.6355373216923
721 1.63564055631033
722 1.6357389507262
723 1.63583239366128
724 1.63592079248179
725 1.63600407278566
726 1.63608217795094
727 1.63615506864867
728 1.63622272232271
729 1.63628513263944
730 1.63634230891006
731 1.636394275488
732 1.63644107114446
733 1.63648274842432
734 1.63651937298544
735 1.63655102292354
736 1.63657778808548
737 1.63659976937309
738 1.63661707804029
739 1.63662983498543
740 1.63663817004141
741 1.63664222126564
742 1.63664213423185
743 1.6366380613259
744 1.63663016104746
745 1.63661859731936
746 1.6366035388064
747 1.63658515824527
748 1.6365636317871
749 1.63653913835424
750 1.63651185901241
751 1.63648197635972
752 1.63644967393363
753 1.6364151356369
754 1.63637854518367
755 1.63634008556637
756 1.63629993854433
757 1.63625828415497
758 1.63621530024779
759 1.63617116204212
760 1.63612604170879
761 1.63608010797606
762 1.63603352576031
763 1.63598645582138
764 1.63593905444284
765 1.63589147313722
766 1.63584385837603
767 1.63579635134454
768 1.63574908772114
769 1.63570219748098
770 1.63565580472357
771 1.63561002752405
772 1.63556497780756
773 1.63552076124635
774 1.63547747717904
775 1.6354352185515
776 1.6353940718786
777 1.63535411722639
778 1.63531542821379
779 1.63527807203322
780 1.63524210948935
781 1.63520759505523
782 1.63517457694488
783 1.6351430972017
784 1.63511319180175
785 1.63508489077101
786 1.63505821831591
787 1.63503319296605
788 1.6350098277285
789 1.63498813025253
790 1.63496810300414
791 1.63494974344929
792 1.63493304424523
793 1.63491799343881
794 1.63490457467112
795 1.63489276738755
796 1.63488254705242
797 1.63487388536748
798 1.63486675049338
799 1.63486110727346
800 1.73075691745901
801 1.73985413993539
802 1.7498527309482
803 1.759852644329
804 1.76985383171967
805 1.77985624279513
806 1.7898598254835
807 1.79986452618342
808 1.80987028997781
809 1.81987706084367
810 1.8295983104227
811 1.83879774944701
812 1.84750803247394
813 1.8557483480034
814 1.86353207885394
815 1.87086813875631
816 1.87776203375372
817 1.88421668541921
818 1.89023306871486
819 1.89581070563194
820 1.90094890239348
821 1.90564837381305
822 1.90991164073331
823 1.9137426834419
824 1.91714671412848
825 1.92013001394829
826 1.92269981618746
827 1.92486422190223
828 1.92663213821328
829 1.92801323222596
830 1.92901789302617
831 1.92965719239787
832 1.92994283913952
833 1.92988712818679
834 1.9295028870913
835 1.92880342141138
836 1.92780245998639
837 1.92651410067967
838 1.92495275692393
839 1.92313310524442
840 1.92107003384559
841 1.91877859232063
842 1.9162739425614
843 1.91357131097116
844 1.91068594209222
845 1.90763305375737
846 1.90442779386464
847 1.90108519886286
848 1.89762015402295
849 1.89404735555806
850 1.89038127464491
851 1.88663612338929
852 1.88282582276982
853 1.87896397258666
854 1.87506382343386
855 1.87113825070713
856 1.86719973065186
857 1.86326031844962
858 1.85933162833485
859 1.85542481572767
860 1.85155056136282
861 1.84771905738944
862 1.84393999541138
863 1.84022255643271
864 1.83657540266889
865 1.83300667117991
866 1.82952396927751
867 1.82613437165556
868 1.82284441918891
869 1.81966011934343
870 1.81658694813705
871 1.81362985358927
872 1.81079326059463
873 1.80808107715349
874 1.80549670189223
875 1.80304303280339
876 1.80072247713539
877 1.79853696236062
878 1.79648794815002
879 1.7945764392821
880 1.79280299941415
881 1.79116776564347
882 1.78967046378691
883 1.78831042430735
884 1.78708659881659
885 1.78599757708503
886 1.78504160448942
887 1.78421659983143
888 1.783520173461
889 1.78294964563993
890 1.78250206508311
891 1.78217422761615
892 1.78196269489044
893 1.7818638130985
894 1.78187373163454
895 1.7819884216475
896 1.78220369443594
897 1.78251521963646
898 1.78291854315998
899 1.78340910483218
900 1.78398225569734
901 1.78463327494695
902 1.7853573864372
903 1.78614977476193
904 1.78700560085007
905 1.78792001705921
906 1.78888818173961
907 1.78990527324505
908 1.79096650336989
909 1.79206713019391
910 1.79320247031875
911 1.79436791048267
912 1.79555891854206
913 1.79677105381086
914 1.79799997675102
915 1.7992414580095
916 1.80049138679908
917 1.80174577862261
918 1.80300078234213
919 1.80425268659608
920 1.80549792556978
921 1.80673308412592
922 1.80795490230366
923 1.80916027919609
924 1.8103462762177
925 1.81151011977465
926 1.81264920335182
927 1.81376108903215
928 1.81484350846444
929 1.81589436329725
930 1.81691172509715
931 1.81789383477048
932 1.8188391015087
933 1.81974610127779
934 1.82061357487303
935 1.8214404255608
936 1.82222571632944
937 1.82296866677184
938 1.82366864962217
939 1.82432518696991
940 1.82493794617397
941 1.8255067355001
942 1.82603149950442
943 1.8265123141861
944 1.82694938193195
945 1.82734302627519
946 1.82769368649102
947 1.82800191205047
948 1.82826835695437
949 1.8284937739683
950 1.8286790087792
951 1.82882499409365
952 1.82893274369732
953 1.82900334649455
954 1.82903796054614
955 1.82903780712318
956 1.82900416479353
957 1.82893836355743
958 1.82884177904737
959 1.8287158268072
960 1.8285619566641
961 1.82838164720681
962 1.82817640038219
963 1.82794773622185
964 1.82769718770942
965 1.82742629579852
966 1.82713660459034
967 1.82682965667936
968 1.82650698867452
969 1.82617012690266
970 1.82582058330016
971 1.82545985149785
972 1.82508940310372
973 1.82471068418697
974 1.82432511196636
975 1.82393407170519
976 1.82353891381426
977 1.82314095116383
978 1.8227414566047
979 1.82234166069814
980 1.8219427496534
981 1.82154586347163
982 1.82115209429365
983 1.82076248494927
984 1.82037802770484
985 1.81999966320543
986 1.81962827960768
987 1.81926471189879
988 1.81890974139681
989 1.8185640954271
990 1.81822844716931
991 1.81790341566922
992 1.81758956600919
993 1.81728740963104
994 1.81699740480463
995 1.81671995723558
996 1.81645542080511
997 1.81620409843508
998 1.81596624307089
999 1.81574205877526
1000 1.81553170192545
1001 1.81533528250659
1002 1.81515286549389
1003 1.81498447231629
1004 1.81483008239428
1005 1.81468963474479
1006 1.81456302964566
1007 1.8144501303529
1008 1.81435076486365
1009 1.8142647277179
1010 1.81419178183236
1011 1.81413166035987
1012 1.8140840685679
1013 1.81404868573
1014 1.81402516702411
1015 1.8140131454319
1016 1.81401223363351
1017 1.81402202589237
1018 1.81404209992481
1019 1.81407201874957
1020 1.81411133251259
1021 1.81415958028245
1022 1.81421629181248
1023 1.81428098926534
1024 1.81435318889669
1025 1.81443240269413
1026 1.81451813996859
1027 1.81460990889498
1028 1.81470721799963
1029 1.81480957759196
1030 1.81491650113828
1031 1.81502750657582
1032 1.81514211756531
1033 1.81525986468072
1034 1.81538028653488
1035 1.81550293084013
1036 1.81562735540323
1037 1.81575312905403
1038 1.81587983250759
1039 1.81600705915966
1040 1.81613441581566
1041 1.81626152335346
1042 1.8163880173204
1043 1.81651354846525
1044 1.81663778320598
1045 1.81676040403418
1046 1.81688110985749
1047 1.81699961628106
1048 1.81711565582969
1049 1.81722897811203
1050 1.81733934992851
1051 1.81744655532478
1052 1.81755039559255
1053 1.8176506892196
1054 1.8177472717912
1055 1.8178399958448
1056 1.81792873068032
1057 1.81801336212804
1058 1.81809379227658
1059 1.81816993916291
1060 1.81824173642706
1061 1.81830913293353
1062 1.81837209236192
1063 1.81843059276906
1064 1.81848462612499
1065 1.81853419782507
1066 1.81857932618057
1067 1.81862004189006
1068 1.8186563874938
1069 1.81868841681334
1070 1.81871619437864
1071 1.8187397948447
1072 1.81875930239996
1073 1.81877481016831
1074 1.81878641960693
1075 1.81879423990172
1076 1.81879838736223
1077 1.81879898481792
1078 1.81879616101744
1079 1.8187900500326
1080 1.81878079066858
1081 1.81876852588195
1082 1.81875340220787
1083 1.81873556919776
1084 1.81871517886892
1085 1.81869238516698
1086 1.81866734344257
1087 1.81864020994301
1088 1.81861114132007
1089 1.81858029415469
1090 1.81854782449933
1091 1.81851388743868
1092 1.81847863666944
1093 1.81844222409953
1094 1.81840479946738
1095 1.81836650998153
1096 1.81832749998097
1097 1.81828791061631
1098 1.81824787955219
1099 1.81820754069071
1100 1.8181670239162
1101 1.81812645486116
1102 1.81808595469326
1103 1.81804563992336
1104 1.81800562223419
1105 1.81796600832962
1106 1.81792689980403
1107 1.81788839303152
1108 1.81785057907456
1109 1.81781354361156
1110 1.81777736688302
1111 1.81774212365551
1112 1.8177078832032
1113 1.81767470930613
1114 1.8176426602647
1115 1.81761178892976
1116 1.8175821427476
1117 1.81755376381919
1118 1.81752668897288
1119 1.81750094985005
1120 1.81747657300274
1121 1.81745358000271
1122 1.81743198756113
1123 1.81741180765814
1124 1.81739304768154
1125 1.81737571057392
1126 1.81735979498741
1127 1.81734529544539
1128 1.81733220251033
1129 1.81732050295719
1130 1.81731017995146
1131 1.81730121323142
1132 1.8172935792936
1133 1.81728725158112
1134 1.81728220067391
1135 1.81727839448052
1136 1.8172757984306
1137 1.81727437566768
1138 1.81727408724151
1139 1.81727489229955
1140 1.81727674827697
1141 1.81727961108467
1142 1.81728343529499
1143 1.81728817432438
1144 1.81729378061281
1145 1.81730020579953
1146 1.81730740089459
1147 1.81731531644597
1148 1.81732390270197
1149 1.81733310976841
1150 1.81734288776058
1151 1.81735318694946
1152 1.81736395790219
1153 1.8173751516165
1154 1.8173867196489
1155 1.81739861423652
1156 1.8174107884125
1157 1.81742319611474
1158 1.8174357922881
1159 1.81744853297974
1160 1.81746137542782
1161 1.81747427814345
1162 1.81748720098575
1163 1.81750010523036
1164 1.81751295363117
1165 1.81752571047543
1166 1.8175383416324
1167 1.81755081459545
1168 1.81756309851797
1169 1.81757516424296
1170 1.81758698432665
1171 1.81759853305616
1172 1.81760978646149
1173 1.81762072232184
1174 1.81763132016669
1175 1.81764156127158
1176 1.81765142864896
1177 1.81766090703429
1178 1.81766998286757
1179 1.81767864427051
1180 1.81768688101963
1181 1.81769468451549
1182 1.81770204774825
1183 1.81770896525986
1184 1.817715433103
1185 1.81772144879723
1186 1.81772701128227
1187 1.81773212086898
1188 1.81773677918798
1189 1.81774098913638
1190 1.81774475482272
1191 1.81774808151029
1192 1.81775097555928
1193 1.81775344436773
1194 1.81775549631164
1195 1.81775714068439
1196 1.81775838763569
1197 1.8177592481103
1198 1.8177597337866
1199 1.81775985701532
1200 1.81775963075848
