1 2
2 2
3 2
4 2
5 2
6 2
7 2
8 2
9 2
10 2
11 2
12 2
13 2
14 2
15 2
16 2
17 2
18 2
19 2
20 2
21 2
22 2
23 2
24 2
25 2
26 2
27 2
28 2
29 2
30 2.25
31 2.2734
32 2.2994
33 2.3254
34 2.3514
35 2.3774
36 2.4034
37 2.4294
38 2.4554
39 2.4814
40 2.50632691695
41 2.52930795862502
42 2.55048543502629
43 2.56994688901069
44 2.58775578181332
45 2.60395695260634
46 2.61858095980543
47 2.63164745171416
48 2.64316778161224
49 2.65314703481729
50 2.66159020422106
51 2.66851046535313
52 2.67393079851439
53 2.67788168754161
54 2.68039959727766
55 2.68152589364317
56 2.68130608115237
57 2.67978926550043
58 2.6770277743334
59 2.67307688803424
60 2.66799462629915
61 2.66184152150754
62 2.65468034294015
63 2.64657578454642
64 2.637594137895
65 2.6278029629177
66 2.61727076377309
67 2.60606667373585
68 2.59426015087291
69 2.58192068497253
70 2.56911751554165
71 2.55591936064597
72 2.54239415674238
73 2.52860881003509
74 2.51462896005383
75 2.5005187561512
76 2.48634064753485
77 2.47215518733751
78 2.45802085111143
79 2.44399387002647
80 2.43012807895961
81 2.41647477958681
82 2.40308261852157
83 2.38999748048385
84 2.37726239642413
85 2.36491746646987
86 2.3529997975057
87 2.34154345514416
88 2.33057942979198
89 2.32013561646837
90 2.31023680798583
91 2.30090470106221
92 2.29215791489367
93 2.28401202168344
94 2.2764795885888
95 2.26957023052074
96 2.26329067320521
97 2.25764482589338
98 2.25263386308944
99 2.24825631464939
100 2.24450816359227
101 2.24138295095602
102 2.23887188702474
103 2.23696396825072
104 2.23564609919517
105 2.23490321881386
106 2.23471843041977
107 2.23507313466247
108 2.23594716487497
109 2.23731892415086
110 2.23916552353013
111 2.24146292068871
112 2.24418605854571
113 2.24730900322303
114 2.25080508081421
115 2.25464701244315
116 2.25880704711814
117 2.26325709191322
118 2.26796883903554
119 2.27291388936598
120 2.27806387208864
121 2.28339056005442
122 2.28886598055364
123 2.29446252120269
124 2.30015303068002
125 2.30591091407709
126 2.31171022266001
127 2.31752573786778
128 2.32333304940252
129 2.32910862729637
130 2.3348298878686
131 2.34047525351428
132 2.34602420629334
133 2.35145733531532
134 2.35675637794069
135 2.36190425484422
136 2.36688509900974
137 2.37168427874748
138 2.37628841484741
139 2.38068539200132
140 2.38486436464562
141 2.38881575739466
142 2.39253126025014
143 2.39600381878763
144 2.39922761953464
145 2.4021980707669
146 2.40491177896071
147 2.40736652114836
148 2.40956121343231
149 2.41149587592035
150 2.41317159434974
151 2.41459047867247
152 2.41575561887705
153 2.41667103832357
154 2.41734164487001
155 2.41777318006645
156 2.41797216669286
157 2.41794585491288
158 2.41770216731246
159 2.4172496430874
160 2.41659738163829
161 2.4157549858245
162 2.41473250512201
163 2.41354037892133
164 2.41218938019317
165 2.41069055974027
166 2.40905519124353
167 2.40729471730029
168 2.40542069664162
169 2.40344475270425
170 2.40137852372088
171 2.3992336144811
172 2.39702154990256
173 2.39475373054018
174 2.39244139014852
175 2.39009555540017
176 2.38772700785049
177 2.38534624822691
178 2.38296346310839
179 2.380588494049
180 2.37823080918726
181 2.37589947737162
182 2.37360314482071
183 2.37135001432643
184 2.36914782699662
185 2.36700384652441
186 2.36492484596093
187 2.36291709695881
188 2.36098636144493
189 2.35913788567234
190 2.35737639659306
191 2.35570610048633
192 2.35413068376956
193 2.352653315913
194 2.35127665437322
195 2.3500028514551
196 2.34883356300737
197 2.34776995885236
198 2.34681273484705
199 2.34596212646951
200 2.34521792382188
201 2.34457948793938
202 2.34404576829324
203 2.34361532137408
204 2.3432863302424
205 2.34305662493222
206 2.34292370359471
207 2.3428847542694
208 2.34293667717196
209 2.34307610738919
210 2.34329943787407
211 2.34360284263614
212 2.3439823000253
213 2.34443361601045
214 2.34495244735745
215 2.3455343246151
216 2.34617467482135
217 2.34686884384644
218 2.34761211829385
219 2.34839974688468
220 2.34922696125565
221 2.3500889961057
222 2.35098110863128
223 2.35189859719524
224 2.35283681917936
225 2.35379120797559
226 2.3547572890763
227 2.35573069522869
228 2.3567071806237
229 2.35768263409483
230 2.35865309130693
231 2.35961474592015
232 2.36056395971868
233 2.36149727169879
234 2.36241140611492
235 2.36330327948691
236 2.36417000657586
237 2.36500890533967
238 2.36581750088346
239 2.36659352842347
240 2.36733493528661
241 2.36803988197074
242 2.36870674229407
243 2.36933410266455
244 2.36992076050284
245 2.37046572185469
246 2.37096819823053
247 2.3714276027122
248 2.3718435453681
249 2.37221582801949
250 2.37254443840212
251 2.37282954376786
252 2.37307148397216
253 2.37327076409348
254 2.37342804663112
255 2.37354414332821
256 2.3736200066662
257 2.37365672107734
258 2.37365549392079
259 2.37361764626769
260 2.37354460353948
261 2.3734378860431
262 2.37329909944532
263 2.37312992522743
264 2.37293211116022
265 2.37270746183732
266 2.37245782930409
267 2.37218510381681
268 2.37189120476577
269 2.37157807179371
270 2.3712476561393
271 2.37090191223329
272 2.37054278957308
273 2.37017222489937
274 2.36979213469648
275 2.36940440803585
276 2.3690108997802
277 2.36861342416371
278 2.36821374876145
279 2.36781358885934
280 2.36741460223385
281 2.36701838434855
282 2.36662646397284
283 2.36624029922616
284 2.36586127404906
285 2.36549069510099
286 2.36512978908248
287 2.36477970047815
288 2.36444148971518
289 2.36411613173034
290 2.36380451493725
291 2.36350744058438
292 2.36322562249265
293 2.36295968716075
294 2.36271017422483
295 2.36247753725848
296 2.36226214489788
297 2.36206428227625
298 2.36188415275094
299 2.36172187990596
300 2.36157750981227
301 2.36145101352737
302 2.36134228981598
303 2.36125116807269
304 2.36117741142773
305 2.3611207200168
306 2.36108073439577
307 2.36105703908123
308 2.36104916619813
309 2.36105659921562
310 2.36107877675297
311 2.36111509643732
312 2.36116491879569
313 2.36122757116424
314 2.36130235159793
315 2.36138853276472
316 2.36148536580875
317 2.36159208416786
318 2.36170790733121
319 2.36183204452383
320 2.36196369830546
321 2.36210206807185
322 2.36224635344763
323 2.36239575756054
324 2.36254949018771
325 2.36270677076558
326 2.36286683125576
327 2.36302891886019
328 2.3631922985795
329 2.36335625560982
330 2.36352009757346
331 2.36368315658038
332 2.36384479111766
333 2.36400438776531
334 2.36416136273734
335 2.36431516324787
336 2.3644652687027
337 2.36461119171757
338 2.36475247896491
339 2.36488871185154
340 2.36501950703044
341 2.36514451675022
342 2.36526342904654
343 2.36537596778006
344 2.36548189252623
345 2.36558099832242
346 2.36567311527839
347 2.36575810805644
348 2.36583587522796
349 2.36590634851316
350 2.36596949191127
351 2.36602530072858
352 2.36607380051174
353 2.36611504589408
354 2.36614911936271
355 2.36617612995409
356 2.366196211886
357 2.36620952313373
358 2.3662162439582
359 2.36621657539374
360 2.36621073770312
361 2.36619896880742
362 2.36618152269779
363 2.36615866783651
364 2.36613068555415
365 2.36609786844955
366 2.36606051879905
367 2.36601894698126
368 2.36597346992325
369 2.36592440957373
370 2.36587209140864
371 2.36581684297409
372 2.36575899247137
373 2.36569886738834
374 2.36563679318118
375 2.36557309201029
376 2.36550808153347
377 2.36544207375943
378 2.36537537396428
379 2.36530827967318
380 2.36524107970908
381 2.3651740533102
382 2.36510746931734
383 2.36504158543212
384 2.36497664754652
385 2.3649128891442
386 2.36485053077339
387 2.36478977959119
388 2.36473082897849
389 2.36467385822487
390 2.36461903228205
391 2.36456650158487
392 2.36451640193786
393 2.36446885446582
394 2.36442396562631
395 2.36438182728179
396 2.36434251682922
397 2.36430609738436
398 2.36427261801835
399 2.36424211404358
400 2.11424211404358
401 2.06741761345934
402 2.0153961151901
403 1.96337760325762
404 1.91136204999153
405 1.85934941654837
406 1.80733965345841
407 1.75533270119715
408 1.70332849077811
409 1.65132694436395
410 1.60040094087481
411 1.55152353448133
412 1.50473624323738
413 1.46011283743309
414 1.41772446489371
415 1.37763974936144
416 1.33992470027251
417 1.30464267432305
418 1.27185437581988
419 1.24161788576315
420 1.21398410637899
421 1.2
422 1.2
423 1.2
424 1.2
425 1.2
426 1.2
427 1.2
428 1.2
429 1.2
430 1.2
431 1.20045256907671
432 1.20296842431779
433 1.20732082287681
434 1.21332243010422
435 1.22081662030714
436 1.22967121229198
437 1.23977356403963
438 1.25102672732886
439 1.26334642919753
440 1.27665869860239
441 1.29089605415765
442 1.30598771589563
443 1.32185502391708
444 1.33841456671256
445 1.35558035843643
446 1.3732653902864
447 1.39138272508507
448 1.40984625987333
449 1.42857124835113
450 1.44747465052024
451 1.46647536709028
452 1.48549443615578
453 1.50445525589777
454 1.52328383237617
455 1.54190902650347
456 1.5602627856104
457 1.57828035186806
458 1.59590044423196
459 1.61306541330473
460 1.62972137012488
461 1.64581829072714
462 1.6613100984793
463 1.67615472578449
464 1.69031415617846
465 1.7037544475223
466 1.7164457368938
467 1.72836222779638
468 1.73948216036839
469 1.74978776534953
470 1.75926520262646
471 1.76790448522785
472 1.7756993896689
473 1.78264735356138
474 1.78874936141288
475 1.79400981954378
476 1.79843642105282
477 1.80204000176391
478 1.80483438808627
479 1.80683623771693
480 1.80806487410905
481 1.80854211562035
482 1.80829210024379
483 1.8073411068075
484 1.80571737351255
485 1.80345091465636
486 1.80057333636597
487 1.79711765213964
488 1.79311809896704
489 1.78860995476847
490 1.78362935786141
491 1.77821312912919
492 1.77239859753147
493 1.76622342955979
494 1.75972546320378
495 1.75294254695521
496 1.7459123843377
497 1.73867238441006
498 1.73125951865083
499 1.72371018459116
500 1.71606007652248
501 1.70834406356498
502 1.70059607534258
503 1.69284899547021
504 1.68513456302002
505 1.67748328209459
506 1.66992433959705
507 1.66248553125185
508 1.65519319589354
509 1.64807215800678
510 1.6411456784672
511 1.63443541340109
512 1.62796138105119
513 1.62174193650689
514 1.61579375413004
515 1.61013181748156
516 1.60476941653011
517 1.59971815190189
518 1.59498794590993
519 1.59058706008263
520 1.58652211889437
521 1.58279813938564
522 1.57941856634721
523 1.576385312731
524 1.57369880494068
525 1.57135803264715
526 1.56936060276757
527 1.56770279724225
528 1.56637963424088
529 1.56538493242797
530 1.56471137791798
531 1.56435059355234
532 1.56429321013368
533 1.56452893925723
534 1.56504664738547
535 1.56583443081906
536 1.56687969122549
537 1.56816921139658
538 1.56968923091593
539 1.57142552142943
540 1.5733634612238
541 1.57548810883136
542 1.57778427539294
543 1.58023659552535
544 1.58282959645455
545 1.58554776519132
546 1.58837561354169
547 1.59129774076083
548 1.59429889367501
549 1.59736402411309
550 1.6004783435052
551 1.60362737452311
552 1.60679699965297
553 1.60997350660784
554 1.61314363050317
555 1.61629459273479
556 1.61941413651417
557 1.62249055903128
558 1.62551274023009
559 1.62847016819622
560 1.63135296117009
561 1.63415188621249
562 1.63685837456193
563 1.63946453373573
564 1.64196315643802
565 1.64434772634906
566 1.6466124208801
567 1.64875211098786
568 1.65076235815143
569 1.65263940862228
570 1.6543801850656
571 1.65598227571776
572 1.65744392119051
573 1.6587639990576
574 1.65994200636397
575 1.66097804020134
576 1.6618727764969
577 1.66262744716398
578 1.66324381576535
579 1.66372415184049
580 1.66407120404838
581 1.66428817227714
582 1.66437867887065
583 1.66434673912083
584 1.66419673117198
585 1.66393336548108
586 1.66356165397463
587 1.66308687903903
588 1.66251456247747
589 1.66185043456182
590 1.66110040330305
591 1.66027052405867
592 1.65936696959013
593 1.6583960006774
594 1.65736393739179
595 1.65627713112213
596 1.65514193744278
597 1.65396468990557
598 1.65275167483114
599 1.65150910716831
600 1.65024310748349
601 1.64895968013528
602 1.64766469268264
603 1.64636385656829
604 1.64506270911235
605 1.64376659684451
606 1.64248066019686
607 1.64120981957273
608 1.63995876280102
609 1.63873193397951
610 1.63753352370459
611 1.63636746067945
612 1.63523740468727
613 1.63414674091102
614 1.63309857557626
615 1.63209573288911
616 1.63114075323684
617 1.63023589261484
618 1.62938312323963
619 1.62858413530438
620 1.62784033983
621 1.62715287256222
622 1.6265225988623
623 1.6259501195369
624 1.62543577755065
625 1.62497966556317
626 1.62458163423122
627 1.62424130121514
628 1.62395806082854
629 1.62373109426898
630 1.62355938036793
631 1.62344170679755
632 1.62337668167278
633 1.62336274548723
634 1.62339818332255
635 1.62348113727149
636 1.62360961901655
637 1.62378152250698
638 1.62399463667903
639 1.62424665816544
640 1.62453520394275
641 1.62485782386651
642 1.62521201304694
643 1.62559522401988
644 1.62600487867011
645 1.62643837986684
646 1.62689312277352
647 1.62736650579707
648 1.62785594114389
649 1.62835886495328
650 1.62887274698109
651 1.62939509980974
652 1.62992348756308
653 1.63045553410766
654 1.63098893072453
655 1.63152144323845
656 1.63205091859416
657 1.63257529087187
658 1.63309258673682
659 1.63360093032007
660 1.63409854753038
661 1.6345837697991
662 1.63505503726247
663 1.63551090138781
664 1.63595002705196
665 1.63637119408263
666 1.63677329827494
667 1.63715535189704
668 1.63751648370063
669 1.63785593845345
670 1.63817307601216
671 1.63846736995547
672 1.63873840579838
673 1.6389858788092
674 1.63920959145237
675 1.63940945048026
676 1.63958546369826
677 1.63973773642764
678 1.63986646769122
679 1.63997194614713
680 1.64005454579592
681 1.64011472148678
682 1.64015300424791
683 1.64016999646658
684 1.6401663669437
685 1.64014284584761
686 1.64010021959119
687 1.6400393256561
688 1.63996104738703
689 1.63986630877851
690 1.63975606927585
691 1.63963131861096
692 1.63949307169318
693 1.63934236357408
694 1.6391802445042
695 1.6390077750991
696 1.6388260216304
697 1.63863605145707
698 1.63843892861072
699 1.63823570954762
700 1.63802743907916
701 1.63781514649121
702 1.63759984186175
703 1.63738251258503
704 1.63716412010922
705 1.63694559689374
706 1.63672784359091
707 1.63651172645583
708 1.63629807498716
709 1.63608767980042
710 1.63588129073461
711 1.63567961519157
712 1.6354833167071
713 1.63529301375145
714 1.63510927875626
715 1.63493263736404
716 1.63476356789551
717 1.63460250102953
718 1.63444981968949
719 1.63430585912946
720 1.63417090721282
721 1.63404520487561
722 1.63392894676619
723 1.63382228205261
724 1.63372531538836
725 1.63363810802731
726 1.63356067907783
727 1.63349300688629
728 1.63343503053975
729 1.63338665147749
730 1.633347735201
731 1.63331811307212
732 1.63329758418872
733 1.63328591732767
734 1.63328285294475
735 1.63328810522133
736 1.63330136414782
737 1.633322297634
738 1.63335055363678
739 1.63338576229593
740 1.63342753806878
741 1.63347548185523
742 1.63352918310462
743 1.63358822189649
744 1.63365217098758
745 1.63372059781786
746 1.63379306646879
747 1.63386913956742
748 1.63394838013043
749 1.63403035334255
750 1.63411462826448
751 1.63420077946563
752 1.63428838857764
753 1.63437704576507
754 1.63446635111006
755 1.63455591590833
756 1.6346453638742
757 1.63473433225292
758 1.63482247283891
759 1.63490945289905
760 1.63499495600042
761 1.63507868274259
762 1.63516035139458
763 1.6352396984373
764 1.63531647901251
765 1.63539046727963
766 1.63546145668226
767 1.63552926012628
768 1.63559371007207
769 1.63565465854327
770 1.63571197705501
771 1.63576555646474
772 1.63581530674888
773 1.63586115670886
774 1.63590305361008
775 1.63594096275776
776 1.63597486701346
777 1.63600476625643
778 1.63603067679382
779 1.63605263072399
780 1.63607067525714
781 1.63608487199756
782 1.6360952961917
783 1.63610203594645
784 1.63610519142175
785 1.63610487400173
786 1.63610120544871
787 1.63609431704383
788 1.63608434871855
789 1.6360714481808
790 1.6360557700395
791 1.63603747493115
792 1.6360167286521
793 1.63599370129959
794 1.63596856642509
795 1.63594150020279
796 1.63591268061614
797 1.63588228666526
798 1.63585049759761
799 1.63581749216438
800 1.77358344790463
801 1.78524854045936
802 1.798212942917
803 1.81117682519222
804 1.82414035343918
805 1.83710368950063
806 1.85006699039376
807 1.86303040783369
808 1.87599408779524
809 1.88895817011338
810 1.90133130474566
811 1.91263767768815
812 1.92296526493172
813 1.93237069546408
814 1.94089595025627
815 1.94857165587579
816 1.95541969485905
817 1.96145523405625
818 1.96668829985933
819 1.97112500071571
820 1.97477101396735
821 1.97763619045622
822 1.97973544420159
823 1.98108746733806
824 1.9817138860815
825 1.98163866984257
826 1.98088772098422
827 1.97948859192505
828 1.97747029110613
829 1.97486315020367
830 1.97169872201327
831 1.96800967065012
832 1.96382963432444
833 1.95919306797062
834 1.95413507786369
835 1.9486912552501
836 1.94289751302544
837 1.93678992756455
838 1.93040458660881
839 1.92377744339776
840 1.91694417687697
841 1.90994005779977
842 1.90279982075363
843 1.89555754235762
844 1.88824652597157
845 1.88089919325757
846 1.87354698289048
847 1.86622025665315
848 1.85894821308922
849 1.85175880882945
850 1.84467868765932
851 1.83773311735619
852 1.83094593429017
853 1.82433949575243
854 1.81793463994515
855 1.81175065353865
856 1.805805246673
857 1.80011453525476
858 1.79469303037365
859 1.78955363464012
860 1.78470764522242
861 1.78016476334146
862 1.77593310996321
863 1.77201924741156
864 1.76842820660974
865 1.76516351964495
866 1.76222725733976
867 1.75962007150376
868 1.75734124153102
869 1.7553887250026
870 1.75375921194865
871 1.75244818242115
872 1.75144996702729
873 1.75075781007305
874 1.7503639349679
875 1.75025961154459
876 1.75043522495178
877 1.75088034578278
878 1.75158380111035
879 1.7525337461049
880 1.7537177359225
881 1.7551227975587
882 1.75673550137483
883 1.75854203201496
884 1.76052825844407
885 1.76267980285059
886 1.76498210817044
887 1.76742050400351
888 1.76998027070802
889 1.77264670147324
890 1.77540516218625
891 1.77824114892371
892 1.78114034291536
893 1.78408866284151
894 1.78707231434268
895 1.79007783663496
896 1.79309214614045
897 1.79610257705734
898 1.79909691880946
899 1.80206345032997
900 1.80499097114847
901 1.80786882926483
902 1.810686945807
903 1.81343583648325
904 1.81610662985194
905 1.81869108244445
906 1.82118159078828
907 1.82357120038865
908 1.82585361173717
909 1.82802318342614
910 1.83007493245605
911 1.83200453183245
912 1.83380830555596
913 1.8354832211165
914 1.83702687960901
915 1.83843750359374
916 1.83971392282909
917 1.84085555800937
918 1.84186240264326
919 1.84273500321186
920 1.84347443774739
921 1.84408229297505
922 1.84456064016173
923 1.84491200981545
924 1.84513936537908
925 1.84524607606111
926 1.84523588894497
927 1.84511290051604
928 1.84488152774352
929 1.84454647885112
930 1.84411272390718
931 1.84358546536115
932 1.84297010864913
933 1.84227223298649
934 1.84149756246105
935 1.84065193753471
936 1.83974128705649
937 1.83877160088371
938 1.83774890320278
939 1.83667922663452
940 1.83556858720311
941 1.83442296024133
942 1.8332482572984
943 1.83205030411035
944 1.83083481968643
945 1.82960739655859
946 1.82837348223465
947 1.82713836188955
948 1.82590714232262
949 1.82468473720278
950 1.82347585361757
951 1.82228497993584
952 1.82111637498833
953 1.81997405856491
954 1.81886180322155
955 1.81778312738549
956 1.81674128974153
957 1.81573928487833
958 1.8147798401686
959 1.81386541385341
960 1.81299819429648
961 1.8121801003712
962 1.81141278293918
963 1.81069762737669
964 1.81003575710215
965 1.80942803805544
966 1.80887508407778
967 1.80837726313877
968 1.8079347043557
969 1.80754730574889
970 1.80721474267573
971 1.80693647688518
972 1.80671176613428
973 1.80653967430758
974 1.80641908198059
975 1.80634869736854
976 1.80632706760222
977 1.80635259027322
978 1.80642352519201
979 1.80653800630312
980 1.80669405370326
981 1.80688958570937
982 1.80712243092549
983 1.807390340259
984 1.80769099883861
985 1.8080220377888
986 1.80838104581722
987 1.80876558057421
988 1.80917317974554
989 1.8096013718424
990 1.81004768665465
991 1.81050966533627
992 1.81098487009441
993 1.811470893456
994 1.81196536708863
995 1.81246597015493
996 1.81297043718245
997 1.8134765654335
998 1.81398222176205
999 1.81448534894752
1000 1.81498397149742
1001 1.81547620091364
1002 1.81596024041926
1003 1.81643438914537
1004 1.81689704577927
1005 1.81734671167794
1006 1.81778199345244
1007 1.8182016050311
1008 1.818604369211
1009 1.81898921870923
1010 1.8193551967269
1011 1.81970145704054
1012 1.82002726363688
1013 1.8203319899083
1014 1.82061511742765
1015 1.82087623432178
1016 1.8211150332647
1017 1.82133130911149
1018 1.82152495619532
1019 1.82169596531031
1020 1.8218444204034
1021 1.82197049499903
1022 1.82207444838046
1023 1.8221566215519
1024 1.82221743300554
1025 1.82225737431766
1026 1.82227700559781
1027 1.82227695081473
1028 1.82225789302262
1029 1.82222056951064
1030 1.82216576689822
1031 1.82209431619825
1032 1.82200708786945
1033 1.8219049868786
1034 1.82178894779248
1035 1.82165992991873
1036 1.82151891251377
1037 1.82136689007514
1038 1.82120486773461
1039 1.8210338567675
1040 1.82085487023256
1041 1.82066891875574
1042 1.82047700647027
1043 1.82028012712408
1044 1.82007926036487
1045 1.81987536821191
1046 1.8196693917224
1047 1.81946224785954
1048 1.81925482656793
1049 1.81904798806131
1050 1.8188425603262
1051 1.81863933684437
1052 1.81843907453574
1053 1.81824249192263
1054 1.81805026751506
1055 1.81786303841625
1056 1.81768139914615
1057 1.81750590068057
1058 1.81733704970203
1059 1.81717530805837
1060 1.81702109242392
1061 1.81687477415771
1062 1.81673667935239
1063 1.8166070890671
1064 1.81648623973695
1065 1.81637432375126
1066 1.81627149019242
1067 1.8161778457266
1068 1.81609345563765
1069 1.81601834499477
1070 1.81595249994451
1071 1.81589586911776
1072 1.81584836514157
1073 1.81580986624636
1074 1.81578021795826
1075 1.81575923486705
1076 1.81574670245948
1077 1.81574237900841
1078 1.81574599750806
1079 1.81575726764572
1080 1.81577587780072
1081 1.81580149706136
1082 1.81583377725108
1083 1.81587235495508
1084 1.81591685353918
1085 1.81596688515282
1086 1.81602205270862
1087 1.81608195183113
1088 1.81614617276791
1089 1.81621430225628
1090 1.81628592533986
1091 1.8163606271289
1092 1.81643799449939
1093 1.81651761772591
1094 1.81659909204396
1095 1.81668201913776
1096 1.81676600854994
1097 1.81685067901018
1098 1.81693565968004
1099 1.81702059131185
1100 1.81710512731988
1101 1.81718893476243
1102 1.81727169523387
1103 1.81735310566618
1104 1.81743287903978
1105 1.81751074500384
1106 1.8175864504068
1107 1.8176597597379
1108 1.81773045548107
1109 1.81779833838277
1110 1.81786322763561
1111 1.81792496098001
1112 1.81798339472622
1113 1.81803840369946
1114 1.81808988111101
1115 1.81813773835844
1116 1.81818190475807
1117 1.81822232721335
1118 1.81825896982256
1119 1.81829181342961
1120 1.81832085512176
1121 1.81834610767816
1122 1.81836759897313
1123 1.8183853713383
1124 1.81839948088752
1125 1.81840999680871
1126 1.81841700062666
1127 1.81842058544079
1128 1.81842085514188
1129 1.81841792361174
1130 1.81841191390966
1131 1.81840295744945
1132 1.81839119317071
1133 1.81837676670808
1134 1.81835982956178
1135 1.81834053827287
1136 1.81831905360649
1137 1.81829553974607
1138 1.81827016350147
1139 1.81824309353385
1140 1.81821449959978
1141 1.81818455181715
1142 1.81815341995499
1143 1.81812127274938
1144 1.81808827724736
1145 1.81805459818046
1146 1.81802039736949
1147 1.81798583316194
1148 1.81795105990305
1149 1.81791622744175
1150 1.81788148067209
1151 1.81784695911093
1152 1.81781279651232
1153 1.81777912051889
1154 1.81774605235043
1155 1.81771370652951
1156 1.81768219064421
1157 1.81765160514742
1158 1.81762204319238
1159 1.81759359050392
1160 1.81756632528456
1161 1.8175403181547
1162 1.81751563212607
1163 1.81749232260723
1164 1.81747043744005
1165 1.81745001696599
1166 1.81743109412086
1167 1.81741369455658
1168 1.81739783678865
1169 1.81738353236777
1170 1.81737078607406
1171 1.81735959613227
1172 1.81734995444646
1173 1.81734184685243
1174 1.81733525338631
1175 1.81733014856755
1176 1.81732650169481
1177 1.81732427715293
1178 1.81732343472939
1179 1.81732392993873
1180 1.81732571435316
1181 1.81732873593787
1182 1.81733293938959
1183 1.81733826647667
1184 1.81734465637952
1185 1.81735204602973
1186 1.81736037044674
1187 1.81736956307061
1188 1.81737955608977
1189 1.81739028076251
1190 1.8174016677311
1191 1.81741364732766
1192 1.81742614987053
1193 1.81743910595055
1194 1.81745244670622
1195 1.81746610408707
1196 1.81748001110464
1197 1.81749410207031
1198 1.81750831281959
1199 1.8175225809224
1200 1.81753684587891
