1 0.8
2 0.8
3 0.8
4 0.8
5 0.8
6 0.8
7 0.8
8 0.8
9 0.8
10 0.8
11 0.8
12 0.8
13 0.8
14 0.8
15 0.8
16 0.8
17 0.8
18 0.8
19 0.8
20 0.8
21 0.8
22 0.8
23 0.8
24 0.8
25 0.8
26 0.8
27 0.8
28 0.8
29 0.8
30 0.8
31 0.8
32 0.8
33 0.8
34 0.8
35 0.8
36 0.8
37 0.8
38 0.8
39 0.8
40 0.8
41 0.8
42 0.8
43 0.8
44 0.8
45 0.8
46 0.8
47 0.8
48 0.8
49 0.8
50 0.8
51 0.8
52 0.8
53 0.8
54 0.8
55 0.8
56 0.8
57 0.8
58 0.8
59 0.8
60 0.8
61 0.8
62 0.8
63 0.8
64 0.8
65 0.8
66 0.8
67 0.8
68 0.8
69 0.8
70 0.8
71 0.8
72 0.8
73 0.8
74 0.8
75 0.8
76 0.8
77 0.8
78 0.8
79 0.8
80 0.8
81 0.8
82 0.8
83 0.8
84 0.8
85 0.8
86 0.8
87 0.8
88 0.8
89 0.8
90 0.8
91 0.8
92 0.8
93 0.8
94 0.8
95 0.8
96 0.8
97 0.8
98 0.8
99 0.8
100 0.8
101 0.8
102 0.8
103 0.8
104 0.8
105 0.8
106 0.8
107 0.8
108 0.8
109 0.8
110 0.8
111 0.8
112 0.8
113 0.8
114 0.8
115 0.8
116 0.8
117 0.8
118 0.8
119 0.8
120 0.8
121 0.8
122 0.8
123 0.8
124 0.8
125 0.8
126 0.8
127 0.8
128 0.8
129 0.8
130 0.8
131 0.8
132 0.8
133 0.8
134 0.8
135 0.8
136 0.8
137 0.8
138 0.8
139 0.8
140 0.8
141 0.8
142 0.8
143 0.8
144 0.8
145 0.8
146 0.8
147 0.8
148 0.8
149 0.8
150 0.8
151 0.8
152 0.8
153 0.8
154 0.8
155 0.8
156 0.8
157 0.8
158 0.8
159 0.8
160 0.8
161 0.8
162 0.8
163 0.8
164 0.8
165 0.8
166 0.8
167 0.8
168 0.8
169 0.8
170 0.8
171 0.8
172 0.8
173 0.8
174 0.8
175 0.8
176 0.8
177 0.8
178 0.8
179 0.8
180 0.8
181 0.8
182 0.8
183 0.8
184 0.8
185 0.8
186 0.8
187 0.8
188 0.8
189 0.8
190 0.8
191 0.8
192 0.8
193 0.8
194 0.8
195 0.8
196 0.8
197 0.8
198 0.8
199 0.8
200 0.8
201 0.8
202 0.8
203 0.8
204 0.8
205 0.8
206 0.8
207 0.8
208 0.8
209 0.8
210 0.8
211 0.800778725
212 0.80360926925
213 0.809412565748
214 0.818215714898255
215 0.829286889816548
216 0.841918473471702
217 0.85556936539215
218 0.869827678611113
219 0.884381706727413
220 0.89899733176974
221 0.913500447983848
222 0.927763291690398
223 0.941693812748994
224 0.955227414305679
225 0.968057176527352
226 0.979498173776078
227 0.98885839698628
228 0.995775219304652
229 1.00027490096212
230 1.00268883873399
231 1.00351874454163
232 1.00330712421494
233 1.00254117273886
234 1.00159817609583
235 1.00072819245135
236 1.00006381828821
237 0.999645476337253
238 0.99945213645281
239 0.999430205363215
240 0.999516398996291
241 0.999653060231054
242 0.999796285262064
243 0.999918321633401
244 1.00000611618674
245 1.00005781573487
246 1.00007866283946
247 1.00007725907917
248 1.00006271439688
249 1.00004283680573
250 1.00002327046977
251 1.0000073584064
252 0.999996466465505
253 0.99999052811403
254 0.999988625966711
255 0.999989492610028
256 0.999991874207981
257 0.999994747110604
258 0.999997407580194
259 0.999999469204959
260 1.00000080516233
261 1.00000146748001
262 1.00000160673259
263 1.00000140621631
264 1.00000103649846
265 1.00000063028745
266 1.0000002739937
267 1.00000001084008
268 0.999999850380118
269 0.999999780191913
270 0.999999776813014
271 0.999999814282471
272 0.999999869729338
273 0.999999926192586
274 0.999999973273892
275 1.00000000636929
276 1.00000002518065
277 1.00000003205668
278 1.00000003052503
279 1.00000002419917
280 1.00000001610469
281 1.00000000837744
282 1.00000000223921
283 0.999999998144795
284 0.999999996006442
285 0.999999995425045
286 0.999999995884566
287 0.999999996889864
288 0.99999999804603
289 0.999999999088441
290 0.999999999877806
291 1.000000000375
292 1.00000000060816
293 1.00000000064099
294 1.0000000005473
295 1.00000000039399
296 1.00000000023188
297 1.00000000009317
298 0.999999999993116
299 0.999999999934053
300 0.999999999910142
301 0.999999999911642
302 0.999999999928186
303 0.999999999950865
304 0.999999999973225
305 0.999999999991436
306 1.00000000000392
307 1.00000000001075
308 1.00000000001296
309 1.000000000012
310 1.0000000000093
311 1.00000000000602
312 1.00000000000298
313 1.00000000000062
314 0.999999999999092
315 0.999999999998329
316 0.999999999998165
317 0.99999999999839
318 0.99999999999881
319 0.999999999999273
320 0.999999999999681
321 0.999999999999982
322 1.00000000000017
323 1.00000000000025
324 1.00000000000025
325 1.00000000000021
326 1.00000000000015
327 1.00000000000008
328 1.00000000000003
329 0.999999999999992
330 0.99999999999997
331 0.999999999999962
332 0.999999999999964
333 0.999999999999971
334 0.999999999999981
335 0.999999999999989
336 0.999999999999996
337 1
338 1
339 1
340 1
341 1
342 1
343 1
344 0.999999999999999
345 0.999999999999999
346 0.999999999999999
347 0.999999999999999
348 1
349 1
350 1
351 1
352 1
353 1
354 1
355 1
356 1
357 1
358 1
359 1
360 1
361 1
362 1
363 1
364 1
365 1
366 1
367 1
368 1
369 1
370 1
371 1
372 1
373 1
374 1
375 1
376 1
377 1
378 1
379 1
380 0.99999999811169
381 0.999999987813945
382 0.999999957851891
383 0.999999897229386
384 0.999999804345545
385 0.999999696010469
386 0.999999613214761
387 0.999999621923013
388 0.999999807915209
389 1.00000026533817
390 1.00000107970625
391 1.00000230810958
392 1.00000396272556
393 1.00000600506449
394 1.00000835473587
395 1.00001090922674
396 1.00001356541395
397 1.00001623465344
398 1.00001884845111
399 1.00002135585976
400 1.00002371593973
401 1.00002585179778
402 1.000027611696
403 1.00002878602643
404 1.00002917743523
405 1.00002867804143
406 1.00002729644194
407 1.00002514529785
408 1.00002240921988
409 1.00001930618017
410 0.999237271764534
411 0.996403301019368
412 0.99059652836602
413 0.981166923883161
414 0.967938206570819
415 0.951574296816392
416 0.933064831300565
417 0.913166167582458
418 0.892453661593568
419 0.871362354288435
420 0.850218631337247
421 0.829264852909478
422 0.808678509066137
423 0.788587112352019
424 0.769079771282616
425 0.750216179746304
426 0.732033594799517
427 0.714552248723509
428 0.697779542592291
429 0.681713291785315
430 0.666344234045373
431 0.651657964078098
432 0.637748505292929
433 0.625127761648315
434 0.614535955808108
435 0.606454504648756
436 0.600965037547807
437 0.597799013799544
438 0.596467738948226
439 0.5964024694503
440 0.597066626312275
441 0.598025860176947
442 0.598977043187203
443 0.599745423769656
444 0.600261932258083
445 0.600531844311071
446 0.600603365406987
447 0.600541477941508
448 0.600409438238779
449 0.60025806790728
450 0.600121582932277
451 0.600018067765624
452 0.599952644793405
453 0.599921695209092
454 0.59991695935734
455 0.599928834586856
456 0.599948603446058
457 0.599969621582587
458 0.599987667762084
459 0.600000726615414
460 0.600008467767146
461 0.600011634054561
462 0.600011483153578
463 0.600009360148707
464 0.600006424609474
465 0.600003519036454
466 0.600001145748868
467 0.599999513186807
468 0.599998615832425
469 0.59999832023582
470 0.599998439489912
471 0.599998787562718
472 0.599999211876665
473 0.59999960701544
474 0.599999914634422
475 0.600000115074999
476 0.600000215464979
477 0.600000237808262
478 0.600000209176184
479 0.600000154901222
480 0.600000094784245
481 0.600000041788656
482 0.600000002463929
483 0.599999978336079
484 0.599999967634553
485 0.599999966916128
486 0.599999972339326
487 0.599999980502696
488 0.599999988871961
489 0.599999995883865
490 0.600000000836863
491 0.600000003672738
492 0.600000004731157
493 0.600000004531376
494 0.600000003608938
495 0.600000002414401
496 0.600000001267373
497 0.600000000351998
498 0.599999999738212
499 0.599999999414765
500 0.59999999932349
501 0.599999999388245
502 0.599999999535542
503 0.599999999706494
504 0.599999999861438
505 0.599999999979313
506 0.600000000053989
507 0.600000000089423
508 0.600000000094942
509 0.600000000081462
510 0.600000000058921
511 0.600000000034912
512 0.600000000014268
513 0.599999999999305
514 0.599999999990414
515 0.599999999986755
516 0.599999999986895
517 0.599999999989299
518 0.599999999992643
519 0.59999999999596
520 0.599999999998674
521 0.600000000000544
522 0.600000000001575
523 0.600000000001918
524 0.600000000001786
525 0.600000000001391
526 0.600000000000907
527 0.600000000000455
528 0.600000000000103
529 0.599999999999873
530 0.599999999999757
531 0.599999999999731
532 0.599999999999763
533 0.599999999999824
534 0.599999999999893
535 0.599999999999953
536 0.599999999999998
537 0.600000000000026
538 0.600000000000038
539 0.600000000000039
540 0.600000000000033
541 0.600000000000023
542 0.600000000000014
543 0.600000000000006
544 0.6
545 0.599999999999997
546 0.599999999999995
547 0.599999999999995
548 0.599999999999996
549 0.600000000000002
550 0.600000000000037
551 0.600000000000164
552 0.600000000000492
553 0.600000000001126
554 0.600000000002054
555 0.600000000002974
556 0.600000000003123
557 0.600000000001186
558 0.599999999995403
559 0.599999999983963
560 0.599999999965724
561 0.59999999994121
562 0.599999999913682
563 0.599999999889941
564 0.59999999988052
565 0.599999999898998
566 0.599999999960395
567 0.600000000078878
568 0.600000000265244
569 0.600000000524726
570 0.600000000855862
571 0.600000001250864
572 0.600000001697291
573 0.600000002180069
574 0.600000002682743
575 0.600000003187338
576 0.600000003672951
577 0.600000004113798
578 0.600000004477839
579 0.60000000661559
580 0.600000017007795
581 0.600000046872155
582 0.60000010868889
583 0.600000208999247
584 0.600000337842655
585 0.600000458380148
586 0.600000501271843
587 0.600000366340345
588 0.599999932691353
589 0.599999077043332
590 0.599997697798756
591 0.599995738731868
592 0.599993204136892
593 0.599990160289118
594 0.599986722957517
595 0.599983034896007
596 0.599979240653052
597 0.599975466133601
598 0.599971806659211
599 0.599968323466922
600 0.599965084076794
601 0.599962201649503
602 0.599959823885863
603 0.599958104195218
604 0.599957162468804
605 0.599957034306633
606 0.599957653464998
607 0.599958883262546
608 0.599960563122481
609 0.599962549587896
610 0.599964741489678
611 0.599967086464432
612 0.599969571174337
613 0.59997220114905
614 0.599974978522377
615 0.599977885752972
616 0.599980879820743
617 0.599983896664001
618 0.599986862355757
619 0.599989706373648
620 0.599992372913898
621 0.599994827757927
622 0.599997054572336
623 0.599999030590554
624 0.600000705872366
625 0.60000201174757
626 0.600002887967375
627 0.600003310367029
628 0.60000330612346
629 0.60000295240481
630 0.6000023613285
631 0.600001657856424
632 0.60000095770388
633 0.60000035059389
634 0.599999891515831
635 0.599999600078284
636 0.599999466202893
637 0.599999459505138
638 0.599999539660542
639 0.599999665601648
640 0.599999802224761
641 0.599999924137626
642 0.600000016666656
643 0.600000074777453
644 0.600000100738662
645 0.600000101325009
646 0.600000085185065
647 0.600000060769374
648 0.600000034987656
649 0.600000012580977
650 0.599999996075052
651 0.599999986124913
652 0.599999982057692
653 0.599999982452088
654 0.599999985642341
655 0.599999990086609
656 0.599999994584067
657 0.599999998356801
658 0.600000001030319
659 0.600000002552092
660 0.600000003084279
661 0.600000002898332
662 0.60000000228897
663 0.600000001515336
664 0.600000000769646
665 0.600000000168758
666 0.599999999761771
667 0.599999999546496
668 0.599999999488715
669 0.599999999539867
670 0.5999999996507
671 0.599999999779995
672 0.599999999898683
673 0.599999999990342
674 0.600000000049323
675 0.600000000077711
676 0.600000000082082
677 0.60000000007069
678 0.600000000051417
679 0.600000000030547
680 0.600000000012279
681 0.599999999998787
682 0.599999999990598
683 0.599999999987126
684 0.599999999987191
685 0.599999999989444
686 0.599999999992668
687 0.599999999995937
688 0.599999999998669
689 0.600000000000594
690 0.600000000001685
691 0.600000000002069
692 0.600000000001949
693 0.600000000001537
694 0.600000000001015
695 0.600000000000517
696 0.600000000000119
697 0.599999999999852
698 0.599999999999713
699 0.599999999999676
700 0.59999999999971
701 0.599999999999782
702 0.599999999999864
703 0.599999999999938
704 0.599999999999994
705 0.60000000000003
706 0.600000000000047
707 0.600000000000049
708 0.600000000000042
709 0.60000000000003
710 0.600000000000018
711 0.600000000000007
712 0.599999999999999
713 0.599999999999995
714 0.599999999999993
715 0.599999999999993
716 0.599999999999994
717 0.599999999999996
718 0.599999999999998
719 0.599999999999999
720 0.6
721 0.600000000000001
722 0.600000000000001
723 0.600000000000001
724 0.6
725 0.6
726 0.6
727 0.6
728 0.6
729 0.6
730 0.600000000000001
731 0.600000000000001
732 0.600000000000001
733 0.600000000000002
734 0.600000000000001
735 0.6
736 0.599999999999997
737 0.599999999999993
738 0.599999999999987
739 0.599999999999981
740 0.599999999999975
741 0.599999999999971
742 0.599999999999971
743 0.599999999999978
744 0.599999999999995
745 0.600000000000022
746 0.600000000000062
747 0.600000000000116
748 0.600000000000179
749 0.600000000000225
750 0.600000000000187
751 0.599999999999952
752 0.599999999999391
753 0.599999999998466
754 0.599999999997407
755 0.599999999996929
756 0.599999999998392
757 0.600000000003795
758 0.600000000015457
759 0.600000000035291
760 0.600000000063699
761 0.600000000098219
762 0.600000000132279
763 0.60000000015447
764 0.600000000148736
765 0.600000000095722
766 0.599999999975221
767 0.599999999769361
768 0.59999999946589
769 0.599999999060676
770 0.599999998558625
771 0.599999997972905
772 0.599999997322981
773 0.599999996632312
774 0.599999995926744
775 0.599999995234159
776 0.599999994585227
777 0.599999994014451
778 0.599999993560379
779 0.599999993263947
780 0.59999999316435
781 0.599999993292817
782 0.599999993665781
783 0.599999994279665
784 0.599999995109246
785 0.599999996110587
786 0.599999997227986
787 0.599999998403041
788 0.599999999583376
789 0.600000000728908
790 0.600000001812772
791 0.600000002816719
792 0.600000003724876
793 0.600000004519304
794 0.600000005179427
795 0.600000005686119
796 0.600000006028136
797 0.600000006206734
798 0.600000006236008
799 0.600000006138926
800 0.600000005940867
801 0.600000005663223
802 0.600000005319373
803 0.600000004914309
804 0.600000004447797
805 0.600000003919654
806 0.600000003334978
807 0.600000002707425
808 0.600000002059445
809 0.600000001419551
810 0.60077872580273
811 0.603609269459676
812 0.609412565388645
813 0.618838693993823
814 0.632064394621048
815 0.647946672696374
816 0.664412671104591
817 0.679649589107042
818 0.692327766310507
819 0.701489849277926
820 0.706858523077
821 0.708946263678698
822 0.708660759148563
823 0.706979816113691
824 0.704746033238092
825 0.702568791031973
826 0.700807536916515
827 0.699606583456878
828 0.698954529065791
829 0.698747843872484
830 0.698845619511984
831 0.699109250441845
832 0.69942598093153
833 0.699718544443235
834 0.699944706411756
835 0.700090798214073
836 0.70016277144209
837 0.700177339220518
838 0.700154736523518
839 0.700113736458283
840 0.700068907302384
841 0.700029704716374
842 0.700000830076576
843 0.699983288059105
844 0.699975678231552
845 0.699975398966691
846 0.699979585410102
847 0.699985721185319
848 0.699991945254097
849 0.699997120797742
850 0.700000748529441
851 0.700002801624294
852 0.700003542644072
853 0.700003362019093
854 0.700002658106646
855 0.700001763527837
856 0.700000912424099
857 0.700000238162007
858 0.69999978978827
859 0.69999955686838
860 0.699999494979502
861 0.699999547085139
862 0.699999658645276
863 0.699999786277806
864 0.699999901001708
865 0.699999987641885
866 0.700000042026867
867 0.700000067352845
868 0.700000070689004
869 0.700000060186586
870 0.700000043205917
871 0.70000002532801
872 0.700000010074034
873 0.699999999100916
874 0.699999992649159
875 0.69999999006335
876 0.699999990264336
877 0.699999992108688
878 0.699999994616646
879 0.699999997080482
880 0.699999999081623
881 0.700000000449794
882 0.700000001194451
883 0.700000001431656
884 0.700000001321152
885 0.700000001020726
886 0.700000000659057
887 0.700000000324508
888 0.700000000065514
889 0.699999999897884
890 0.699999999814968
891 0.699999999797765
892 0.699999999823198
893 0.699999999869815
894 0.699999999920944
895 0.699999999965741
896 0.699999999998793
897 0.70000000001892
898 0.700000000027697
899 0.700000000028083
900 0.700000000023345
901 0.700000000016358
902 0.700000000009254
903 0.700000000003336
904 0.69999999999918
905 0.699999999996822
906 0.699999999995964
907 0.699999999996161
908 0.699999999996959
909 0.699999999997978
910 0.699999999998949
911 0.69999999999972
912 0.700000000000234
913 0.700000000000501
914 0.700000000000574
915 0.700000000000515
916 0.700000000000389
917 0.700000000000243
918 0.700000000000113
919 0.700000000000014
920 0.699999999999951
921 0.699999999999922
922 0.699999999999919
923 0.699999999999931
924 0.69999999999995
925 0.699999999999971
926 0.699999999999988
927 0.700000000000001
928 0.700000000000008
929 0.700000000000011
930 0.70000000000001
931 0.700000000000008
932 0.700000000000005
933 0.700000000000002
934 0.700000000000001
935 0.700000000000002
936 0.700000000000006
937 0.700000000000012
938 0.70000000000002
939 0.700000000000029
940 0.700000000000036
941 0.700000000000039
942 0.700000000000035
943 0.700000000000019
944 0.69999999999999
945 0.699999999999944
946 0.699999999999879
947 0.699999999999795
948 0.699999999999694
949 0.699999999999578
950 0.69999999999945
951 0.699999999999315
952 0.699999999999181
953 0.699999999999055
954 0.699999999998945
955 0.699999999998864
956 0.69999999999882
957 0.699999999998824
958 0.699999999998886
959 0.699999999999009
960 0.699999999999196
961 0.699999999999441
962 0.699999999999735
963 0.700000000000065
964 0.700000000000415
965 0.700000000000769
966 0.700000000001111
967 0.700000000001425
968 0.700000000001699
969 0.700000000001922
970 0.700000000002084
971 0.700000000002177
972 0.700000000002196
973 0.70000000000214
974 0.700000000002011
975 0.700000000001817
976 0.70000000000157
977 0.700000000001285
978 0.70000000000098
979 0.699999998112358
980 0.699999987814309
981 0.69999995785197
982 0.699999895718551
983 0.69999979486279
984 0.699999666417826
985 0.699999551994029
986 0.699999530415367
987 0.699999713944731
988 0.700000232776623
989 0.700001208059958
990 0.70000271717913
991 0.70000476096373
992 0.700007244961677
993 0.700009983040263
994 0.700012724963115
995 0.700015202815625
996 0.700017184001925
997 0.700018515305172
998 0.700019146886459
999 0.700019132689088
1000 0.70001857222771
1001 0.700017542693457
1002 0.700016077656084
1003 0.700014168257446
1004 0.700011786730327
1005 0.700008958959812
1006 0.700005827802347
1007 0.70000264178129
1008 0.699999700032846
1009 0.699997293620862
1010 0.699995643566773
1011 0.69999484696202
1012 0.699994859797006
1013 0.699995518986256
1014 0.699996590116491
1015 0.699997822830809
1016 0.699998998512043
1017 0.699999961130568
1018 0.700000628732665
1019 0.700000988193251
1020 0.700001078776717
1021 0.700000970807803
1022 0.70000074490284
1023 0.700000475473848
1024 0.700000220261304
1025 0.700000015959478
1026 0.699999878831949
1027 0.699999808636299
1028 0.699999794106474
1029 0.699999818524079
1030 0.699999864373695
1031 0.699999916573179
1032 0.699999964193661
1033 0.700000000880748
1034 0.700000024346571
1035 0.700000035339986
1036 0.700000036454061
1037 0.700000031034308
1038 0.700000022341726
1039 0.700000013026176
1040 0.700000004891791
1041 0.69999999889147
1042 0.699999995269846
1043 0.699999993776882
1044 0.699999993889729
1045 0.69999999500145
1046 0.699999996555839
1047 0.699999998124502
1048 0.699999999433795
1049 0.700000000355205
1050 0.700000000874181
1051 0.700000001050705
1052 0.700000000981474
1053 0.700000000769661
1054 0.700000000504715
1055 0.700000000252005
1056 0.700000000050463
1057 0.699999999915691
1058 0.699999999845943
1059 0.6999999998289
1060 0.699999999847744
1061 0.699999999885756
1062 0.69999999992917
1063 0.699999999968453
1064 0.69999999999837
1065 0.700000000017278
1066 0.700000000026056
1067 0.70000000002701
1068 0.70000000002293
1069 0.700000000016427
1070 0.700000000009544
1071 0.700000000003619
1072 0.699999999999315
1073 0.699999999996765
1074 0.699999999995744
1075 0.69999999999585
1076 0.699999999996635
1077 0.699999999997705
1078 0.699999999998766
1079 0.699999999999636
1080 0.700000000000238
1081 0.700000000000568
1082 0.700000000000674
1083 0.700000000000621
1084 0.700000000000481
1085 0.700000000000311
1086 0.700000000000151
1087 0.700000000000027
1088 0.699999999999945
1089 0.699999999999904
1090 0.699999999999895
1091 0.699999999999908
1092 0.699999999999932
1093 0.699999999999959
1094 0.699999999999982
1095 0.7
1096 0.70000000000001
1097 0.700000000000015
1098 0.700000000000015
1099 0.700000000000012
1100 0.700000000000008
1101 0.700000000000004
1102 0.700000000000001
1103 0.699999999999999
1104 0.699999999999997
1105 0.699999999999997
1106 0.699999999999997
1107 0.699999999999998
1108 0.699999999999998
1109 0.699999999999999
1110 0.7
1111 0.7
1112 0.7
1113 0.7
1114 0.7
1115 0.7
1116 0.7
1117 0.7
1118 0.7
1119 0.7
1120 0.7
1121 0.7
1122 0.7
1123 0.7
1124 0.7
1125 0.7
1126 0.7
1127 0.7
1128 0.7
1129 0.7
1130 0.7
1131 0.7
1132 0.7
1133 0.7
1134 0.7
1135 0.7
1136 0.7
1137 0.7
1138 0.7
1139 0.7
1140 0.7
1141 0.7
1142 0.7
1143 0.7
1144 0.7
1145 0.7
1146 0.7
1147 0.7
1148 0.700000000000005
1149 0.700000000000038
1150 0.700000000000164
1151 0.700000000000496
1152 0.700000000001155
1153 0.700000000002174
1154 0.700000000003297
1155 0.700000000003754
1156 0.700000000002082
1157 0.699999999996152
1158 0.699999999983564
1159 0.699999999962517
1160 0.699999999933121
1161 0.699999999898948
1162 0.699999999868362
1163 0.699999999855084
1164 0.699999999877456
1165 0.699999999956111
1166 0.700000000110193
1167 0.700000000352744
1168 0.700000000686281
1169 0.700000001099947
1170 0.700000001569368
1171 0.700000002059504
1172 0.700000002529827
1173 0.700000002940421
1174 0.700000003257115
1175 0.70000000345403
1176 0.700000003513132
1177 0.700000003421674
1178 0.700000003169226
1179 0.700000002746389
1180 0.700000002146809
1181 0.700000001372804
1182 0.700000000442977
1183 0.699999999398757
1184 0.699999998306514
1185 0.699999997252887
1186 0.699999996333101
1187 0.699999995634639
1188 0.699999995220472
1189 0.69999999511631
1190 0.69999999530707
1191 0.699999995744114
1192 0.699999996359433
1193 0.699999997081806
1194 0.699999997850167
1195 0.699999998619235
1196 0.699999999356488
1197 0.700000000035155
1198 0.700000000628406
1199 0.700000001107326
1200 0.700000001443492
