1 2
2 2
3 2
4 2
5 2
6 2
7 2
8 2
9 2
10 2
11 2
12 2
13 2
14 2
15 2
16 2
17 2
18 2
19 2
20 2
21 2
22 2
23 2
24 2
25 2
26 2
27 2
28 2
29 2
30 2.25
31 2.2868
32 2.3268
33 2.3668
34 2.4068
35 2.4468
36 2.4868
37 2.5268
38 2.5668
39 2.6068
40 2.6454637079
41 2.68160279846988
42 2.71521509782961
43 2.74625574011478
44 2.77467199023243
45 2.8
46 2.8
47 2.8
48 2.8
49 2.8
50 2.8
51 2.8
52 2.8
53 2.8
54 2.79928241781603
55 2.79560623381389
56 2.78915581180521
57 2.78020457055458
58 2.76898098082346
59 2.75567888513192
60 2.74046437533016
61 2.72348118790331
62 2.70485494280622
63 2.6846964796978
64 2.66310832501068
65 2.64020159775994
66 2.61610453715071
67 2.59095762885174
68 2.56490951102402
69 2.53811396101889
70 2.51072766996895
71 2.48290860065842
72 2.4548147766635
73 2.42660339009618
74 2.3984301241041
75 2.3704485341374
76 2.34280935256598
77 2.31565971452232
78 2.28914236207964
79 2.26339486449248
80 2.23854887711093
81 2.21472945154528
82 2.19205440305968
83 2.17063373694345
84 2.15056913310241
85 2.13195348727616
86 2.1148705079932
87 2.09939436957557
88 2.08558942218103
89 2.07350995994411
90 2.06320004802333
91 2.05469340895849
92 2.04801336829308
93 2.04317285898381
94 2.04017448372981
95 2.03901063401797
96 2.03966366438935
97 2.04210612016713
98 2.04630101663719
99 2.05220216743123
100 2.05975455963105
101 2.06889477289179
102 2.07955143967676
103 2.09164574350756
104 2.10509195196405
105 2.11979798102007
106 2.13566598717322
107 2.15259298372099
108 2.17047147745127
109 2.18919012195228
110 2.20863438370598
111 2.22868721710937
112 2.24922974456983
113 2.27014193784366
114 2.29130329683074
115 2.31259352210213
116 2.3338931775214
117 2.35508433942298
118 2.37605122893189
119 2.39668082414738
120 2.41686344906735
121 2.43649333630028
122 2.45546916079518
123 2.47369454201649
124 2.49107851219957
125 2.50753594854074
126 2.52298796740356
127 2.53736227885842
128 2.55059350011369
129 2.56262342664343
130 2.57340126006566
131 2.58288379207749
132 2.59103554400501
133 2.59782886177742
134 2.60324396638393
135 2.60726896011707
136 2.60989978914724
137 2.61114016320698
138 2.61100143339111
139 2.60950242929688
140 2.6066692569375
141 2.60253505906021
142 2.59713973968701
143 2.5905296548699
144 2.58275727181345
145 2.57388079866422
146 2.56396378739857
147 2.55307471235753
148 2.54128652707848
149 2.52867620215895
150 2.51532424695667
151 2.50131421798296
152 2.48673221688246
153 2.47166638091201
154 2.45620636883497
155 2.44044284513411
156 2.42446696541781
157 2.40836986584978
158 2.3922421593734
159 2.37617344142789
160 2.36025180776539
161 2.34456338687752
162 2.32919188942572
163 2.31421817694467
164 2.2997198519517
165 2.28577087144862
166 2.27244118564723
167 2.25979640358614
168 2.24789748713598
169 2.23680047471363
170 2.22655623584419
171 2.21721025752417
172 2.20880246315095
173 2.20136706459329
174 2.19493244778704
175 2.18952109204971
176 2.18514952311834
177 2.18182829972893
178 2.17956203337222
179 2.17834944068205
180 2.17818342773927
181 2.17905120540674
182 2.18093443465142
183 2.18380940065683
184 2.18764721438608
185 2.19241404012105
186 2.19807134737916
187 2.20457618549525
188 2.21188147905307
189 2.21993634225947
190 2.22868641027449
191 2.23807418544297
192 2.24803939631745
193 2.25851936731952
194 2.26944939685566
195 2.28076314168568
196 2.29239300533629
197 2.30427052835843
198 2.31632677824614
199 2.32849273686473
200 2.34069968327839
201 2.35287956992006
202 2.3649653901105
203 2.37689153500729
204 2.38859413814792
205 2.40001140584412
206 2.41108393178546
207 2.42175499431903
208 2.43197083498807
209 2.4416809170345
210 2.4508381626981
211 2.45939916827774
212 2.4673243960564
213 2.47457834233167
214 2.48112968093523
215 2.48695138176881
216 2.49202080402809
217 2.49631976393061
218 2.49983457690691
219 2.50255607435619
220 2.50447959520684
221 2.50560495265851
222 2.50593637661475
223 2.50548243244294
224 2.50425591682092
225 2.50227373154632
226 2.49955673629529
227 2.49612958142047
228 2.49202052197453
229 2.4872612142335
230 2.48188649607467
231 2.47593415263496
232 2.46944466873862
233 2.46246096963685
234 2.45502815164605
235 2.447193204307
236 2.43900472571232
237 2.43051263266632
238 2.42176786734774
239 2.41282210214355
240 2.40372744431019
241 2.39453614209782
242 2.38530029394385
243 2.37607156230362
244 2.36690089364048
245 2.35783824604285
246 2.34893232587514
247 2.3402303348003
248 2.33177772843764
249 2.32361798783793
250 2.31579240487201
251 2.30833988253749
252 2.3012967510926
253 2.29469660082668
254 2.2885701321745
255 2.28294502377589
256 2.27784581897564
257 2.27329383114972
258 2.26930706813479
259 2.2659001759289
260 2.26308440172223
261 2.26086757620921
262 2.25925411502727
263 2.25824503906378
264 2.25783801327181
265 2.25802740353749
266 2.25880435104815
267 2.26015686352073
268 2.26206992256504
269 2.26452560637676
270 2.267503226881
271 2.27097948037843
272 2.27492861068426
273 2.27932258369399
274 2.28413127226091
275 2.28932265022789
276 2.29486299442034
277 2.30071709337905
278 2.30684846159019
279 2.31321955795567
280 2.31979200724008
281 2.32652682323051
282 2.33338463235262
283 2.34032589650027
284 2.34731113385663
285 2.35430113651189
286 2.36125718371589
287 2.3681412496435
288 2.37491620459558
289 2.38154600860872
290 2.3879958965024
291 2.39423255345237
292 2.40022428024328
293 2.4059411474218
294 2.41135513764307
295 2.41644027557784
296 2.42117274482481
297 2.42553099135177
298 2.42949581306978
299 2.43305043522685
300 2.43618057138963
301 2.43887446986477
302 2.44112294549387
303 2.44291939683769
304 2.44425980884605
305 2.44514274118863
306 2.44556930249914
307 2.44554311085961
308 2.44507024092384
309 2.44415915814711
310 2.442820640655
311 2.44106768934531
312 2.43891542687414
313 2.43638098623073
314 2.43348338965335
315 2.43024341868259
316 2.4266834761867
317 2.42282744122726
318 2.41870051766159
319 2.4143290774012
320 2.40974049926318
321 2.40496300436358
322 2.40002548900815
323 2.39495735603772
324 2.3897883455811
325 2.38454836615913
326 2.37926732706967
327 2.37397497296348
328 2.36870072149726
329 2.36347350492152
330 2.3583216164277
331 2.353272562042
332 2.34835291881252
333 2.34358819999141
334 2.33900272786608
335 2.33461951484274
336 2.33046015333157
337 2.32654471492755
338 2.32289165932252
339 2.31951775332498
340 2.316438000303
341 2.31366558030395
342 2.31121180104242
343 2.30908605988504
344 2.30729581689839
345 2.30584657896423
346 2.30474189490478
347 2.30398336150111
348 2.30357064022831
349 2.30350148447489
350 2.30377177695828
351 2.30437557699611
352 2.30530517724274
353 2.3065511694532
354 2.30810251879271
355 2.30994664616885
356 2.31206951802588
357 2.31445574300703
358 2.31708867486007
359 2.31995052093535
360 2.32302245560297
361 2.32628473789743
362 2.32971683268378
363 2.33329753462893
364 2.33700509425584
365 2.34081734535624
366 2.3447118330392
367 2.34866594169929
368 2.35265702219751
369 2.35666251756193
370 2.36066008653238
371 2.36462772429389
372 2.36854387976829
373 2.37238756886015
374 2.37613848308378
375 2.37977709303112
376 2.38328474617572
377 2.3866437585462
378 2.38983749984237
379 2.39285047160931
380 2.39566837812781
381 2.39827818972464
382 2.40066819825171
383 2.40282806452991
384 2.4047488576005
385 2.4064230856741
386 2.40784471871515
387 2.40900920264616
388 2.40991346520327
389 2.41055591351975
390 2.41093642355946
391 2.41105632156525
392 2.41091835772952
393 2.41052667233445
394 2.40988675464786
395 2.40900539489668
396 2.40789062967463
397 2.40655168117167
398 2.40499889064259
399 2.40324364655783
400 2.15324364655783
401 2.07752146177407
402 1.99523648383344
403 1.91280348198452
404 1.83023785068895
405 1.74755551629341
406 1.66477284198253
407 1.58190653156063
408 1.49897353260983
409 1.41599093956836
410 1.33430179120331
411 1.25530049851305
412 1.2
413 1.2
414 1.2
415 1.2
416 1.2
417 1.2
418 1.2
419 1.2
420 1.2
421 1.2
422 1.2
423 1.2
424 1.2
425 1.2
426 1.2
427 1.2
428 1.2
429 1.2
430 1.20066362544029
431 1.20382091809071
432 1.20930795137726
433 1.21697807742171
434 1.22669903547926
435 1.23835065414257
436 1.25182301828191
437 1.26701500010482
438 1.28383307585673
439 1.3021903669335
440 1.32200231042805
441 1.3431736020309
442 1.36559222985619
443 1.38913381067161
444 1.41366487035669
445 1.43904540484914
446 1.46513088537801
447 1.49177383363498
448 1.51882506332181
449 1.54613466214156
450 1.57355279013239
451 1.60093041859073
452 1.62812011656847
453 1.65497688535916
454 1.68135899807141
455 1.70712881732845
456 1.73215357427898
457 1.75630609911531
458 1.77946549806492
459 1.80151777500955
460 1.82235639786061
461 1.84188281051812
462 1.86000689072636
463 1.87664735325021
464 1.891732097319
465 1.90519849726206
466 1.91699363548266
467 1.9270744772594
468 1.93540798724796
469 1.94197118793648
470 1.9467511606594
471 1.94974499008869
472 1.95095965340384
473 1.95041185560437
474 1.94812781267948
475 1.94414298459401
476 1.93850176028525
477 1.93125709709153
478 1.922470117246
479 1.9122096642668
480 1.90055182225508
481 1.88757940127401
482 1.87338139212431
483 1.85805239395382
484 1.84169201824114
485 1.82440427277443
486 1.80629692930751
487 1.78748087861561
488 1.76806947669187
489 1.74817788582501
490 1.72792241427611
491 1.70741985823078
492 1.68678684964152
493 1.66613921349407
494 1.64559133793284
495 1.6252555605637
496 1.60524157411905
497 1.58565585452082
498 1.56660111421324
499 1.54817578345944
500 1.53047352210577
501 1.51358276411616
502 1.49758629696757
503 1.48256087777673
504 1.46857688780107
505 1.45569802672268
506 1.44398104788552
507 1.43347553541427
508 1.42422372389947
509 1.41626036108883
510 1.40961261378132
511 1.40430001687888
512 1.40033446531239
513 1.3977202483253
514 1.39645412537077
515 1.3965254426575
516 1.39791628916759
517 1.40060169076663
518 1.40454984083368
519 1.40972236565741
520 1.4160746226753
521 1.4235560294765
522 1.43211042134575
523 1.44167643499736
524 1.45218791603388
525 1.4635743475654
526 1.47576129734183
527 1.48867088068281
528 1.50222223643821
529 1.51633201317616
530 1.53091486277587
531 1.54588393859843
532 1.56115139542043
533 1.57662888834258
534 1.59222806792739
535 1.60786106887694
536 1.62344098963289
537 1.63888236036499
538 1.65410159691195
539 1.66901743834839
540 1.68355136597199
541 1.69762800163725
542 1.71117548350325
543 1.72412581741315
544 1.7364152022813
545 1.74798432802882
546 1.75877864477948
547 1.76874860220343
548 1.77784985807612
549 1.78604345530219
550 1.79329596683823
551 1.79957960813343
552 1.80487231689164
553 1.80915780014177
554 1.8124255487843
555 1.81467081995946
556 1.8158945877561
557 1.81610346294836
558 1.81530958260985
559 1.81353047061022
560 1.81078887014709
561 1.80711254960575
562 1.80253408316966
563 1.79709060772577
564 1.79082355771965
565 1.78377837971542
566 1.77600422850521
567 1.76755364669022
568 1.75848222972202
569 1.7488482784471
570 1.73871244123984
571 1.72813734783949
572 1.71718723702487
573 1.70592758026676
574 1.69442470349183
575 1.68274540907496
576 1.67095660014727
577 1.65912490926759
578 1.64731633345351
579 1.63559587750756
580 1.62402720750217
581 1.61267231620691
582 1.60159120215196
583 1.5908415639241
584 1.58047851118644
585 1.57055429380114
586 1.56111805031593
587 1.5522155769521
588 1.54388911810271
589 1.53617717921831
590 1.52911436282153
591 1.52273122825465
592 1.51705417562499
593 1.51210535427301
594 1.50790259594814
595 1.50445937273839
596 1.50178477966208
597 1.49988354169513
598 1.49875604487479
599 1.49839839099271
600 1.49880247526566
601 1.49995608625363
602 1.50184302718112
603 1.50444325771051
604 1.50773305511545
605 1.51168519370885
606 1.51626914129405
607 1.52145127132975
608 1.52719508942949
609 1.53346147275531
610 1.54020892081269
611 1.54739381611045
612 1.55497069311487
613 1.56289251390184
614 1.57111094889489
615 1.57957666106986
616 1.58823959200894
617 1.59704924819793
618 1.60595498598011
619 1.61490629360835
620 1.62385306887358
621 1.63274589083223
622 1.64153628420693
623 1.65017697509438
624 1.65862213667986
625 1.66682762373045
626 1.67475119471705
627 1.68235272049869
628 1.6895943785911
629 1.6964408321339
630 1.702859392767
631 1.70882016672622
632 1.7142961835699
633 1.71926350705205
634 1.72370132776266
635 1.72759203726178
636 1.73092128353946
637 1.73367800773972
638 1.73585446219058
639 1.73744620988547
640 1.73845210566166
641 1.73887425941967
642 1.73871798182213
643 1.73799171300207
644 1.73670693489725
645 1.73487806790991
646 1.73252235266882
647 1.72965971774258
648 1.72631263421975
649 1.72250595813217
650 1.71826676175217
651 1.71362415484224
652 1.70860909697755
653 1.70325420209605
654 1.69759353645897
655 1.69166241122534
656 1.6854971708583
657 1.67913497858796
658 1.67261360015592
659 1.66597118705994
660 1.65924606050402
661 1.65247649723962
662 1.64570051845758
663 1.63895568285837
664 1.63227888499032
665 1.6257061599022
666 1.61927249510775
667 1.61301165080641
668 1.60695598924627
669 1.60113631405334
670 1.59558172028517
671 1.59031945589752
672 1.58537479524094
673 1.58077092512925
674 1.57652884394534
675 1.57266727417155
676 1.5692025886526
677 1.56614875081898
678 1.56351726901851
679 1.56131716502398
680 1.55955495670525
681 1.55823465477619
682 1.5573577734501
683 1.55692335476253
684 1.55692800624795
685 1.55736595158699
686 1.55822909377436
687 1.55950709029395
688 1.56118743972826
689 1.56325557917329
690 1.56569499177869
691 1.56848732368572
692 1.57161250959331
693 1.57504890614468
694 1.57877343229447
695 1.58276171578858
696 1.5869882448666
697 1.59142652427941
698 1.59604923470263
699 1.60082839461973
700 1.60573552374716
701 1.61074180707754
702 1.61581825862559
703 1.62093588397491
704 1.62606584074263
705 1.63117959610145
706 1.63624908052671
707 1.64124683696743
708 1.6461461646763
709 1.65092125697323
710 1.65554733225985
711 1.66000075764892
712 1.66425916462149
713 1.66830155617674
714 1.67210840499323
715 1.67566174217636
716 1.67894523622467
717 1.68194426190622
718 1.68464595879633
719 1.68703927928834
720 1.68911502594974
721 1.69086587815664
722 1.69228640799962
723 1.69337308551366
724 1.69412427334285
725 1.69454021100794
726 1.69462298899982
727 1.69437651297545
728 1.693806458384
729 1.69292021589928
730 1.69172682808083
731 1.69023691772882
732 1.68846260843768
733 1.68641743789013
734 1.6841162644662
735 1.68157516777117
736 1.67881134371242
737 1.6758429947767
738 1.67268921617757
739 1.6693698785567
740 1.66590550793303
741 1.6623171635996
742 1.65862631467033
743 1.65485471597721
744 1.65102428401269
745 1.64715697360279
746 1.64327465598349
747 1.63939899893624
748 1.63555134961861
749 1.63175262070268
750 1.62802318040772
751 1.62438274698413
752 1.62085028817414
753 1.61744392613988
754 1.61418084831319
755 1.61107722458256
756 1.60814813119226
757 1.60540748168656
758 1.60286796518876
759 1.60054099226025
760 1.59843664853981
761 1.59656365631754
762 1.59492934415218
763 1.59353962459435
764 1.59239898003288
765 1.59151045663592
766 1.59087566631462
767 1.59049479659316
768 1.59036662822711
769 1.59048856037127
770 1.59085664305881
771 1.5914656167163
772 1.59230895840415
773 1.59337893443838
774 1.59466665901927
775 1.59616215846394
776 1.59785444061424
777 1.59973156896827
778 1.60178074106364
779 1.60398837062347
780 1.60634017296125
781 1.60882125312983
782 1.61141619629089
783 1.6141091597761
784 1.61688396630869
785 1.61972419785462
786 1.62261328957603
787 1.62553462336612
788 1.62847162045357
789 1.63140783257658
790 1.63432703124093
791 1.63721329459362
792 1.64005109146288
793 1.64282536213673
794 1.64552159547618
795 1.64812590198457
796 1.65062508248196
797 1.65300669206214
798 1.65525909904057
799 1.65737153863272
800 1.83093416113485
801 1.85113807441306
802 1.87277538053988
803 1.89423920645253
804 1.9155237285417
805 1.93662419111423
806 1.95753691870776
807 1.97825932227002
808 1.99878989924864
809 2.01912822767092
810 2.03835772342758
811 2.05570108334434
812 2.07122660307946
813 2.08496682808255
814 2.09694147052735
815 2.10716071248024
816 2.11562782362999
817 2.12234116938703
818 2.12729574431352
819 2.1304843360595
820 2.13190330453611
821 2.13156103681131
822 2.12947985357411
823 2.12569381607613
824 2.12024719351867
825 2.11319329734325
826 2.1045935843456
827 2.0945169552072
828 2.08303919464714
829 2.07024251394033
830 2.0562151411026
831 2.04105087703782
832 2.02484857136411
833 2.00771153192615
834 1.98974689517688
835 1.97106497487371
836 1.95177860067417
837 1.93200245422376
838 1.91185240765049
839 1.89144486760837
840 1.87089612700028
841 1.85032172634673
842 1.82983582725488
843 1.8095506009895
844 1.7895756353922
845 1.77001736338086
846 1.75097851610674
847 1.73255760362212
848 1.71484842565961
849 1.69793961486908
850 1.6819142146133
851 1.66684929319022
852 1.65281559612434
853 1.63987723794434
854 1.62809143463357
855 1.61750827770434
856 1.60817055060578
857 1.60011358793231
858 1.59336517765529
859 1.58794550635883
860 1.58386714722162
861 1.58113509025318
862 1.57974681406487
863 1.57969239823581
864 1.58095467512137
865 1.58350941974898
866 1.58732557625276
867 1.59236551911703
868 1.59858534732838
869 1.60593520937914
870 1.61435965692109
871 1.62379802473865
872 1.63418483459578
873 1.64545022041052
874 1.65752037212676
875 1.67031799558362
876 1.68376278562986
877 1.69777190969322
878 1.71226049899372
879 1.72714214458407
880 1.7423293954108
881 1.75773425561511
882 1.77326867833313
883 1.78884505331065
884 1.80437668571635
885 1.81977826362109
886 1.83496631170604
887 1.84985962887098
888 1.86437970753342
889 1.87845113253935
890 1.89200195774655
891 1.90496405849023
892 1.91727345829745
893 1.92887062838087
894 1.93970075861182
895 1.94971399884776
896 1.95886566966762
897 1.96711644175041
898 1.97443248331548
899 1.98078557522755
900 1.98615319355326
901 1.99051855953909
902 1.99387065716076
903 1.99620421857205
904 1.99751967795361
905 1.9978230944312
906 1.99712604489448
907 1.9954454877036
908 1.99280359841841
909 1.98922757882545
910 1.98474944066838
911 1.97940576560952
912 1.97323744306108
913 1.96628938762603
914 1.95861023797834
915 1.95025203909096
916 1.9412699097871
917 1.93172169764577
918 1.92166762333558
919 1.91116991648236
920 1.90029244519538
921 1.88910034138401
922 1.87765962399226
923 1.86603682226212
924 1.8542986011089
925 1.84251139065274
926 1.83074102190076
927 1.81905237051423
928 1.80750901052483
929 1.79617287978508
930 1.78510395884924
931 1.77435996488495
932 1.76399606211139
933 1.75406459014906
934 1.74461481154893
935 1.735692679646
936 1.72734062775505
937 1.71959738059485
938 1.71249778869264
939 1.70607268638379
940 1.70034877388279
941 1.69534852376274
942 1.69109011204062
943 1.68758737392744
944 1.68484978416474
945 1.68288246173441
946 1.68168619859633
947 1.68125751198031
948 1.68158871963472
949 1.68266803731476
950 1.68447969768011
951 1.68700408966396
952 1.69021791727447
953 1.69409437669587
954 1.69860335047022
955 1.70371161746198
956 1.70938307723769
957 1.71557898743077
958 1.72225821260891
959 1.7293774831168
960 1.73689166233209
961 1.7447540207464
962 1.75291651526608
963 1.76133007211971
964 1.76994487176054
965 1.77871063416191
966 1.78757690292294
967 1.79649332662853
968 1.80540993594382
969 1.81427741496628
970 1.82304736541009
971 1.83167256225557
972 1.84010719956142
973 1.84830712520946
974 1.85623006342815
975 1.86383582402471
976 1.87108649734239
977 1.8779466340519
978 1.88438340898115
979 1.89036676828629
980 1.89586955936845
981 1.90086764304339
982 1.90533998757644
983 1.90926874429995
984 1.91263930463637
985 1.91544033845514
986 1.91766381379564
987 1.91930499809133
988 1.92036244113038
989 1.92083794008641
990 1.92073648704756
991 1.92006619956312
992 1.91883823481448
993 1.91706668809943
994 1.91476847639676
995 1.91196320785038
996 1.90867303807944
997 1.90492251428142
998 1.90073840815037
999 1.89614953868095
1000 1.89118658597042
1001 1.88588189716664
1002 1.88026928573779
1003 1.87438382526172
1004 1.86826163894691
1005 1.86193968610521
1006 1.85545554679704
1007 1.84884720586411
1008 1.84215283755205
1009 1.83541059190639
1010 1.82865838409997
1011 1.82193368781856
1012 1.81527333379422
1013 1.80871331453313
1014 1.80228859623682
1015 1.79603293886267
1016 1.78997872521226
1017 1.78415679987463
1018 1.77859631878596
1019 1.77332461009881
1020 1.76836704698211
1021 1.76374693289922
1022 1.75948539983509
1023 1.7556013198657
1024 1.75211123038421
1025 1.74902927321846
1026 1.74636714779454
1027 1.74413407842152
1028 1.7423367956934
1029 1.74097953192614
1030 1.74006403047122
1031 1.7395895686725
1032 1.73955299416071
1033 1.73994877411013
1034 1.74076905701534
1035 1.74200374648233
1036 1.7436405864686
1037 1.74566525735077
1038 1.74806148214669
1039 1.7508111421715
1040 1.75389440136456
1041 1.75728983848594
1042 1.76097458634843
1043 1.76492447722279
1044 1.76911419353133
1045 1.773517422927
1046 1.77810701684305
1047 1.7828551515908
1048 1.78773349108128
1049 1.79271335024951
1050 1.79776585826838
1051 1.80286212065226
1052 1.80797337936835
1053 1.81307117009636
1054 1.81812747580411
1055 1.82311487583807
1056 1.82800668976283
1057 1.832777115223
1058 1.83740135914317
1059 1.84185576162775
1060 1.84611791197093
1061 1.85016675623863
1062 1.85398269593774
1063 1.8575476773437
1064 1.86084527111483
1065 1.86386074188023
1066 1.86658110754767
1067 1.8689951881383
1068 1.87109364401505
1069 1.87286900343227
1070 1.87431567939429
1071 1.87542997586933
1072 1.87621008346421
1073 1.87665606472146
1074 1.87676982925634
1075 1.87655509900416
1076 1.87601736389971
1077 1.87516382835921
1078 1.87400334898127
1079 1.87254636392626
1080 1.87080481447389
1081 1.86879205929504
1082 1.86652278200751
1083 1.86401289261493
1084 1.86127942345393
1085 1.85834042029706
1086 1.85521482927714
1087 1.85192238031311
1088 1.84848346772796
1089 1.84491902875568
1090 1.8412504206369
1091 1.83749929700137
1092 1.83368748423029
1093 1.82983685848253
1094 1.82596922405621
1095 1.82210619374077
1096 1.8182690717953
1097 1.81447874016583
1098 1.81075554852843
1099 1.80711920871627
1100 1.80358869405685
1101 1.80018214411209
1102 1.79691677527712
1103 1.79380879765562
1104 1.79087333858911
1105 1.78812437317615
1106 1.7855746620739
1107 1.78323569683089
1108 1.78111765295458
1109 1.77922935087201
1110 1.77757822489601
1111 1.77617030026387
1112 1.77501017826955
1113 1.77410102946587
1114 1.77344459486842
1115 1.77304119504979
1116 1.77288974697046
1117 1.772987788352
1118 1.77333150935888
1119 1.77391579131815
1120 1.77473425217041
1121 1.77577929831275
1122 1.77704218246319
1123 1.77851306714761
1124 1.7801810933846
1125 1.78203445412012
1126 1.78406047194376
1127 1.78624568060061
1128 1.7885759097983
1129 1.791036372797
1130 1.79361175626148
1131 1.79628631184872
1132 1.79904394900184
1133 1.8018683284212
1134 1.80474295568709
1135 1.80765127451404
1136 1.81057675912592
1137 1.81350300525247
1138 1.81641381926203
1139 1.81929330496196
1140 1.82212594761716
1141 1.8248966947586
1142 1.82759103337688
1143 1.83019506312125
1144 1.83269556515168
1145 1.83508006631998
1146 1.83733689838629
1147 1.83945525200846
1148 1.84142522527413
1149 1.84323786657867
1150 1.84488521168578
1151 1.8463603148421
1152 1.84765727385151
1153 1.84877124904969
1154 1.84969847615375
1155 1.85043627299615
1156 1.85098304018581
1157 1.85133825577222
1158 1.85150246402061
1159 1.85147725843745
1160 1.85126525921541
1161 1.85087008529556
1162 1.85029632127202
1163 1.84954947938932
1164 1.84863595690728
1165 1.84756298912954
1166 1.84633859841263
1167 1.8449715394899
1168 1.84347124146129
1169 1.84184774681311
1170 1.84011164784434
1171 1.83827402088462
1172 1.83634635869701
1173 1.83434050146292
1174 1.83226856674955
1175 1.8301428788605
1176 1.82797589796831
1177 1.82578014942371
1178 1.82356815363034
1179 1.82135235686519
1180 1.81914506341507
1181 1.81695836938724
1182 1.81480409853822
1183 1.81269374044932
1184 1.81063839136007
1185 1.80864869795192
1186 1.80673480435457
1187 1.80490630262567
1188 1.80317218693238
1189 1.80154081163967
1190 1.80001985348594
1191 1.79861627800175
1192 1.79733631030163
1193 1.79618541035334
1194 1.79516825280274
1195 1.79428871140608
1196 1.79354984809556
1197 1.79295390667784
1198 1.79250231113985
1199 1.79219566851071
1200 1.79203377620445
