1 2
2 2
3 2
4 2
5 2
6 2
7 2
8 2
9 2
10 2
11 2
12 2
13 2
14 2
15 2
16 2
17 2
18 2
19 2
20 2
21 2
22 2
23 2
24 2
25 2
26 2
27 2
28 2
29 2
30 2.25
31 2.27445384615385
32 2.30060769230769
33 2.32676153846154
34 2.35291538461538
35 2.37906923076923
36 2.40522307692308
37 2.43137692307692
38 2.45753076923077
39 2.48368461538461
40 2.50845709324135
41 2.53074091561606
42 2.55075889114502
43 2.56866707309435
44 2.58458364460834
45 2.59859741441865
46 2.61077446919416
47 2.62116334758738
48 2.62979906314116
49 2.63670623088005
50 2.64190912877721
51 2.64544507323085
52 2.64736640141135
53 2.64773585522366
54 2.646623476493
55 2.64410447125874
56 2.64025776271825
57 2.63516502860638
58 2.62891007559206
59 2.6215784449311
60 2.61325713187861
61 2.60403427251379
62 2.59399872739344
63 2.58323959832258
64 2.57184573119059
65 2.55990523418637
66 2.54750502636808
67 2.53473042265133
68 2.52166475598477
69 2.5083890345476
70 2.49498163060633
71 2.48151799807707
72 2.46807041725975
73 2.45470776648163
74 2.44149532092153
75 2.42849457888504
76 2.41576311556909
77 2.40335446405627
78 2.39131802300175
79 2.37969899025503
80 2.36853832150558
81 2.35787271294435
82 2.34773460687216
83 2.33815221913996
84 2.32914958726201
85 2.32074663800009
86 2.31295927317447
87 2.30579947242002
88 2.29927541157445
89 2.29339159536333
90 2.28814900303199
91 2.28354524556925
92 2.27957473317021
93 2.27622885159518
94 2.27349614609816
95 2.27136251162041
96 2.26981138797303
97 2.26882395876502
98 2.26837935287198
99 2.26845484728236
100 2.26902607020523
101 2.27006720337343
102 2.27155118252932
103 2.27344989513671
104 2.2757343744209
105 2.27837498889945
106 2.28134162662806
107 2.28460387344952
108 2.28813118459735
109 2.2918930490702
110 2.29585914625767
111 2.29999949436218
112 2.30428459022513
113 2.3086855402283
114 2.31317418200286
115 2.31772319673842
116 2.32230621194275
117 2.32689789455951
118 2.33147403440527
119 2.33601161793925
120 2.34048889242897
121 2.34488542062128
122 2.34918212607324
123 2.35336132933789
124 2.35740677523898
125 2.36130365150369
126 2.36503859905522
127 2.36859971429599
128 2.37197654373905
129 2.37516007136789
130 2.37814269912553
131 2.38091822095068
132 2.38348179079289
133 2.38582988505026
134 2.38796025988132
135 2.3898719038488
136 2.39156498635603
137 2.39304080233713
138 2.39430171366055
139 2.3953510877013
140 2.39619323353075
141 2.39683333616489
142 2.39727738930125
143 2.39753212696311
144 2.39760495445567
145 2.39750387902403
146 2.3972374405861
147 2.39681464289637
148 2.39624488547747
149 2.39553789663709
150 2.39470366786762
151 2.39375238990494
152 2.3926943907013
153 2.3915400755459
154 2.39029986954449
155 2.38898416264763
156 2.38760325739506
157 2.38616731952214
158 2.38468633155228
159 2.3831700494787
160 2.38162796261738
161 2.3800692566935
162 2.37850278020359
163 2.37693701407681
164 2.37538004464073
165 2.37383953987926
166 2.37232272895437
167 2.37083638494709
168 2.36938681075906
169 2.36797982810195
170 2.36662076948961
171 2.36531447313595
172 2.36406528065121
173 2.36287703741942
174 2.36175309553161
175 2.36069631914178
176 2.35970909210602
177 2.35879332776018
178 2.35795048068652
179 2.35718156031697
180 2.35648714621746
181 2.35586740489691
182 2.35532210798316
183 2.35485065160881
184 2.35445207685046
185 2.35412509106707
186 2.35386808998507
187 2.35367918038147
188 2.35355620321975
189 2.35349675709762
190 2.35349822187078
191 2.353557782322
192 2.35367245175075
193 2.35383909536468
194 2.35405445336078
195 2.35431516359096
196 2.35461778371347
197 2.35495881273919
198 2.35533471188881
199 2.35574192468466
200 2.35617689620812
201 2.35663609146133
202 2.3571160127793
203 2.35761321624569
204 2.3581243270734
205 2.3586460539176
206 2.35917520209645
207 2.35970868570108
208 2.36024353858344
209 2.36077692421666
210 2.36130614442868
211 2.36182864701604
212 2.36234203224969
213 2.36284405829035
214 2.36333264553554
215 2.36380587992493
216 2.36426201523502
217 2.36469947439767
218 2.36511684988074
219 2.36551290317214
220 2.36588656341113
221 2.36623692521345
222 2.36656324573864
223 2.3668649410496
224 2.36714158181613
225 2.36739288841463
226 2.36761872547761
227 2.36781909594616
228 2.36799413467964
229 2.36814410167567
230 2.36826937495387
231 2.36837044315558
232 2.3684478979111
233 2.36850242602468
234 2.36853480152626
235 2.36854587763728
236 2.36853657869612
237 2.36850789208704
238 2.36846086021418
239 2.36839657256021
240 2.36831615786698
241 2.36822077647287
242 2.36811161283968
243 2.36798986829879
244 2.36785675404418
245 2.3677134843974
246 2.36756127036665
247 2.36740131351999
248 2.36723480018991
249 2.36706289602398
250 2.36688674089405
251 2.36670744417362
252 2.36652608039116
253 2.36634368526442
254 2.36616125211874
255 2.36597972869041
256 2.36580001431357
257 2.36562295748797
258 2.36544935382227
259 2.36527994434652
260 2.36511541418535
261 2.36495639158226
262 2.36480344726379
263 2.36465709413132
264 2.36451778726684
265 2.3643859242383
266 2.36426184568913
267 2.36414583619575
268 2.36403812537628
269 2.36393888923313
270 2.3638482517117
271 2.36376628645725
272 2.36369301875145
273 2.36362842761064
274 2.36357244802717
275 2.36352497333569
276 2.36348585768644
277 2.36345491860771
278 2.36343193964007
279 2.36341667302537
280 2.36340884243423
281 2.36340814571578
282 2.36341425765469
283 2.36342683272065
284 2.36344550779648
285 2.36346990487166
286 2.36349963368894
287 2.36353429433251
288 2.36357347974687
289 2.36361677817667
290 2.36366377551848
291 2.36371405757625
292 2.36376721221339
293 2.3638228313949
294 2.36388051311411
295 2.36393986319941
296 2.36400049699698
297 2.36406204092667
298 2.36412413390875
299 2.36418642865998
300 2.36424859285856
301 2.36431031017765
302 2.36437128118836
303 2.36443122413358
304 2.36448987557436
305 2.36454699091161
306 2.36460234478605
307 2.36465573135993
308 2.36470696448455
309 2.36475587775796
310 2.36480232447763
311 2.36484617749311
312 2.36488732896416
313 2.36492569002981
314 2.36496119039432
315 2.36499377783599
316 2.36502341764478
317 2.36505009199517
318 2.36507379926028
319 2.36509455327367
320 2.36511238254496
321 2.36512732943554
322 2.36513944930039
323 2.36514880960217
324 2.36515548900328
325 2.36515957644173
326 2.3651611701963
327 2.36516037694643
328 2.36515731083178
329 2.36515209251651
330 2.36514484826287
331 2.36513570901844
332 2.36512480952113
333 2.36511228742582
334 2.36509828245614
335 2.36508293558454
336 2.36506638824377
337 2.36504878157228
338 2.3650302556959
339 2.36501094904796
340 2.36499099772942
341 2.3649705349107
342 2.36494969027618
343 2.36492858951242
344 2.36490735384076
345 2.36488609959448
346 2.36486493784096
347 2.36484397404841
348 2.36482330779711
349 2.36480303253444
350 2.36478323537299
351 2.36476399693086
352 2.36474539121299
353 2.36472748553221
354 2.36471034046872
355 2.36469400986622
356 2.36467854086328
357 2.36466397395795
358 2.36465034310387
359 2.36463767583582
360 2.36462599342286
361 2.36461531104684
362 2.36460563800425
363 2.36459697792928
364 2.36458932903602
365 2.36458268437751
366 2.36457703211968
367 2.36457235582797
368 2.36456863476458
369 2.36456584419443
370 2.36456395569758
371 2.36456293748651
372 2.36456275472614
373 2.36456336985498
374 2.36456474290552
375 2.36456683182241
376 2.36456959277675
377 2.36457298047513
378 2.36457694846201
379 2.36458144941411
380 2.36458643542588
381 2.3645918582847
382 2.36459766973502
383 2.36460382173063
384 2.36461026667406
385 2.36461695764277
386 2.36462384860133
387 2.36463089459924
388 2.36463805195401
389 2.3646452784192
390 2.36465253333735
391 2.36465977777748
392 2.36466697465746
393 2.364674088851
394 2.36468108727971
395 2.36468793899018
396 2.36469461521656
397 2.36470108942887
398 2.36470733736753
399 2.36471333706449
400 2.11471333706449
401 2.06581109126144
402 2.01350854508365
403 1.96120568569195
404 1.90890250246314
405 1.85659898694287
406 1.80429513278956
407 1.75199093570987
408 1.69968639338656
409 1.64738150539941
410 1.59645767310792
411 1.54815732816991
412 1.50249726145907
413 1.45952240270023
414 1.41927748666232
415 1.38180670145805
416 1.34715335244245
417 1.31535962275757
418 1.28646640806446
419 1.26051320802228
420 1.23753042809164
421 1.2175271101279
422 1.20048855534899
423 1.2
424 1.2
425 1.2
426 1.2
427 1.2
428 1.2
429 1.20194828128294
430 1.20621806798566
431 1.21268582700981
432 1.22122175128426
433 1.23161549302843
434 1.24361266455911
435 1.25700560815154
436 1.27162539626075
437 1.28733360952525
438 1.30401592735346
439 1.32156635377735
440 1.33987366168766
441 1.35882116153803
442 1.37828896927294
443 1.39815628375083
444 1.41830386108995
445 1.43861597089807
446 1.45898153836111
447 1.47929472523246
448 1.49945513827366
449 1.51936785722568
450 1.53894346970583
451 1.55809817823617
452 1.57675395199761
453 1.59483868952197
454 1.61228636433398
455 1.62903713303014
456 1.6450373963755
457 1.66023981289941
458 1.67460326929187
459 1.68809281379192
460 1.70067955831735
461 1.71234055347138
462 1.72305863912126
463 1.73282227242736
464 1.74162533487691
465 1.7494669198743
466 1.75635110259645
467 1.762286694001
468 1.76728698100343
469 1.77136945489117
470 1.77455553002818
471 1.77687025484487
472 1.77834201703093
473 1.77900224476678
474 1.77888510574893
475 1.77802720568697
476 1.77646728787252
477 1.77424593534149
478 1.77140527706829
479 1.76798869954442
480 1.76404056500284
481 1.75960593745633
482 1.75473031762216
483 1.74945938770848
484 1.74383876694041
485 1.73791377860659
486 1.73172922931034
487 1.72532920101407
488 1.71875685637132
489 1.71205425774895
490 1.70526220025148
491 1.69842005897265
492 1.69156565061427
493 1.68473510953132
494 1.6779627781844
495 1.67128111190626
496 1.66472059781918
497 1.65830968767371
498 1.65207474431748
499 1.64604000144528
500 1.64022753622877
501 1.63465725437559
502 1.62934688712381
503 1.62431199963854
504 1.61956601024264
505 1.61512021988357
506 1.61098385121264
507 1.60716409663177
508 1.6036661746461
509 1.60049339384816
510 1.59764722385038
511 1.59512737247883
512 1.59293186853945
513 1.59105714947145
514 1.58949815320831
515 1.5882484135767
516 1.58730015857569
517 1.58664441089428
518 1.58627109004315
519 1.58616911549685
520 1.58632651026519
521 1.58673050433732
522 1.58736763746806
523 1.58822386080399
524 1.58928463687598
525 1.59053503751512
526 1.59195983928003
527 1.59354361601578
528 1.59527082819652
529 1.59712590873704
530 1.59909334499113
531 1.60115775668734
532 1.60330396958533
533 1.60551708466827
534 1.60778254271819
535 1.61008618415247
536 1.61241430402947
537 1.61475370216096
538 1.61709172829697
539 1.61941632237599
540 1.62171604985926
541 1.62398013219253
542 1.62619847246204
543 1.62836167633306
544 1.63046106838011
545 1.63248870393635
546 1.63443737660749
547 1.63630062161094
548 1.63807271511544
549 1.63974866976888
550 1.64132422661328
551 1.6427958435953
552 1.64416068088895
553 1.64541658325333
554 1.64656205965379
555 1.64759626037815
556 1.64851895188217
557 1.64933048959945
558 1.65003178895044
559 1.65062429478404
560 1.65110994948238
561 1.65149115995591
562 1.65177076375096
563 1.65195199448663
564 1.65203844683084
565 1.65203404121875
566 1.6519429885081
567 1.65176975475779
568 1.65151902630661
569 1.65119567531941
570 1.65080472595779
571 1.65035132132188
572 1.64984069129925
573 1.64927812144566
574 1.64866892301165
575 1.64801840421738
576 1.64733184286727
577 1.64661446038471
578 1.64587139733584
579 1.64510769050091
580 1.64432825154061
581 1.64353784729461
582 1.64274108173907
583 1.6419423796204
584 1.64114597177267
585 1.64035588211743
586 1.63957591633555
587 1.63880965219299
588 1.63806043149417
589 1.63733135362998
590 1.63662527068001
591 1.63594478402303
592 1.63529224240369
593 1.63466974139827
594 1.63407912421791
595 1.63352198378334
596 1.63299966600187
597 1.63251327417419
598 1.63206367445605
599 1.63165150229784
600 1.63127716978367
601 1.63094087379039
602 1.63064260488644
603 1.63038215689038
604 1.6301591370089
605 1.62997297647536
606 1.62982294161031
607 1.62970814522737
608 1.62962755830939
609 1.6295800218818
610 1.62956425901255
611 1.62957888687067
612 1.62962242877797
613 1.62969332619205
614 1.62978995056128
615 1.62991061499649
616 1.63005358570713
617 1.63021709315347
618 1.63039934287015
619 1.63059852592006
620 1.63081282894146
621 1.6310404437548
622 1.63127957650002
623 1.63152845627831
624 1.6317853432765
625 1.63204853635577
626 1.63231638009008
627 1.63258727124306
628 1.63285966467575
629 1.63313207868081
630 1.63340309974191
631 1.63367138672015
632 1.63393567447217
633 1.63419477690752
634 1.63444758949509
635 1.63469309123109
636 1.63493034608333
637 1.63515850392811
638 1.63537680099867
639 1.635584559865
640 1.63578118896702
641 1.63596618172394
642 1.63613911524402
643 1.63629964865991
644 1.63644752111531
645 1.63658254942963
646 1.63670462546741
647 1.63681371323998
648 1.63690984576651
649 1.63699312172197
650 1.63706370189912
651 1.63712180551148
652 1.63716770636384
653 1.63720172891606
654 1.63722424426582
655 1.63723566607459
656 1.6372364464607
657 1.63722707188231
658 1.6372080590321
659 1.63717995076442
660 1.63714331207444
661 1.63709872614791
662 1.63704679049868
663 1.63698811320987
664 1.63692330929361
665 1.63685299718254
666 1.63677779536537
667 1.63669831917722
668 1.63661517775418
669 1.63652897116051
670 1.6364402876952
671 1.63634970138375
672 1.63625776965955
673 1.63616503123816
674 1.63607200418667
675 1.63597918418909
676 1.63588704300775
677 1.63579602713971
678 1.63570655666607
679 1.63561902429129
680 1.63553379456879
681 1.63545120330818
682 1.6353715571589
683 1.63529513336421
684 1.63522217967904
685 1.63515291444451
686 1.63508752681155
687 1.63502617710559
688 1.63496899732388
689 1.63491609175677
690 1.63486753772408
691 1.63482338641733
692 1.63478366383865
693 1.63474837182701
694 1.63471748916249
695 1.63469097273918
696 1.63466875879747
697 1.63465076420675
698 1.63463688778928
699 1.63462701167676
700 1.63462100269083
701 1.63461871373934
702 1.63461998522042
703 1.63462464642672
704 1.63463251694247
705 1.63464340802649
706 1.63465712397466
707 1.63467346345565
708 1.63469222081428
709 1.63471318733723
710 1.63473615247625
711 1.63476090502451
712 1.63478723424216
713 1.63481493092753
714 1.63484378843107
715 1.63487360360922
716 1.63490417771621
717 1.63493531723191
718 1.63496683462444
719 1.63499854904655
720 1.63503028696529
721 1.63506188272467
722 1.6350931790416
723 1.63512402743548
724 1.63515428859243
725 1.63518383266511
726 1.63521253950973
727 1.63524029886172
728 1.63526701045212
729 1.63529258406683
730 1.63531693955087
731 1.63534000676038
732 1.63536172546491
733 1.63538204520274
734 1.6354009250923
735 1.63541833360257
736 1.63543424828556
737 1.63544865547406
738 1.63546154994772
739 1.63547293457084
740 1.63548281990483
741 1.63549122379864
742 1.63549817096032
743 1.63550369251271
744 1.63550782553644
745 1.63551061260292
746 1.63551210130063
747 1.635512343757
748 1.63551139615893
749 1.63550931827433
750 1.63550617297714
751 1.63550202577811
752 1.63549694436358
753 1.63549099814423
754 1.63548425781565
755 1.63547679493255
756 1.63546868149813
757 1.63545998957001
758 1.63545079088412
759 1.63544115649752
760 1.63543115645124
761 1.63542085945392
762 1.63541033258698
763 1.63539964103171
764 1.63538884781896
765 1.63537801360134
766 1.63536719644837
767 1.63535645166446
768 1.63534583162953
769 1.63533538566225
770 1.63532515990539
771 1.63531519723297
772 1.63530553717854
773 1.63529621588426
774 1.63528726606971
775 1.63527871702008
776 1.63527059459254
777 1.63526292124024
778 1.63525571605272
779 1.63524899481202
780 1.63524277006329
781 1.6352370511989
782 1.63523184455511
783 1.63522715352007
784 1.6352229786521
785 1.63521931780731
786 1.63521616627519
787 1.6352135169214
788 1.63521136033647
789 1.63520968498945
790 1.6352084773855
791 1.6352077222264
792 1.63520740257297
793 1.63520750000857
794 1.63520799480271
795 1.63520886607388
796 1.63521009195092
797 1.63521164973203
798 1.63521351604078
799 1.63521566697841
800 1.81260653981033
801 1.82483611003225
802 1.83791589150797
803 1.8509958596781
804 1.86407599014723
805 1.87715625880284
806 1.89023664192731
807 1.90331711630268
808 1.91639765930803
809 1.92947824900927
810 1.94157870905301
811 1.95194165395747
812 1.96077536926279
813 1.96823268188175
814 1.9744315715094
815 1.9794629055401
816 1.98339648298264
817 1.98628573988725
818 1.98817141227967
819 1.98908438716125
820 1.98905333698411
821 1.98811444214663
822 1.9863127148927
823 1.9836985881136
824 1.98032568208277
825 1.97624933291833
826 1.97152565378919
827 1.96621096364846
828 1.96036146535439
829 1.95403308937224
830 1.9472814142509
831 1.94016155774722
832 1.93272798965732
833 1.92503429480469
834 1.91713292554088
835 1.90907496501431
836 1.90090991155621
837 1.89268548788456
838 1.88444747498501
839 1.87623956849253
840 1.86810325465877
841 1.86007770340802
842 1.85219967710101
843 1.84450345459419
844 1.83702077059293
845 1.82978077031171
846 1.82280997930248
847 1.8161322881174
848 1.80976895129611
849 1.80373860003644
850 1.79805726782556
851 1.79273842826819
852 1.78779304433203
853 1.78322962822379
854 1.77905431110215
855 1.77527092182593
856 1.77188107392684
857 1.76888425998934
858 1.76627795261657
859 1.76405771116271
860 1.7622172934176
861 1.76074877144069
862 1.75964265075608
863 1.75888799213909
864 1.7584725352469
865 1.75838282337035
866 1.75860432861131
867 1.75912157681988
868 1.75991827165691
869 1.76097741718123
870 1.76228143839588
871 1.76381229922408
872 1.76555161742335
873 1.76748077598428
874 1.76958103059991
875 1.77183361283052
876 1.77421982862842
877 1.77672115192683
878 1.77931931303564
879 1.78199638162622
880 1.78473484412472
881 1.78751767537121
882 1.79032840443777
883 1.79315117453408
884 1.79597079696293
885 1.79877279912039
886 1.80154346656679
887 1.8042698792239
888 1.80693994178178
889 1.80954240842461
890 1.81206690200963
891 1.81450392785552
892 1.81684488231738
893 1.81908205634444
894 1.82120863423335
895 1.82321868780531
896 1.82510716624803
897 1.82686988187545
898 1.82850349206712
899 1.83000547765712
900 1.83137411804846
901 1.83260846333283
902 1.83370830369848
903 1.83467413640999
904 1.83550713064298
905 1.83620909045515
906 1.83678241617155
907 1.83723006445751
908 1.83755550734679
909 1.83776269048544
910 1.83785599084437
911 1.8378401741442
912 1.83772035222641
913 1.83750194059463
914 1.83719061633803
915 1.8367922766377
916 1.83631299804417
917 1.83575899670175
918 1.83513658968229
919 1.83445215757782
920 1.83371210848786
921 1.83292284352404
922 1.83209072394082
923 1.831222039988
924 1.83032298156689
925 1.82939961075947
926 1.82845783628648
927 1.82750338993794
928 1.82654180500763
929 1.82557839675071
930 1.82461824487279
931 1.82366617804744
932 1.82272676044912
933 1.82180428027823
934 1.8209027402462
935 1.82002584997945
936 1.81917702029321
937 1.81835935927871
938 1.8175756701405
939 1.81682845071433
940 1.81611989459067
941 1.81545189376418
942 1.81482604272478
943 1.8142436439029
944 1.81370571437814
945 1.81321299375833
946 1.81276595313426
947 1.81236480501391
948 1.81200951413968
949 1.81169980909179
950 1.81143519458129
951 1.81121496433747
952 1.81103821449506
953 1.81090385738909
954 1.81081063566691
955 1.81075713662962
956 1.810741806718
957 1.81076296606108
958 1.81081882300916
959 1.81090748857649
960 1.811026990723
961 1.81117528840837
962 1.81135028535608
963 1.81154984346945
964 1.81177179584614
965 1.81201395934212
966 1.81227414664074
967 1.81255017778712
968 1.81283989115269
969 1.81314115379933
970 1.81345187121701
971 1.81376999641326
972 1.81409353833739
973 1.81442056962622
974 1.81474923366257
975 1.81507775094156
976 1.81540442474362
977 1.81572764611671
978 1.81604589817376
979 1.81635775971471
980 1.81666190818535
981 1.81695712198827
982 1.81724228216383
983 1.81751637346142
984 1.81777848482353
985 1.81802780930725
986 1.81826364346956
987 1.81848538624421
988 1.81869253733952
989 1.8188846951875
990 1.81906155447555
991 1.81922290329288
992 1.81936861992402
993 1.81949866932256
994 1.81961309929797
995 1.81971203644848
996 1.819795681873
997 1.8198643066943
998 1.81991824742544
999 1.81995790121079
1000 1.81998372097188
1001 1.8199962104879
1002 1.81999591943918
1003 1.8199834384411
1004 1.81995939409472
1005 1.81992444407886
1006 1.8198792723073
1007 1.81982458417321
1008 1.81976110190127
1009 1.81968956002691
1010 1.81961070101998
1011 1.81952527106906
1012 1.81943401604075
1013 1.81933767762697
1014 1.81923698969139
1015 1.81913267482492
1016 1.81902544111843
1017 1.81891597915938
1018 1.81880495925768
1019 1.81869302890454
1020 1.81858081046682
1021 1.81846889911785
1022 1.81835786100475
1023 1.81824823165065
1024 1.81814051458939
1025 1.81803518022899
1026 1.81793266493937
1027 1.8178333703585
1028 1.81773766291072
1029 1.81764587352981
1030 1.8175582975789
1031 1.81747519495845
1032 1.81739679039323
1033 1.81732327388838
1034 1.81725480134456
1035 1.81719149532155
1036 1.81713344593952
1037 1.81708071190701
1038 1.81703332166439
1039 1.81699127463156
1040 1.81695454254862
1041 1.8169230708983
1042 1.81689678039893
1043 1.81687556855705
1044 1.81685931126877
1045 1.81684786445947
1046 1.81684106575133
1047 1.81683873614904
1048 1.81684068173389
1049 1.81684669535723
1050 1.81685655832438
1051 1.81687004206088
1052 1.81688690975313
1053 1.8169069179561
1054 1.81692981816141
1055 1.81695535831927
1056 1.81698328430871
1057 1.81701334135077
1058 1.81704527535995
1059 1.81707883422976
1060 1.8171137690488
1061 1.81714983524412
1062 1.81718679364952
1063 1.81722441149644
1064 1.81726246332611
1065 1.81730073182165
1066 1.81733900855967
1067 1.81737709468111
1068 1.8174148014815
1069 1.81745195092142
1070 1.81748837605812
1071 1.81752392139965
1072 1.81755844318337
1073 1.81759180958077
1074 1.8176239008309
1075 1.81765460930521
1076 1.81768383950636
1077 1.81771150800425
1078 1.81773754331242
1079 1.8177618857082
1080 1.81778448700015
1081 1.81780531024643
1082 1.81782432942783
1083 1.8178415290792
1084 1.8178569038832
1085 1.81787045823008
1086 1.8178822057475
1087 1.81789216880404
1088 1.8179003779903
1089 1.81790687158134
1090 1.81791169498396
1091 1.81791490017252
1092 1.81791654511675
1093 1.81791669320475
1094 1.81791541266459
1095 1.8179127759874
1096 1.81790885935499
1097 1.81790374207469
1098 1.81789750602407
1099 1.81789023510787
1100 1.81788201472948
1101 1.81787293127907
1102 1.81786307164007
1103 1.81785252271595
1104 1.81784137097864
1105 1.81782970204009
1106 1.8178176002479
1107 1.8178051483063
1108 1.817792426923
1109 1.81777951448273
1110 1.81776648674786
1111 1.81775341658643
1112 1.8177403737277
1113 1.81772742454527
1114 1.81771463186757
1115 1.81770205481547
1116 1.81768974866665
1117 1.81767776474609
1118 1.81766615034212
1119 1.81765494864729
1120 1.81764419872317
1121 1.81763393548826
1122 1.81762418972784
1123 1.81761498812488
1124 1.81760635331079
1125 1.81759830393477
1126 1.81759085475072
1127 1.81758401672022
1128 1.81757779713057
1129 1.81757219972629
1130 1.81756722485305
1131 1.81756286961254
1132 1.817559128027
1133 1.81755599121221
1134 1.81755344755745
1135 1.81755148291147
1136 1.8175500807729
1137 1.8175492224842
1138 1.81754888742775
1139 1.81754905322311
1140 1.81754969592436
1141 1.8175507902164
1142 1.81755230960934
1143 1.81755422662998
1144 1.81755651300965
1145 1.81755913986742
1146 1.81756207788809
1147 1.81756529749421
1148 1.81756876901155
1149 1.81757246282742
1150 1.81757634954141
1151 1.81758040010803
1152 1.81758458597098
1153 1.81758887918865
1154 1.81759325255072
1155 1.8175976796855
1156 1.81760213515807
1157 1.81760659455893
1158 1.81761103458336
1159 1.81761543310131
1160 1.81761976921804
1161 1.81762402332546
1162 1.81762817714458
1163 1.81763221375899
1164 1.81763611763975
1165 1.817639874662
1166 1.81764347211346
1167 1.81764689869526
1168 1.81765014451533
1169 1.8176532010749
1170 1.81765606124834
1171 1.81765871925678
1172 1.81766117063602
1173 1.81766341219912
1174 1.81766544199396
1175 1.81766725925654
1176 1.81766886436012
1177 1.81767025876087
1178 1.81767144494042
1179 1.81767242634571
1180 1.81767320732665
1181 1.8176737930719
1182 1.81767418954332
1183 1.81767440340943
1184 1.81767444197826
1185 1.81767431312993
1186 1.8176740252495
1187 1.81767358716014
1188 1.81767300805722
1189 1.81767229744348
1190 1.81767146506555
1191 1.81767052085222
1192 1.81766947485451
1193 1.81766833718795
1194 1.81766711797715
1195 1.81766582730285
1196 1.81766447515172
1197 1.81766307136886
1198 1.81766162561334
1199 1.8176601473166
1200 1.81765864564412
