1 2
2 2
3 2
4 2
5 2
6 2
7 2
8 2
9 2
10 2
11 2
12 2
13 2
14 2
15 2
16 2
17 2
18 2
19 2
20 2
21 2
22 2
23 2
24 2
25 2
26 2
27 2
28 2
29 2
30 2.25
31 2.283825
32 2.3182
33 2.352575
34 2.38695
35 2.421325
36 2.4557
37 2.490075
38 2.52445
39 2.558825
40 2.59098944307656
41 2.61910917920196
42 2.64345478513972
43 2.66422668506381
44 2.68157697324044
45 2.69562029025056
46 2.70644228982496
47 2.71410622488273
48 2.71865806897703
49 2.7201304973273
50 2.7185655261832
51 2.71404670602444
52 2.70670293838679
53 2.69669535806959
54 2.68420803240801
55 2.66944136135534
56 2.65260743163241
57 2.63392677659935
58 2.61362614075092
59 2.59193695666546
60 2.56909414976332
61 2.54533473471791
62 2.52089595507368
63 2.49601314592665
64 2.47091756245357
65 2.4458343113343
66 2.42098045468433
67 2.39656331386257
68 2.37277897514692
69 2.34981098501774
70 2.327829217229
71 2.30698889721204
72 2.28742977843854
73 2.26927547289138
74 2.25263294012521
75 2.23759213807984
76 2.224225836051
77 2.21258958723551
78 2.20272185565634
79 2.19464429028208
80 2.18836213781503
81 2.1838647848068
82 2.18112641925383
83 2.18010680142224
84 2.18075213325077
85 2.1829960152763
86 2.18676047965341
87 2.19195708754211
88 2.19848807894635
89 2.20624756301858
90 2.21512273690416
91 2.22499512137753
92 2.23574180180552
93 2.24723666335088
94 2.25935160978777
95 2.27195775583312
96 2.28492658349611
97 2.29813105360558
98 2.31144666438591
99 2.32475244970798
100 2.33793191043604
101 2.35087387311495
102 2.36347327108712
103 2.375631843986
104 2.3872587524153
105 2.39827110548173
106 2.40859439969786
107 2.41816286860157
108 2.4269197432454
109 2.43481742448453
110 2.44181756873197
111 2.44789108954776
112 2.45301807808157
113 2.45718764599035
114 2.46039769500181
115 2.4626546177869
116 2.46397293523864
117 2.46437487562804
118 2.46388990142006
119 2.46255418978294
120 2.46041007301224
121 2.45750544521827
122 2.45389314169202
123 2.44963029737296
124 2.44477769079379
125 2.43939907977421
126 2.43356053498233
127 2.42732977728016
128 2.4207755245231
129 2.41396685319623
130 2.40697257994571
131 2.39986066770734
132 2.3926976607486
133 2.38554815253193
134 2.37847428987834
135 2.37153531646655
136 2.36478715824916
137 2.35828205290657
138 2.35206822499704
139 2.34618960800112
140 2.34068561400437
141 2.33559095131814
142 2.33093548990704
143 2.32674417407783
144 2.32303698148968
145 2.3198289271739
146 2.31713011090405
147 2.31494580593728
148 2.31327658685671
149 2.31211849398362
150 2.31146323159947
151 2.3112983970205
152 2.31160773740454
153 2.3123714310387
154 2.31356638975958
155 2.31516657909332
156 2.31714335267041
157 2.31946579746945
158 2.32210108647355
159 2.32501483538117
160 2.32817146009895
161 2.33153453185515
162 2.33506712690737
163 2.33873216797462
164 2.34249275469994
165 2.34631248064304
166 2.35015573451085
167 2.35398798355426
168 2.35777603729105
169 2.36148828995297
170 2.36509494029998
171 2.36856818769136
172 2.37188240355189
173 2.37501427761784
174 2.37794293859086
175 2.38065004906542
176 2.3831198748259
177 2.38533932883053
178 2.3872979904097
179 2.38898810040455
180 2.39040453315617
181 2.391544746426
182 2.39240871048235
183 2.39299881772594
184 2.39331977434859
185 2.39337847562247
186 2.39318386650349
187 2.39274678930001
188 2.39207982020867
189 2.39119709655126
190 2.39011413656229
191 2.38884765357515
192 2.38741536643759
193 2.38583580795368
194 2.38412813310252
195 2.38231192872227
196 2.38040702627471
197 2.37843331921989
198 2.37641058643529
199 2.37435832300882
200 2.37229557962262
201 2.37024081162538
202 2.3682117387664
203 2.36622521643603
204 2.36429711912593
205 2.3624422366896
206 2.36067418385067
207 2.35900532327405
208 2.35744670238504
209 2.35600800399397
210 2.35469751066131
211 2.35352208261975
212 2.35248714895776
213 2.35159671166356
214 2.35085336203009
215 2.35025830883138
216 2.34981141759873
217 2.34951126025215
218 2.34935517427841
219 2.34933933059299
220 2.34945880917765
221 2.34970768155044
222 2.3500790990989
223 2.35056538629077
224 2.35115813776948
225 2.35184831834322
226 2.35262636488708
227 2.35348228919603
228 2.35440578085324
229 2.35538630921149
230 2.35641322362604
231 2.35747585112348
232 2.35856359074332
233 2.35966600384522
234 2.36077289973627
235 2.36187441603647
236 2.36296109326807
237 2.36402394322335
238 2.36505451073604
239 2.36604492855319
240 2.36698796507519
241 2.36787706480307
242 2.36870638140147
243 2.36947080335405
244 2.37016597225358
245 2.37078829383219
246 2.37133494189688
247 2.3718038553919
248 2.37219372886144
249 2.37250399663447
250 2.37273481109672
251 2.37288701545346
252 2.37296211142056
253 2.37296222230994
254 2.37289005199901
255 2.37274884029223
256 2.372542315196
257 2.37227464263664
258 2.37195037415427
259 2.37157439310399
260 2.37115185988974
261 2.37068815674565
262 2.37018883256517
263 2.36965954825973
264 2.36910602310673
265 2.36853398252132
266 2.36794910765839
267 2.36735698722041
268 2.36676307181383
269 2.3661726311623
270 2.36559071444838
271 2.36502211401871
272 2.36447133264919
273 2.36394255452876
274 2.36343962008187
275 2.36296600471188
276 2.36252480151019
277 2.36211870793959
278 2.36175001646525
279 2.36142060907292
280 2.36113195558229
281 2.3608851156334
282 2.360680744196
283 2.36051910042682
284 2.36040005967599
285 2.3603231284242
286 2.36028746191356
287 2.36029188422078
288 2.36033491050857
289 2.3604147711816
290 2.36052943766673
291 2.36067664953287
292 2.36085394266467
293 2.3610586782048
294 2.36128807198384
295 2.36153922416191
296 2.36180914881486
297 2.36209480320766
298 2.36239311650967
299 2.36270101772042
300 2.36301546258944
301 2.36333345933065
302 2.36365209294942
303 2.36396854801906
304 2.36428012976317
305 2.36458428332015
306 2.36487861108657
307 2.36516088805677
308 2.36542907509652
309 2.36568133010896
310 2.36591601707084
311 2.36613171293696
312 2.36632721242898
313 2.36650153074294
314 2.36665390422709
315 2.36678378909695
316 2.36689085826995
317 2.36697499641507
318 2.36703629332528
319 2.36707503573143
320 2.36709169768543
321 2.36708692964872
322 2.3670615464283
323 2.36701651410763
324 2.36695293612321
325 2.36687203863967
326 2.36677515537677
327 2.36666371204124
328 2.36653921051394
329 2.36640321293989
330 2.366257325864
331 2.36610318455006
332 2.36594243761354
333 2.36577673209179
334 2.36560769906663
335 2.36543693994532
336 2.36526601349653
337 2.3650964237276
338 2.36492960867899
339 2.36476693020111
340 2.36460966476758
341 2.36445899536815
342 2.36431600451328
343 2.36418166837172
344 2.36405685205143
345 2.36394230602411
346 2.36383866368335
347 2.3637464400169
348 2.36366603136448
349 2.36359771622427
350 2.36354165706287
351 2.36349790307704
352 2.36346639384835
353 2.36344696382672
354 2.36343934757358
355 2.3634431856913
356 2.36345803136216
357 2.36348335741763
358 2.36351856385676
359 2.36356298573171
360 2.36361590131801
361 2.36367654048768
362 2.36374409320447
363 2.36381771806253
364 2.36389655079184
365 2.36397971265734
366 2.36406631868178
367 2.36415548562666
368 2.36424633967011
369 2.36433802372525
370 2.36442970434784
371 2.36452057818767
372 2.36460987794342
373 2.36469687778681
374 2.36478089822764
375 2.36486131039721
376 2.36493753973361
377 2.36500906905817
378 2.36507544103795
379 2.36513626003505
380 2.36519119334839
381 2.36523997185925
382 2.36528239009619
383 2.36531830573996
384 2.36534763859268
385 2.36537036903989
386 2.36538653603703
387 2.36539623465538
388 2.36539961322463
389 2.36539687011181
390 2.36538825017788
391 2.36537404095474
392 2.36535456858604
393 2.36533019357618
394 2.36530130639141
395 2.3652683229571
396 2.36523168009423
397 2.36519183093748
398 2.36514924037551
399 2.36510438055279
400 2.11510438055279
401 2.04740640580123
402 1.9786075784628
403 1.90980835720675
404 1.84100918760952
405 1.77221049872201
406 1.70341269990557
407 1.63461617795467
408 1.56582129452112
409 1.49702838385156
410 1.43044789524414
411 1.36821305455207
412 1.31056531810684
413 1.2577137718931
414 1.20983157184064
415 1.2
416 1.2
417 1.2
418 1.2
419 1.2
420 1.2
421 1.2
422 1.2
423 1.20063875266687
424 1.20642443326528
425 1.21684035417219
426 1.23109109722932
427 1.24847238898863
428 1.26842869326063
429 1.29052059609007
430 1.31439946365422
431 1.33978768608609
432 1.36646327322435
433 1.39424219303505
434 1.42292521548055
435 1.4522694852931
436 1.48200868194382
437 1.51187026741125
438 1.54158704753738
439 1.57090410285922
440 1.5995825650375
441 1.62740128770217
442 1.65415715126854
443 1.67966456741955
444 1.70375495983605
445 1.72627689875971
446 1.74709679771747
447 1.76609973901105
448 1.78319016044154
449 1.79829227840283
450 1.81135021323825
451 1.82232783322932
452 1.83120835854622
453 1.83799377538051
454 1.84270410623191
455 1.84537656688247
456 1.84606462388732
457 1.84483695783808
458 1.84177633673556
459 1.83697840633043
460 1.83055040759056
461 1.82260983420302
462 1.81328304471348
463 1.8027038444944
464 1.79101205241486
465 1.77835206622072
466 1.76487143960552
467 1.75071948300243
468 1.73604589931164
469 1.72099946505014
470 1.70572676670229
471 1.69037100130229
472 1.67507084946412
473 1.65995942818333
474 1.64516332978125
475 1.63080175236676
476 1.61698572617656
477 1.6038174391409
478 1.59138966402052
479 1.57978528848118
480 1.56907694852051
481 1.55932676474233
482 1.5505861800931
483 1.54289589683605
484 1.53628590975001
485 1.53077563180384
486 1.5263741078814
487 1.52308031151849
488 1.52088351906626
489 1.51976375521803
490 1.51969230342859
491 1.52063227441962
492 1.52253922570089
493 1.52536182484425
494 1.52904254912576
495 1.53351841409843
496 1.5387217236725
497 1.54458083435901
498 1.55102092647285
499 1.55796477528995
500 1.56533351540633
501 1.5730473918492
502 1.58102649183911
503 1.58919145149148
504 1.59746413217117
505 1.6057682616703
506 1.61403003586183
507 1.62217867698437
508 1.63014694523226
509 1.63787160085414
510 1.64529381449751
511 1.65235952407201
512 1.65901973693479
513 1.66523077672387
514 1.67095447467434
515 1.67615830574507
516 1.68081547035483
517 1.68490492297503
518 1.68841134924652
519 1.69132509367901
520 1.69364204035036
521 1.69536344934772
522 1.69649575198115
523 1.69705030805256
524 1.69704312867684
525 1.69649456832744
526 1.69542898991631
527 1.69387440681663
528 1.6918621057979
529 1.68942625486715
530 1.68660349999782
531 1.68343255468218
532 1.67995378616339
533 1.67620880209385
534 1.67224004122713
535 1.66809037158569
536 1.66380269935634
537 1.65941959155473
538 1.65498291526913
539 1.6505334960475
540 1.64611079773136
541 1.64175262576898
542 1.63749485576126
543 1.63337118870936
544 1.62941293414605
545 1.62564882204569
546 1.62210484412339
547 1.61880412485418
548 1.61576682227064
549 1.61301005833439
550 1.61054787842493
551 1.60839123925081
552 1.6065480242638
553 1.60502308544902
554 1.60381831017356
555 1.60293271160382
556 1.60236254104906
557 1.60210142045595
558 1.60214049316589
559 1.6024685909554
560 1.60307241530824
561 1.60393673081742
562 1.60504456858453
563 1.60637743747342
564 1.60791554108344
565 1.60963799833456
566 1.61152306560081
567 1.61354835838966
568 1.61569107064086
569 1.61792818980888
570 1.6202367059959
571 1.62259381351749
572 1.62497710340725
573 1.62736474550027
574 1.62973565887569
575 1.63206966958438
576 1.63434765473832
577 1.63655167219073
578 1.63866507519029
579 1.64067261154672
580 1.64256050699725
581 1.64431653261347
582 1.64593005623334
583 1.647392078044
584 1.64869525057517
585 1.64983388349041
586 1.65080393368246
587 1.65160298128967
588 1.65223019235168
589 1.6526862689133
590 1.65297338746697
591 1.6530951266937
592 1.65305638552194
593 1.65286329257162
594 1.6525231080879
595 1.65204411949481
596 1.65143553171443
597 1.65070735340156
598 1.64987028023827
599 1.64893557641718
600 1.64791495541748
601 1.64682046114408
602 1.64566435045841
603 1.64445897808019
604 1.6432166847834
605 1.64194968974739
606 1.64066998785666
607 1.63938925267091
608 1.63811874571116
609 1.63686923262907
610 1.63565090674591
611 1.63447332036538
612 1.63334532418186
613 1.63227501502314
614 1.63126969208482
615 1.63033582173378
616 1.62947901088001
617 1.62870398884106
618 1.62801459755175
619 1.62741378990389
620 1.62690363593733
621 1.6264853365448
622 1.62615924429949
623 1.6259248909658
624 1.62578102121119
625 1.62572563199999
626 1.62575601711883
627 1.62586881625861
628 1.62606006805828
629 1.62632526650274
630 1.62665942005969
631 1.62705711293822
632 1.62751256785579
633 1.62801970970926
634 1.62857222955903
635 1.62916364835465
636 1.62978737985243
637 1.63043679220291
638 1.63110526771649
639 1.63178626034903
640 1.63247335048601
641 1.63316029664247
642 1.63384108373693
643 1.63450996763981
644 1.63516151574035
645 1.63579064332008
646 1.63639264556536
647 1.6369632250957
648 1.63749851492852
649 1.63799509684341
650 1.63845001515126
651 1.63886078591302
652 1.63922540169163
653 1.63954233195661
654 1.6398105192944
655 1.64002937160919
656 1.64019875052703
657 1.64031895624198
658 1.6403907090652
659 1.64041512795794
660 1.640393706345
661 1.64032828551906
662 1.64022102595563
663 1.64007437686542
664 1.63989104431471
665 1.63967395824452
666 1.6394262387175
667 1.63915116171619
668 1.63885212480852
669 1.63853261298624
670 1.63819616496951
671 1.63784634025604
672 1.63748668717677
673 1.63712071220167
674 1.63675185071961
675 1.63638343949525
676 1.63601869098368
677 1.63566066966116
678 1.63531227050636
679 1.63497619974337
680 1.63465495793355
681 1.63435082547966
682 1.63406585058231
683 1.63380183966586
684 1.63356035026855
685 1.63334268637027
686 1.63314989611104
687 1.63298277183394
688 1.63284185236817
689 1.63272742745166
690 1.63263954417696
691 1.63257801533128
692 1.63254242948902
693 1.6325321627052
694 1.63254639164961
695 1.63258410801458
696 1.63264413402404
697 1.6327251388685
698 1.63282565588817
699 1.63294410032698
700 1.63307878748105
701 1.63322795106844
702 1.63338976165131
703 1.6335623449469
704 1.63374379987112
705 1.63393221616608
706 1.63412569147225
707 1.63432234771548
708 1.63452034669013
709 1.63471790473065
710 1.63491330637601
711 1.63510491694342
712 1.63529119394061
713 1.6354706972585
714 1.63564209809889
715 1.6358041866047
716 1.63595587817246
717 1.63609621843949
718 1.63622438694975
719 1.6363396995139
720 1.63644160929005
721 1.63652970662177
722 1.63660371767974
723 1.63666350196198
724 1.63670904871583
725 1.63674047235189
726 1.63675800692643
727 1.63676199977434
728 1.63675290437897
729 1.63673127256886
730 1.63669774613416
731 1.63665304795696
732 1.63659797275093
733 1.6365333775055
734 1.63646017172891
735 1.63637930758301
736 1.63629177000002
737 1.63619856686871
738 1.6361007193733
739 1.63599925256441
740 1.63589518623616
741 1.63578952617855
742 1.63568325586796
743 1.63557732865308
744 1.63547266048664
745 1.6353701232471
746 1.63527053868751
747 1.63517467304191
748 1.63508323231286
749 1.63499685825679
750 1.63491612507727
751 1.63484153682953
752 1.63477352553336
753 1.63471244998546
754 1.63465859525627
755 1.63461217285112
756 1.63457332151025
757 1.63454210861772
758 1.63451853218478
759 1.63450252336975
760 1.63449394949282
761 1.63449261750161
762 1.63449827784082
763 1.63451062867741
764 1.63452932043163
765 1.63455396056298
766 1.63458411856001
767 1.63461933108298
768 1.63465910720868
769 1.63470293372773
770 1.63475028044624
771 1.63480060544496
772 1.63485336025154
773 1.63490799488364
774 1.63496396272335
775 1.63502072518629
776 1.63507775615193
777 1.63513454612476
778 1.6351906060998
779 1.63524547110898
780 1.63529870342901
781 1.63534989543475
782 1.63539867208582
783 1.63544469303809
784 1.63548765437476
785 1.63552728995586
786 1.63556337238799
787 1.63559571361947
788 1.6356241651693
789 1.63564861800098
790 1.6356690020553
791 1.63568528545831
792 1.63569747342325
793 1.63570560686709
794 1.63570976076397
795 1.63571004225968
796 1.63570658857218
797 1.6356995647042
798 1.63568916099503
799 1.63567559053842
800 1.88567559053842
801 1.90256890336559
802 1.91973479800294
803 1.93689855102506
804 1.95406044779875
805 1.97122077966496
806 1.98837984116998
807 2.0055379273685
808 2.02269533121945
809 2.03985234109417
810 2.05479853555866
811 2.06584947967911
812 2.07353188560572
813 2.07825105963775
814 2.08032185391295
815 2.07998869866214
816 2.07744120623024
817 2.07282632364776
818 2.06625779685148
819 2.05782354096159
820 2.04761092715983
821 2.03573972256882
822 2.02236434241528
823 2.00765908306786
824 1.99180828238047
825 1.97499990140317
826 1.95742149383941
827 1.93925781945438
828 1.92068956988486
829 1.90189283005228
830 1.88303883784138
831 1.86429348684017
832 1.8458163440518
833 1.82775939750135
834 1.81026579490929
835 1.79346870966648
836 1.77749039344196
837 1.7624414290321
838 1.74842017163948
839 1.73551235424872
840 1.72379082969489
841 1.71331542792766
842 1.70413291802609
843 1.69627707312285
844 1.68976883914037
845 1.68461660711008
846 1.68081658633477
847 1.67835327306849
848 1.67720000732919
849 1.67731960912502
850 1.67866508473944
851 1.68118039360594
852 1.68480126645745
853 1.68945606563827
854 1.69506667861577
855 1.70154943582644
856 1.70881604407875
857 1.71677452686081
858 1.72533016309467
859 1.73438641615726
860 1.74384584534944
861 1.7536109924297
862 1.76358523632249
863 1.77367360964976
864 1.78378357130646
865 1.79382572989883
866 1.80371451348287
867 1.81336878167439
868 1.82271237684692
869 1.83167461178412
870 1.84019069180473
871 1.84820207002286
872 1.85565673504127
873 1.86250943099309
874 1.8687218104433
875 1.87426252123207
876 1.87910722888153
877 1.88323857669409
878 1.88664608613965
879 1.88932600055832
880 1.89128107559325
881 1.89252032011148
882 1.89305869166925
883 1.89291675083024
884 1.89212027885038
885 1.89069986340122
886 1.88869045711518
887 1.88613091380209
888 1.88306350720674
889 1.8795334371547
890 1.87558832786945
891 1.87127772313983
892 1.86665258287554
893 1.86176478541273
894 1.85666663972409
895 1.85141041145076
896 1.84604786641149
897 1.84062983495902
898 1.8352058002497
899 1.82982351317188
900 1.82452863634633
901 1.81936441926979
902 1.81437140632516
903 1.80958717903189
904 1.80504613356011
905 1.80077929418647
906 1.79681416302984
907 1.79317460607523
908 1.78988077517572
909 1.78694906541809
910 1.78439210695038
911 1.78221879009948
912 1.78043432235826
913 1.77904031559276
914 1.7780349016154
915 1.77741287408793
916 1.77716585456082
917 1.77728248032322
918 1.77774861163056
919 1.77854755579454
920 1.77966030556351
921 1.7810657891885
922 1.78274112956188
923 1.78466190983042
924 1.78680244292115
925 1.78913604247718
926 1.79163529277778
927 1.79427231531413
928 1.79701902980496
929 1.79984740756521
930 1.80272971528311
931 1.8056387474151
932 1.80854804557268
933 1.81143210344758
934 1.81426655600109
935 1.81702835182704
936 1.81969590778498
937 1.82224924518772
938 1.82467010701526
939 1.8269420558122
940 1.8290505521074
941 1.83098301337133
942 1.83272885369646
943 1.83427950454813
944 1.83562841708713
945 1.83677104670811
946 1.83770482057104
947 1.83842908902362
948 1.83894506192147
949 1.83925573094902
950 1.83936577912669
951 1.83928147875986
952 1.83901057914067
953 1.83856218535666
954 1.837946629589
955 1.83717533629921
956 1.83626068270634
957 1.83521585594708
958 1.83405470829056
959 1.83279161174659
960 1.83144131336361
961 1.8300187924595
962 1.82853912096686
963 1.82701732800416
964 1.82546826970733
965 1.82390650527278
966 1.82234618007408
967 1.82080091662155
968 1.81928371403746
969 1.81780685662055
970 1.81638183197351
971 1.81501925906576
972 1.81372882650382
973 1.81251924118183
974 1.81139818738799
975 1.81037229634803
976 1.80944712609618
977 1.80862715147752
978 1.80791576400382
979 1.80731528120882
980 1.80682696507811
981 1.80645104906495
982 1.80618677314542
983 1.80603242631576
984 1.80598539589097
985 1.80604222292733
986 1.80619866306214
987 1.8064497520422
988 1.80678987519752
989 1.80721284010916
990 1.80771195171905
991 1.80828008913557
992 1.80890978340047
993 1.80959329550105
994 1.81032269393495
995 1.81108993116403
996 1.81188691832732
997 1.81270559762104
998 1.81353801179558
999 1.81437637026437
1000 1.81521311136744
1001 1.81604096038276
1002 1.8168529829303
1003 1.81764263346703
1004 1.81840379862486
1005 1.81913083519789
1006 1.81981860263881
1007 1.82046248997802
1008 1.8210584371305
1009 1.8216029506063
1010 1.8220931136887
1011 1.82252659119056
1012 1.82290162894264
1013 1.82321704820839
1014 1.82347223525726
1015 1.82366712636251
1016 1.82380218851997
1017 1.8238783962112
1018 1.82389720455732
1019 1.82386051922898
1020 1.82377066349315
1021 1.82363034278895
1022 1.82344260723187
1023 1.82321081244999
1024 1.8229385791553
1025 1.82262975185038
1026 1.82228835706316
1027 1.82191856149313
1028 1.82152463043881
1029 1.82111088686069
1030 1.82068167141554
1031 1.82024130377729
1032 1.81979404553695
1033 1.81934406494992
1034 1.81889540377288
1035 1.81845194640549
1036 1.81801739152439
1037 1.81759522636793
1038 1.81718870380156
1039 1.81680082226458
1040 1.81643430866989
1041 1.81609160430027
1042 1.8157748537166
1043 1.8154858966666
1044 1.81522626295678
1045 1.81499717022562
1046 1.81479952453292
1047 1.81463392365842
1048 1.81450066298327
1049 1.81439974380942
1050 1.8143308839562
1051 1.81429353045909
1052 1.8142868741835
1053 1.8143098661564
1054 1.81436123541084
1055 1.81443950813219
1056 1.81454302789156
1057 1.81466997674967
1058 1.814818397015
1059 1.8149862134418
1060 1.81517125565759
1061 1.81537128061539
1062 1.81558399487291
1063 1.81580707650973
1064 1.81603819650356
1065 1.81627503939752
1066 1.81651532310313
1067 1.8167568176965
1068 1.81699736307934
1069 1.81723488539097
1070 1.81746741207252
1071 1.81769308549999
1072 1.81791017511823
1073 1.81811708802363
1074 1.81831237795871
1075 1.81849475269708
1076 1.81866307981213
1077 1.81881639083709
1078 1.81895388383822
1079 1.81907492443566
1080 1.819179045319
1081 1.81926594431626
1082 1.81933548108515
1083 1.81938767250556
1084 1.81942268686029
1085 1.81944083689884
1086 1.81944257188539
1087 1.81942846873712
1088 1.81939922236354
1089 1.8193556353202
1090 1.81929860689223
1091 1.81922912172393
1092 1.81914823811044
1093 1.81905707606628
1094 1.81895680528339
1095 1.81884863308821
1096 1.81873379250326
1097 1.81861353051429
1098 1.81848909663817
1099 1.81836173188106
1100 1.81823265816941
1101 1.81810306832943
1102 1.8179741166831
1103 1.81784691032076
1104 1.81772250110249
1105 1.81760187843207
1106 1.81748596283888
1107 1.817375600395
1108 1.81727155798619
1109 1.8171745194474
1110 1.81708508256557
1111 1.81700375694465
1112 1.81693096272041
1113 1.81686703010578
1114 1.81681219974056
1115 1.81676662381359
1116 1.81673036791955
1117 1.81670341360779
1118 1.81668566157563
1119 1.81667693545516
1120 1.81667698613877
1121 1.81668549658617
1122 1.81670208705332
1123 1.81672632068231
1124 1.81675770939009
1125 1.81679571999377
1126 1.81683978051016
1127 1.81688928656815
1128 1.81694360787362
1129 1.81700209466832
1130 1.81706408412634
1131 1.81712890663442
1132 1.81719589190514
1133 1.8172643748755
1134 1.81733370134704
1135 1.81740323332716
1136 1.81747235403583
1137 1.81754047254577
1138 1.81760702802871
1139 1.8176714935846
1140 1.8177333796355
1141 1.81779223686982
1142 1.81784765872757
1143 1.81789928342121
1144 1.81794679549134
1145 1.8179899269001
1146 1.81802845766969
1147 1.8180622160766
1148 1.81809107841589
1149 1.81811496835326
1150 1.81813385588523
1151 1.8181477559309
1152 1.81815672658068
1153 1.81816086703002
1154 1.81816031522726
1155 1.81815524526681
1156 1.81814586455958
1157 1.81813241081344
1158 1.81811514885712
1159 1.81809436734103
1160 1.81807037534823
1161 1.81804349894869
1162 1.81801407772884
1163 1.817982461328
1164 1.81794900601153
1165 1.81791407130958
1166 1.81787801674844
1167 1.81784119869987
1168 1.81780396737169
1169 1.81776666396099
1170 1.81772961798893
1171 1.81769314483406
1172 1.81765754347855
1173 1.81762309447942
1174 1.81759005817436
1175 1.81755867312961
1176 1.81752915483444
1177 1.81750169464517
1178 1.8174764589786
1179 1.81745358875321
1180 1.81743319907393
1181 1.81741537915454
1182 1.81740019246977
1183 1.81738767712743
1184 1.8173778464495
1185 1.81737068974948
1186 1.817366173292
1187 1.81736424141997
1188 1.81736481783306
1189 1.81736780700104
1190 1.81737309569463
1191 1.81738055461632
1192 1.81739004011303
1193 1.81740139595299
1194 1.81741445514862
1195 1.81742904180794
1196 1.81744497299732
1197 1.81746206059865
1198 1.81748011314497
1199 1.8174989376193
1200 1.81751834120211
