1 2
2 2
3 2
4 2
5 2
6 2
7 2
8 2
9 2
10 2
11 2
12 2
13 2
14 2
15 2
16 2
17 2
18 2
19 2
20 2
21 2
22 2
23 2
24 2
25 2
26 2
27 2
28 2
29 2
30 2.2145
31 2.2375
32 2.2625
33 2.2875
34 2.3125
35 2.3375
36 2.3625
37 2.3875
38 2.4125
39 2.4375
40 2.46178341336137
41 2.48474164543693
42 2.50642592252076
43 2.52685876020708
44 2.54605189356767
45 2.56400888790421
46 2.58072721761274
47 2.59619987215158
48 2.61041659430162
49 2.62336483262322
50 2.63503286580155
51 2.64541417028869
52 2.65450854156715
53 2.66232117587964
54 2.66886204521086
55 2.67414542882216
56 2.67818955856127
57 2.68101634603582
58 2.6826511683946
59 2.68312269584758
60 2.68246274075806
61 2.6807061009224
62 2.67789038119881
63 2.6740557965714
64 2.66924496412949
65 2.66350268873288
66 2.65687574552756
67 2.64941266138444
68 2.64116349660143
69 2.63217962772635
70 2.62251353207097
71 2.61221857439588
72 2.60134879630282
73 2.58995870895381
74 2.57810308977141
75 2.56583678376606
76 2.55321451010458
77 2.54029067449114
78 2.52711918788527
79 2.51375329203388
80 2.50024539224997
81 2.48664689782786
82 2.47300807044475
83 2.45937788085942
84 2.44580387418013
85 2.43233204393557
86 2.41900671514453
87 2.40587043654226
88 2.39296388208429
89 2.38032576181176
90 2.36799274212689
91 2.35599937549212
92 2.34437803953283
93 2.33315888549088
94 2.32236979594465
95 2.31203635168092
96 2.30218180757517
97 2.29282707730897
98 2.28399072672707
99 2.27568897561212
100 2.26793570763136
101 2.26074248818833
102 2.25411858989202
103 2.24807102533777
104 2.24260458687684
105 2.23772189303657
106 2.23342344123902
107 2.2297076664543
108 2.22657100541382
109 2.22400796600036
110 2.22201120142422
111 2.22057158878924
112 2.2196783116484
113 2.21931894614581
114 2.21947955034127
115 2.22014475631345
116 2.22129786463986
117 2.22292094085458
118 2.22499491348944
119 2.22749967330974
120 2.23041417336267
121 2.23371652946456
122 2.23738412076208
123 2.24139369001293
124 2.2457214432422
125 2.25034314844304
126 2.25523423300263
127 2.26036987954833
128 2.2657251199229
129 2.27127492701258
130 2.27699430416731
131 2.28285837196811
132 2.2888424521129
133 2.29492214820885
134 2.30107342327599
135 2.30727267378402
136 2.31349680006151
137 2.31972327293391
138 2.32593019646406
139 2.33209636668634
140 2.33820132624251
141 2.34422541484446
142 2.35014981550568
143 2.35595659649995
144 2.36162874902177
145 2.36715022053883
146 2.37250594384228
147 2.37768186181555
148 2.38266494795657
149 2.3874432227026
150 2.39200576561973
151 2.39634272353222
152 2.40044531467874
153 2.40430582899393
154 2.4079176246249
155 2.41127512080176
156 2.41437378719124
157 2.41721012987068
158 2.41978167406796
159 2.42208694381982
160 2.42412543870764
161 2.42589760783557
162 2.42740482122067
163 2.42864933876897
164 2.42963427701518
165 2.43036357380603
166 2.43084195110994
167 2.4310748761364
168 2.43106852094982
169 2.43082972076207
170 2.43036593108764
171 2.42968518394412
172 2.42879604327846
173 2.42770755979763
174 2.4264292253788
175 2.42497092723091
176 2.42334290197537
177 2.42155568980931
178 2.41962008890951
179 2.41754711023018
180 2.41534793284184
181 2.41303385995237
182 2.41061627574504
183 2.40810660316164
184 2.40551626275171
185 2.40285663270184
186 2.40013901015156
187 2.3973745738948
188 2.39457434855826
189 2.39174917034015
190 2.38890965438513
191 2.38606616386305
192 2.38322878081157
193 2.38040727879455
194 2.37761109742034
195 2.3748493187565
196 2.37213064566946
197 2.36946338211034
198 2.36685541536069
199 2.36431420024444
200 2.36184674530557
201 2.35945960094389
202 2.35715884949485
203 2.35495009723276
204 2.35283846827067
205 2.35082860032435
206 2.34892464230216
207 2.34713025367716
208 2.34544860559302
209 2.34388238365044
210 2.34243379231656
211 2.34110456089543
212 2.33989595099456
213 2.33880876541838
214 2.33784335841703
215 2.33699964721599
216 2.33627712474943
217 2.33567487351865
218 2.33519158049473
219 2.33482555298368
220 2.33457473537075
221 2.33443672666049
222 2.33440879872816
223 2.33448791519837
224 2.33467075086684
225 2.3349537115819
226 2.3353329545026
227 2.33580440865206
228 2.33636379568532
229 2.33700665079295
230 2.33772834366313
231 2.33852409942717
232 2.33938901951541
233 2.34031810235301
234 2.34130626382758
235 2.34234835746341
236 2.3434391942399
237 2.34457356199493
238 2.34574624435683
239 2.34695203915209
240 2.3481857762392
241 2.34944233472234
242 2.35071665950244
243 2.35200377712613
244 2.3532988108974
245 2.35459699521955
246 2.3558936891395
247 2.35718438906932
248 2.35846474066406
249 2.35973054983809
250 2.36097779290599
251 2.36220262583727
252 2.36340139261773
253 2.36457063271365
254 2.36570708763805
255 2.36680770662169
256 2.36786965139437
257 2.36889030008511
258 2.36986725025259
259 2.37079832106002
260 2.37168155461123
261 2.37251521646701
262 2.37329779536345
263 2.37402800215581
264 2.37470476801379
265 2.37532724189573
266 2.37589478733127
267 2.37640697854331
268 2.3768635959417
269 2.37726462102248
270 2.37761023070723
271 2.37790079115859
272 2.37813685110835
273 2.37831913473543
274 2.37844853413157
275 2.37852610139293
276 2.37855304037578
277 2.37853069815498
278 2.3784605562235
279 2.37834422147131
280 2.37818341698146
281 2.37797997268089
282 2.37773581588279
283 2.37745296175697
284 2.37713350376336
285 2.37677960408358
286 2.37639348408392
287 2.37597741484242
288 2.37553370777138
289 2.37506470536544
290 2.37457277210412
291 2.37406028553637
292 2.37352962757307
293 2.3729831760122
294 2.37242329631974
295 2.37185233368777
296 2.37127260538987
297 2.37068639345196
298 2.37009593765544
299 2.36950342888766
300 2.36891100285313
301 2.36832073415722
302 2.36773463077257
303 2.36715462889659
304 2.36658258820713
305 2.36602028752133
306 2.36546942086175
307 2.36493159393162
308 2.3644083210002
309 2.36390102219732
310 2.36341102121499
311 2.36293954341258
312 2.36248771432065
313 2.36205655853741
314 2.36164699901042
315 2.36125985669513
316 2.3608958505807
317 2.36055559807259
318 2.36023961572037
319 2.35994832027839
320 2.35968203008614
321 2.35944096675433
322 2.35922525714206
323 2.3590349356099
324 2.35886994653313
325 2.35873014705881
326 2.35861531009026
327 2.35852512748188
328 2.35845921342707
329 2.35841710802212
330 2.35839828098821
331 2.35840213553434
332 2.35842801234328
333 2.35847519366342
334 2.35854290748882
335 2.35863033181051
336 2.35873659892212
337 2.35886079976297
338 2.35900198828266
339 2.3591591858109
340 2.35933138541741
341 2.35951755624671
342 2.35971664781334
343 2.35992759424365
344 2.36014931845071
345 2.36038073622976
346 2.36062076026186
347 2.3608683040146
348 2.36112228552891
349 2.36138163108205
350 2.3616452787174
351 2.36191218163254
352 2.36218131141769
353 2.3624516611375
354 2.36272224824976
355 2.36299211735555
356 2.36326034277587
357 2.36352603095075
358 2.3637883226574
359 2.3640463950449
360 2.36429946348335
361 2.36454678322646
362 2.3647876508869
363 2.36502140572468
364 2.36524743074936
365 2.36546515363745
366 2.36567404746707
367 2.36587363127264
368 2.36606347042252
369 2.36624317682352
370 2.36641240895647
371 2.36657087174742
372 2.3667183162797
373 2.36685453935242
374 2.36697938289116
375 2.36709273321732
376 2.36719452018257
377 2.3672847161754
378 2.36736333500674
379 2.36743043068219
380 2.36748609606819
381 2.36753046145998
382 2.36756369305914
383 2.36758599136853
384 2.36759758951274
385 2.36759875149192
386 2.36758977037717
387 2.36757096645532
388 2.36754268533116
389 2.36750529599493
390 2.36745918886284
391 2.36740477379828
392 2.36734247812119
393 2.36727274461289
394 2.36719602952355
395 2.3671128005891
396 2.36702353506446
397 2.36692871777926
398 2.36682883922245
399 2.36672439366156
400 2.11672439366156
401 2.07061230285306
402 2.02049713234354
403 1.97037937359147
404 1.9202595131362
405 1.87013803103235
406 1.82001539935136
407 1.76989208075384
408 1.71976852713547
409 1.66964517834923
410 1.62035728104486
411 1.5726784164418
412 1.52666665171463
413 1.48240045621089
414 1.43995614664813
415 1.39940773071039
416 1.36082670311273
417 1.32428192141422
418 1.28983954226927
419 1.25756300315822
420 1.22751024911553
421 1.2
422 1.2
423 1.2
424 1.2
425 1.2
426 1.2
427 1.2
428 1.2
429 1.2
430 1.2
431 1.2
432 1.2
433 1.2
434 1.201124136557
435 1.20384616024375
436 1.20804531837766
437 1.21361617236173
438 1.22046576942538
439 1.22851141229704
440 1.2376788959683
441 1.24790110956741
442 1.25911692384052
443 1.27127030225452
444 1.28430583194391
445 1.2981637781958
446 1.31277985048115
447 1.32808666760786
448 1.34401485588994
449 1.36049388640882
450 1.37745271402064
451 1.39482026554241
452 1.41252581302019
453 1.430499259255
454 1.4486713687058
455 1.46697398325773
456 1.48534024135791
457 1.50370479623726
458 1.52200402584396
459 1.54017623018888
460 1.55816181377329
461 1.5759034520804
462 1.59334624196296
463 1.61043783629217
464 1.62712856350788
465 1.6433715327285
466 1.65912272493187
467 1.67434107056763
468 1.68898851388347
469 1.70303006422628
470 1.71643383458904
471 1.72917106769913
472 1.74121614997362
473 1.75254661369733
474 1.76314312780629
475 1.7729894776822
476 1.78207253438362
477 1.79038221375771
478 1.79791142589292
479 1.80465601538869
480 1.81061469293292
481 1.81578895869099
482 1.82018301802191
483 1.82380369004723
484 1.8266603096067
485 1.82876462314095
486 1.83013067904629
487 1.83077471304933
488 1.83071502915015
489 1.82997187668176
490 1.82856732403101
491 1.82652512956173
492 1.8238706102748
493 1.82063050873216
494 1.81683285876248
495 1.81250685045557
496 1.80768269494029
497 1.8023914894273
498 1.79666508298315
499 1.79053594348616
500 1.7840370261976
501 1.77720164436342
502 1.77006334224281
503 1.76265577094013
504 1.75501256739581
505 1.74716723687105
506 1.73915303923883
507 1.73100287937182
508 1.72274920189496
509 1.71442389054756
510 1.70605817237657
511 1.69768252695948
512 1.68932660083201
513 1.68101912727237
514 1.67278785157098
515 1.66465946189136
516 1.65665952580562
517 1.64881243256526
518 1.6411413411467
519 1.63366813408899
520 1.62641337712088
521 1.61939628455378
522 1.61263469039795
523 1.60614502514012
524 1.59994229810282
525 1.59404008528833
526 1.58845052259373
527 1.58318430426791
528 1.57825068646667
529 1.57365749574839
530 1.56941114233963
531 1.56551663798864
532 1.56197761821317
533 1.5587963687399
534 1.55597385592306
535 1.55350976092259
536 1.55140251741478
537 1.54964935260276
538 1.54824633128897
539 1.547188402768
540 1.54646945029508
541 1.54608234288345
542 1.5460189891827
543 1.54627039318999
544 1.54682671154651
545 1.54767731217338
546 1.54881083400311
547 1.55021524756609
548 1.55187791619533
549 1.55378565761736
550 1.55592480570215
551 1.55828127215135
552 1.56084060791005
553 1.56358806409477
554 1.56650865223789
555 1.5695872036566
556 1.57280842776338
557 1.57615696914352
558 1.57961746323486
559 1.58317459045416
560 1.5868131286247
561 1.59051800356967
562 1.59427433774612
563 1.59806749680481
564 1.60188313397183
565 1.60570723215825
566 1.60952614371511
567 1.61332662776116
568 1.61709588502179
569 1.62082159012773
570 1.62449192133277
571 1.62809558761959
572 1.63162185317326
573 1.63506055921138
574 1.63840214316973
575 1.64163765525136
576 1.64475877235619
577 1.64775780941696
578 1.6506277281755
579 1.65336214344147
580 1.65595532688348
581 1.65840220840923
582 1.66069837519877
583 1.66284006846098
584 1.66482417798941
585 1.66664823459937
586 1.66831040053294
587 1.66980945792353
588 1.67114479541562
589 1.67231639303917
590 1.67332480544129
591 1.6741711435809
592 1.67485705499426
593 1.6753847027411
594 1.67575674314304
595 1.67597630242638
596 1.67604695238264
597 1.67597268515992
598 1.67575788729839
599 1.67540731312231
600 1.6749260576003
601 1.67431952878404
602 1.67359341993416
603 1.67275368143983
604 1.6718064926364
605 1.67075823362289
606 1.66961545717795
607 1.66838486087016
608 1.66707325945473
609 1.66568755764539
610 1.66423472334603
611 1.66272176142306
612 1.66115568809496
613 1.65954350601116
614 1.65789218008812
615 1.65620861416566
616 1.65449962854213
617 1.65277193844204
618 1.65103213346516
619 1.64928665806121
620 1.64754179306933
621 1.6458036383568
622 1.64407809658645
623 1.64237085813778
624 1.6406873872015
625 1.63903290906307
626 1.63741239858584
627 1.63583056990006
628 1.63429186729959
629 1.63280045734374
630 1.63136022215778
631 1.62997475392132
632 1.62864735053014
633 1.6273810124133
634 1.62617844048368
635 1.62504203519701
636 1.62397389669098
637 1.62297582597331
638 1.62204932712468
639 1.62119561047993
640 1.62041559674852
641 1.61970992203302
642 1.61907894370253
643 1.61852274707607
644 1.61804115286946
645 1.61763372535776
646 1.61729978120444
647 1.61703839890718
648 1.61684842880975
649 1.61672850362864
650 1.61667704944303
651 1.61669229709618
652 1.61677229395676
653 1.61691491598846
654 1.61711788007693
655 1.61737875656342
656 1.6176949819353
657 1.61806387162454
658 1.61848263286619
659 1.61894837757009
660 1.6194581351602
661 1.62000886533764
662 1.62059747072476
663 1.62122080934923
664 1.62187570692909
665 1.62255896892129
666 1.62326739229818
667 1.62399777701842
668 1.62474693716087
669 1.62551171169193
670 1.62628897483903
671 1.62707564604523
672 1.62786869948172
673 1.62866517309777
674 1.62946217718928
675 1.63025690246981
676 1.63104662762979
677 1.63182872637214
678 1.63260067391445
679 1.63336005295008
680 1.63410455906283
681 1.63483200559156
682 1.63554032794354
683 1.636227587357
684 1.63689197411544
685 1.63753181021797
686 1.63814555151182
687 1.63873178929497
688 1.6392892513982
689 1.63981680275767
690 1.64031344549056
691 1.64077831848762
692 1.64121069653777
693 1.64160998900121
694 1.64197573804854
695 1.64230761648438
696 1.64260542517498
697 1.64286909010011
698 1.64309865905023
699 1.64329429799073
700 1.64345628711526
701 1.64358501661109
702 1.64368098215936
703 1.64374478019356
704 1.6437771029399
705 1.64377873326296
706 1.64375053934035
707 1.64369346918998
708 1.64360854507311
709 1.64349685779661
710 1.64335956093704
711 1.64319786500916
712 1.64301303160087
713 1.64280636749607
714 1.64257921880641
715 1.64233296513228
716 1.64206901377257
717 1.64178879400229
718 1.64149375143594
719 1.64118534249427
720 1.64086502899047
721 1.64053427285185
722 1.64019453099119
723 1.63984725034182
724 1.63949386306905
725 1.63913578196963
726 1.6387743960702
727 1.63841106643434
728 1.63804712218708
729 1.63768385676453
730 1.63732252439541
731 1.63696433682031
732 1.63661046025319
733 1.63626201258908
734 1.63592006086067
735 1.63558561894562
736 1.63525964552551
737 1.63494304229646
738 1.63463665243035
739 1.63434125928519
740 1.63405758536184
741 1.63378629150371
742 1.63352797633556
743 1.63328317593633
744 1.63305236374051
745 1.63283595066206
746 1.63263428543389
747 1.63244765515571
748 1.6322762860424
749 1.63212034436442
750 1.63197993757169
751 1.63185511559169
752 1.63174587229218
753 1.63165214709892
754 1.63157382675809
755 1.6315107472333
756 1.63146269572659
757 1.63142941281282
758 1.63141059467678
759 1.63140589544223
760 1.63141492958209
761 1.63143727439898
762 1.63147247256549
763 1.6315200347135
764 1.63157944206213
765 1.63165014907397
766 1.63173158612946
767 1.63182316220962
768 1.63192426757733
769 1.63203427644796
770 1.63215254964019
771 1.63227843719833
772 1.63241128097774
773 1.63255041718538
774 1.63269517886773
775 1.63284489833911
776 1.63299890954327
777 1.6331565503421
778 1.63331716472549
779 1.63348010493664
780 1.6336447335081
781 1.6338104252036
782 1.63397656886181
783 1.63414256913827
784 1.63430784814218
785 1.63447184696549
786 1.63463402710183
787 1.6347938717536
788 1.63495088702561
789 1.63510460300459
790 1.63525457472376
791 1.63540038301254
792 1.63554163523162
793 1.63567796589411
794 1.63580903717372
795 1.63593453930163
796 1.63605419085358
797 1.63616773892947
798 1.63627495922787
799 1.63637565601805
800 1.74371966201274
801 1.75530683814475
802 1.76788707325102
803 1.78046028366783
804 1.79302641274115
805 1.8055854302562
806 1.81813733179062
807 1.83068213799557
808 1.84321989380943
809 1.85575066760871
810 1.86791625698173
811 1.87941247708336
812 1.89026507410148
813 1.90048545838446
814 1.91007966843962
815 1.91904967518545
816 1.92739442023137
817 1.93511061768543
818 1.94219337208909
819 1.94863665343624
820 1.95443485812669
821 1.95958499156305
822 1.96408722755768
823 1.96794444797644
824 1.9711619290164
825 1.97374710577172
826 1.975709393703
827 1.97706005105791
828 1.97781207061873
829 1.97798009234561
830 1.97758032683545
831 1.97663047590703
832 1.97514964239601
833 1.97315823070529
834 1.97067784185336
835 1.96773116540779
836 1.96434186988844
837 1.96053449267811
838 1.95633433011241
839 1.95176732817906
840 1.94685997411254
841 1.94163918912525
842 1.93613222254378
843 1.93036654766083
844 1.9243697596299
845 1.91816947572614
846 1.91179323828005
847 1.90526842056965
848 1.89862213593277
849 1.89188115033751
850 1.88507179862629
851 1.87821990462759
852 1.8713507053092
853 1.8644887791271
854 1.85765797870473
855 1.85088136795812
856 1.84418116376311
857 1.83757868224194
858 1.83109428972785
859 1.82474735844791
860 1.81855622694632
861 1.81253816525301
862 1.80670934478548
863 1.80108481295525
864 1.79567847243467
865 1.79050306502463
866 1.78557016004903
867 1.78089014718836
868 1.77647223365127
869 1.77232444557088
870 1.76845363350086
871 1.76486548187542
872 1.76156452228739
873 1.75855415042924
874 1.75583664653341
875 1.7534131991409
876 1.75128393201989
877 1.74944793405059
878 1.74790329188701
879 1.74664712520221
880 1.74567562431992
881 1.74498409003262
882 1.7445669754044
883 1.74441792935539
884 1.74452984182441
885 1.74489489030646
886 1.74550458756284
887 1.74634983030324
888 1.74742094864143
889 1.74870775612925
890 1.75019960017684
891 1.7518854126716
892 1.75375376061251
893 1.75579289658209
894 1.75799080888351
895 1.76033527117666
896 1.76281389145352
897 1.76541416019981
898 1.7681234975973
899 1.77092929962867
900 1.77381898295441
901 1.7767800284395
902 1.77980002321567
903 1.78286670117346
904 1.78596798178687
905 1.78909200718193
906 1.79222717736923
907 1.79536218356918
908 1.79848603956752
909 1.8015881110471
910 1.8046581428509
911 1.80768628413944
912 1.81066311141446
913 1.81357964938884
914 1.81642738969093
915 1.81919830739941
916 1.8218848754124
917 1.82448007666221
918 1.82697741419415
919 1.829370919135
920 1.8316551565831
921 1.83382522945885
922 1.83587678035992
923 1.8378059914717
924 1.83960958258853
925 1.8412848073065
926 1.8428294474532
927 1.84424180582425
928 1.84552069730009
929 1.84666543842045
930 1.84767583549694
931 1.84855217134699
932 1.84929519073499
933 1.8499060846084
934 1.85038647321848
935 1.8507383882165
936 1.85096425381745
937 1.85106686712378
938 1.85104937770204
939 1.85091526650545
940 1.85066832423467
941 1.85031262922883
942 1.8498525249777
943 1.84929259734443
944 1.84863765158721
945 1.84789268926598
946 1.84706288511842
947 1.84615356398726
948 1.84517017787824
949 1.84411828322555
950 1.84300351843833
951 1.84183158179925
952 1.84060820978233
953 1.83933915585433
954 1.83803016982006
955 1.83668697776862
956 1.83531526267388
957 1.83392064569832
958 1.83250866824597
959 1.83108477480603
960 1.82965429662462
961 1.82822243623855
962 1.82679425290067
963 1.8253746489225
964 1.82396835695594
965 1.82257992823198
966 1.82121372177019
967 1.81987389456943
968 1.81856439278605
969 1.81728894390243
970 1.81605104988526
971 1.81485398132907
972 1.81370077257783
973 1.81259421781361
974 1.81153686809861
975 1.8105310293538
976 1.80957876125444
977 1.80868187702045
978 1.80784194407674
979 1.80706028555644
980 1.80633798261786
981 1.80567587754371
982 1.8050745775896
983 1.80453445954696
984 1.80405567498392
985 1.80363815612666
986 1.80328162234226
987 1.80298558718319
988 1.80274936595282
989 1.80257208375054
990 1.80245268395461
991 1.80238993710066
992 1.80238245011322
993 1.80242867584814
994 1.80252692290335
995 1.80267536565611
996 1.80287205448498
997 1.80311492613546
998 1.80340181418893
999 1.80373045959512
1000 1.80409852122951
1001 1.80450358643784
1002 1.80494318153116
1003 1.80541478219606
1004 1.80591582378593
1005 1.80644371146069
1006 1.80699583014357
1007 1.80756955426541
1008 1.80816225726825
1009 1.80877132084185
1010 1.80939414386828
1011 1.81002815105152
1012 1.8106708012109
1013 1.81131959521874
1014 1.8119720835646
1015 1.81262587353016
1016 1.81327863596072
1017 1.81392811162111
1018 1.8145721171254
1019 1.81520855043193
1020 1.8158353958967
1021 1.81645072887997
1022 1.81705271990258
1023 1.81763963835047
1024 1.81820985572692
1025 1.81876184845436
1026 1.81929420022846
1027 1.81980560392911
1028 1.82029486309431
1029 1.82076089296399
1030 1.82120272110266
1031 1.82161948761036
1032 1.82201044493328
1033 1.82237495728568
1034 1.82271249969661
1035 1.82302265669516
1036 1.82330512064931
1037 1.82355968977399
1038 1.82378626582474
1039 1.8239848514941
1040 1.82415554752823
1041 1.82429854958186
1042 1.82441414483005
1043 1.82450270835558
1044 1.82456469933102
1045 1.82460065701462
1046 1.8246111965796
1047 1.82459700479583
1048 1.82455883558367
1049 1.8244975054588
1050 1.82441388888746
1051 1.82430891357063
1052 1.82418355567592
1053 1.82403883503533
1054 1.8238758103266
1055 1.8236955742556
1056 1.82349924875659
1057 1.82328798022668
1058 1.82306293481017
1059 1.82282529374802
1060 1.82257624880669
1061 1.82231699780033
1062 1.82204874021918
1063 1.82177267297667
1064 1.82148998628649
1065 1.82120185968073
1066 1.82090945817865
1067 1.82061392861557
1068 1.82031639613997
1069 1.82001796088631
1070 1.81971969483039
1071 1.81942263883287
1072 1.8191277998761
1073 1.8188361484984
1074 1.81854861642913
1075 1.81826609442717
1076 1.81798943032462
1077 1.8177194272766
1078 1.81745684221763
1079 1.8172023845239
1080 1.81695671488045
1081 1.81672044435122
1082 1.81649413364965
1083 1.81627829260644
1084 1.81607337983099
1085 1.81587980256191
1086 1.81569791670203
1087 1.81552802703227
1088 1.81537038759874
1089 1.81522520226659
1090 1.81509262543411
1091 1.81497276289987
1092 1.81486567287557
1093 1.81477136713687
1094 1.81468981230428
1095 1.81462093124583
1096 1.81456460459329
1097 1.81452067236318
1098 1.8144889356741
1099 1.8144691585515
1100 1.8144610698111
1101 1.81446436501217
1102 1.81447870847171
1103 1.81450373533087
1104 1.81453905366483
1105 1.81458424662742
1106 1.81463887462218
1107 1.81470247749118
1108 1.8147745767138
1109 1.81485467760712
1110 1.81494227152044
1111 1.81503683801619
1112 1.81513784703017
1113 1.81524476100392
1114 1.81535703698272
1115 1.81547412867277
1116 1.8155954884515
1117 1.81572056932524
1118 1.81584882682907
1119 1.81597972086355
1120 1.81611271746401
1121 1.81624729049785
1122 1.81638292328607
1123 1.81651911014553
1124 1.81665535784871
1125 1.81679118699826
1126 1.8169261333139
1127 1.81705974882973
1128 1.81719160300018
1129 1.81732128371347
1130 1.81744839821154
1131 1.81757257391598
1132 1.81769345915961
1133 1.81781072382406
1134 1.8179240598835
1135 1.81803318185552
1136 1.81813782716015
1137 1.8182377563883
1138 1.81833275348136
1139 1.81842262582386
1140 1.8185072042512
1141 1.81858634297508
1142 1.81865991942898
1143 1.8187278340367
1144 1.81879000990685
1145 1.81884639245654
1146 1.81889694896754
1147 1.81894166807847
1148 1.8189805592165
1149 1.81901365197245
1150 1.8190409954229
1151 1.81906265740334
1152 1.81907872373622
1153 1.81908929741796
1154 1.81909449776882
1155 1.81909445954987
1156 1.81908933205084
1157 1.81907927815306
1158 1.8190644733715
1159 1.81904510487964
1160 1.81902137052139
1161 1.81899347781359
1162 1.81896164294316
1163 1.81892608976225
1164 1.81888704878523
1165 1.81884475619082
1166 1.81879945283284
1167 1.81875138326268
1168 1.81870079476666
1169 1.81864793642119
1170 1.81859305816861
1171 1.81853640991626
1172 1.81847824066132
1173 1.8184187976438
1174 1.81835832552975
1175 1.81829706562683
1176 1.8182352551339
1177 1.81817312642646
1178 1.81811090637926
1179 1.81804881572759
1180 1.81798706846817
1181 1.81792587130078
1182 1.8178654231114
1183 1.81780591449738
1184 1.81774752733526
1185 1.81769043439142
1186 1.81763479897581
1187 1.8175807746386
1188 1.81752850490979
1189 1.81747812308132
1190 1.81742975203122
1191 1.81738350408939
1192 1.81733948094406
1193 1.81729777358834
1194 1.81725846230569
1195 1.81722161669341
1196 1.81718729572286
1197 1.81715554783536
1198 1.81712641107205
1199 1.81709991323677
1200 1.81707607208998
