1 2
2 2
3 2
4 2
5 2
6 2
7 2
8 2
9 2
10 2
11 2
12 2
13 2
14 2
15 2
16 2
17 2
18 2
19 2
20 2
21 2
22 2
23 2
24 2
25 2
26 2
27 2
28 2
29 2
30 2.25
31 2.27305333333333
32 2.29638666666667
33 2.31972
34 2.34305333333333
35 2.36638666666667
36 2.38972
37 2.41305333333333
38 2.43638666666667
39 2.45972
40 2.48191660249333
41 2.50206024409861
42 2.52033623324533
43 2.53688395188136
44 2.55180920589975
45 2.56519178145601
46 2.57709132547752
47 2.58755191996886
48 2.59660563916128
49 2.60427531464414
50 2.61058185246312
51 2.61555375694792
52 2.61922889135692
53 2.62165159735567
54 2.62287072515383
55 2.62293829724882
56 2.62190861876743
57 2.61983769921937
58 2.61678288853545
59 2.61280265809775
60 2.60795645423858
61 2.60230453738418
62 2.59590776305745
63 2.58882732217784
64 2.58112446938819
65 2.5728602558431
66 2.56409527508759
67 2.55488942579066
68 2.5453016921905
69 2.535389941478
70 2.52521073663728
71 2.51481916337153
72 2.50426867037624
73 2.49361092282484
74 2.48289566921197
75 2.47217062173003
76 2.46148135027148
77 2.45087119002765
78 2.44038116253533
79 2.43004990992346
80 2.41991364203975
81 2.41000609608764
82 2.40035850837058
83 2.39099959771381
84 2.3819555601101
85 2.37325007411171
86 2.36490431646857
87 2.35693698749111
88 2.3493643455979
89 2.34220025049235
90 2.33545621440077
91 2.32914146079487
92 2.32326299001599
93 2.31782565121556
94 2.31283222002591
95 2.30828348137777
96 2.30417831688586
97 2.30051379623016
98 2.29728527197012
99 2.29448647723955
100 2.29210962578288
101 2.29014551380807
102 2.28858362314731
103 2.28741222523433
104 2.28661848542579
105 2.28618856721429
106 2.28610773590124
107 2.28636046131992
108 2.2869305192213
109 2.28780109095861
110 2.28895486113005
111 2.29037411286326
112 2.29204082044911
113 2.29393673905709
114 2.29604349128863
115 2.29834265034925
116 2.30081581964447
117 2.30344470862808
118 2.30621120475529
119 2.30909744141585
120 2.31208586174509
121 2.31515927823256
122 2.31830092806935
123 2.32149452419561
124 2.32472430202967
125 2.32797506187909
126 2.33123220705198
127 2.33448177770426
128 2.33771048047482
129 2.34090571397557
130 2.34405559021809
131 2.34714895207176
132 2.35017538686041
133 2.35312523621621
134 2.35598960231953
135 2.35876035066302
136 2.36143010948629
137 2.36399226603499
138 2.36644095980442
139 2.36877107293317
140 2.37097821791651
141 2.37305872281336
142 2.3750096141224
143 2.37682859750567
144 2.37851403653803
145 2.38006492966169
146 2.38148088552406
147 2.38276209687593
148 2.38390931320499
149 2.38492381227704
150 2.38580737075412
151 2.38656223405455
152 2.38719108561628
153 2.38769701571918
154 2.38808349001765
155 2.38835431792844
156 2.3885136210131
157 2.38856580148799
158 2.38851551098815
159 2.38836761970465
160 2.38812718600792
161 2.38779942666247
162 2.38738968773112
163 2.3869034162595
164 2.38634613282413
165 2.38572340502017
166 2.38504082195716
167 2.38430396982421
168 2.38351840857831
169 2.38268964980281
170 2.38182313577547
171 2.38092421977925
172 2.37999814768172
173 2.37905004080287
174 2.37808488008457
175 2.37710749156896
176 2.37612253318719
177 2.37513448285436
178 2.37414762786134
179 2.37316605554881
180 2.37219364524464
181 2.3712340614407
182 2.37029074818171
183 2.36936692463424
184 2.36846558180107
185 2.36758948034249
186 2.36674114946331
187 2.36592288682195
188 2.36513675941536
189 2.36438460539181
190 2.36366803674166
191 2.36298844281499
192 2.36234699461359
193 2.36174464980428
194 2.36118215839957
195 2.36066006905155
196 2.36017873590465
197 2.35973832595319
198 2.35933882684981
199 2.35898005511157
200 2.35866166467113
201 2.35838315572152
202 2.35814388380391
203 2.35794306908933
204 2.35777980580648
205 2.35765307176943
206 2.35756173796069
207 2.35750457812694
208 2.35748027834652
209 2.35748744652987
210 2.35752462181601
211 2.35759028383052
212 2.35768286177218
213 2.35780074329829
214 2.35794228318015
215 2.35810581170316
216 2.35828964278769
217 2.35849208180937
218 2.3587114330997
219 2.35894600711002
220 2.35919412722405
221 2.35945413620639
222 2.35972440227649
223 2.36000332479965
224 2.3602893395885
225 2.36058092381052
226 2.3608766004988
227 2.36117494266531
228 2.36147457701726
229 2.36177418727931
230 2.36207251712525
231 2.3623683727249
232 2.36266062491293
233 2.36294821098757
234 2.36323013614874
235 2.36350547458569
236 2.36377337022575
237 2.36403303715627
238 2.36428375973303
239 2.36452489238866
240 2.36475585915586
241 2.36497615292
242 2.36518533441691
243 2.36538303099134
244 2.36556893513242
245 2.36574280280228
246 2.36590445157424
247 2.36605375859711
248 2.36619065840204
249 2.36631514056821
250 2.36642724726369
251 2.36652707067733
252 2.36661475035754
253 2.36669047047332
254 2.36675445701247
255 2.36680697493182
256 2.36684832527335
257 2.36687884226007
258 2.3668988903847
259 2.36690886150358
260 2.36690917194801
261 2.36690025966412
262 2.36688258139208
263 2.36685660989473
264 2.36682283124494
265 2.36678174218043
266 2.36673384753417
267 2.36667965774756
268 2.3666196864732
269 2.36655444827313
270 2.36648445641797
271 2.36641022079149
272 2.36633224590471
273 2.3662510290228
274 2.36616705840762
275 2.36608081167787
276 2.36599275428856
277 2.36590333813057
278 2.36581300025091
279 2.36572216169335
280 2.36563122645905
281 2.36554058058589
282 2.36545059134507
283 2.365361606553
284 2.36527395399614
285 2.36518794096605
286 2.36510385390156
287 2.36502195813479
288 2.36494249773723
289 2.3648656954621
290 2.36479175277878
291 2.36472084999499
292 2.36465314646223
293 2.36458878085987
294 2.36452787155301
295 2.36447051701938
296 2.36441679634027
297 2.36436676975057
298 2.36432047924285
299 2.36427794922055
300 2.36423918719536
301 2.36420418452366
302 2.36417291717735
303 2.36414534654425
304 2.36412142025317
305 2.36410107301936
306 2.36408422750561
307 2.36407079519485
308 2.36406067726996
309 2.36405376549679
310 2.3640499431066
311 2.36404908567417
312 2.36405106198809
313 2.36405573491001
314 2.3640629622197
315 2.36407259744291
316 2.36408449065963
317 2.36409848928984
318 2.36411443885493
319 2.36413218371223
320 2.36415156776124
321 2.36417243511954
322 2.36419463076708
323 2.36421800115758
324 2.36424239479595
325 2.36426766278081
326 2.36429365931147
327 2.36432024215886
328 2.36434727310009
329 2.36437461831632
330 2.36440214875423
331 2.36442974045087
332 2.36445727482254
333 2.36448463891784
334 2.36451172563567
335 2.36453843390864
336 2.36456466885298
337 2.36459034188556
338 2.36461537080919
339 2.3646396798672
340 2.36466319976863
341 2.36468586768496
342 2.36470762722002
343 2.36472842835419
344 2.36474822736439
345 2.36476698672132
346 2.36478467496531
347 2.36480126656241
348 2.36481674174211
349 2.36483108631826
350 2.36484429149471
351 2.36485635365714
352 2.36486727415264
353 2.36487705905847
354 2.36488571894145
355 2.36489326860956
356 2.36489972685685
357 2.36490511620343
358 2.36490946263148
359 2.36491279531879
360 2.36491514637107
361 2.364916550554
362 2.36491704502643
363 2.36491666907562
364 2.36491546385554
365 2.36491347212934
366 2.36491073801666
367 2.36490730674681
368 2.3649032244185
369 2.36489853776685
370 2.36489329393826
371 2.36488754027392
372 2.36488132410222
373 2.3648746925407
374 2.36486769230791
375 2.36486036954548
376 2.3648527696507
377 2.36484493711982
378 2.36483691540229
379 2.364828746766
380 2.36482047217362
381 2.36481213117002
382 2.36480376178076
383 2.36479540042161
384 2.36478708181889
385 2.36477883894054
386 2.36477070293775
387 2.36476270309676
388 2.36475486680079
389 2.36474721950164
390 2.36473978470067
391 2.36473258393887
392 2.36472563679558
393 2.3647189608955
394 2.36471257192362
395 2.36470648364758
396 2.36470070794702
397 2.36469525484966
398 2.36469013257331
399 2.36468534757376
400 2.11468534757376
401 2.06857458305014
402 2.0219041651519
403 1.97523409386216
404 1.92856436771012
405 1.88189498384339
406 1.83522593810272
407 1.78855722509892
408 1.74188883829138
409 1.69522077006789
410 1.6496897224634
411 1.60631672333263
412 1.56509737795637
413 1.52604035380902
414 1.48916097694851
415 1.45447934240603
416 1.422018860528
417 1.39180514421889
418 1.3638651607704
419 1.33822658887877
420 1.31491216609065
421 1.29393099586195
422 1.27527665276353
423 1.25892976719235
424 1.24485999052183
425 1.23302751229922
426 1.22338423960232
427 1.21587472160993
428 1.21043688195144
429 1.2070026059198
430 1.20549824144795
431 1.20584509509559
432 1.20795996987274
433 1.21175573436465
434 1.21714189913204
435 1.22402518554549
436 1.23231007831873
437 1.24189935706336
438 1.25269460482315
439 1.26459669320285
440 1.27750624459334
441 1.29132407211403
442 1.30595159745847
443 1.32129124634733
444 1.33724682106652
445 1.35372384955959
446 1.37062991064381
447 1.38787493506377
448 1.40537148224789
449 1.42303499277242
450 1.44078401665598
451 1.45854041770482
452 1.47622955421172
453 1.49378043638415
454 1.51112586094745
455 1.5282025234349
456 1.54495110874121
457 1.56131636057646
458 1.5772471305141
459 1.5926964073782
460 1.6076213277619
461 1.62198316850963
462 1.63574732203198
463 1.64888325535249
464 1.66136445381119
465 1.67316835037079
466 1.68427624148718
467 1.69467319051755
468 1.70434791964623
469 1.71329269131138
470 1.72150318011381
471 1.72897833618413
472 1.73572024097516
473 1.74173395643363
474 1.74702736848935
475 1.75161102578057
476 1.75549797451226
477 1.75870359031877
478 1.76124540797557
479 1.76314294977441
480 1.76441755334518
481 1.76509219967383
482 1.7651913420308
483 1.76474073648795
484 1.76376727466416
485 1.76229881930144
486 1.76036404323377
487 1.75799227227109
488 1.75521333248065
489 1.75205740230728
490 1.74855486993394
491 1.74473619624329
492 1.74063178370127
493 1.73627185144424
494 1.73168631681203
495 1.72690468353147
496 1.72195593671755
497 1.71686844482313
498 1.71166986863305
499 1.70638707736442
500 1.70104607190231
501 1.69567191516881
502 1.69028866959337
503 1.68491934162414
504 1.67958583319325
505 1.6743089000235
506 1.66910811664059
507 1.66400184793281
508 1.65900722707999
509 1.65414013965486
510 1.64941521368279
511 1.64484581543087
512 1.64044405068362
513 1.63622077125035
514 1.63218558643921
515 1.62834687922384
516 1.62471182682158
517 1.62128642539617
518 1.61807551859383
519 1.61508282961874
520 1.61231099655221
521 1.60976161062007
522 1.60743525711345
523 1.60533155867071
524 1.60344922063145
525 1.60178607817806
526 1.60033914498576
527 1.59910466310828
528 1.5980781538337
529 1.59725446925291
530 1.59662784429183
531 1.59619194896797
532 1.59593994064186
533 1.59586451604413
534 1.59595796287035
535 1.59621221074649
536 1.59661888137993
537 1.59716933772243
538 1.59785473198375
539 1.59866605234664
540 1.59959416824617
541 1.60062987408869
542 1.60176393129784
543 1.60298710858726
544 1.6042902203716
545 1.60566416323919
546 1.6070999504216
547 1.60858874420636
548 1.61012188625033
549 1.6116909257621
550 1.61328764553186
551 1.61490408579745
552 1.61653256594478
553 1.61816570405011
554 1.61979643428015
555 1.62141802217444
556 1.62302407784218
557 1.62460856711289
558 1.62616582068718
559 1.62769054134012
560 1.62917780923559
561 1.63062308541511
562 1.63202221352954
563 1.63337141988636
564 1.63466731188873
565 1.63590687494623
566 1.63708746793958
567 1.63820681732409
568 1.63926300995869
569 1.64025448474836
570 1.64118002318905
571 1.64203873890479
572 1.64283006626654
573 1.6435537481824
574 1.64420982314815
575 1.64479861164597
576 1.64532070197811
577 1.64577693562075
578 1.64616839218115
579 1.64649637403944
580 1.64676239075375
581 1.64696814330484
582 1.64711550825384
583 1.64720652188332
584 1.64724336438912
585 1.64722834418698
586 1.64716388239458
587 1.64705249754616
588 1.64689679059327
589 1.64669943024161
590 1.64646313867026
591 1.64619067767572
592 1.64588483527978
593 1.64554841283615
594 1.64518421266742
595 1.64479502626007
596 1.64438362304166
597 1.64395273976094
598 1.64350507048794
599 1.6430432572478
600 1.642569881299
601 1.64208745506306
602 1.64159841471012
603 1.64110511340171
604 1.64060981518904
605 1.64011468956274
606 1.6396218066473
607 1.63913313303101
608 1.63865052821998
609 1.63817574170289
610 1.63771041061088
611 1.63725605795532
612 1.63681409142483
613 1.63638580272076
614 1.63597236740987
615 1.63557484527098
616 1.63519418111183
617 1.63483120603138
618 1.63448663910185
619 1.6341610894445
620 1.63385505867243
621 1.63356894367356
622 1.63330303970657
623 1.63305754378254
624 1.6328325583053
625 1.63262809494316
626 1.63244407870554
627 1.63228035219782
628 1.63213668002867
629 1.63201275334427
630 1.6319081944647
631 1.6318225615984
632 1.63175535361126
633 1.63170601482804
634 1.63167393984429
635 1.63165847832823
636 1.63165893979285
637 1.63167459831953
638 1.63170469721563
639 1.63174845358945
640 1.63180506282712
641 1.63187370295709
642 1.63195353888908
643 1.63204372651528
644 1.63214341666297
645 1.63225175888868
646 1.63236790510512
647 1.6324910130334
648 1.63262024947382
649 1.63275479338989
650 1.63289383880109
651 1.63303659748086
652 1.63318230145748
653 1.63333020531617
654 1.63347958830187
655 1.63362975622295
656 1.63378004315684
657 1.63392981295948
658 1.63407846058117
659 1.63422541319207
660 1.63437013112137
661 1.63451210861448
662 1.63465087441355
663 1.63478599216679
664 1.63491706067267
665 1.63504371396548
666 1.63516562124918
667 1.63528248668659
668 1.63539404905151
669 1.6355000812513
670 1.63560038972806
671 1.63569481374617
672 1.63578322457451
673 1.6358655245716
674 1.63594164618176
675 1.63601155085074
676 1.63607522786887
677 1.63613269314999
678 1.63618398795414
679 1.63622917756197
680 1.63626834990863
681 1.63630161418462
682 1.63632909941112
683 1.63635095299687
684 1.63636733928345
685 1.63637843808569
686 1.63638444323345
687 1.63638556112092
688 1.63638200926916
689 1.63637401490726
690 1.63636181357732
691 1.63634564776789
692 1.63632576558047
693 1.63630241943308
694 1.63627586480458
695 1.63624635902335
696 1.63621416010317
697 1.63617952562926
698 1.63614271169667
699 1.63610397190328
700 1.63606355639902
701 1.63602171099277
702 1.63597867631813
703 1.63593468705885
704 1.63588997123436
705 1.63584474954589
706 1.63579923478288
707 1.63575363128975
708 1.63570813449221
709 1.63566293048261
710 1.63561819566333
711 1.635574096447
712 1.6355307890123
713 1.63548841911385
714 1.6354471219444
715 1.63540702204773
716 1.63536823328009
717 1.63533085881833
718 1.63529499121245
719 1.63526071248035
720 1.63522809424246
721 1.63519719789397
722 1.63516807481203
723 1.63514076659564
724 1.63511530533565
725 1.63509171391241
726 1.6350700063185
727 1.63505018800415
728 1.63503225624272
729 1.63501620051397
730 1.63500200290253
731 1.63498963850936
732 1.63497907587376
733 1.63497027740378
734 1.63496319981271
735 1.63495779455973
736 1.63495400829247
737 1.63495178328974
738 1.6349510579024
739 1.63495176699067
740 1.63495384235625
741 1.63495721316759
742 1.63496180637688
743 1.63496754712741
744 1.63497435914997
745 1.63498216514716
746 1.63499088716453
747 1.63500044694766
748 1.6350107662842
749 1.63502176733017
750 1.63503337291999
751 1.6350455068594
752 1.63505809420113
753 1.63507106150272
754 1.63508433706634
755 1.63509785116038
756 1.63511153622267
757 1.63512532704541
758 1.6351391609418
759 1.63515297789449
760 1.6351667206861
761 1.63518033501202
762 1.63519376957592
763 1.63520697616822
764 1.63521990972809
765 1.6352325283894
766 1.63524479351114
767 1.635256669693
768 1.63526812477655
769 1.63527912983282
770 1.6352896591369
771 1.63529969013017
772 1.63530920337105
773 1.63531818247485
774 1.63532661404355
775 1.63533448758627
776 1.63534179543102
777 1.63534853262885
778 1.63535469685072
779 1.63536028827819
780 1.63536530948849
781 1.63536976533483
782 1.63537366282245
783 1.63537701098148
784 1.63537982073689
785 1.63538210477654
786 1.63538387741774
787 1.6353851544731
788 1.63538595311617
789 1.63538629174749
790 1.63538618986156
791 1.63538566791531
792 1.63538474719845
793 1.63538344970631
794 1.6353817980154
795 1.63537981516223
796 1.63537752452578
797 1.6353749497137
798 1.63537211445296
799 1.63536904248474
800 1.78133909079755
801 1.79286228286515
802 1.80452530855631
803 1.81618819071646
804 1.82785095175464
805 1.83951361356938
806 1.85117619747992
807 1.86283872416314
808 1.87450121359596
809 1.88616368500333
810 1.89716242725244
811 1.9069712711586
812 1.91571361156602
813 1.92348326933246
814 1.93035220150024
815 1.93637538873192
816 1.94159464024668
817 1.94604155509863
818 1.94973982641635
819 1.95270703396391
820 1.95495905617315
821 1.95651570073457
822 1.95740172137418
823 1.95764511113312
824 1.95727595179762
825 1.956325648865
826 1.95482643640144
827 1.95281106848416
828 1.95031263761628
829 1.9473644777916
830 1.94400010872062
831 1.94025317005381
832 1.93615732029084
833 1.93174611113661
834 1.9270528544736
835 1.92211049168
836 1.91695147032275
837 1.9116076303468
838 1.90611010016124
839 1.9004892020734
840 1.89477436612365
841 1.88899405145673
842 1.88317567475241
843 1.87734554560031
844 1.87152880887177
845 1.86574939416159
846 1.86002997232509
847 1.85439191906664
848 1.84885528546917
849 1.8434387752995
850 1.83815972888574
851 1.83303411333861
852 1.82807651887258
853 1.82330016097158
854 1.81871688813342
855 1.81433719491711
856 1.81017024000713
857 1.80622386900024
858 1.80250464161197
859 1.7990178629947
860 1.79576761885415
861 1.79275681404928
862 1.78998721435914
863 1.78745949110119
864 1.7851732682875
865 1.78312717200839
866 1.78131888173784
867 1.77974518326017
868 1.77840202292442
869 1.77728456294011
870 1.77638723743674
871 1.77570380901844
872 1.77522742555523
873 1.77495067696292
874 1.77486565173493
875 1.77496399300096
876 1.77523695389949
877 1.77567545206377
878 1.77627012303347
879 1.77701137241724
880 1.77788942664461
881 1.77889438215887
882 1.78001625291552
883 1.78124501606466
884 1.78257065570822
885 1.78398320463633
886 1.78547278395976
887 1.78702964056799
888 1.78864418235471
889 1.79030701116468
890 1.79200895342737
891 1.79374108845415
892 1.79549477438661
893 1.797261671794
894 1.79903376492784
895 1.80080338065089
896 1.80256320506715
897 1.80430629788737
898 1.80602610457306
899 1.80771646630898
900 1.80937162786099
901 1.81098624338259
902 1.81255538023897
903 1.81407452092281
904 1.81553956314044
905 1.81694681815136
906 1.81829300744739
907 1.81957525786106
908 1.82079109519499
909 1.82193843646651
910 1.82301558086284
911 1.82402119950349
912 1.8249543241072
913 1.82581433466064
914 1.82660094618606
915 1.8273141947045
916 1.82795442248997
917 1.82852226270865
918 1.82901862353579
919 1.82944467184043
920 1.82980181652625
921 1.83009169161412
922 1.83031613914893
923 1.83047719201063
924 1.83057705670583
925 1.83061809621313
926 1.83060281295176
927 1.83053383193933
928 1.83041388420084
929 1.83024579048715
930 1.83003244535708
931 1.82977680167364
932 1.8294818555603
933 1.82915063185984
934 1.82878617013376
935 1.82839151123645
936 1.82796968449447
937 1.82752369551705
938 1.82705651466036
939 1.82657106616429
940 1.82607021797664
941 1.82555677227625
942 1.82503345670303
943 1.82450291629961
944 1.82396770616597
945 1.82343028482555
946 1.82289300829833
947 1.82235812487354
948 1.82182777057222
949 1.82130396528719
950 1.82078860958598
951 1.82028348215987
952 1.81979023790041
953 1.81931040658298
954 1.81884539213529
955 1.81839647246733
956 1.81796479983787
957 1.8175514017317
958 1.81715718222064
959 1.81678292378052
960 1.81642928953601
961 1.81609682590417
962 1.81578596560765
963 1.81549703102808
964 1.81523023786998
965 1.81498569910589
966 1.81476342917323
967 1.81456334839384
968 1.81438528758766
969 1.81422899285216
970 1.81409413048008
971 1.8139802919885
972 1.81388699923308
973 1.81381370958207
974 1.81375982112581
975 1.81372467789802
976 1.81370757508673
977 1.81370776421306
978 1.81372445825801
979 1.81375683671776
980 1.81380405056968
981 1.81386522713226
982 1.81393947480333
983 1.8140258876623
984 1.81412354992315
985 1.81423154022647
986 1.81434893575963
987 1.81447481619583
988 1.81460826744347
989 1.81474838519907
990 1.81489427829735
991 1.81504507185405
992 1.81519991019736
993 1.81535795958556
994 1.81551841070897
995 1.81568048097566
996 1.81584341658107
997 1.81600649436272
998 1.81616902344201
999 1.81633034665583
1000 1.81648984178165
1001 1.81664692256022
1002 1.81680103952084
1003 1.81695168061471
1004 1.81709837166245
1005 1.81724067662234
1006 1.81737819768626
1007 1.81751057521085
1008 1.81763748749164
1009 1.81775865038817
1010 1.81787381680854
1011 1.81798277606193
1012 1.81808535308775
1013 1.8181814075703
1014 1.81827083294792
1015 1.81835355532547
1016 1.81842953229917
1017 1.81849875170278
1018 1.81856123028375
1019 1.81861701231836
1020 1.81866616817417
1021 1.81870879282845
1022 1.81874500435056
1023 1.81877494235651
1024 1.81879876644336
1025 1.8188166546109
1026 1.81882880167785
1027 1.81883541769956
1028 1.81883672639366
1029 1.81883296357992
1030 1.81882437564032
1031 1.81881121800478
1032 1.81879375366775
1033 1.81877225174054
1034 1.81874698604377
1035 1.81871823374404
1036 1.8186862740386
1037 1.81865138689126
1038 1.81861385182256
1039 1.81857394675681
1040 1.8185319469283
1041 1.81848812384843
1042 1.81844274433553
1043 1.81839606960843
1044 1.81834835444475
1045 1.81829984640454
1046 1.81825078511941
1047 1.81820140164737
1048 1.81815191789292
1049 1.81810254609192
1050 1.81805348836051
1051 1.81800493630696
1052 1.81795707070528
1053 1.81791006122914
1054 1.81786406624454
1055 1.8178192326592
1056 1.81777569582711
1057 1.81773357950569
1058 1.81769299586373
1059 1.81765404553751
1060 1.81761681773282
1061 1.81758139037029
1062 1.81754783027147
1063 1.81751619338305
1064 1.81748652503651
1065 1.81745886024052
1066 1.81743322400337
1067 1.81740963168271
1068 1.81738808935988
1069 1.81736859423617
1070 1.81735113504832
1071 1.81733569250065
1072 1.81732223971127
1073 1.8173107426698
1074 1.81730116070426
1075 1.8172934469546
1076 1.8172875488508
1077 1.81728340859304
1078 1.8172809636321
1079 1.81728014714784
1080 1.81728088852376
1081 1.81728311381604
1082 1.81728674621512
1083 1.81729170649838
1084 1.81729791347233
1085 1.81730528440298
1086 1.81731373543311
1087 1.81732318198527
1088 1.81733353914949
1089 1.81734472205477
1090 1.81735664622346
1091 1.81736922790796
1092 1.81738238440899
1093 1.81739603437497
1094 1.81741009808222
1095 1.81742449769547
1096 1.81743915750873
1097 1.81745400416613
1098 1.81746896686301
1099 1.817483977527
1100 1.81749897097953
1101 1.81751388507779
1102 1.81752866083749
1103 1.81754324253683
1104 1.81755757780197
1105 1.81757161767465
1106 1.81758531666237
1107 1.8175986327717
1108 1.81761152752543
1109 1.81762396596422
1110 1.81763591663332
1111 1.81764735155525
1112 1.81765824618915
1113 1.81766857937746
1114 1.81767833328092
1115 1.81768749330258
1116 1.81769604800158
1117 1.81770398899772
1118 1.81771131086747
1119 1.81771801103225
1120 1.81772408963995
1121 1.81772954944031
1122 1.81773439565509
1123 1.81773863584379
1124 1.81774227976556
1125 1.81774533923829
1126 1.81774782799539
1127 1.81774976154105
1128 1.81775115700465
1129 1.81775203299503
1130 1.81775240945503
1131 1.81775230751723
1132 1.81775174936111
1133 1.81775075807239
1134 1.81774935750492
1135 1.81774757214567
1136 1.81774542698315
1137 1.81774294737973
1138 1.81774015894823
1139 1.81773708743301
1140 1.81773375859597
1141 1.81773019810759
1142 1.8177264314434
1143 1.8177224837859
1144 1.8177183799322
1145 1.81771414420748
1146 1.81770980038435
1147 1.81770537160819
1148 1.81770088032859
1149 1.81769634823668
1150 1.81769179620865
1151 1.81768724425517
1152 1.81768271147674
1153 1.81767821602495
1154 1.8176737750694
1155 1.81766940477033
1156 1.81766512025667
1157 1.81766093560945
1158 1.81765686385032
1159 1.81765291693513
1160 1.81764910575213
1161 1.81764544012488
1162 1.81764192881941
1163 1.8176385795555
1164 1.81763539902186
1165 1.81763239289497
1166 1.81762956586123
1167 1.81762692164233
1168 1.81762446302351
1169 1.81762219188442
1170 1.81762010923244
1171 1.81761821523806
1172 1.81761650927228
1173 1.81761498994557
1174 1.81761365514826
1175 1.81761250209217
1176 1.81761152735315
1177 1.81761072691436
1178 1.81761009621011
1179 1.81760963016991
1180 1.81760932326277
1181 1.81760916954132
1182 1.8176091626857
1183 1.81760929604701
1184 1.81760956269022
1185 1.81760995543624
1186 1.81761046690316
1187 1.81761108954644
1188 1.81761181569802
1189 1.81761263760405
1190 1.81761354746136
1191 1.81761453745247
1192 1.81761559977903
1193 1.81761672669367
1194 1.81761791053022
1195 1.81761914373218
1196 1.81762041887943
1197 1.81762172871322
1198 1.81762306615924
1199 1.81762442434895
1200 1.81762579663905
