1 2
2 2
3 2
4 2
5 2
6 2
7 2
8 2
9 2
10 2
11 2
12 2
13 2
14 2
15 2
16 2
17 2
18 2
19 2
20 2
21 2
22 2
23 2
24 2
25 2
26 2
27 2
28 2
29 2
30 2.25
31 2.29610357142857
32 2.34253214285714
33 2.38896071428571
34 2.43538928571429
35 2.48181785714286
36 2.52824642857143
37 2.574675
38 2.62110357142857
39 2.66753214285714
40 2.71133820488437
41 2.75019373373632
42 2.78416279486408
43 2.8
44 2.8
45 2.8
46 2.8
47 2.8
48 2.8
49 2.79985683403544
50 2.79477260700835
51 2.78481121671934
52 2.7701142241604
53 2.75102429178295
54 2.72814724832642
55 2.70211267938588
56 2.67342108645221
57 2.6424720000395
58 2.60958582642263
59 2.57502239007805
60 2.5390456157826
61 2.50196812247474
62 2.46413986662027
63 2.42593635675841
64 2.38774463765001
65 2.34994937506149
66 2.31292285111637
67 2.27701919668661
68 2.24257148596816
69 2.20989070449868
70 2.17926535747613
71 2.15096051200468
72 2.12521608882699
73 2.10224478925743
74 2.08222999016988
75 2.06532389191804
76 2.05164610474069
77 2.04128274116228
78 2.03428599944128
79 2.03067418076823
80 2.03043207124353
81 2.03351163442419
82 2.03983298511406
83 2.04928563243521
84 2.06172998681424
85 2.07699912457949
86 2.09490079842821
87 2.11521967517347
88 2.13771977617107
89 2.1621470916985
90 2.18823233844232
91 2.21569382869218
92 2.24424042012409
93 2.27357451559967
94 2.30339508293344
95 2.33340066504385
96 2.3632923513917
97 2.39277668224575
98 2.42156845820386
99 2.44939342859364
100 2.47599083388572
101 2.50111577904395
102 2.52454141676362
103 2.54606092176224
104 2.56548923964712
105 2.58266459635879
106 2.59744975675342
107 2.60973302351957
108 2.61942897030305
109 2.62647890561443
110 2.6308510667922
111 2.63254054596456
112 2.63156895256636
113 2.6279838195008
114 2.62185776246128
115 2.61328740422666
116 2.60239207788997
117 2.58931232495997
118 2.57420820606735
119 2.55725744360027
120 2.53865341697316
121 2.51860303238849
122 2.49732448987479
123 2.47504497107073
124 2.45199827166971
125 2.42842240264264
126 2.404557184319
127 2.38064185713183
128 2.35691273232741
129 2.33360090521289
130 2.31093005257593
131 2.28911433477108
132 2.26835642164317
133 2.24884565996305
134 2.23075639840386
135 2.21424648430407
136 2.19945594456717
137 2.18650586105639
138 2.17549744877868
139 2.16651134303471
140 2.15960709956491
141 2.15482290956472
142 2.15217552929865
143 2.15166042193204
144 2.1532521071426
145 2.15690471209016
146 2.16255271543112
147 2.17011187428094
148 2.17948032237037
149 2.19053982612235
150 2.20315718401102
151 2.21718575336194
152 2.23246708772397
153 2.24883266709545
154 2.26610570262626
155 2.28410299694661
156 2.30263684099555
157 2.32151692813647
158 2.34055226645162
159 2.35955307039954
160 2.37833261349204
161 2.39670902429426
162 2.41450700886326
163 2.4315594837072
164 2.4477091044571
165 2.46280967668239
166 2.47672743663767
167 2.48934219118393
168 2.50054830766994
169 2.51025554616904
170 2.5183897281295
171 2.52489323719314
172 2.52972534965151
173 2.53286239372392
174 2.53429773853962
175 2.53404161537216
176 2.53212077528993
177 2.52857798893926
178 2.52347139565014
179 2.51687371043591
180 2.50887129873622
181 2.49956312991412
182 2.48905962155552
183 2.47748138752213
184 2.46495790347239
185 2.45162610418108
186 2.4376289274555
187 2.42311381976003
188 2.40823121882182
189 2.39313302849847
190 2.3779711010458
191 2.36289574163413
192 2.34805424952957
193 2.33358950978909
194 2.31963864862196
195 2.30633176475455
196 2.29379074820986
197 2.28212819688826
198 2.27144644022382
199 2.26183667800227
200 2.25337824117656
201 2.24613798021573
202 2.24016978518695
203 2.23551424041259
204 2.23219841517724
205 2.23023579059828
206 2.22962632142989
207 2.23035663025911
208 2.23240033028374
209 2.2357184716502
210 2.24026010518359
211 2.24596295627374
212 2.25275420069976
213 2.26055133328846
214 2.2692631195179
215 2.27879061950172
216 2.28902827322799
217 2.29986503548224
218 2.31118554856027
219 2.32287134067479
220 2.33480203787958
221 2.34685657737639
222 2.3589144102299
223 2.37085668179186
224 2.38256737852299
225 2.39393443039396
226 2.40485075863981
227 2.41521525932672
228 2.42493371395954
229 2.4339196192026
230 2.44209492869722
231 2.44939070092569
232 2.45574764808412
233 2.46111658197394
234 2.46545875399364
235 2.46874608739786
236 2.47096130107826
237 2.47209792520062
238 2.4721602100929
239 2.47116293081128
240 2.46913109080398
241 2.46609952903807
242 2.46211243584307
243 2.45722278354936
244 2.45149167875183
245 2.44498764370369
246 2.43778583493605
247 2.42996720770153
248 2.42161763525071
249 2.41282699226634
250 2.40368821199972
251 2.39429632677614
252 2.3847475015615
253 2.37513807021215
254 2.3655635838652
255 2.3561178806719
256 2.34689218573441
257 2.33797424968173
258 2.32944753381899
259 2.32139044921205
260 2.3138756564319
261 2.30696943199006
262 2.30073110675195
263 2.29521258083093
264 2.29045791864702
265 2.28650302699225
266 2.28337541808546
267 2.28109405873408
268 2.27966930585547
269 2.27910292775635
270 2.27938820973209
271 2.28051014173774
272 2.28244568510586
273 2.28516411455114
274 2.28862743101332
275 2.29279084025615
276 2.29760329156467
277 2.30300807037215
278 2.30894343820504
279 2.31534331296249
280 2.32213798225008
281 2.32925484226549
282 2.33661915458988
283 2.34415481317167
284 2.35178511379965
285 2.35943351844782
286 2.36702440703453
287 2.37448380936865
288 2.38174011035499
289 2.38872472189317
290 2.39537271532696
291 2.40162340877745
292 2.40742090421916
293 2.41271456972727
294 2.41745946292948
295 2.42161669233248
296 2.42515371385269
297 2.42804456055761
298 2.43027000431082
299 2.43181764870335
300 2.4326819533399
301 2.43286419022408
302 2.43237233364479
303 2.43122088560138
304 2.42943063941104
305 2.427028384713
306 2.42404655761569
307 2.42052284021974
308 2.41649971418793
309 2.41202397341904
310 2.40714620121306
311 2.40192021758801
312 2.39640250262153
313 2.39065160184252
314 2.3847275197888
315 2.37869110787557
316 2.3726034526876
317 2.36652527071632
318 2.36051631541329
319 2.35463480222588
320 2.34893685702289
321 2.34347599300984
322 2.33830262087973
323 2.33346359654989
324 2.32900181040268
325 2.32495582148288
326 2.32135953961197
327 2.31824195786528
328 2.3156269373265
329 2.31353304549146
330 2.31197344914513
331 2.31095586198696
332 2.31048254673634
333 2.31055037091725
334 2.31115091500339
335 2.31227063110823
336 2.31389104993248
337 2.31598903323858
338 2.31853706871241
339 2.32150360369984
340 2.3248534139728
341 2.32854800338977
342 2.33254603007009
343 2.33680375450325
344 2.34127550486372
345 2.34591415469986
346 2.35067160811324
347 2.35549928754028
348 2.3603486192928
349 2.3651715121057
350 2.36992082407638
351 2.37455081356172
352 2.37901756981938
353 2.38327941944055
354 2.38729730491628
355 2.39103513200636
356 2.39446008293507
357 2.39754289281731
358 2.40025808711803
359 2.40258417836358
360 2.40450382075024
361 2.40600392172976
362 2.40707571008869
363 2.40771476047374
364 2.40792097474562
365 2.40769852096329
366 2.40705573120675
367 2.40600495983478
368 2.40456240414093
369 2.40274788971344
370 2.40058462311964
371 2.39809891481954
372 2.39531987546542
373 2.39227908896085
374 2.38901026583358
375 2.38554888061951
376 2.38193179705981
377 2.3781968849786
378 2.37438263273544
379 2.37052775913444
380 2.36667082862184
381 2.36284987351633
382 2.35910202689362
383 2.35546316958999
384 2.35196759460055
385 2.34864769192987
386 2.34553365670723
387 2.34265322310919
388 2.34003142634152
389 2.33769039462387
390 2.33564917279686
391 2.33392357883688
392 2.33252609422079
393 2.33146578873607
394 2.33074827998376
395 2.33037572747643
396 2.33034686089358
397 2.33065704172702
398 2.33129835723043
399 2.33225974528462
400 2.08225974528462
401 1.99160914957954
402 1.90057821925832
403 1.80979509773382
404 1.71923579979774
405 1.62887447844039
406 1.53868370619307
407 1.44863476801297
408 1.3586979626595
409 1.26884290947085
410 1.2
411 1.2
412 1.2
413 1.2
414 1.2
415 1.2
416 1.2
417 1.2
418 1.2
419 1.2
420 1.2
421 1.2
422 1.20296390540119
423 1.21124811676741
424 1.22398364203168
425 1.24047855127453
426 1.26017957243839
427 1.28264214038657
428 1.30750703243833
429 1.33448213610048
430 1.36332821610624
431 1.39384779822119
432 1.42584539081108
433 1.45907410632502
434 1.49323264167778
435 1.52799145507576
436 1.56301038373853
437 1.59795020822952
438 1.63247996691499
439 1.66628132282676
440 1.69905091743355
441 1.73050137701167
442 1.76036176781974
443 1.78837854651512
444 1.81431744092367
445 1.83796582646606
446 1.85913506692819
447 1.87766254132041
448 1.89341323616497
449 1.90628087688043
450 1.91618862486154
451 1.92308939331709
452 1.92696584158877
453 1.92783009471358
454 1.92572321040037
455 1.92071439657256
456 1.91289997723829
457 1.90240210813844
458 1.88936725049395
459 1.87396441811286
460 1.85638321868112
461 1.83683171376399
462 1.81553412395248
463 1.79272840614158
464 1.76866372977758
465 1.74359787862946
466 1.7177946044826
467 1.6915209591022
468 1.66504463073587
469 1.63863131118243
470 1.61254211895139
471 1.58703110323211
472 1.5623428522828
473 1.53871022846942
474 1.51635225057852
475 1.49547214223819
476 1.47625556334311
477 1.45886903931767
478 1.44345860088517
479 1.43014864475758
480 1.41904102333933
481 1.4102143691693
482 1.40372365743063
483 1.39960000746326
484 1.39785072184203
485 1.39845955925974
486 1.40138723520114
487 1.4065721422331
488 1.41393127968718
489 1.42336138059317
490 1.43474022195071
491 1.44792810281862
492 1.46276947326882
493 1.47909469600719
494 1.49672192141628
495 1.51545905593163
496 1.53510580303085
497 1.55545575569495
498 1.57629851899638
499 1.59742184147638
500 1.61861373419266
501 1.63966455674194
502 1.66036905018304
503 1.68052829759648
504 1.69995159400516
505 1.71845820853496
506 1.73587902300074
507 1.75205803254709
508 1.76685369553774
509 1.78014012155609
510 1.79180808813375
511 1.80176587864546
512 1.80993993567928
513 1.81627532608988
514 1.82073601585289
515 1.82330495473874
516 1.82398397269793
517 1.82279349167781
518 1.81977205835575
519 1.81497570495986
520 1.80847714693896
521 1.80036482772582
522 1.79074182219724
523 1.77972461166059
524 1.76744174427839
525 1.75403239577197
526 1.73964484601519
527 1.72443488773413
528 1.70856418396556
529 1.69219859119281
530 1.67550646517412
531 1.65865696640455
532 1.64181838191411
533 1.62515647970405
534 1.60883291156828
535 1.59300367934461
536 1.57781767879989
537 1.56341533438463
538 1.54992733700799
539 1.53747349579448
540 1.52616171350403
541 1.51608709393949
542 1.50733118824631
543 1.49996138554121
544 1.49403045180722
545 1.48957621947459
546 1.4866214285882
547 1.48517371895511
548 1.48522577118738
549 1.48675559311763
550 1.48972694668319
551 1.49408990906081
552 1.49978156059996
553 1.50672679096041
554 1.51483921381804
555 1.52402217957106
556 1.53416987466476
557 1.54516849546221
558 1.55689748402706
559 1.5692308127552
560 1.58203830449807
561 1.59518697466193
562 1.60854238174448
563 1.62196997288093
564 1.63533641121338
565 1.64851087226497
566 1.66136629698957
567 1.67378058977115
568 1.68563775035737
569 1.69682892952049
570 1.70725339913689
571 1.71681942835241
572 1.72544505854612
573 1.73305877090599
574 1.73960004157731
575 1.74501978052408
576 1.74928065144505
577 1.75235727129595
578 1.75423628917656
579 1.75491634553335
580 1.75440791379386
581 1.75273302767758
582 1.74992489850739
583 1.74602742786819
584 1.74109462191338
585 1.73518991449906
586 1.72838540712104
587 1.72076103433548
588 1.71240366395368
589 1.70340614181126
590 1.69386629131764
591 1.68388587829115
592 1.67356955177666
593 1.66302377162591
594 1.65235573359703
595 1.64167230259978
596 1.63107896448077
597 1.62067880641127
598 1.61057153551441
599 1.6008525448534
600 1.59161203530555
601 1.58293420117375
602 1.57489648664678
603 1.56756891941976
604 1.56101352693548
605 1.555283839815
606 1.55042448612139
607 1.54647087915325
608 1.54344900050465
609 1.5413752791642
610 1.54025656646916
611 1.54009020578803
612 1.54086419488839
613 1.54255743806238
614 1.54514008424008
615 1.5485739465274
616 1.55281299786863
617 1.55780393685925
618 1.56348681712921
619 1.56979573318477
620 1.57665955514232
621 1.58400270441461
622 1.59174596211976
623 1.59980730177893
624 1.60810273775017
625 1.61654718081326
626 1.62505529237283
627 1.63354232888315
628 1.64192496831424
629 1.65012211077343
630 1.65805564576379
631 1.66565117899751
632 1.67283871218208
633 1.67955326975504
634 1.68573546715166
635 1.69133201584404
636 1.69629616108088
637 1.70058804897905
638 1.70417502036161
639 1.70703182949671
640 1.70914078665739
641 1.71049182418922
642 1.71108248653018
643 1.71091784537051
644 1.71001034186086
645 1.7083795584683
646 1.70605192373585
647 1.70306035381581
648 1.69944383521436
649 1.69524695370098
650 1.69051937479531
651 1.68531528164417
652 1.6796927764375
653 1.67371325178355
654 1.6674407386675
655 1.66094123775367
656 1.65428204085847
657 1.64753104942073
658 1.64075609672749
659 1.63402428051972
660 1.6274013124051
661 1.62095089024764
662 1.6147340993888
663 1.60880884818692
664 1.60322934294535
665 1.59804560683839
666 1.5933030469451
667 1.5890420729679
668 1.58529777065238
669 1.5820996323428
670 1.57947134650949
671 1.57743064747754
672 1.57598922597483
673 1.57515270050985
674 1.57492064898984
675 1.57528669940488
676 1.57623867783841
677 1.57775881152458
678 1.57982398416327
679 1.58240604022851
680 1.58547213457025
681 1.58898512321587
682 1.59290399093084
683 1.597184310799
684 1.60177873083567
685 1.60663748245165
686 1.61170890544505
687 1.61693998411161
688 1.62227688903166
689 1.62766551911428
690 1.63305203855399
691 1.63838340348229
692 1.64360787327238
693 1.64867550167898
694 1.65353860326278
695 1.65815219085789
696 1.66247438018654
697 1.66646675810491
698 1.6700947113728
699 1.67332771327287
700 1.67613956585951
701 1.6785085960856
702 1.68041780453568
703 1.68185496597865
704 1.68281268143953
705 1.68328838197158
706 1.68328428478347
707 1.68280730283626
708 1.68186890946738
709 1.68048496001983
710 1.67867547284973
711 1.67646437245206
712 1.67387919777811
713 1.67095077911727
714 1.66771288717709
715 1.66420185821764
716 1.6604561992766
717 1.65651617766021
718 1.65242339897006
719 1.64822037798784
720 1.6439501067485
721 1.63965562409773
722 1.63537959095392
723 1.63116387537783
724 1.62704915139775
725 1.62307451534606
726 1.61927712323667
727 1.61569185245475
728 1.6123509907441
729 1.60928395516554
730 1.60651704336611
731 1.60407321914705
732 1.60197193395224
733 1.60022898552122
734 1.59885641456736
735 1.59786243995453
736 1.59725143245937
737 1.59702392682528
738 1.59717667144054
739 1.59770271461239
740 1.59859152606274
741 1.59982915194382
742 1.6013984013663
743 1.6032790621506
744 1.60544814325702
745 1.60788014112371
746 1.61054732694594
747 1.61342005176594
748 1.61646706611224
749 1.6196558508306
750 1.6229529556864
751 1.62632434229109
752 1.62973572791169
753 1.63315292676313
754 1.63654218545671
755 1.6398705093832
756 1.64310597694443
757 1.64621803871137
758 1.6491777987769
759 1.65195827578615
760 1.65453464136345
761 1.65688443391061
762 1.65898774602244
763 1.66082738405101
764 1.66238899864534
765 1.66366118539591
766 1.66463555502074
767 1.66530677283759
768 1.66567256757345
769 1.6657337098636
770 1.66549396108637
771 1.66495999346253
772 1.66414128261833
773 1.66304997406505
774 1.66170072528439
775 1.66011052532505
776 1.65829849401012
777 1.65628566302579
778 1.65409474130799
779 1.65174986726327
780 1.64927635045429
781 1.64670040544564
782 1.64404888054508
783 1.64134898418583
784 1.63862801167979
785 1.63591307502875
786 1.63323083841184
787 1.63060726187445
788 1.62806735562631
789 1.62563494721793
790 1.62333246370489
791 1.62118073073159
792 1.61919879027193
793 1.61740373855532
794 1.61581058548598
795 1.61443213663269
796 1.61327889862854
797 1.61235900857752
798 1.61167818781945
799 1.61123972016015
800 1.86123972016015
801 1.88433788244593
802 1.90783626880969
803 1.93156617482546
804 1.95551920374478
805 1.97968488063363
806 2.00405078535118
807 2.02860270279014
808 2.05332478865109
809 2.07819974889493
810 2.10058447316317
811 2.1183717008355
812 2.13201931892478
813 2.1418719604181
814 2.1481889288529
815 2.15116338428484
816 2.15093732623209
817 2.1476133000055
818 2.14126354840175
819 2.13193717074732
820 2.11969325840375
821 2.10464654613129
822 2.08697187859158
823 2.066884771978
824 2.04462800609392
825 2.0204624863409
826 1.99466113241714
827 1.96750489080712
828 1.93928021877811
829 1.91027757158286
830 1.88079027032066
831 1.85111287876349
832 1.82153870741597
833 1.79235677989149
834 1.76384869012374
835 1.73628558935361
836 1.70992542164881
837 1.68501045266991
838 1.66176509294675
839 1.64039399336906
840 1.62108038266533
841 1.60398462521232
842 1.58924299647674
843 1.57696668851994
844 1.56724106235406
845 1.56012516084525
846 1.55565148988694
847 1.55382606919899
848 1.55462874856527
849 1.5580137810781
850 1.56391064204449
851 1.57222508033384
852 1.58284038761681
853 1.59561886971083
854 1.61040350290098
855 1.62701975666142
856 1.64527756277253
857 1.66497340953474
858 1.68589253871205
859 1.7078112220489
860 1.7304990937093
861 1.75372151477723
862 1.77724194600867
863 1.80082430531585
864 1.82423528697388
865 1.84724662025811
866 1.86963724613808
867 1.89119539176386
868 1.91172052377166
869 1.93102516289697
870 1.94893654399802
871 1.96529810734273
872 1.97997080887825
873 1.99283423916298
874 2.00378754267527
875 2.01275013129922
876 2.01966218790537
877 2.02448495807065
878 2.02720083009721
879 2.02781320557349
880 2.02634616475225
881 2.02284393298093
882 2.01737015629041
883 2.01000699601305
884 2.00085405394229
885 1.99002714105119
886 1.97765690414238
887 1.96388732599558
888 1.94887411560281
889 1.93278300592629
890 1.91578797727592
891 1.8980694248766
892 1.87981228947981
893 1.86120416996781
894 1.84243343680489
895 1.82368736491177
896 1.80515030408173
897 1.78700190442763
898 1.76941541355635
899 1.7525560612212
900 1.73657954611531
901 1.72163063825272
902 1.70784190905218
903 1.69533259980705
904 1.68420763770812
905 1.6745568070008
906 1.66645408122133
907 1.65995712078411
908 1.65510693850194
909 1.65192773392927
910 1.65042689574253
911 1.65059516972694
912 1.65240698834245
913 1.65582095630717
914 1.66078048517863
915 1.66721456854639
916 1.67503868818337
917 1.68415584035187
918 1.69445767043068
919 1.70582570313205
920 1.71813265481782
921 1.73124381380822
922 1.74501847410903
923 1.75931140766523
924 1.77397436008295
925 1.78885755474592
926 1.80381119038604
927 1.81868691744591
928 1.83333927899032
929 1.8476271024771
930 1.86141482937768
931 1.87457377043694
932 1.88698327526889
933 1.89853180599135
934 1.90911790569533
935 1.91865105371298
936 1.92705240087869
937 1.93425537925748
938 1.94020618213122
939 1.94486411137163
940 1.94820179067688
941 1.9502052444922
942 1.95087384376067
943 1.9502201209463
944 1.94826945802456
945 1.94505965233418
946 1.94064036631744
947 1.93507246823399
948 1.92842727190576
949 1.92078568443029
950 1.91223727157839
951 1.9028792512638
952 1.89281542603292
953 1.88215506596615
954 1.87101175370816
955 1.85950220354965
956 1.84774506656799
957 1.83585973379951
958 1.82396514926421
959 1.81217864439716
960 1.80061480506444
961 1.78938438186032
962 1.77859325380281
963 1.76834145487339
964 1.75872227209255
965 1.74982142299304
966 1.7417163194583
967 1.73447542394213
968 1.72815770308993
969 1.72281218274957
970 1.71847760730442
971 1.71518220519062
972 1.7129435613882
973 1.71176859660997
974 1.71165365186501
975 1.71258467605411
976 1.71453751327302
977 1.71747828556426
978 1.72136386597925
979 1.72614243599584
980 1.73175412059064
981 1.73813169359647
982 1.74520134538811
983 1.75288350443943
984 1.76109370388544
985 1.76974348390616
986 1.77874132052793
987 1.78799357131217
988 1.79740542837166
989 1.8068818692192
990 1.81632859611088
991 1.82565295479324
992 1.83476482389688
993 1.84357746663352
994 1.85200833694473
995 1.85997983281166
996 1.86741999006
997 1.8742631106766
998 1.88045032038474
999 1.88593005099755
1000 1.89065844387433
1001 1.8945996716346
1002 1.89772617613088
1003 1.90001882153487
1004 1.90146696224455
1005 1.90206842616334
1006 1.90182941472808
1007 1.90076432186353
1008 1.89889547480839
1009 1.89625280048578
1010 1.89287342177183
1011 1.88880118864463
1012 1.88408614976593
1013 1.87878397055539
1014 1.87295530425766
1015 1.86666512287246
1016 1.85998201511522
1017 1.8529774587976
1018 1.84572507516374
1019 1.8382998727879
1020 1.83077748863279
1021 1.82323343378747
1022 1.81574235124933
1023 1.80837729289117
1024 1.80120902246238
1025 1.7943053511191
1026 1.78773051156456
1027 1.7815445764131
1028 1.77580292587547
1029 1.77055576930381
1030 1.76584772453923
1031 1.76171745837858
1032 1.75819739082772
1033 1.75531346514144
1034 1.7530849849736
1035 1.7515245192809
1036 1.75063787494654
1037 1.75042413642379
1038 1.75087577104855
1039 1.75197879804296
1040 1.75371301863213
1041 1.75605230413167
1042 1.7589649383367
1043 1.76241401006117
1044 1.76635785124136
1045 1.77075051563406
1046 1.77554229281148
1047 1.78068025188274
1048 1.78610880915873
1049 1.79177031382421
1050 1.79760564558841
1051 1.80355481825392
1052 1.80955758317193
1053 1.81555402663961
1054 1.82148515544019
1055 1.82729346492604
1056 1.83292348429754
1057 1.83832229403167
1058 1.84344001076084
1059 1.84823023529075
1060 1.85265045987084
1061 1.85666243128808
1062 1.86023246683931
1063 1.8633317207438
1064 1.8659363990808
1065 1.86802792187178
1066 1.86959303146729
1067 1.87062384693965
1068 1.871117864719
1069 1.87107790623639
1070 1.87051201384888
1071 1.86943329681292
1072 1.86785972953912
1073 1.86581390479985
1074 1.86332274496649
1075 1.86041717472278
1076 1.8571317590309
1077 1.85350431041513
1078 1.84957546987209
1079 1.8453882659147
1080 1.84098765640779
1081 1.83642005795631
1082 1.83173286766138
1083 1.82697398206571
1084 1.82219131806853
1085 1.81743234050238
1086 1.81274360093104
1087 1.80817029205237
1088 1.80375582187285
1089 1.79954141156643
1090 1.79556572064084
1091 1.79186450271337
1092 1.78847029484944
1093 1.7854121430442
1094 1.78271536603431
1095 1.78040135921799
1096 1.77848744004093
1097 1.77698673577751
1098 1.77590811420571
1099 1.77525615724447
1100 1.77503117719775
1101 1.7752292748351
1102 1.77584243813697
1103 1.7768586801496
1104 1.77826221403075
1105 1.78003366302896
1106 1.78215030282686
1107 1.78458633339733
1108 1.78731317727082
1109 1.79029980089694
1110 1.79351305560297
1111 1.79691803450904
1112 1.80047844165476
1113 1.80415696952533
1114 1.80791568113691
1115 1.81171639285134
1116 1.81552105413767
1117 1.81929212058261
1118 1.82299291657107
1119 1.8265879842113
1120 1.83004341526371
1121 1.8333271630462
1122 1.8364093315296
1123 1.83926243910146
1124 1.84186165476214
1125 1.84418500482079
1126 1.84621354847716
1127 1.84793152100496
1128 1.84932644358993
1129 1.85038919921812
1130 1.85111407435282
1131 1.85149876647963
1132 1.85154435793421
1133 1.85125525675347
1134 1.85063910560551
1135 1.84970666015269
1136 1.84847163848437
1137 1.84695054351707
1138 1.84516246049935
1139 1.84312883197316
1140 1.84087321273181
1141 1.83842100747575
1142 1.83579919399861
1143 1.83303603483853
1144 1.83016078040099
1145 1.82720336660041
1146 1.82419411007844
1147 1.82116340403645
1148 1.81814141767062
1149 1.81515780211942
1150 1.81224140572753
1151 1.80942000129846
1152 1.80672002785128
1153 1.80416634921851
1154 1.80178203162225
1155 1.79958814214846
1156 1.79760356980565
1157 1.79584487060751
1158 1.79432613786201
1159 1.7930588985837
1160 1.79205203667599
1161 1.79131174325652
1162 1.79084149422657
1163 1.79064205491514
1164 1.79071151136406
1165 1.79104532756445
1166 1.79163642770871
1167 1.79247530228928
1168 1.79355013665732
1169 1.79484696045263
1170 1.79634981613387
1171 1.79804094467453
1172 1.79990098634938
1173 1.8019091944168
1174 1.80404365940669
1175 1.8062815416523
1176 1.80859930965662
1177 1.81097298186112
1178 1.81337836938592
1179 1.81579131733573
1180 1.81818794231451
1181 1.82054486386285
1182 1.82283942762471
1183 1.82504991816326
1184 1.82715575947691
1185 1.82913770141627
1186 1.83097799036706
1187 1.83266052274254
1188 1.83417098001946
1189 1.83549694425129
1190 1.83662799320013
1191 1.83755577444207
1192 1.83827405801685
1193 1.83877876741046
1194 1.8390679888758
1195 1.83914195930968
1196 1.83900303311305
1197 1.83865562866171
1198 1.83810615520727
1199 1.83736292120872
1200 1.83643602526397
