1 0.8
2 0.8
3 0.8
4 0.8
5 0.8
6 0.8
7 0.8
8 0.8
9 0.8
10 0.8
11 0.8
12 0.8
13 0.8
14 0.8
15 0.8
16 0.8
17 0.8
18 0.8
19 0.8
20 0.8
21 0.8
22 0.8
23 0.8
24 0.8
25 0.8
26 0.8
27 0.8
28 0.8
29 0.8
30 0.8
31 0.8
32 0.8
33 0.8
34 0.8
35 0.8
36 0.8
37 0.8
38 0.8
39 0.8
40 0.8
41 0.8
42 0.8
43 0.8
44 0.8
45 0.8
46 0.8
47 0.8
48 0.8
49 0.8
50 0.8
51 0.8
52 0.8
53 0.8
54 0.8
55 0.8
56 0.8
57 0.8
58 0.8
59 0.8
60 0.8
61 0.8
62 0.8
63 0.8
64 0.8
65 0.8
66 0.8
67 0.8
68 0.8
69 0.8
70 0.8
71 0.8
72 0.8
73 0.8
74 0.8
75 0.8
76 0.8
77 0.8
78 0.8
79 0.8
80 0.8
81 0.8
82 0.8
83 0.8
84 0.8
85 0.8
86 0.8
87 0.8
88 0.8
89 0.8
90 0.8
91 0.8
92 0.8
93 0.8
94 0.8
95 0.8
96 0.8
97 0.8
98 0.8
99 0.8
100 0.8
101 0.8
102 0.8
103 0.8
104 0.8
105 0.8
106 0.8
107 0.8
108 0.8
109 0.8
110 0.8
111 0.8
112 0.8
113 0.8
114 0.8
115 0.8
116 0.8
117 0.8
118 0.8
119 0.8
120 0.8
121 0.8
122 0.8
123 0.8
124 0.8
125 0.8
126 0.8
127 0.8
128 0.8
129 0.8
130 0.8
131 0.8
132 0.8
133 0.8
134 0.8
135 0.8
136 0.8
137 0.8
138 0.8
139 0.8
140 0.8
141 0.8
142 0.8
143 0.8
144 0.8
145 0.8
146 0.8
147 0.8
148 0.8
149 0.8
150 0.8
151 0.8
152 0.8
153 0.8
154 0.8
155 0.8
156 0.8
157 0.8
158 0.8
159 0.8
160 0.8
161 0.8
162 0.8
163 0.8
164 0.8
165 0.8
166 0.8
167 0.8
168 0.8
169 0.8
170 0.8
171 0.8
172 0.8
173 0.8
174 0.8
175 0.8
176 0.8
177 0.8
178 0.8
179 0.8
180 0.8
181 0.8
182 0.8
183 0.8
184 0.8
185 0.8
186 0.8
187 0.8
188 0.8
189 0.8
190 0.8
191 0.8
192 0.8
193 0.8
194 0.8
195 0.8
196 0.8
197 0.8
198 0.8
199 0.8
200 0.8
201 0.8
202 0.8
203 0.8
204 0.8
205 0.8
206 0.8
207 0.8
208 0.8
209 0.8
210 0.8
211 0.800778725
212 0.80360926925
213 0.809412565748
214 0.818215714898255
215 0.829286889816548
216 0.841918473471702
217 0.85556936539215
218 0.869827678611113
219 0.884381706727413
220 0.89899733176974
221 0.913500447983848
222 0.927763291690398
223 0.941693812748994
224 0.955227414305679
225 0.968109560135724
226 0.979658587529703
227 0.989095819702409
228 0.995999345776017
229 1.00039213577986
230 1.00264406401674
231 1.00331016434224
232 1.00297814392458
233 1.00215977916201
234 1.00123429394385
235 1.00043626064915
236 0.999873783582275
237 0.999562021503053
238 0.999459883156401
239 0.999501885157852
240 0.99962125008034
241 0.999763540274708
242 0.999892184070696
243 0.999988221223957
244 1.00004672865402
245 1.00007199988752
246 1.00007292924404
247 1.00005940964289
248 1.00004002170474
249 1.00002092739355
250 1.00000568471149
251 0.999995639329587
252 0.999990579854021
253 0.999989421923579
254 0.999990777668768
255 0.99999334832922
256 0.999996137525446
257 0.999998518220036
258 1.00000020091411
259 1.00000114999518
260 1.00000148575457
261 1.00000139685537
262 1.00000107578537
263 1.00000068022831
264 1.00000031708598
265 1.00000004287308
266 0.999999873647476
267 0.999999798626829
268 0.999999793348282
269 0.999999830026867
270 0.999999884275679
271 0.999999938396738
272 0.999999982025307
273 1.00000001109658
274 1.00000002602645
275 1.00000002978105
276 1.00000002625271
277 1.00000001912818
278 1.00000001126394
279 1.00000000447923
280 0.999999999634185
281 0.999999996860397
282 0.999999995836419
283 0.999999996036739
284 0.999999996917204
285 0.999999998027461
286 0.999999999058904
287 0.999999999845543
288 1.00000000033706
289 1.00000000056071
290 1.00000000058408
291 1.00000000048537
292 1.00000000033399
293 1.00000000018084
294 1.00000000005613
295 0.999999999972114
296 0.999999999928161
297 0.999999999916187
298 0.999999999925291
299 0.999999999945015
300 0.999999999967178
301 0.999999999986506
302 1.00000000000045
303 1.00000000000855
304 1.00000000001166
305 1.00000000001124
306 1.00000000000883
307 1.00000000000572
308 1.00000000000279
309 1.00000000000053
310 0.999999999999107
311 0.999999999998441
312 0.999999999998351
313 0.999999999998615
314 0.999999999999037
315 0.999999999999469
316 0.999999999999825
317 1.00000000000007
318 1.0000000000002
319 1.00000000000023
320 1.00000000000021
321 1.00000000000016
322 1.00000000000009
323 1.00000000000004
324 0.999999999999998
325 0.999999999999974
326 0.999999999999965
327 0.999999999999966
328 0.999999999999973
329 0.999999999999982
330 0.99999999999999
331 0.999999999999997
332 1
333 1
334 1
335 1
336 1
337 1
338 1
339 1
340 0.999999999999999
341 0.999999999999999
342 0.999999999999999
343 1
344 1
345 1
346 1
347 1
348 1
349 1
350 1
351 1
352 1
353 1
354 1
355 1
356 1
357 1
358 1
359 1
360 1
361 1
362 1
363 1
364 1
365 1
366 1
367 1
368 1
369 1
370 1
371 1
372 1
373 1
374 1
375 1
376 1
377 1
378 0.999999999762252
379 0.999999997884518
380 0.999999990372628
381 0.99999996985263
382 0.999999926875474
383 0.999999854018918
384 0.999999752261023
385 0.999999638233703
386 0.999999550422948
387 0.999999552051551
388 0.999999728347028
389 1.00000017643651
390 1.00000098763304
391 1.0000022248426
392 1.00000390268248
393 1.00000598021223
394 1.00000837076444
395 1.00001096404546
396 1.00001365002099
397 1.00001633584386
398 1.00001895252095
399 1.00002145224337
400 1.00002379966065
401 1.00002591923582
402 1.00002765180704
403 1.00002877508658
404 1.0000290828193
405 1.00002846927219
406 1.0000269555378
407 1.00002467262667
408 1.00002182433493
409 1.00001864428274
410 0.999236568963499
411 0.996402584507465
412 0.990595818436528
413 0.981166235498527
414 0.967937545864415
415 0.951573663763419
416 0.933064225583439
417 0.913165588670133
418 0.892453108802607
419 0.871361826829902
420 0.850218128352583
421 0.829264373497841
422 0.808678052305104
423 0.78858667731316
424 0.769079357043099
425 0.750215785397427
426 0.732033219452879
427 0.71455189151536
428 0.69777920268649
429 0.681712968375219
430 0.666343926354923
431 0.651657671362288
432 0.637674052178435
433 0.624891559180358
434 0.614162131652188
435 0.606052829974785
436 0.600662360324709
437 0.597683264631497
438 0.596563227529204
439 0.596674153604031
440 0.597441940123679
441 0.598421579063895
442 0.599321840514941
443 0.599993345638086
444 0.600396121583776
445 0.600560583856465
446 0.600551718820497
447 0.600441774982805
448 0.60029305132121
449 0.60014983564128
450 0.600037213284115
451 0.599964107416783
452 0.599928200156419
453 0.599921000017501
454 0.59993201368066
455 0.599951585358534
456 0.599972405351909
457 0.59998994576832
458 0.600002181858993
459 0.600008947207199
460 0.60001119784588
461 0.600010364416625
462 0.600007880627922
463 0.600004905922961
464 0.600002215508774
465 0.600000209783189
466 0.59999899202799
467 0.599998471216105
468 0.599998459769308
469 0.599998749532795
470 0.599999160337153
471 0.599999563120042
472 0.59999988366259
473 0.600000094226519
474 0.600000199698195
475 0.600000223175051
476 0.60000019399902
477 0.600000139529816
478 0.600000080697138
479 0.600000030627363
480 0.599999995339402
481 0.599999975521284
482 0.599999968599185
483 0.59999997057989
484 0.599999977405583
485 0.5999999857616
486 0.599999993407554
487 0.599999999164941
488 0.600000002705461
489 0.600000004263103
490 0.600000004356907
491 0.60000000357333
492 0.600000002425529
493 0.600000001284851
494 0.600000000367919
495 0.599999999758829
496 0.599999999447695
497 0.599999999371359
498 0.599999999447551
499 0.599999999598617
500 0.599999999764558
501 0.599999999907289
502 0.600000000008923
503 0.600000000066867
504 0.600000000088011
505 0.600000000083482
506 0.600000000064754
507 0.600000000041295
508 0.600000000019575
509 0.600000000003057
510 0.599999999992771
511 0.599999999988124
512 0.599999999987683
513 0.599999999989794
514 0.599999999992998
515 0.599999999996227
516 0.599999999998849
517 0.60000000000061
518 0.600000000001527
519 0.600000000001772
520 0.600000000001575
521 0.600000000001157
522 0.60000000000069
523 0.600000000000283
524 0.599999999999991
525 0.599999999999822
526 0.599999999999758
527 0.599999999999767
528 0.599999999999818
529 0.599999999999884
530 0.599999999999945
531 0.599999999999993
532 0.600000000000022
533 0.600000000000036
534 0.600000000000037
535 0.600000000000031
536 0.600000000000022
537 0.600000000000013
538 0.600000000000006
539 0.6
540 0.599999999999998
541 0.599999999999997
542 0.599999999999997
543 0.599999999999998
544 0.599999999999999
545 0.6
546 0.600000000000001
547 0.600000000000007
548 0.600000000000028
549 0.600000000000095
550 0.600000000000261
551 0.6000000000006
552 0.600000000001184
553 0.600000000002009
554 0.600000000002894
555 0.600000000003341
556 0.600000000002407
557 0.59999999999866
558 0.599999999990318
559 0.599999999975644
560 0.599999999953657
561 0.599999999925092
562 0.599999999893434
563 0.59999999986571
564 0.599999999852731
565 0.599999999868482
566 0.599999999928578
567 0.600000000047939
568 0.600000000238113
569 0.60000000050493
570 0.600000000847201
571 0.600000001256847
572 0.600000001720309
573 0.600000002220545
574 0.60000000273868
575 0.600000003254531
576 0.600000003745728
577 0.600000004423614
578 0.600000006658263
579 0.600000014405794
580 0.600000035189072
581 0.600000079506722
582 0.600000157593794
583 0.600000273026643
584 0.600000413983351
585 0.600000544252184
586 0.600000596830385
587 0.60000047324782
588 0.600000051394178
589 0.599999203204501
590 0.599997820503485
591 0.599995842055944
592 0.599993271661052
593 0.599990180599212
594 0.59998669375891
595 0.5999829639769
596 0.599979143468608
597 0.599975361349026
598 0.599971711510213
599 0.599968250334301
600 0.599965043359887
601 0.599962208264381
602 0.599959899999124
603 0.599958277665893
604 0.59995746088616
605 0.599957474208388
606 0.599958230566122
607 0.599959570153223
608 0.599961314689356
609 0.599963313539078
610 0.599965470494139
611 0.599967748564853
612 0.599970155741134
613 0.599972718585941
614 0.599975453721294
615 0.599978347785559
616 0.599981351793041
617 0.599984389090283
618 0.599987371577404
619 0.599990217562904
620 0.599992865849585
621 0.599995283129356
622 0.599997462276366
623 0.599999390755287
624 0.600001018430654
625 0.600002266899967
626 0.600003065510359
627 0.60000338763297
628 0.600003269230309
629 0.600002804873591
630 0.600002126445238
631 0.600001374372301
632 0.600000671011499
633 0.600000102663731
634 0.599999712649804
635 0.599999504409506
636 0.599999451445954
637 0.599999510240767
638 0.599999632709208
639 0.599999775863626
640 0.599999907633273
641 0.600000008895644
642 0.600000072518054
643 0.600000100546031
644 0.600000100669754
645 0.60000008286764
646 0.600000056791894
647 0.60000003012783
648 0.600000007893917
649 0.5999999924825
650 0.599999984170989
651 0.599999981839951
652 0.599999983689488
653 0.599999987820564
654 0.599999992621699
655 0.599999996959891
656 0.600000000211988
657 0.600000002189557
658 0.600000003010819
659 0.600000002963343
660 0.600000002386712
661 0.600000001589655
662 0.60000000080426
663 0.600000000171845
664 0.599999999751193
665 0.599999999539098
666 0.599999999494694
667 0.599999999561539
668 0.599999999684164
669 0.599999999818085
670 0.599999999933905
671 0.600000000016999
672 0.600000000064541
673 0.600000000081467
674 0.600000000076537
675 0.600000000059201
676 0.600000000037555
677 0.600000000017346
678 0.600000000001806
679 0.599999999992026
680 0.599999999987585
681 0.599999999987222
682 0.599999999989404
683 0.59999999999272
684 0.599999999996099
685 0.599999999998879
686 0.600000000000773
687 0.600000000001774
688 0.600000000002045
689 0.600000000001823
690 0.600000000001345
691 0.600000000000802
692 0.600000000000323
693 0.599999999999973
694 0.599999999999767
695 0.599999999999687
696 0.599999999999697
697 0.599999999999761
698 0.599999999999844
699 0.599999999999924
700 0.599999999999986
701 0.600000000000026
702 0.600000000000045
703 0.600000000000048
704 0.600000000000041
705 0.600000000000029
706 0.600000000000016
707 0.600000000000005
708 0.599999999999998
709 0.599999999999994
710 0.599999999999993
711 0.599999999999993
712 0.599999999999995
713 0.599999999999997
714 0.599999999999999
715 0.6
716 0.600000000000001
717 0.600000000000001
718 0.600000000000001
719 0.600000000000001
720 0.600000000000001
721 0.600000000000001
722 0.6
723 0.6
724 0.6
725 0.6
726 0.6
727 0.6
728 0.600000000000001
729 0.600000000000001
730 0.600000000000001
731 0.600000000000001
732 0.600000000000002
733 0.600000000000001
734 0.6
735 0.599999999999998
736 0.599999999999995
737 0.59999999999999
738 0.599999999999983
739 0.599999999999976
740 0.599999999999969
741 0.599999999999964
742 0.599999999999963
743 0.59999999999997
744 0.599999999999986
745 0.600000000000014
746 0.600000000000051
747 0.600000000000086
748 0.60000000000009
749 0.600000000000004
750 0.599999999999742
751 0.599999999999213
752 0.599999999998379
753 0.599999999997375
754 0.599999999996666
755 0.599999999997217
756 0.600000000000599
757 0.60000000000893
758 0.60000000002452
759 0.600000000049151
760 0.600000000082992
761 0.600000000123288
762 0.600000000163132
763 0.600000000190716
764 0.600000000189462
765 0.600000000139312
766 0.600000000019194
767 0.599999999810319
768 0.599999999499622
769 0.59999999908247
770 0.599999998563914
771 0.599999997958209
772 0.599999997286888
773 0.599999996576208
774 0.599999995854985
775 0.599999995153577
776 0.599999994504193
777 0.599999993941977
778 0.599999993505684
779 0.599999993236507
780 0.599999993174025
781 0.59999999334938
782 0.599999993777448
783 0.599999994450779
784 0.599999995337915
785 0.599999996387319
786 0.599999997536176
787 0.599999998721478
788 0.59999999989016
789 0.600000001005646
790 0.6000000020474
791 0.600000003003811
792 0.600000003863749
793 0.600000004611094
794 0.600000005224596
795 0.60000000568372
796 0.600000005977171
797 0.6000000061086
798 0.600000006096526
799 0.600000005968754
800 0.600000005753889
801 0.600000005473376
802 0.600000005137013
803 0.600000004743486
804 0.600000004285581
805 0.600000003757896
806 0.600000003163946
807 0.600000002519977
808 0.60000000185427
809 0.600000001202403
810 0.600778725581542
811 0.603609269240368
812 0.609412565175582
813 0.618838693790173
814 0.632064394427752
815 0.648049074531227
816 0.664784886339223
817 0.680412720052799
818 0.693567298273686
819 0.703263956824129
820 0.708970656722473
821 0.710969680009716
822 0.710251314228962
823 0.70798478378659
824 0.705192363815178
825 0.702597547517665
826 0.700599966878536
827 0.699326832360321
828 0.698717802123675
829 0.698612210891862
830 0.69882035090762
831 0.699171353060306
832 0.699537929600881
833 0.69984266277484
834 0.700052186424337
835 0.700165343254539
836 0.700200063502721
837 0.70018200602886
838 0.70013641302818
839 0.700083414768804
840 0.700036260849177
841 0.700001608398485
842 0.699980961432133
843 0.699972508413001
844 0.69997283957324
845 0.699978262919042
846 0.699985631235992
847 0.699992722789773
848 0.699998286717225
849 0.700001882822133
850 0.700003631504916
851 0.700003959065948
852 0.700003389314448
853 0.700002402470204
854 0.700001360726446
855 0.700000487272312
856 0.69999988073527
857 0.699999547636021
858 0.699999439170056
859 0.699999483449096
860 0.699999608871265
861 0.699999757785078
862 0.69999989182544
863 0.699999991333711
864 0.700000051416561
865 0.700000076790276
866 0.700000076904487
867 0.700000062168537
868 0.700000041551501
869 0.700000021450551
870 0.700000005521702
871 0.699999995108089
872 0.699999989936573
873 0.699999988837785
874 0.699999990341326
875 0.69999999308311
876 0.69999999602403
877 0.699999998515766
878 0.700000000264192
879 0.700000001239723
880 0.700000001573764
881 0.700000001466931
882 0.700000001121853
883 0.700000000703341
884 0.700000000322277
885 0.700000000036546
886 0.699999999861779
887 0.69999999978579
888 0.699999999782414
889 0.699999999822314
890 0.699999999879939
891 0.699999999936876
892 0.699999999982451
893 0.700000000012582
894 0.700000000027849
895 0.70000000003145
896 0.700000000027511
897 0.700000000019903
898 0.700000000011606
899 0.700000000004502
900 0.699999999999465
901 0.699999999996611
902 0.699999999995588
903 0.699999999995837
904 0.699999999996785
905 0.69999999999796
906 0.699999999999042
907 0.699999999999862
908 0.70000000000037
909 0.700000000000596
910 0.700000000000614
911 0.700000000000506
912 0.700000000000345
913 0.700000000000184
914 0.700000000000053
915 0.699999999999966
916 0.699999999999922
917 0.69999999999991
918 0.699999999999921
919 0.699999999999942
920 0.699999999999966
921 0.699999999999986
922 0.700000000000001
923 0.700000000000009
924 0.700000000000012
925 0.700000000000012
926 0.700000000000009
927 0.700000000000006
928 0.700000000000002
929 0.7
930 0.699999999999998
931 0.699999999999997
932 0.699999999999996
933 0.699999999999997
934 0.7
935 0.700000000000004
936 0.70000000000001
937 0.700000000000018
938 0.700000000000028
939 0.700000000000038
940 0.700000000000047
941 0.700000000000051
942 0.700000000000047
943 0.700000000000032
944 0.700000000000002
945 0.699999999999953
946 0.699999999999885
947 0.699999999999796
948 0.699999999999689
949 0.699999999999565
950 0.69999999999943
951 0.699999999999289
952 0.69999999999915
953 0.69999999999902
954 0.69999999999891
955 0.699999999998832
956 0.699999999998795
957 0.69999999999881
958 0.699999999998887
959 0.699999999999028
960 0.699999999999234
961 0.6999999999995
962 0.699999999999814
963 0.70000000000016
964 0.700000000000521
965 0.700000000000879
966 0.700000000001216
967 0.700000000001519
968 0.700000000001776
969 0.700000000001976
970 0.700000000002111
971 0.700000000002175
972 0.700000000002164
973 0.700000000002077
974 0.700000000001919
975 0.700000000001699
976 0.700000000001433
977 0.699999999763386
978 0.699999997885346
979 0.699999990373153
980 0.699999969662666
981 0.699999925216615
982 0.699999846887063
983 0.699999731889818
984 0.699999594718237
985 0.699999477344619
986 0.699999455870912
987 0.699999639538103
988 0.700000158550173
989 0.700001139061586
990 0.70000266785522
991 0.700004755955085
992 0.700007314756064
993 0.700010155146026
994 0.70001301330082
995 0.700015599267052
996 0.700017655644531
997 0.700019008764401
998 0.700019598777526
999 0.700019483556669
1000 0.700018775918572
1001 0.700017569483008
1002 0.700015915120831
1003 0.700013819572822
1004 0.700011267857175
1005 0.700008295336602
1006 0.700005054842355
1007 0.700001806793563
1008 0.699998858428314
1009 0.69999650063816
1010 0.699994955616536
1011 0.69999432400156
1012 0.699994552621907
1013 0.699995450718468
1014 0.699996744395532
1015 0.69999814506138
1016 0.699999409110669
1017 0.700000374995407
1018 0.700000974038953
1019 0.700001219250194
1020 0.700001180598554
1021 0.700000955907018
1022 0.700000644759758
1023 0.700000329888801
1024 0.700000067504972
1025 0.699999885692997
1026 0.699999788608133
1027 0.699999763769689
1028 0.699999790019029
1029 0.699999844392002
1030 0.699999906962443
1031 0.699999963433293
1032 0.700000005767142
1033 0.700000031425475
1034 0.700000041853582
1035 0.700000040766938
1036 0.700000032634156
1037 0.700000021571812
1038 0.700000010709832
1039 0.700000001975
1040 0.699999996179706
1041 0.699999993286464
1042 0.699999992733123
1043 0.699999993734831
1044 0.699999995514491
1045 0.699999997445025
1046 0.699999999109787
1047 0.700000000300585
1048 0.700000000977286
1049 0.700000001211197
1050 0.700000001129077
1051 0.700000000868102
1052 0.700000000546125
1053 0.700000000246971
1054 0.700000000017803
1055 0.699999999874404
1056 0.699999999810342
1057 0.699999999806777
1058 0.699999999840823
1059 0.699999999891424
1060 0.699999999942614
1061 0.699999999984541
1062 0.700000000012944
1063 0.700000000027775
1064 0.70000000003156
1065 0.700000000027921
1066 0.700000000020458
1067 0.700000000012079
1068 0.700000000004726
1069 0.69999999999938
1070 0.69999999999626
1071 0.699999999995076
1072 0.699999999995289
1073 0.699999999996307
1074 0.699999999997619
1075 0.699999999998861
1076 0.699999999999826
1077 0.700000000000442
1078 0.700000000000729
1079 0.700000000000765
1080 0.700000000000642
1081 0.700000000000446
1082 0.700000000000243
1083 0.700000000000075
1084 0.69999999999996
1085 0.699999999999897
1086 0.699999999999879
1087 0.699999999999891
1088 0.699999999999919
1089 0.699999999999951
1090 0.699999999999979
1091 0.7
1092 0.700000000000013
1093 0.700000000000018
1094 0.700000000000017
1095 0.700000000000014
1096 0.700000000000009
1097 0.700000000000005
1098 0.700000000000001
1099 0.699999999999999
1100 0.699999999999998
1101 0.699999999999998
1102 0.699999999999998
1103 0.699999999999999
1104 0.7
1105 0.7
1106 0.700000000000001
1107 0.700000000000001
1108 0.700000000000001
1109 0.700000000000001
1110 0.700000000000001
1111 0.700000000000001
1112 0.700000000000001
1113 0.700000000000001
1114 0.7
1115 0.7
1116 0.7
1117 0.7
1118 0.7
1119 0.7
1120 0.7
1121 0.7
1122 0.7
1123 0.699999999999999
1124 0.699999999999999
1125 0.699999999999999
1126 0.699999999999999
1127 0.699999999999999
1128 0.699999999999999
1129 0.699999999999999
1130 0.699999999999999
1131 0.699999999999999
1132 0.699999999999999
1133 0.699999999999999
1134 0.699999999999999
1135 0.699999999999999
1136 0.699999999999999
1137 0.699999999999999
1138 0.699999999999999
1139 0.699999999999999
1140 0.699999999999999
1141 0.699999999999999
1142 0.699999999999999
1143 0.7
1144 0.7
1145 0.700000000000001
1146 0.700000000000006
1147 0.700000000000028
1148 0.700000000000096
1149 0.700000000000267
1150 0.700000000000622
1151 0.700000000001251
1152 0.700000000002175
1153 0.700000000003235
1154 0.700000000003915
1155 0.700000000003172
1156 0.699999999999336
1157 0.699999999990211
1158 0.699999999973518
1159 0.69999999994775
1160 0.69999999991344
1161 0.69999999987463
1162 0.699999999840148
1163 0.699999999824195
1164 0.699999999845691
1165 0.699999999926058
1166 0.700000000085475
1167 0.700000000338137
1168 0.700000000687585
1169 0.700000001123426
1170 0.700000001620598
1171 0.700000002141737
1172 0.700000002642279
1173 0.700000003077015
1174 0.700000003406214
1175 0.700000003599568
1176 0.700000003636995
1177 0.700000003506563
1178 0.700000003201049
1179 0.700000002715496
1180 0.700000002048042
1181 0.700000001204957
1182 0.700000000208515
1183 0.699999999104412
1184 0.699999997964704
1185 0.699999996883201
1186 0.699999995962665
1187 0.69999999529637
1188 0.699999994948932
1189 0.69999999494179
1190 0.699999995249685
1191 0.699999995809959
1192 0.699999996539834
1193 0.699999997355729
1194 0.699999998188909
1195 0.699999998991754
1196 0.69999999973354
1197 0.700000000391424
1198 0.700000000943119
1199 0.700000001364282
1200 0.700000001630711
