1 0.8
2 0.8
3 0.8
4 0.8
5 0.8
6 0.8
7 0.8
8 0.8
9 0.8
10 0.8
11 0.8
12 0.8
13 0.8
14 0.8
15 0.8
16 0.8
17 0.8
18 0.8
19 0.8
20 0.8
21 0.8
22 0.8
23 0.8
24 0.8
25 0.8
26 0.8
27 0.8
28 0.8
29 0.8
30 0.8
31 0.8
32 0.8
33 0.8
34 0.8
35 0.8
36 0.8
37 0.8
38 0.8
39 0.8
40 0.8
41 0.8
42 0.8
43 0.8
44 0.8
45 0.8
46 0.8
47 0.8
48 0.8
49 0.8
50 0.8
51 0.8
52 0.8
53 0.8
54 0.8
55 0.8
56 0.8
57 0.8
58 0.8
59 0.8
60 0.8
61 0.8
62 0.8
63 0.8
64 0.8
65 0.8
66 0.8
67 0.8
68 0.8
69 0.8
70 0.8
71 0.8
72 0.8
73 0.8
74 0.8
75 0.8
76 0.8
77 0.8
78 0.8
79 0.8
80 0.8
81 0.8
82 0.8
83 0.8
84 0.8
85 0.8
86 0.8
87 0.8
88 0.8
89 0.8
90 0.8
91 0.8
92 0.8
93 0.8
94 0.8
95 0.8
96 0.8
97 0.8
98 0.8
99 0.8
100 0.8
101 0.8
102 0.8
103 0.8
104 0.8
105 0.8
106 0.8
107 0.8
108 0.8
109 0.8
110 0.8
111 0.8
112 0.8
113 0.8
114 0.8
115 0.8
116 0.8
117 0.8
118 0.8
119 0.8
120 0.8
121 0.8
122 0.8
123 0.8
124 0.8
125 0.8
126 0.8
127 0.8
128 0.8
129 0.8
130 0.8
131 0.8
132 0.8
133 0.8
134 0.8
135 0.8
136 0.8
137 0.8
138 0.8
139 0.8
140 0.8
141 0.8
142 0.8
143 0.8
144 0.8
145 0.8
146 0.8
147 0.8
148 0.8
149 0.8
150 0.8
151 0.8
152 0.8
153 0.8
154 0.8
155 0.8
156 0.8
157 0.8
158 0.8
159 0.8
160 0.8
161 0.8
162 0.8
163 0.8
164 0.8
165 0.8
166 0.8
167 0.8
168 0.8
169 0.8
170 0.8
171 0.8
172 0.8
173 0.8
174 0.8
175 0.8
176 0.8
177 0.8
178 0.8
179 0.8
180 0.8
181 0.8
182 0.8
183 0.8
184 0.8
185 0.8
186 0.8
187 0.8
188 0.8
189 0.8
190 0.8
191 0.8
192 0.8
193 0.8
194 0.8
195 0.8
196 0.8
197 0.8
198 0.8
199 0.8
200 0.8
201 0.8
202 0.8
203 0.8
204 0.8
205 0.8
206 0.8
207 0.8
208 0.8
209 0.8
210 0.8
211 0.800778725
212 0.80360926925
213 0.809412565748
214 0.818215714898255
215 0.829286889816548
216 0.841918473471702
217 0.85556936539215
218 0.869827678611113
219 0.884381706727413
220 0.89899733176974
221 0.913500447983848
222 0.927763291690398
223 0.941693812748994
224 0.955227414305679
225 0.968109670188405
226 0.979658931525475
227 0.989096349105266
228 0.995999888356114
229 1.00039250464494
230 1.0026441411875
231 1.00330993248816
232 1.00297767313129
233 1.00215918883036
234 1.00123371018364
235 1.00043578328137
236 0.999873468967095
237 0.999561880834877
238 0.999459891875547
239 0.999501997754203
240 0.999621415147063
241 0.999763712319413
242 0.999892330502524
243 0.99998832455084
244 1.00004678497115
245 1.00007201517909
246 1.00007291497308
247 1.00005937875352
248 1.00003998569269
249 1.00002089465791
250 1.00000566006831
251 0.999995624377573
252 0.999990573821994
253 0.999989422665643
254 0.999990782562913
255 0.999993354941584
256 0.999996143997677
257 0.999998523406328
258 1.00000020433322
259 1.00000115167451
260 1.00000148603587
261 1.00000139621324
262 1.00000107468839
263 1.00000067905328
264 1.00000031608172
265 1.00000004216202
266 0.999999873250548
267 0.999999798498085
268 0.999999793409021
269 0.999999830192954
270 0.999999884475468
271 0.999999938579787
272 0.999999982163742
273 1.00000001118167
274 1.00000002606286
275 1.00000002978083
276 1.00000002623011
277 1.00000001909616
278 1.00000001123219
279 1.00000000445362
280 0.999999999617144
281 0.999999996851788
282 0.999999995834567
283 0.999999996039348
284 0.999999996922034
285 0.999999998032729
286 0.999999999063444
287 0.999999999848784
288 1.0000000003389
289 1.00000000056136
290 1.00000000058388
291 1.00000000048469
292 1.00000000033316
293 1.00000000018007
294 1.00000000005554
295 0.999999999971747
296 0.999999999928
297 0.99999999991618
298 0.999999999925379
299 0.999999999945144
300 0.999999999967307
301 0.999999999986611
302 1.00000000000052
303 1.00000000000859
304 1.00000000001167
305 1.00000000001123
306 1.00000000000881
307 1.0000000000057
308 1.00000000000277
309 1.00000000000052
310 0.999999999999099
311 0.999999999998438
312 0.999999999998351
313 0.999999999998617
314 0.999999999999039
315 0.999999999999471
316 0.999999999999826
317 1.00000000000007
318 1.0000000000002
319 1.00000000000023
320 1.00000000000021
321 1.00000000000015
322 1.00000000000009
323 1.00000000000004
324 0.999999999999998
325 0.999999999999975
326 0.999999999999966
327 0.999999999999967
328 0.999999999999974
329 0.999999999999983
330 0.999999999999991
331 0.999999999999998
332 1
333 1
334 1
335 1
336 1
337 1
338 0.999999999999999
339 0.999999999999998
340 0.999999999999998
341 0.999999999999998
342 0.999999999999998
343 0.999999999999998
344 0.999999999999999
345 0.999999999999999
346 1
347 1
348 1
349 1
350 1
351 1
352 1
353 1
354 1
355 1
356 1
357 1
358 1
359 1
360 1
361 1
362 1
363 1
364 1
365 1
366 1
367 1
368 1
369 1
370 1
371 1
372 1
373 1
374 1
375 1
376 1
377 1
378 0.99999999976287
379 0.99999999788831
380 0.999999990385021
381 0.999999969881072
382 0.999999926926313
383 0.999999854093238
384 0.999999752351369
385 0.999999638323325
386 0.999999550488482
387 0.999999552069033
388 0.999999728299916
389 1.0000001763232
390 1.00000098747058
391 1.00000222466381
392 1.00000390252617
393 1.00000598010995
394 1.00000837072988
395 1.00001096407131
396 1.00001365008391
397 1.00001633591478
398 1.00001895257618
399 1.00002145227296
400 1.00002379967127
401 1.00002591923933
402 1.00002765180013
403 1.00002877503755
404 1.00002908267264
405 1.00002846896808
406 1.00002695503204
407 1.00002467190395
408 1.00002182341376
409 1.0000186432122
410 0.999236567797849
411 0.996402583287943
412 0.990595817194263
413 0.981166234256827
414 0.967937544638455
415 0.951573662562384
416 0.933064224413864
417 0.91316558753652
418 0.892453107707901
419 0.871361825775863
420 0.850218127340076
421 0.829264372527057
422 0.808678051375734
423 0.788586676424525
424 0.769079356194256
425 0.750215784587247
426 0.732033218680109
427 0.714551890778664
428 0.69777920198449
429 0.681712967706518
430 0.666343925718127
431 0.651657670756016
432 0.637673901637638
433 0.624891076763077
434 0.614161354350727
435 0.606051966710704
436 0.600661659141051
437 0.59768290273345
438 0.596563261705187
439 0.596674526993831
440 0.597442523209173
441 0.598422220511311
442 0.599322409762336
443 0.599993758117007
444 0.600396345469135
445 0.600560632488036
446 0.600551635154319
447 0.600441614228212
448 0.600292866274573
449 0.60014966708587
450 0.600037085884542
451 0.59996403017845
452 0.599928169846336
453 0.599921005857687
454 0.599932041936069
455 0.599951622937368
456 0.599972442043664
457 0.599989975151328
458 0.600002201165175
459 0.600008956537933
460 0.600011199121425
461 0.600010360357287
462 0.600007873951775
463 0.600004898835849
464 0.600002209477976
465 0.600000205534263
466 0.599998989683327
467 0.599998470496378
468 0.599998460196049
469 0.599998750593032
470 0.599999161592905
471 0.599999564262479
472 0.599999884521335
473 0.600000094749241
474 0.600000199915596
475 0.600000223163446
476 0.600000193848536
477 0.600000139322107
478 0.600000080493235
479 0.600000030464079
480 0.599999995231705
481 0.59999997546789
482 0.599999968589077
483 0.59999997059816
484 0.599999977437759
485 0.599999985796209
486 0.59999999343713
487 0.599999999185873
488 0.60000000271718
489 0.600000004267002
490 0.600000004355311
491 0.600000003568695
492 0.600000002419921
493 0.600000001279712
494 0.600000000364034
495 0.59999999975644
496 0.599999999446664
497 0.599999999371346
498 0.599999999448158
499 0.599999999599483
500 0.599999999765418
501 0.599999999907982
502 0.600000000009384
503 0.6000000000671
504 0.600000000088062
505 0.600000000083414
506 0.600000000064626
507 0.600000000041156
508 0.600000000019455
509 0.600000000002971
510 0.599999999992723
511 0.599999999988107
512 0.599999999987688
513 0.599999999989812
514 0.59999999999302
515 0.599999999996247
516 0.599999999998865
517 0.60000000000062
518 0.600000000001532
519 0.600000000001773
520 0.600000000001574
521 0.600000000001155
522 0.600000000000687
523 0.600000000000281
524 0.59999999999999
525 0.599999999999821
526 0.599999999999758
527 0.599999999999768
528 0.599999999999819
529 0.599999999999885
530 0.599999999999946
531 0.599999999999993
532 0.600000000000022
533 0.600000000000036
534 0.600000000000037
535 0.600000000000031
536 0.600000000000022
537 0.600000000000013
538 0.600000000000006
539 0.6
540 0.599999999999998
541 0.599999999999997
542 0.599999999999997
543 0.599999999999998
544 0.599999999999999
545 0.6
546 0.600000000000002
547 0.600000000000007
548 0.600000000000029
549 0.600000000000096
550 0.600000000000261
551 0.600000000000601
552 0.600000000001183
553 0.600000000002008
554 0.600000000002894
555 0.600000000003342
556 0.60000000000241
557 0.599999999998667
558 0.599999999990331
559 0.599999999975664
560 0.599999999953682
561 0.599999999925122
562 0.599999999893462
563 0.599999999865731
564 0.599999999852739
565 0.599999999868471
566 0.599999999928547
567 0.600000000047892
568 0.600000000238056
569 0.600000000504871
570 0.600000000847149
571 0.600000001256809
572 0.600000001720287
573 0.600000002220537
574 0.600000002738681
575 0.600000003254538
576 0.600000003745739
577 0.60000000442301
578 0.600000006654492
579 0.600000014393427
580 0.600000035160156
581 0.600000079452941
582 0.600000157510466
583 0.600000272917292
584 0.6000004138626
585 0.600000544145075
586 0.600000596767347
587 0.600000473256005
588 0.600000051487563
589 0.599999203376403
590 0.599997820725323
591 0.59999584228389
592 0.599993271848421
593 0.599990180709919
594 0.599986693777096
595 0.599982963909391
596 0.599979143340122
597 0.599975361193041
598 0.59997171135938
599 0.599968250213354
600 0.599965043291068
601 0.599962208280746
602 0.599959900150104
603 0.599958278012142
604 0.599957461484384
605 0.599957475087879
606 0.599958231709654
607 0.599959571494654
608 0.599961316127609
609 0.599963314962217
610 0.599965471805667
611 0.599967749705115
612 0.599970156698433
613 0.599972719394088
614 0.599975454444039
615 0.59997834849347
616 0.599981352541364
617 0.599984389904896
618 0.599987372451938
619 0.599990218465769
620 0.599992866736813
621 0.599995283958344
622 0.599997463024226
623 0.599999391422143
624 0.600001019018159
625 0.600002267390854
626 0.600003065865975
627 0.600003387808545
628 0.600003269197178
629 0.600002804636264
630 0.600002126046022
631 0.600001373882791
632 0.600000670515368
633 0.600000102237439
634 0.599999712347214
635 0.59999950425401
636 0.599999451430811
637 0.599999510336013
638 0.599999632872135
639 0.599999776049681
640 0.599999907804861
641 0.600000009027429
642 0.600000072598529
643 0.600000100575971
644 0.600000100658711
645 0.600000082829713
646 0.600000056741829
647 0.600000030078116
648 0.600000007853172
649 0.599999992455064
650 0.599999984157449
651 0.599999981838209
652 0.599999983695997
653 0.599999987831439
654 0.599999992633543
655 0.599999996970257
656 0.600000000219514
657 0.600000002193855
658 0.600000003012218
659 0.60000000296259
660 0.600000002384688
661 0.60000000158717
662 0.600000000801925
663 0.600000000170032
664 0.599999999750048
665 0.599999999538592
666 0.599999999494692
667 0.599999999561861
668 0.599999999684635
669 0.599999999818565
670 0.599999999934303
671 0.600000000017271
672 0.600000000064683
673 0.600000000081501
674 0.600000000076495
675 0.600000000059119
676 0.600000000037462
677 0.600000000017264
678 0.600000000001746
679 0.599999999991991
680 0.599999999987572
681 0.599999999987226
682 0.599999999989417
683 0.599999999992736
684 0.599999999996114
685 0.599999999998892
686 0.600000000000781
687 0.600000000001778
688 0.600000000002045
689 0.600000000001821
690 0.600000000001342
691 0.6000000000008
692 0.600000000000321
693 0.599999999999972
694 0.599999999999766
695 0.599999999999687
696 0.599999999999698
697 0.599999999999762
698 0.599999999999845
699 0.599999999999925
700 0.599999999999987
701 0.600000000000027
702 0.600000000000046
703 0.600000000000049
704 0.600000000000042
705 0.60000000000003
706 0.600000000000017
707 0.600000000000006
708 0.599999999999999
709 0.599999999999995
710 0.599999999999993
711 0.599999999999994
712 0.599999999999996
713 0.599999999999998
714 0.599999999999999
715 0.600000000000001
716 0.600000000000002
717 0.600000000000002
718 0.600000000000002
719 0.600000000000002
720 0.600000000000001
721 0.600000000000001
722 0.600000000000001
723 0.600000000000001
724 0.600000000000001
725 0.600000000000001
726 0.600000000000001
727 0.600000000000001
728 0.600000000000001
729 0.600000000000001
730 0.600000000000002
731 0.600000000000002
732 0.600000000000002
733 0.600000000000002
734 0.600000000000001
735 0.599999999999998
736 0.599999999999995
737 0.599999999999989
738 0.599999999999983
739 0.599999999999975
740 0.599999999999968
741 0.599999999999962
742 0.599999999999962
743 0.599999999999968
744 0.599999999999985
745 0.600000000000013
746 0.60000000000005
747 0.600000000000085
748 0.600000000000089
749 0.600000000000004
750 0.599999999999743
751 0.599999999999214
752 0.59999999999838
753 0.599999999997377
754 0.599999999996667
755 0.599999999997215
756 0.600000000000593
757 0.600000000008917
758 0.600000000024497
759 0.60000000004912
760 0.600000000082955
761 0.600000000123248
762 0.600000000163097
763 0.600000000190694
764 0.60000000018946
765 0.600000000139336
766 0.600000000019243
767 0.599999999810388
768 0.599999999499702
769 0.599999999082547
770 0.599999998563977
771 0.59999999795825
772 0.599999997286903
773 0.599999996576199
774 0.599999995854958
775 0.599999995153538
776 0.599999994504148
777 0.599999993941935
778 0.599999993505653
779 0.5999999932365
780 0.599999993174061
781 0.599999993349482
782 0.599999993777636
783 0.59999999445107
784 0.599999995338311
785 0.599999996387805
786 0.59999999753672
787 0.599999998722039
788 0.599999999890693
789 0.600000001006117
790 0.600000002047785
791 0.600000003004104
792 0.600000003863951
793 0.60000000461121
794 0.600000005224627
795 0.600000005683667
796 0.600000005977031
797 0.600000006108378
798 0.600000006096237
799 0.600000005968422
800 0.600000005753545
801 0.600000005473049
802 0.600000005136723
803 0.600000004743235
804 0.600000004285357
805 0.600000003757676
806 0.600000003163703
807 0.600000002519689
808 0.600000001853933
809 0.600000001202027
810 0.600778725581142
811 0.603609269239957
812 0.60941256517517
813 0.618838693789766
814 0.632064394427354
815 0.64804928503971
816 0.664785651505847
817 0.68041428882882
818 0.693569846392117
819 0.703267603875018
820 0.708974988568462
821 0.71097380368471
822 0.710254517282951
823 0.707986759885002
824 0.705193183116489
825 0.702597514844815
826 0.700599464700281
827 0.699326201242288
828 0.698717276315987
829 0.698611904070609
830 0.698820276100297
831 0.699171458670608
832 0.699538136732916
833 0.699842894596046
834 0.700052385815772
835 0.70016547918353
836 0.700200128976709
837 0.700182011301735
838 0.700136377389891
839 0.700083359290608
840 0.700036203339681
841 0.70000156086113
842 0.699980929656819
843 0.69997249300867
844 0.699972837696989
845 0.699978270085991
846 0.699985642805762
847 0.699992734943022
848 0.69999829691065
849 0.700001889821977
850 0.700003635147986
851 0.700003959897012
852 0.700003388218306
853 0.700002400373583
854 0.700001358402717
855 0.700000485249117
856 0.699999879284663
857 0.699999546818028
858 0.699999438901008
859 0.699999483572018
860 0.699999609213817
861 0.699999758198494
862 0.699999892204108
863 0.699999991618979
864 0.700000051590033
865 0.700000076861929
866 0.700000076899879
867 0.70000006211793
868 0.700000041482262
869 0.700000021383034
870 0.700000005468066
871 0.699999995073141
872 0.699999989919697
873 0.699999988835163
874 0.699999990347908
875 0.699999993094059
876 0.699999996035563
877 0.699999998525463
878 0.700000000270927
879 0.700000001243377
880 0.700000001574848
881 0.700000001466247
882 0.700000001120225
883 0.700000000701449
884 0.700000000320585
885 0.700000000035297
886 0.699999999861035
887 0.699999999785494
888 0.699999999782446
889 0.699999999822538
890 0.699999999880237
891 0.699999999937162
892 0.699999999982675
893 0.700000000012726
894 0.700000000027917
895 0.70000000003146
896 0.700000000027483
897 0.700000000019858
898 0.70000000001156
899 0.700000000004463
900 0.699999999999438
901 0.699999999996597
902 0.699999999995584
903 0.69999999999584
904 0.699999999996791
905 0.699999999997967
906 0.699999999999049
907 0.699999999999867
908 0.700000000000372
909 0.700000000000597
910 0.700000000000614
911 0.700000000000505
912 0.700000000000343
913 0.700000000000182
914 0.700000000000052
915 0.699999999999965
916 0.699999999999921
917 0.699999999999909
918 0.69999999999992
919 0.699999999999942
920 0.699999999999965
921 0.699999999999986
922 0.7
923 0.700000000000009
924 0.700000000000012
925 0.700000000000012
926 0.700000000000009
927 0.700000000000006
928 0.700000000000002
929 0.7
930 0.699999999999998
931 0.699999999999997
932 0.699999999999997
933 0.699999999999998
934 0.7
935 0.700000000000004
936 0.70000000000001
937 0.700000000000019
938 0.700000000000028
939 0.700000000000039
940 0.700000000000047
941 0.700000000000051
942 0.700000000000048
943 0.700000000000032
944 0.700000000000002
945 0.699999999999954
946 0.699999999999886
947 0.699999999999797
948 0.69999999999969
949 0.699999999999566
950 0.699999999999431
951 0.69999999999929
952 0.69999999999915
953 0.699999999999021
954 0.699999999998911
955 0.699999999998832
956 0.699999999998796
957 0.699999999998811
958 0.699999999998887
959 0.699999999999029
960 0.699999999999235
961 0.699999999999501
962 0.699999999999815
963 0.700000000000161
964 0.700000000000522
965 0.700000000000879
966 0.700000000001217
967 0.70000000000152
968 0.700000000001776
969 0.700000000001976
970 0.700000000002111
971 0.700000000002175
972 0.700000000002164
973 0.700000000002077
974 0.700000000001919
975 0.700000000001699
976 0.700000000001432
977 0.699999999764005
978 0.699999997889137
979 0.699999990385545
980 0.699999969691605
981 0.699999925270399
982 0.69999984696999
983 0.699999731996406
984 0.699999594828823
985 0.699999477425463
986 0.699999455880504
987 0.699999639439374
988 0.700000158326364
989 0.700001138730936
990 0.700002667477713
991 0.700004755626159
992 0.700007314587112
993 0.700010155236337
994 0.700013013708766
995 0.700015599989386
996 0.700017656610746
997 0.700019009848433
998 0.700019599823816
999 0.700019484414367
1000 0.700018776467693
1001 0.700017569647493
1002 0.700015914873508
1003 0.70001381893078
1004 0.700011266871225
1005 0.70000829407561
1006 0.700005053385706
1007 0.700001805231968
1008 0.6999988568578
1009 0.699996499147924
1010 0.699994954301166
1011 0.699994322974638
1012 0.699994551990904
1013 0.699995450542283
1014 0.699996744654591
1015 0.699998145656166
1016 0.699999409887293
1017 0.700000375785745
1018 0.700000974700066
1019 0.700001219691382
1020 0.700001180790869
1021 0.700000955876418
1022 0.700000644569282
1023 0.700000329616686
1024 0.700000067224861
1025 0.699999885460219
1026 0.699999788453512
1027 0.699999763700175
1028 0.699999790023098
1029 0.699999844447297
1030 0.699999907043382
1031 0.699999963517069
1032 0.700000005837345
1033 0.70000003147333
1034 0.700000041877283
1035 0.700000040769809
1036 0.700000032622383
1037 0.700000021552341
1038 0.700000010688793
1039 0.700000001956803
1040 0.699999996166768
1041 0.699999993279411
1042 0.699999992731267
1043 0.699999993736745
1044 0.699999995518529
1045 0.699999997449708
1046 0.699999999114024
1047 0.700000000303746
1048 0.700000000979162
1049 0.700000001211892
1050 0.700000001128878
1051 0.700000000867364
1052 0.700000000545176
1053 0.700000000246063
1054 0.700000000017089
1055 0.699999999873947
1056 0.699999999810134
1057 0.699999999806767
1058 0.69999999984094
1059 0.699999999891601
1060 0.699999999942796
1061 0.699999999984692
1062 0.700000000013047
1063 0.700000000027829
1064 0.700000000031573
1065 0.700000000027906
1066 0.700000000020428
1067 0.700000000012046
1068 0.700000000004697
1069 0.699999999999359
1070 0.699999999996248
1071 0.699999999995073
1072 0.699999999995292
1073 0.699999999996313
1074 0.699999999997626
1075 0.699999999998868
1076 0.699999999999832
1077 0.700000000000446
1078 0.700000000000732
1079 0.700000000000766
1080 0.700000000000642
1081 0.700000000000446
1082 0.700000000000243
1083 0.700000000000075
1084 0.699999999999959
1085 0.699999999999898
1086 0.69999999999988
1087 0.699999999999892
1088 0.699999999999919
1089 0.699999999999951
1090 0.69999999999998
1091 0.7
1092 0.700000000000013
1093 0.700000000000018
1094 0.700000000000017
1095 0.700000000000014
1096 0.700000000000009
1097 0.700000000000005
1098 0.700000000000001
1099 0.699999999999999
1100 0.699999999999998
1101 0.699999999999997
1102 0.699999999999998
1103 0.699999999999998
1104 0.699999999999999
1105 0.7
1106 0.7
1107 0.7
1108 0.7
1109 0.7
1110 0.7
1111 0.7
1112 0.7
1113 0.699999999999999
1114 0.699999999999999
1115 0.699999999999999
1116 0.699999999999999
1117 0.699999999999999
1118 0.699999999999999
1119 0.699999999999999
1120 0.699999999999999
1121 0.699999999999999
1122 0.699999999999999
1123 0.699999999999999
1124 0.699999999999999
1125 0.699999999999999
1126 0.699999999999999
1127 0.699999999999999
1128 0.699999999999999
1129 0.699999999999999
1130 0.699999999999999
1131 0.699999999999999
1132 0.699999999999999
1133 0.699999999999999
1134 0.699999999999999
1135 0.699999999999999
1136 0.699999999999999
1137 0.699999999999999
1138 0.699999999999999
1139 0.699999999999999
1140 0.699999999999999
1141 0.699999999999999
1142 0.699999999999999
1143 0.699999999999999
1144 0.699999999999999
1145 0.7
1146 0.700000000000006
1147 0.700000000000028
1148 0.700000000000096
1149 0.700000000000266
1150 0.700000000000621
1151 0.700000000001249
1152 0.700000000002173
1153 0.700000000003233
1154 0.700000000003914
1155 0.700000000003175
1156 0.699999999999344
1157 0.699999999990227
1158 0.699999999973542
1159 0.699999999947782
1160 0.699999999913477
1161 0.699999999874664
1162 0.699999999840169
1163 0.699999999824194
1164 0.699999999845657
1165 0.699999999925988
1166 0.700000000085373
1167 0.700000000338017
1168 0.70000000068747
1169 0.700000001123342
1170 0.700000001620571
1171 0.700000002141783
1172 0.700000002642403
1173 0.700000003077207
1174 0.70000000340645
1175 0.700000003599817
1176 0.700000003637224
1177 0.700000003506744
1178 0.70000000320116
1179 0.70000000271552
1180 0.700000002047969
1181 0.700000001204774
1182 0.700000000208215
1183 0.699999999103988
1184 0.699999997964162
1185 0.699999996882564
1186 0.699999995961977
1187 0.699999995295696
1188 0.699999994948347
1189 0.699999994941366
1190 0.699999995249479
1191 0.699999995809998
1192 0.699999996540114
1193 0.699999997356213
1194 0.699999998189541
1195 0.699999998992467
1196 0.699999999734268
1197 0.700000000392111
1198 0.700000000943719
1199 0.700000001364763
1200 0.700000001631053
