1 2
2 2
3 2
4 2
5 2
6 2
7 2
8 2
9 2
10 2
11 2
12 2
13 2
14 2
15 2
16 2
17 2
18 2
19 2
20 2
21 2
22 2
23 2
24 2
25 2
26 2
27 2
28 2
29 2
30 2.25
31 2.27382
32 2.29782
33 2.32182
34 2.34582
35 2.36982
36 2.39382
37 2.41782
38 2.44182
39 2.46582
40 2.4883708706475
41 2.50832182101297
42 2.52594025341467
43 2.54143095804472
44 2.5549515818523
45 2.56662314093283
46 2.57653820511846
47 2.58476726907499
48 2.59136371099124
49 2.59636765127551
50 2.59981735450787
51 2.60176410520139
52 2.6022742192738
53 2.60142359013175
54 2.59929398276935
55 2.59597055594531
56 2.59154024808168
57 2.58609076370354
58 2.57970997148981
59 2.57248557928641
60 2.56450494225262
61 2.55585483090044
62 2.54662107808115
63 2.53688815119798
64 2.52673871506627
65 2.51625322091666
66 2.50550953829395
67 2.49458263523403
68 2.48354430557654
69 2.47246293886353
70 2.46140332709503
71 2.45042650341567
72 2.43958960980124
73 2.42894579253874
74 2.41854412503006
75 2.40842955748151
76 2.39864289277921
77 2.38922078752091
78 2.38019577688678
79 2.37159632183197
80 2.36344687697647
81 2.35576797753725
82 2.34857634366028
83 2.34188500053895
84 2.33570341273217
85 2.3300376311185
86 2.32489045094329
87 2.32026157943896
88 2.31614781152625
89 2.31254321214014
90 2.30943930376654
91 2.30682525782594
92 2.30468808859598
93 2.30301284842531
94 2.30178282305523
95 2.30097972593303
96 2.30058389046971
97 2.30057445926669
98 2.30092956940803
99 2.30162653298871
100 2.30264201212344
101 2.30395218775449
102 2.30553292165119
103 2.30735991106667
104 2.30940883558933
105 2.31165549579743
106 2.31407594339352
107 2.31664660256239
108 2.31934438236049
109 2.32214678000653
110 2.32503197500206
111 2.32797891406679
112 2.33096738692652
113 2.33397809304126
114 2.33699269940749
115 2.33999388961178
116 2.34296540435229
117 2.34589207368106
118 2.34875984125261
119 2.3515557808933
120 2.35426810583218
121 2.35688617095567
122 2.35940046846825
123 2.36180261735643
124 2.36408534706638
125 2.36624247581495
126 2.36826888396058
127 2.37016048286445
128 2.37191417967338
129 2.37352783845493
130 2.37500023811096
131 2.37633102749082
132 2.37752067811649
133 2.37857043492301
134 2.37948226540544
135 2.38025880755063
136 2.38090331691768
137 2.38141961321505
138 2.3818120267055
139 2.38208534475228
140 2.38224475880149
141 2.38229581207626
142 2.38224434823888
143 2.38209646125701
144 2.38185844668981
145 2.38153675458974
146 2.38113794419541
147 2.3806686405708
148 2.38013549332643
149 2.37954513753855
150 2.37890415696334
151 2.37821904962463
152 2.37749619583589
153 2.37674182869981
154 2.37596200711243
155 2.37516259128298
156 2.37434922076583
157 2.37352729498675
158 2.3727019562326
159 2.37187807506156
160 2.37106023807935
161 2.37025273801688
162 2.36945956603532
163 2.36868440617595
164 2.36793063186496
165 2.36720130437661
166 2.36649917315265
167 2.36582667787096
168 2.36518595215287
169 2.36457882879522
170 2.36400684641122
171 2.36347125736278
172 2.36297303686615
173 2.36251289315296
174 2.36209127856913
175 2.36170840149592
176 2.36136423897876
177 2.36105854995235
178 2.36079088895332
179 2.3605606202151
180 2.36036693204344
181 2.36020885137531
182 2.36008525842819
183 2.35999490135174
184 2.35993641079844
185 2.35990831433549
186 2.35990905062506
187 2.35993698330574
188 2.35999041451339
189 2.36006759798516
190 2.36016675169613
191 2.36028606998314
192 2.36042373511649
193 2.3605779282848
194 2.36074683996434
195 2.36092867964862
196 2.36112168491955
197 2.36132412984577
198 2.36153433269893
199 2.36175066298258
200 2.36197154777281
201 2.36219547737371
202 2.3624210102943
203 2.36264677755723
204 2.36287148635256
205 2.36309392305305
206 2.36331295561002
207 2.36352753535117
208 2.36373669820416
209 2.36393956537147
210 2.36413534348368
211 2.36432332426001
212 2.36450288370574
213 2.36467348087747
214 2.36483465624751
215 2.36498602969946
216 2.36512729818722
217 2.36525823308965
218 2.36537867729328
219 2.36548854203479
220 2.36558780353494
221 2.36567649945468
222 2.36575472520368
223 2.36582263013061
224 2.36588041362324
225 2.36592832114587
226 2.36596664023977
227 2.3659956965117
228 2.36601584963369
229 2.3660274893762
230 2.36603103169534
231 2.36602691489306
232 2.3660155958681
233 2.36599754647385
234 2.36597324999749
235 2.36594319777374
236 2.36590788594465
237 2.36586781237559
238 2.36582347373602
239 2.36577536275228
240 2.36572396563835
241 2.36566975970877
242 2.36561321117732
243 2.36555477314309
244 2.36549488376496
245 2.36543396462403
246 2.36537241927277
247 2.36531063196842
248 2.3652489665875
249 2.36518776571721
250 2.36512734991898
251 2.36506801715853
252 2.36501004239621
253 2.36495367733096
254 2.36489915029061
255 2.36484666626077
256 2.36479640704447
257 2.3647485315441
258 2.36470317615715
259 2.36466045527718
260 2.36462046189108
261 2.36458326826384
262 2.36454892670201
263 2.36451747038706
264 2.36448891426998
265 2.36446325601851
266 2.36444047700872
267 2.36442054335284
268 2.36440340695533
269 2.36438900658975
270 2.36437726898908
271 2.36436810994256
272 2.36436143539244
273 2.3643571425245
274 2.36435512084638
275 2.36435525324851
276 2.36435741704237
277 2.36436148497167
278 2.36436732619212
279 2.36437480721611
280 2.36438379281891
281 2.36439414690335
282 2.36440573332058
283 2.3644184166446
284 2.36443206289885
285 2.36444654023352
286 2.36446171955239
287 2.36447747508859
288 2.36449368492897
289 2.36451023148685
290 2.36452700192353
291 2.36454388851907
292 2.36456078899299
293 2.36457760677606
294 2.36459425123426
295 2.36461063784652
296 2.36462668833769
297 2.36464233076857
298 2.36465749958498
299 2.36467213562786
300 2.36468618610649
301 2.36469960453726
302 2.36471235065
303 2.36472439026456
304 2.36473569513972
305 2.36474624279708
306 2.36475601632226
307 2.36476500414574
308 2.36477319980593
309 2.36478060169658
310 2.3647872128011
311 2.36479304041576
312 2.36479809586428
313 2.3648023942056
314 2.36480595393714
315 2.36480879669528
316 2.36481094695506
317 2.36481243173079
318 2.36481328027919
319 2.36481352380665
320 2.36481319518197
321 2.36481232865601
322 2.36481095958931
323 2.36480912418888
324 2.36480685925509
325 2.36480420193947
326 2.36480118951434
327 2.36479785915466
328 2.36479424773292
329 2.36479039162724
330 2.3647863265432
331 2.36478208734954
332 2.36477770792793
333 2.36477322103682
334 2.36476865818932
335 2.36476404954516
336 2.36475942381635
337 2.36475480818636
338 2.36475022824266
339 2.364745707922
340 2.36474126946819
341 2.36473693340192
342 2.36473271850192
343 2.36472864179722
344 2.36472471856961
345 2.36472096236601
346 2.36471738501986
347 2.36471399668103
348 2.36471080585365
349 2.36470781944105
350 2.36470504279725
351 2.36470247978432
352 2.36470013283495
353 2.36469800301958
354 2.36469609011745
355 2.36469439269092
356 2.36469290816256
357 2.36469163289419
358 2.36469056226765
359 2.36468969076635
360 2.36468901205746
361 2.36468851907398
362 2.36468820409637
363 2.36468805883322
364 2.3646880745006
365 2.36468824189978
366 2.3646885514928
367 2.36468899347571
368 2.36468955784927
369 2.36469023448658
370 2.36469101319779
371 2.36469188379133
372 2.36469283613183
373 2.36469386019438
374 2.36469494611504
375 2.36469608423768
376 2.36469726515694
377 2.3646984797573
378 2.36469971924841
379 2.3647009751964
380 2.3647022395516
381 2.36470350467233
382 2.36470476334519
383 2.36470600880162
384 2.36470723473116
385 2.3647084352912
386 2.36470960511367
387 2.3647107393086
388 2.36471183346471
389 2.36471288364739
390 2.36471388639395
391 2.36471483870659
392 2.36471573804303
393 2.36471658230513
394 2.36471736982569
395 2.36471809935345
396 2.36471877003665
397 2.36471938140526
398 2.36471993335203
399 2.36472042611254
400 2.11472042611254
401 2.06708080247429
402 2.01908112220309
403 1.97108138669275
404 1.92308159757123
405 1.87508175667821
406 1.82708186604263
407 1.77908192786048
408 1.73108194447293
409 1.68308191834481
410 1.63653098391262
411 1.59271800955907
412 1.55161120298286
413 1.51319418656005
414 1.47745989975382
415 1.44440826163954
416 1.41404436282056
417 1.38637707000404
418 1.36141795138208
419 1.33918045129944
420 1.31967085860985
421 1.30287448403386
422 1.28875317420886
423 1.27725013322601
424 1.26829357494554
425 1.2617995098177
426 1.25767387733335
427 1.25581418389789
428 1.25611076697001
429 1.25844777677892
430 1.26270399325666
431 1.26875364156172
432 1.27646729484368
433 1.28571283278429
434 1.29635639953953
435 1.30826332749391
436 1.32129900836376
437 1.33532970309661
438 1.35022328831663
439 1.36584994090423
440 1.38208276419614
441 1.39879835925393
442 1.41587734327003
443 1.43320481582212
444 1.45067077311425
445 1.4681704703894
446 1.48560473302616
447 1.50288021724708
448 1.51990962176242
449 1.53661185199884
450 1.55291213880227
451 1.56874211366587
452 1.58403984264174
453 1.59874982117476
454 1.61282293216504
455 1.62621636962548
456 1.63889353035392
457 1.65082387607974
458 1.66198276857317
459 1.67235128021717
460 1.68191598253917
461 1.69066871518153
462 1.69860633775793
463 1.7057304669985
464 1.71204720153149
465 1.71756683658388
466 1.72230357080934
467 1.72627520736976
468 1.72950285130726
469 1.73201060514798
470 1.73382526457777
471 1.73497601592428
472 1.73549413707023
473 1.73541270331049
474 1.73476629955077
475 1.73359074012995
476 1.73192279743136
477 1.72979994033194
478 1.7272600834224
479 1.72434134781687
480 1.72108183425817
481 1.71751940911445
482 1.71369150375587
483 1.70963492769587
484 1.70538569578162
485 1.7009788696218
486 1.69644841334871
487 1.69182706372392
488 1.68714621451544
489 1.68243581499645
490 1.67772428234458
491 1.67303842765371
492 1.66840339520947
493 1.66384261462401
494 1.65937776537524
495 1.65502875325127
496 1.65081369816135
497 1.64674893274037
498 1.64284901114537
499 1.63912672741858
500 1.6355931427725
501 1.63225762113859
502 1.62912787231109
503 1.62621000201275
504 1.62350856820752
505 1.62102664298829
506 1.61876587937415
507 1.61672658236122
508 1.6149077835843
509 1.61330731896229
510 1.61192190871906
511 1.61074723919211
512 1.60977804586472
513 1.60900819708213
514 1.6084307779389
515 1.60803817385275
516 1.60782215336919
517 1.60777394977159
518 1.60788434110194
519 1.60814372822911
520 1.60854221063278
521 1.60906965960324
522 1.60971578858846
523 1.61047022045153
524 1.61132255143238
525 1.61226241163784
526 1.61327952191406
527 1.6143637469837
528 1.61550514475842
529 1.61669401176377
530 1.61792092463919
531 1.61917677770016
532 1.62045281657271
533 1.62174066793197
534 1.6230323653969
535 1.62432037165203
536 1.62559759688459
537 1.62685741364104
538 1.62809366822162
539 1.62930068874432
540 1.63047329002123
541 1.6316067754
542 1.63269693573186
543 1.63374004563481
544 1.63473285722618
545 1.63567259150346
546 1.63655692755533
547 1.63738398978697
548 1.63815233334439
549 1.63886092792244
550 1.63950914013969
551 1.64009671466135
552 1.64062375424795
553 1.64109069890376
554 1.64149830429415
555 1.64184761959546
556 1.64213996493522
557 1.64237690857366
558 1.6425602439705
559 1.64269196687357
560 1.64277425255783
561 1.64280943333524
562 1.64279997644774
563 1.64274846244679
564 1.64265756415463
565 1.64253002629343
566 1.64236864586009
567 1.64217625331567
568 1.64195569464985
569 1.6417098143728
570 1.64144143947801
571 1.64115336441231
572 1.64084833708112
573 1.64052904590959
574 1.64019810797334
575 1.63985805820539
576 1.6395113396796
577 1.63916029496475
578 1.63880715853761
579 1.63845405023812
580 1.63810296974473
581 1.63775579204344
582 1.63741426386012
583 1.63708000102156
584 1.63675448670785
585 1.63643907055545
586 1.63613496856782
587 1.63584326378856
588 1.63556490768989
589 1.63530072222829
590 1.63505140251774
591 1.63481752007053
592 1.63459952655515
593 1.63439775802059
594 1.63421243953684
595 1.63404369020168
596 1.63389152846458
597 1.63375587771971
598 1.63363657212102
599 1.63353336257392
600 1.6334459228596
601 1.63337385584976
602 1.63331669977141
603 1.6332739344834
604 1.63324498772846
605 1.6332292413267
606 1.63322603727873
607 1.63323468374901
608 1.63325446090228
609 1.6332846265682
610 1.63332442171205
611 1.63337307569113
612 1.63342981127962
613 1.63349384944609
614 1.63356441387096
615 1.63364073519275
616 1.63372205497458
617 1.63380762938425
618 1.63389673258313
619 1.63398865982129
620 1.63408273023795
621 1.63417828936789
622 1.63427471135648
623 1.63437140088712
624 1.63446779482655
625 1.63456336359452
626 1.63465761226588
627 1.63475008141381
628 1.63484034770412
629 1.63492802425141
630 1.63501276074843
631 1.63509424338084
632 1.63517219453997
633 1.63524637234668
634 1.63531656999957
635 1.63538261496142
636 1.63544436799735
637 1.63550172207884
638 1.63555460116711
639 1.63560295888987
640 1.6356467771247
641 1.63568606450266
642 1.63572085484488
643 1.63575120554495
644 1.6357771959092
645 1.63579892546684
646 1.63581651226111
647 1.63583009113218
648 1.63583981200215
649 1.63584583817158
650 1.63584834463665
651 1.63584751643535
652 1.63584354703027
653 1.63583663673528
654 1.6358269911924
655 1.63581481990474
656 1.63580033483053
657 1.63578374904286
658 1.63576527545903
659 1.63574512564261
660 1.63572350868105
661 1.63570063014083
662 1.63567669110177
663 1.63565188727131
664 1.63562640817954
665 1.63560043645466
666 1.63557414717867
667 1.63554770732226
668 1.63552127525766
669 1.63549500034779
670 1.6354690226098
671 1.63544347245049
672 1.6354184704713
673 1.63539412733986
674 1.6353705437251
675 1.6353478102927
676 1.63532600775754
677 1.63530520698952
678 1.6352854691692
679 1.63526684598959
680 1.6352493799002
681 1.63523310438975
682 1.63521804430362
683 1.63520421619229
684 1.63519162868715
685 1.63518028289982
686 1.63517017284153
687 1.63516128585905
688 1.6351536030836
689 1.63514709988967
690 1.63514174636048
691 1.63513750775702
692 1.63513434498793
693 1.63513221507746
694 1.63513107162885
695 1.63513086528101
696 1.63513154415605
697 1.63513305429577
698 1.63513534008524
699 1.63513834466176
700 1.63514201030778
701 1.63514627882642
702 1.63515109189841
703 1.63515639141956
704 1.63516211981787
705 1.63516822034973
706 1.63517463737458
707 1.63518131660784
708 1.63518820535181
709 1.63519525270448
710 1.63520240974639
711 1.63520962970565
712 1.63521686810143
713 1.63522408286642
714 1.63523123444853
715 1.63523828589276
716 1.63524520290357
717 1.63525195388875
718 1.63525850998539
719 1.63526484506898
720 1.63527093574648
721 1.63527676133424
722 1.63528230382187
723 1.635287547823
724 1.6352924805139
725 1.63529709156114
726 1.63530137303916
727 1.63530531933887
728 1.63530892706836
729 1.63531219494655
730 1.63531512369099
731 1.63531771590068
732 1.63531997593478
733 1.63532190978832
734 1.63532352496557
735 1.63532483035214
736 1.63532583608633
737 1.63532655343086
738 1.63532699464533
739 1.6353271728603
740 1.63532710195362
741 1.63532679642941
742 1.63532627130047
743 1.63532554197433
744 1.63532462414366
745 1.63532353368113
746 1.63532228653928
747 1.63532089865561
748 1.63531938586306
749 1.63531776380625
750 1.63531604786342
751 1.63531425307439
752 1.63531239407448
753 1.63531048503443
754 1.63530853960642
755 1.63530657087603
756 1.63530459132016
757 1.63530261277077
758 1.63530064638433
759 1.63529870261685
760 1.63529679120423
761 1.63529492114787
762 1.63529310070526
763 1.63529133738522
764 1.63528963794781
765 1.63528800840834
766 1.63528645404545
767 1.63528497941292
768 1.63528358835488
769 1.63528228402418
770 1.63528106890366
771 1.63527994483003
772 1.63527891302001
773 1.63527797409853
774 1.6352771281287
775 1.63527637464328
776 1.63527571267729
777 1.6352751408017
778 1.63527465715778
779 1.63527425949198
780 1.63527394519103
781 1.63527371131711
782 1.6352735546429
783 1.63527347168623
784 1.63527345874426
785 1.63527351192694
786 1.63527362718968
787 1.63527380036501
788 1.63527402719313
789 1.63527430335131
790 1.63527462448197
791 1.63527498621927
792 1.63527538421442
793 1.63527581415928
794 1.63527627180854
795 1.63527675300017
796 1.63527725367433
797 1.63527776989057
798 1.63527829784343
799 1.63527883387634
800 1.82136937449393
801 1.83327991637273
802 1.84528045637023
803 1.85728099153249
804 1.86928151910018
805 1.88128203651323
806 1.89328254141401
807 1.9052830316493
808 1.91728350527086
809 1.92928396053491
810 1.94020572197559
811 1.94922592504478
812 1.95660118540172
813 1.96252997970921
814 1.96716645003026
815 1.97063022645795
816 1.97301407756368
817 1.97438986864335
818 1.97481320187807
819 1.97432702982419
820 1.97297072177904
821 1.97079139404327
822 1.96784529123013
823 1.96419357205079
824 1.95989953768611
825 1.95502686289225
826 1.94963852118356
827 1.9437961829276
828 1.9375599290825
829 1.93098816976
830 1.92413765415324
831 1.91706344046561
832 1.90981876747063
833 1.90245486577093
834 1.895020759664
835 1.88756308650222
836 1.88012594559911
837 1.87275077991352
838 1.86547628883268
839 1.85833836794355
840 1.85137007098016
841 1.84460158991896
842 1.83806025083006
843 1.83177052446492
844 1.82575405114995
845 1.82002967959822
846 1.81461351907255
847 1.80951900410874
848 1.80475697081984
849 1.80033574368444
850 1.79626123167456
851 1.79253703258774
852 1.78916454448723
853 1.78614308320165
854 1.78347000487918
855 1.78114083262825
856 1.77914938631069
857 1.77748791458517
858 1.77614722833421
859 1.77511683464526
860 1.77438507055829
861 1.77393923583734
862 1.77376572407032
863 1.77385015145109
864 1.77417748264711
865 1.7747321532068
866 1.77549818801098
867 1.7764593153233
868 1.77759907604429
869 1.77890092782319
870 1.78034834373015
871 1.78192490523889
872 1.7836143893164
873 1.7854008494606
874 1.78726869057062
875 1.7892027375754
876 1.79118829778602
877 1.79321121697438
878 1.79525792921656
879 1.79731550057193
880 1.79937166670013
881 1.80141486454651
882 1.80343425825282
883 1.80541975947371
884 1.807362042301
885 1.80925255301699
886 1.81108351491443
887 1.8128479284357
888 1.81453956689557
889 1.81615296806217
890 1.81768342187866
891 1.81912695461388
892 1.82048030973419
893 1.82174092579083
894 1.82290691161718
895 1.82397701912901
896 1.82495061401778
897 1.82582764462242
898 1.82660860925936
899 1.82729452228339
900 1.82788687914357
901 1.82838762068934
902 1.82879909697163
903 1.82912403077288
904 1.82936548108798
905 1.82952680676606
906 1.82961163051014
907 1.8296238034185
908 1.82956737023808
909 1.82944653548661
910 1.82926563058643
911 1.82902908213892
912 1.82874138145491
913 1.82840705544269
914 1.82803063894177
915 1.82761664857742
916 1.8271695581981
917 1.8266937759454
918 1.82619362299408
919 1.8256733139882
920 1.82513693918819
921 1.82458844833323
922 1.82403163621332
923 1.82347012993612
924 1.8229073778646
925 1.82234664019389
926 1.82179098112777
927 1.82124326260866
928 1.82070613954876
929 1.82018205650435
930 1.81967324573039
931 1.81918172654839
932 1.81870930595677
933 1.81825758040993
934 1.81782793868973
935 1.81742156579137
936 1.81703944774423
937 1.81668237728729
938 1.81635096031876
939 1.8160456230395
940 1.81576661971035
941 1.81551404094486
942 1.81528782245995
943 1.81508775420909
944 1.81491348982455
945 1.81476455629763
946 1.81464036382878
947 1.81454021578183
948 1.81446331868034
949 1.81440879218681
950 1.8143756790093
951 1.81436295468338
952 1.81436953718095
953 1.81439429630147
954 1.81443606280447
955 1.81449363724638
956 1.81456579848826
957 1.81465131184494
958 1.81474893684952
959 1.81485743461114
960 1.81497557474735
961 1.81510214187569
962 1.81523594165295
963 1.81537580635314
964 1.81552059997897
965 1.81566922290408
966 1.81582061604637
967 1.81597376457531
968 1.81612770115852
969 1.81628150875546
970 1.81643432296789
971 1.81658533395889
972 1.8167337879541
973 1.81687898834017
974 1.81702029637708
975 1.81715713154217
976 1.81728897152469
977 1.81741535189081
978 1.81753586543949
979 1.81765016127051
980 1.81775794358616
981 1.81785897024841
982 1.81795305111372
983 1.81804004616739
984 1.8181198634794
985 1.81819245700347
986 1.81825782424067
987 1.81831600378843
988 1.81836707279547
989 1.81841114434221
990 1.8184483647659
991 1.81847891094865
992 1.81850298758587
993 1.81852082445173
994 1.81853267367724
995 1.81853880705572
996 1.81853951338939
997 1.81853509588975
998 1.81852586964342
999 1.8185121591542
1000 1.81849429597081
1001 1.81847261640908
1002 1.81844745937602
1003 1.81841916430237
1004 1.8183880691892
1005 1.8183545087733
1006 1.81831881281475
1007 1.81828130450978
1008 1.81824229903061
1009 1.81820210219343
1010 1.81816100925481
1011 1.81811930383609
1012 1.8180772569746
1013 1.81803512629992
1014 1.81799315533273
1015 1.81795157290336
1016 1.81791059268643
1017 1.81787041284787
1018 1.81783121579963
1019 1.81779316805773
1020 1.81775642019834
1021 1.8177211069067
1022 1.81768734711338
1023 1.81765524421203
1024 1.81762488635297
1025 1.81759634680642
1026 1.81756968438965
1027 1.81754494395173
1028 1.81752215691006
1029 1.81750134183269
1030 1.81748250506042
1031 1.81746564136308
1032 1.81745073462409
1033 1.81743775854815
1034 1.81742667738642
1035 1.81741744667427
1036 1.8174100139767
1037 1.81740431963665
1038 1.81740029752199
1039 1.81739787576684
1040 1.81739697750342
1041 1.8173975215809
1042 1.81739942326773
1043 1.8174025949346
1044 1.81740694671506
1045 1.81741238714153
1046 1.81741882375431
1047 1.81742616368175
1048 1.81743431418994
1049 1.81744318320047
1050 1.81745267977517
1051 1.81746271456698
1052 1.81747320023626
1053 1.81748405183209
1054 1.8174951871386
1055 1.81750652698605
1056 1.81751799552708
1057 1.81752952047855
1058 1.8175410333294
1059 1.81755246951541
1060 1.81756376856174
1061 1.81757487419412
1062 1.81758573442004
1063 1.81759630158101
1064 1.81760653237738
1065 1.81761638786689
1066 1.81762583343884
1067 1.81763483876494
1068 1.81764337772885
1069 1.8176514283357
1070 1.81765897260352
1071 1.81766599643791
1072 1.8176724894919
1073 1.81767844501244
1074 1.81768385967523
1075 1.81768873340948
1076 1.81769306921412
1077 1.81769687296702
1078 1.81770015322876
1079 1.81770292104219
1080 1.81770518972936
1081 1.81770697468697
1082 1.81770829318173
1083 1.81770916414655
1084 1.81770960797901
1085 1.81770964634276
1086 1.81770930197315
1087 1.81770859848766
1088 1.8177075602021
1089 1.81770621195334
1090 1.81770457892898
1091 1.81770268650476
1092 1.81770056009012
1093 1.81769822498225
1094 1.81769570622912
1095 1.81769302850155
1096 1.81769021597483
1097 1.81768729221968
1098 1.81768428010293
1099 1.81768120169776
1100 1.8176780782035
1101 1.817674929875
1102 1.81767177596127
1103 1.8176686346533
1104 1.8176655230409
1105 1.81766245707817
1106 1.81765945155734
1107 1.81765652009075
1108 1.81765367510044
1109 1.81765092781519
1110 1.81764828827438
1111 1.81764576533844
1112 1.81764336670536
1113 1.8176410989329
1114 1.81763896746592
1115 1.81763697666856
1116 1.81763512986066
1117 1.81763342935808
1118 1.81763187651637
1119 1.81763047177751
1120 1.81762921471907
1121 1.81762810410555
1122 1.81762713794141
1123 1.81762631352542
1124 1.81762562750588
1125 1.81762507593647
1126 1.81762465433227
1127 1.81762435772566
1128 1.81762418072181
1129 1.8176241175534
1130 1.81762416213447
1131 1.81762430811286
1132 1.81762454892134
1133 1.81762487782699
1134 1.81762528797874
1135 1.81762577245286
1136 1.81762632429635
1137 1.817626936568
1138 1.81762760237704
1139 1.81762831491933
1140 1.81762906751106
1141 1.81762985361981
1142 1.81763066689294
1143 1.81763150118352
1144 1.81763235057343
1145 1.81763320939401
1146 1.81763407224403
1147 1.81763493400519
1148 1.81763578985507
1149 1.81763663527777
1150 1.81763746607211
1151 1.81763827835762
1152 1.81763906857844
1153 1.81763983350499
1154 1.81764057023393
1155 1.81764127618602
1156 1.81764194910251
1157 1.8176425870397
1158 1.81764318836219
1159 1.81764375173466
1160 1.81764427611247
1161 1.8176447607311
1162 1.81764520509466
1163 1.81764560896348
1164 1.81764597234095
1165 1.81764629545975
1166 1.81764657876757
1167 1.81764682291238
1168 1.81764702872742
1169 1.81764719721601
1170 1.81764732953621
1171 1.8176474269855
1172 1.81764749098558
1173 1.8176475230672
1174 1.81764752485539
1175 1.81764749805486
1176 1.81764744443585
1177 1.81764736582038
1178 1.81764726406902
1179 1.81764714106811
1180 1.81764699871766
1181 1.81764683891977
1182 1.81764666356778
1183 1.81764647453596
1184 1.81764627367005
1185 1.81764606277837
1186 1.81764584362368
1187 1.8176456179158
1188 1.81764538730488
1189 1.81764515337548
1190 1.81764491764124
1191 1.81764468154035
1192 1.81764444643168
1193 1.81764421359154
1194 1.81764398421114
1195 1.81764375939463
1196 1.81764354015783
1197 1.8176433274274
1198 1.81764312204068
1199 1.81764292474598
1200 1.81764273620342
