1 2
2 2
3 2
4 2
5 2
6 2
7 2
8 2
9 2
10 2
11 2
12 2
13 2
14 2
15 2
16 2
17 2
18 2
19 2
20 2
21 2
22 2
23 2
24 2
25 2
26 2
27 2
28 2
29 2
30 2.25
31 2.27917972972973
32 2.30890945945946
33 2.33863918918919
34 2.36836891891892
35 2.39809864864865
36 2.42782837837838
37 2.45755810810811
38 2.48728783783784
39 2.51701756756757
40 2.54454578384409
41 2.56810429485857
42 2.58806261127545
43 2.60470134784258
44 2.61823809031382
45 2.62884137276294
46 2.63664156725931
47 2.64173936407044
48 2.64421237512271
49 2.64412027568474
50 2.64152819414991
51 2.63653870719676
52 2.62929458750227
53 2.61996474514795
54 2.60873452435788
55 2.59579905193955
56 2.58135876062871
57 2.56561644905929
58 2.54877541607457
59 2.53103833646725
60 2.51260646927782
61 2.49367865813143
62 2.47444989002299
63 2.45510961046253
64 2.4358400447833
65 2.41681465931712
66 2.39819682371121
67 2.38013869164367
68 2.36278029192119
69 2.3462488087711
70 2.33065802606491
71 2.3161079150121
72 2.30268435495419
73 2.29045898488173
74 2.27948918576354
75 2.26981819254006
76 2.26147533205824
77 2.25447638056874
78 2.24882403225502
79 2.2445084688244
80 2.24150801944783
81 2.23978990012643
82 2.23931102164499
83 2.24001885543266
84 2.24185234678689
85 2.24474286502516
86 2.24861518024977
87 2.25338845658485
88 2.25897725200131
89 2.26529251519626
90 2.27224257043726
91 2.27973408180554
92 2.28767298886129
93 2.29596540639143
94 2.30451848157454
95 2.31324120259823
96 2.32204515348537
97 2.33084521061929
98 2.33956017720013
99 2.34811335260678
100 2.35643303437668
101 2.36445295124108
102 2.37211262636086
103 2.37935767059103
104 2.38614000625593
105 2.39241802253615
106 2.39815666414925
107 2.40332745554499
108 2.40790846332928
109 2.4118842000774
110 2.41524547309337
111 2.41798918201845
112 2.4201180694854
113 2.42164042925726
114 2.42256977647937
115 2.42292448481176
116 2.42272739529761
117 2.42200540186258
118 2.4207890183328
119 2.41911193180663
120 2.4170105471212
121 2.41452352702069
122 2.41169133246307
123 2.40855576729865
124 2.40515953132048
125 2.40154578542727
126 2.39775773235727
127 2.39383821615028
128 2.38982934317853
129 2.38577212725871
130 2.38170616102072
131 2.37766931536752
132 2.37369746851793
133 2.36982426578296
134 2.36608091089082
135 2.36249598934729
136 2.35909532400068
137 2.35590186267572
138 2.35293559745129
139 2.35021351488406
140 2.34774957622708
141 2.34555472645825
142 2.34363693072268
143 2.34200123660313
144 2.34064986046693
145 2.3395822959958
146 2.33879544288614
147 2.33828375361361
148 2.33803939608473
149 2.33805242995117
150 2.33831099433765
151 2.33880150473168
152 2.33950885680128
153 2.34041663494506
154 2.34150732343506
155 2.34276251808672
156 2.34416313647926
157 2.34568962485355
158 2.34732215993035
159 2.3490408440187
160 2.35082589192062
161 2.35265780828182
162 2.35451755418797
163 2.35638670195974
164 2.35824757725677
165 2.36008338775784
166 2.36187833784222
167 2.36361772885215
168 2.36528804466873
169 2.36687702248112
170 2.36837370877098
171 2.36976850066946
172 2.37105317297189
173 2.37222089121448
174 2.3732662113276
175 2.37418506648045
176 2.37497474182227
177 2.37563383790449
178 2.37616222363706
179 2.37656097968985
180 2.37683233329649
181 2.37697958545385
182 2.3770070315352
183 2.3769198763494
184 2.3767241446827
185 2.37642658835415
186 2.37603459080081
187 2.37555607018538
188 2.37499938198733
189 2.37437322199954
190 2.37368653060669
191 2.37294839916988
192 2.37216797928512
193 2.37135439562147
194 2.37051666297993
195 2.36966360814553
196 2.36880379703518
197 2.36794546757183
198 2.36709646864318
199 2.36626420543066
200 2.36545559132266
201 2.36467700655553
202 2.36393426365723
203 2.36323257970231
204 2.36257655532381
205 2.36197016036771
206 2.36141672601953
207 2.36091894318079
208 2.36047886682539
209 2.36009792602338
210 2.35977693928125
211 2.35951613481495
212 2.35931517534397
213 2.35917318697168
214 2.35908879169922
215 2.35906014310768
216 2.3590849647348
217 2.35916059066961
218 2.35928400788937
219 2.35945189986898
220 2.35966069100251
221 2.35990659139024
222 2.36018564156134
223 2.36049375672258
224 2.3608267701467
225 2.36118047533912
226 2.36155066665011
227 2.36193317802824
228 2.36232391964278
229 2.36271891213394
230 2.36311431828351
231 2.36350647193102
232 2.36389190399446
233 2.36426736548731
234 2.36462984745659
235 2.36497659779824
236 2.36530513493712
237 2.36561325838818
238 2.36589905624375
239 2.3661609096577
240 2.36639749442215
241 2.36660777975463
242 2.36679102443396
243 2.36694677044137
244 2.36707483427917
245 2.36717529615289
246 2.36724848721405
247 2.36729497506957
248 2.3673155477705
249 2.3673111964971
250 2.36728309715928
251 2.36723259113166
252 2.36716116534028
253 2.36707043191428
254 2.36696210760999
255 2.36683799320763
256 2.36669995307194
257 2.36654989505769
258 2.36638975092982
259 2.36622145745534
260 2.36604693831071
261 2.36586808693451
262 2.3656867504404
263 2.36550471469058
264 2.36532369061433
265 2.36514530184132
266 2.36497107370363
267 2.36480242364576
268 2.36464065306673
269 2.36448694060437
270 2.36434233685798
271 2.36420776053258
272 2.36408399597531
273 2.36397169206354
274 2.36387136239317
275 2.36378338670612
276 2.36370801348752
277 2.36364536365519
278 2.36359543525765
279 2.36355810909142
280 2.36353315514379
281 2.36352023976418
282 2.36351893346451
283 2.36352871924822
284 2.36354900136682
285 2.36357911440383
286 2.36361833258735
287 2.36366587923497
288 2.36372093623787
289 2.3637826534948
290 2.36385015821127
291 2.36392256398425
292 2.36399897959847
293 2.36407851746615
294 2.36416030164873
295 2.36424347540558
296 2.36432720822159
297 2.36441070227268
298 2.36449319829504
299 2.36457398083128
300 2.36465238283342
301 2.36472778960964
302 2.36479964210816
303 2.3648674395383
304 2.36493074133472
305 2.36498916847662
306 2.36504240417908
307 2.36509019397894
308 2.36513234524184
309 2.36516872612144
310 2.36519926400543
311 2.36522394348583
312 2.36524280389433
313 2.36525593644491
314 2.36526348102814
315 2.3652656227026
316 2.36526258792955
317 2.3652546405973
318 2.36524207788154
319 2.36522522598725
320 2.36520443581693
321 2.36518007860838
322 2.36515254158378
323 2.3651222236495
324 2.36508953118421
325 2.36505487394991
326 2.36501866115816
327 2.36498129772064
328 2.3649431807102
329 2.36490469605554
330 2.36486621548928
331 2.36482809376607
332 2.36479066616406
333 2.36475424627988
334 2.36471912412412
335 2.36468556452114
336 2.36465380581411
337 2.36462405887331
338 2.36459650640311
339 2.36457130254022
340 2.36454857273382
341 2.36452841389576
342 2.36451089480715
343 2.36449605676582
344 2.36448391445791
345 2.36447445703507
346 2.36446764937821
347 2.36446343352744
348 2.3644617302576
349 2.36446244077807
350 2.36446544853568
351 2.36447062109921
352 2.3644778121045
353 2.36448686323947
354 2.36449760624882
355 2.36450986493916
356 2.36452345716594
357 2.36453819678471
358 2.36455389555043
359 2.36457036494951
360 2.3645874179509
361 2.36460487066367
362 2.36462254389013
363 2.36464026456484
364 2.36465786707149
365 2.3646751944311
366 2.36469209935632
367 2.36470844516836
368 2.36472410657427
369 2.36473897030374
370 2.36475293560603
371 2.36476591460874
372 2.36477783254146
373 2.36478862782837
374 2.36479825205495
375 2.36480666981472
376 2.36481385844306
377 2.36481980764563
378 2.36482451902954
379 2.36482800554623
380 2.36483029085497
381 2.3648314086167
382 2.36483140172775
383 2.36483032150328
384 2.36482822682033
385 2.36482518323011
386 2.36482126204923
387 2.36481653943913
388 2.36481109548282
389 2.36480501326743
390 2.36479837798101
391 2.36479127603092
392 2.36478379419135
393 2.36477601878611
394 2.36476803491299
395 2.36475992571465
396 2.36475177170084
397 2.36474365012575
398 2.3647356344238
399 2.36472779370636
400 2.11472779370636
401 2.056361031402
402 1.9968946213938
403 1.93742861173847
404 1.87796304460988
405 1.81849795617817
406 1.75903337654971
407 1.69956932976572
408 1.64010583385694
409 1.58064290095118
410 1.5233819839455
411 1.47034818780836
412 1.42161021311995
413 1.37723469652518
414 1.33727623508607
415 1.30177992346016
416 1.27078332784974
417 1.24431802987337
418 1.22241083512738
419 1.20508472027034
420 1.2
421 1.2
422 1.2
423 1.20046330083988
424 1.20499159304121
425 1.21335870566108
426 1.22531362047502
427 1.24058509816884
428 1.25888538357831
429 1.27991317534938
430 1.30328872625205
431 1.32857274588278
432 1.35538090265103
433 1.38340794442299
434 1.41237484726129
435 1.44199628779123
436 1.47198592113491
437 1.50206085912081
438 1.53194548738572
439 1.56137471192624
440 1.59009730894073
441 1.61787970708011
442 1.64450895027764
443 1.66979389733175
444 1.69356531692846
445 1.71567582537817
446 1.73599991245146
447 1.75443395361579
448 1.77089614167551
449 1.78532629569066
450 1.79768551781996
451 1.80795567044115
452 1.81613865563244
453 1.82225550497659
454 1.82634530959692
455 1.82846402392744
456 1.82868316985939
457 1.82708846151032
458 1.82377836727584
459 1.81886262393304
460 1.81246071668845
461 1.80470033886187
462 1.79571584512502
463 1.78564671247102
464 1.77463602297102
465 1.76282898175471
466 1.75037148267087
467 1.73740873293184
468 1.7240839468412
469 1.71053711750139
470 1.69690387422028
471 1.68331443218371
472 1.66989263982978
473 1.65675512823881
474 1.64401056573858
475 1.63175901982022
476 1.6200914273781
477 1.6090891732384
478 1.59882377593914
479 1.58935667877749
480 1.58073914325692
481 1.57301224125133
482 1.56620694146081
483 1.56034428506635
484 1.55543564490047
485 1.55148306194023
486 1.54847965249802
487 1.54641007913525
488 1.54525107805381
489 1.54497203552929
490 1.54553560583599
491 1.54689836307508
492 1.54901147935023
493 1.55182142183622
494 1.55527066145129
495 1.5592983860695
496 1.56384121148867
497 1.5688338837
498 1.57420996637904
499 1.57990250793164
500 1.5858446828748
501 1.59197040280702
502 1.59821489271958
503 1.60451522891327
504 1.61081083530946
505 1.61704393547446
506 1.62315995820677
507 1.62910789506312
508 1.63484060871629
509 1.64031509154204
510 1.64549267431849
511 1.65033918538714
512 1.65482506106543
513 1.65892540851466
514 1.66262002265029
515 1.66589335903375
516 1.66873446500207
517 1.67113687157427
518 1.67309844891936
519 1.67462122838005
520 1.67571119421834
521 1.67637804838394
522 1.67663495170511
523 1.67649824496391
524 1.67598715334555
525 1.67512347774595
526 1.67393127638414
527 1.67243654009809
528 1.67066686460738
529 1.66865112290397
530 1.66641914078745
531 1.66400137839434
532 1.66142862038618
533 1.65873167725958
534 1.65594110002663
535 1.65308691028844
536 1.65019834749002
537 1.6473036349052
538 1.64442976565657
539 1.64160230983133
540 1.63884524351096
541 1.63618080029312
542 1.63362934565064
543 1.63120927424562
544 1.6289369301
545 1.62682654931748
546 1.62489022485724
547 1.62313789267986
548 1.62157733841917
549 1.6202142235832
550 1.61905213015265
551 1.61809262232725
552 1.61733532406903
553 1.61677801100731
554 1.61641671520353
555 1.61624584122332
556 1.61625829193012
557 1.61644560239689
558 1.61679808033108
559 1.61730495142051
560 1.61795450803553
561 1.61873425976275
562 1.61963108429862
563 1.62063137729437
564 1.62172119981828
565 1.62288642218346
566 1.62411286298032
567 1.62538642224975
568 1.62669320783574
569 1.62801965406275
570 1.62935263199304
571 1.63067955063061
572 1.63198844855087
573 1.63326807554729
574 1.63450796399661
575 1.63569848975328
576 1.63683092248827
577 1.63789746548921
578 1.63889128503492
579 1.63980652954853
580 1.64063833881832
581 1.64138284365388
582 1.64203715641667
583 1.64259935292816
584 1.64306844631536
585 1.64344435340249
586 1.6437278542984
587 1.64392054586269
588 1.64402478975853
589 1.64404365581829
590 1.64398086145778
591 1.64384070787807
592 1.64362801378981
593 1.64334804738421
594 1.64300645725808
595 1.6426092029779
596 1.64216248593952
597 1.64167268114817
598 1.64114627050572
599 1.64058977815219
600 1.64000970836399
601 1.63941248646553
602 1.63880440316158
603 1.63819156264826
604 1.63757983480885
605 1.63697481174939
606 1.63638176887711
607 1.63580563067373
608 1.63525094126537
609 1.63472183984191
610 1.63422204093163
611 1.63375481949175
612 1.63332300073287
613 1.63292895455563
614 1.63257459444049
615 1.63226138059812
616 1.63199032715709
617 1.63176201313861
618 1.63157659694453
619 1.63143383406473
620 1.63133309769415
621 1.63127340193632
622 1.63125342726179
623 1.63127154788377
624 1.63132586071106
625 1.63141421553942
626 1.63153424614636
627 1.63168340196146
628 1.63185897999384
629 1.63205815671054
630 1.63227801957401
631 1.63251559796338
632 1.63276789322231
633 1.6330319075962
634 1.63330467184226
635 1.63358327131844
636 1.63386487037977
637 1.63414673493428
638 1.63442625303426
639 1.63470095340258
640 1.63496852181708
641 1.63522681529975
642 1.63547387407966
643 1.6357079313209
644 1.63592742062754
645 1.63613098135776
646 1.63631746179788
647 1.63648592026473
648 1.63663562422036
649 1.63676604749799
650 1.63687686575085
651 1.63696795024682
652 1.63703936014151
653 1.63709133337043
654 1.63712427630712
655 1.63713875233898
656 1.63713546951533
657 1.63711526742412
658 1.63707910345326
659 1.63702803859158
660 1.63696322292116
661 1.63688588094901
662 1.6367972969208
663 1.6366988002527
664 1.63659175121053
665 1.63647752695702
666 1.63635750807893
667 1.63623306569668
668 1.63610554924864
669 1.63597627503217
670 1.63584651557248
671 1.63571748987973
672 1.63559035464378
673 1.635466196405
674 1.63534602472895
675 1.63523076640204
676 1.63512126065533
677 1.63501825541356
678 1.63492240455729
679 1.63483426617727
680 1.63475430179196
681 1.63468287649144
682 1.63462025996418
683 1.6345666283571
684 1.63452206691356
685 1.6344865733297
686 1.63446006176532
687 1.63444236744252
688 1.63443325176292
689 1.63443240787252
690 1.63443946660262
691 1.63445400271474
692 1.63447554137819
693 1.63450356480981
694 1.6345375190074
695 1.63457682051027
696 1.63462086312359
697 1.63466902454581
698 1.6347206728428
699 1.63477517271568
700 1.6348318915141
701 1.6348902049511
702 1.63494950248033
703 1.63500919230148
704 1.63506870596476
705 1.6351275025501
706 1.63518507240201
707 1.63524094040581
708 1.63529466879601
709 1.63534585949216
710 1.63539415596223
711 1.63543924461782
712 1.63548085574969
713 1.63551876401587
714 1.63555278849839
715 1.63558279234757
716 1.63560868203607
717 1.6356304062473
718 1.63564795442524
719 1.63566135501423
720 1.63567067341935
721 1.63567600971878
722 1.63567749616058
723 1.63567529447687
724 1.63566959304834
725 1.6356606039523
726 1.63564855992656
727 1.63563371128121
728 1.63561632278896
729 1.63559667058381
730 1.6355750390963
731 1.63555171805187
732 1.6355269995571
733 1.63550117529691
734 1.63547453386326
735 1.63544735823417
736 1.63541992341937
737 1.63539249428678
738 1.63536532358153
739 1.63533865014718
740 1.63531269735609
741 1.63528767175413
742 1.63526376192231
743 1.635241137556
744 1.63521994876034
745 1.63520032555841
746 1.63518237760708
747 1.63516619411366
748 1.63515184394496
749 1.63513937591902
750 1.63512881926846
751 1.63512018426338
752 1.63511346298073
753 1.63510863020655
754 1.63510564445646
755 1.63510444909975
756 1.63510497357204
757 1.63510713466106
758 1.63511083785064
759 1.6351159787076
760 1.63512244429698
761 1.63513011461119
762 1.63513886399924
763 1.63514856258291
764 1.6351590776474
765 1.63517027499472
766 1.63518202024911
767 1.63519418010464
768 1.63520662350604
769 1.63521922275495
770 1.6352318545349
771 1.63524440084897
772 1.63525674986588
773 1.63526879667044
774 1.63528044391619
775 1.63529160237831
776 1.6353021914066
777 1.63531213927856
778 1.63532138345415
779 1.63532987073419
780 1.63533755732538
781 1.63534440881561
782 1.63535040006388
783 1.63535551500968
784 1.63535974640734
785 1.63536309549117
786 1.63536557157757
787 1.63536719161088
788 1.63536797965941
789 1.63536796636878
790 1.63536718837958
791 1.63536568771611
792 1.6353635111535
793 1.63536070956968
794 1.63535733728919
795 1.63535345142496
796 1.63534911122448
797 1.63534437742604
798 1.63533931163049
799 1.63533397569381
800 1.88533397569381
801 1.89991814804659
802 1.91477723168634
803 1.92963628398134
804 1.94449535997465
805 1.95935451198235
806 1.97421378923529
807 1.98907323756553
808 2.00393289913854
809 2.0187928122313
810 2.03145144877768
811 2.04026909260552
812 2.04583439360255
813 2.04860162274442
814 2.04892448478763
815 2.047078352909
816 2.04327759025211
817 2.03768904221361
818 2.03044254595823
819 2.02163911653152
820 2.01137671025831
821 1.99978293934324
822 1.9870165562795
823 1.97325208194336
824 1.95866976265967
825 1.94344920335892
826 1.92776554209914
827 1.91178735322767
828 1.89567570159938
829 1.8795839411643
830 1.86365780407853
831 1.84803522448048
832 1.83284568189317
833 1.81820929282088
834 1.80423591608778
835 1.79102440466436
836 1.77866205629504
837 1.76722426854767
838 1.75677437893438
839 1.74736365937961
840 1.73903143261898
841 1.73180528526824
842 1.72570136419137
843 1.72072475177762
844 1.71686991859689
845 1.7141212508555
846 1.71245364773822
847 1.71183318142621
848 1.7122178109058
849 1.71355813979165
850 1.71579820821421
851 1.7188763091595
852 1.72272582022649
853 1.72727604235836
854 1.73245303761032
855 1.73818045844336
856 1.74438036142756
857 1.75097399864661
858 1.75788258054707
859 1.76502800448425
860 1.77233354377767
861 1.77972449269053
862 1.78712876337286
863 1.79447743144342
864 1.80170522751904
865 1.8087509726254
866 1.81555795603595
867 1.82207425468108
868 1.82825299384608
869 1.83405254942866
870 1.83943669255283
871 1.84437467783095
872 1.84884127702685
873 1.85281676029707
874 1.85628682757196
875 1.85924249298168
876 1.86167992553303
877 1.86360024950055
878 1.86500930820872
879 1.86591739505259
880 1.86633895573066
881 1.86629226574838
882 1.86579908729375
883 1.86488430958998
884 1.86357557679543
885 1.86190290745044
886 1.85989830936639
887 1.85759539371693
888 1.85502899192723
889 1.85223477876748
890 1.84924890484437
891 1.84610764145215
892 1.84284704049586
893 1.83950261193657
894 1.83610902093537
895 1.83269980659196
896 1.82930712388787
897 1.82596151015728
898 1.82269167712167
899 1.81952432924141
900 1.81648400886068
901 1.81359296835293
902 1.8108710692158
903 1.80833570781796
904 1.80600176726841
905 1.80388159466156
906 1.8019850027516
907 1.80031929492749
908 1.79888931219626
909 1.79769750073833
910 1.79674399847427
911 1.79602673897794
912 1.79554157098731
913 1.79528239169951
914 1.79524129199255
915 1.79540871169071
916 1.79577360298366
917 1.79632360012035
918 1.79704519352659
919 1.79792390653849
920 1.79894447300255
921 1.80009101406455
922 1.80134721255373
923 1.8026964834631
924 1.80412213913144
925 1.80560754784477
926 1.8071362846942
927 1.8086922736516
928 1.81025991995274
929 1.81182423200859
930 1.81337093219738
931 1.81488655602226
932 1.8163585392502
933 1.81777529277585
934 1.8191262650795
935 1.82040199226811
936 1.82159413580386
937 1.82269550813328
938 1.82370008653181
939 1.82460301557334
940 1.82540059872011
941 1.82609027960652
942 1.82667061365896
943 1.82714123075404
944 1.82750278966783
945 1.82775692511053
946 1.82790618817293
947 1.82795398103419
948 1.82790448679477
949 1.82776259530378
950 1.82753382584758
951 1.82722424755565
952 1.82684039836202
953 1.82638920333548
954 1.82587789316077
955 1.8253139235157
956 1.82470489604701
957 1.82405848160116
958 1.82338234631523
959 1.82268408111944
960 1.82197113514604
961 1.82125075348075
962 1.82052991963313
963 1.81981530304134
964 1.81911321186619
965 1.81842955126882
966 1.81776978730699
967 1.81713891652682
968 1.81654144127116
969 1.81598135067157
970 1.81546210724039
971 1.81498663893132
972 1.81455733649257
973 1.81417605589568
974 1.81384412558653
975 1.81356235827167
976 1.81333106692469
977 1.81315008467272
978 1.81301878820267
979 1.81293612431107
980 1.81290063920917
981 1.81291051018769
982 1.8129635792413
983 1.81305738825371
984 1.81318921534736
985 1.8133561120097
986 1.81355494061791
987 1.813782411998
988 1.81403512267013
989 1.81430959145104
990 1.81460229510516
991 1.81490970275892
992 1.81522830881726
993 1.81555466414691
994 1.81588540531783
995 1.81621728172154
996 1.81654718041301
997 1.81687214855067
998 1.81718941333703
999 1.81749639938984
1000 1.81779074350077
1001 1.81807030676433
1002 1.81833318408523
1003 1.81857771109574
1004 1.81880246853743
1005 1.81900628418237
1006 1.8191882323881
1007 1.81934763139852
1008 1.81948403851813
1009 1.8195972433011
1010 1.81968725890852
1011 1.81975431179697
1012 1.81979882990951
1013 1.81982142954644
1014 1.81982290109687
1015 1.81980419381485
1016 1.81976639982381
1017 1.81971073753221
1018 1.81963853464004
1019 1.8195512109117
1020 1.81945026088474
1021 1.81933723667682
1022 1.81921373104515
1023 1.81908136084302
1024 1.81894175100798
1025 1.81879651920517
1026 1.8186472612375
1027 1.81849553732236
1028 1.81834285932206
1029 1.81819067900203
1030 1.81804037737861
1031 1.81789325520479
1032 1.81775052462982
1033 1.81761330205626
1034 1.81748260220567
1035 1.81735933339259
1036 1.81724429399544
1037 1.81713817010226
1038 1.81704153429947
1039 1.81695484556282
1040 1.81687845020118
1041 1.81681258379657
1042 1.81675737407714
1043 1.81671284465403
1044 1.81667891954833
1045 1.8166554284303
1046 1.81664211249019
1047 1.81663863085759
1048 1.81664456748522
1049 1.81665943841234
1050 1.81668269932375
1051 1.81671375332085
1052 1.8167519588237
1053 1.81679663752509
1054 1.81684708232084
1055 1.81690256514444
1056 1.8169623446379
1057 1.8170256735957
1058 1.81709180612343
1059 1.8171600044581
1060 1.81722954540262
1061 1.81729972633277
1062 1.81736987074055
1063 1.81743933328416
1064 1.81750750432021
1065 1.81757381390026
1066 1.81763773521903
1067 1.81769878750748
1068 1.81775653836947
1069 1.81781060556575
1070 1.81786065825399
1071 1.8179064176982
1072 1.81794765746526
1073 1.81798420312996
1074 1.81801593151387
1075 1.81804276948612
1076 1.81806469235726
1077 1.81808172189941
1078 1.81809392402818
1079 1.81810140618296
1080 1.81810431444365
1081 1.81810283042232
1082 1.81809716796879
1083 1.81808756972899
1084 1.81807430359457
1085 1.81805765908135
1086 1.8180379436735
1087 1.8180154791684
1088 1.8179905980562
1089 1.81796363996567
1090 1.81793494820617
1091 1.81790486643325
1092 1.81787373546304
1093 1.81784189025801
1094 1.81780965710401
1095 1.8177773509961
1096 1.81774527324755
1097 1.81771370933407
1098 1.81768292698235
1099 1.81765317450939
1100 1.8176246794166
1101 1.8175976472399
1102 1.81757226065491
1103 1.8175486788337
1104 1.81752703704771
1105 1.81750744650919
1106 1.81748999444177
1107 1.81747474436914
1108 1.81746173660915
1109 1.81745098895941
1110 1.81744249755939
1111 1.81743623791308
1112 1.81743216605526
1113 1.81743021984429
1114 1.8174303203636
1115 1.81743237341412
1116 1.81743627107952
1117 1.81744189334682
1118 1.81744910976455
1119 1.8174577811218
1120 1.81746776113141
1121 1.81747889810181
1122 1.81749103658249
1123 1.81750401896915
1124 1.8175176870556
1125 1.81753188352043
1126 1.81754645333788
1127 1.81756124510308
1128 1.81757611226365
1129 1.81759091425035
1130 1.81760551750097
1131 1.81761979637304
1132 1.81763363394179
1133 1.81764692268139
1134 1.81765956502844
1135 1.81767147382791
1136 1.81768257266268
1137 1.81769279606911
1138 1.81770208964166
1139 1.81771041003086
1140 1.81771772483926
1141 1.8177240124212
1142 1.81772926159248
1143 1.81773347125679
1144 1.81773664995609
1145 1.81773881535264
1146 1.81773999365038
1147 1.81774021896405
1148 1.81773953264397
1149 1.81773798256492
1150 1.81773562238719
1151 1.81773251079801
1152 1.8177287107411
1153 1.81772428864213
1154 1.81771931363735
1155 1.81771385681232
1156 1.81770799045745
1157 1.81770178734622
1158 1.81769532004198
1159 1.81768866023816
1160 1.81768187813664
1161 1.81767504186819
1162 1.81766821695839
1163 1.817661465842
1164 1.81765484742787
1165 1.81764841671627
1166 1.81764222446971
1167 1.8176363169378
1168 1.81763073563631
1169 1.81762551717998
1170 1.81762069316811
1171 1.81761629012169
1172 1.81761232947012
1173 1.81760882758567
1174 1.81760579586286
1175 1.81760324084021
1176 1.81760116436124
1177 1.81759956377143
1178 1.81759843214765
1179 1.81759775855655
1180 1.81759752833821
1181 1.81759772341112
1182 1.81759832259491
1183 1.81759930194698
1184 1.81760063510914
1185 1.81760229366087
1186 1.81760424747547
1187 1.81760646507564
1188 1.81760891398541
1189 1.8176115610752
1190 1.81761437289719
1191 1.81761731600833
1192 1.81762035727864
1193 1.81762346418246
1194 1.81762660507099
1195 1.81762974942422
1196 1.81763286808102
1197 1.8176359334462
1198 1.81763891967365
1199 1.81764180282506
1200 1.8176445610038
