1 2
2 2
3 2
4 2
5 2
6 2
7 2
8 2
9 2
10 2
11 2
12 2
13 2
14 2
15 2
16 2
17 2
18 2
19 2
20 2
21 2
22 2
23 2
24 2
25 2
26 2
27 2
28 2
29 2
30 2.25
31 2.28083333333333
32 2.31416666666667
33 2.3475
34 2.38083333333333
35 2.41416666666667
36 2.4475
37 2.48083333333333
38 2.51416666666667
39 2.5475
40 2.57881189302083
41 2.60644968114167
42 2.63067890786551
43 2.65167546974064
44 2.66957177662637
45 2.68446650182036
46 2.69643225825555
47 2.70552156715354
48 2.71177149711474
49 2.71520726804649
50 2.71586139411163
51 2.71380056475234
52 2.70912873133969
53 2.70197640738398
54 2.69249331006082
55 2.68084313585321
56 2.66719988026169
57 2.65174526680832
58 2.63466696764176
59 2.61615738459887
60 2.59641269121348
61 2.57563172364691
62 2.55401453062016
63 2.53176071601925
64 2.50906775202272
65 2.48612936161271
66 2.46313402122839
67 2.44026360409833
68 2.41769216658819
69 2.39558486962516
70 2.37409702316446
71 2.35337324386327
72 2.33354672234335
73 2.31473860160188
74 2.29705746980036
75 2.28059896988694
76 2.26544552676185
77 2.2516661907677
78 2.23931659457509
79 2.22843901920592
80 2.21906256401639
81 2.21120341487558
82 2.20486520438767
83 2.200039457688
84 2.19670611703134
85 2.19483413807791
86 2.19438215049004
87 2.19529917520423
88 2.1975253905591
89 2.20099293935026
90 2.20562676885018
91 2.21134549587238
92 2.21806228906671
93 2.22568576079977
94 2.23412086119538
95 2.243269767179
96 2.25303275968405
97 2.26330908253233
98 2.27399777689299
99 2.28499848564921
100 2.29621222245561
101 2.3075421007475
102 2.31889401846043
103 2.33017729473067
104 2.34130525536918
105 2.35219576442936
106 2.36277169971701
107 2.37296137061643
108 2.38269887712456
109 2.3919244094922
110 2.40058448836361
111 2.40863214578067
112 2.41602704787094
113 2.4227355604693
114 2.42873075932581
115 2.43399238692808
116 2.43850675831075
117 2.44226661853804
118 2.44527095482454
119 2.44752476650546
120 2.44903879627824
121 2.44982922631323
122 2.44991734297186
123 2.4493291739765
124 2.44809510194749
125 2.44624945826051
126 2.44383010118258
127 2.44087798221827
128 2.43743670454144
129 2.43355207730252
130 2.42927166948988
131 2.42464436688718
132 2.4197199355091
133 2.41454859471812
134 2.40918060302644
135 2.40366585937235
136 2.39805352243219
137 2.39239165028852
138 2.38672686252645
139 2.38110402657347
140 2.37556596983754
141 2.37015321893544
142 2.36490376703958
143 2.35985287011056
144 2.3550328725251
145 2.35047306235728
146 2.34619955632697
147 2.34223521419429
148 2.33859958215468
149 2.33530886457714
150 2.332375923229
151 2.32981030294627
152 2.32761828253913
153 2.32580294956894
154 2.3243642974964
155 2.32329934358082
156 2.32260226580834
157 2.3222645570421
158 2.32227519451998
159 2.32262082277589
160 2.32328594802772
161 2.32425314205882
162 2.32550325362035
163 2.32701562539729
164 2.32876831461159
165 2.3307383153806
166 2.33290178100681
167 2.33523424444471
168 2.33771083527207
169 2.34030649158426
170 2.34299616533031
171 2.34575501971812
172 2.34855861743075
173 2.35138309851655
174 2.35420534694072
175 2.35700314491398
176 2.35975531424448
177 2.36244184409019
178 2.36504400462027
179 2.36754444622397
180 2.36992728403365
181 2.37217816765335
182 2.37428433610552
183 2.37623465812463
184 2.37801965803767
185 2.37963152757573
186 2.38106412405954
187 2.38231295549217
188 2.38337515317548
189 2.38424943254199
190 2.38493604296054
191 2.38543670733248
192 2.38575455234455
193 2.38589403028556
194 2.38586083336602
195 2.38566180150347
196 2.38530482455098
197 2.38479873995324
198 2.38415322681309
199 2.38337869734239
200 2.38248618665461
201 2.38148724183325
202 2.38039381118023
203 2.37921813451268
204 2.37797263533494
205 2.37666981566665
206 2.37532215425658
207 2.37394200885789
208 2.372541523182
209 2.37113253908847
210 2.36972651450509
211 2.3683344475086
212 2.36696680693139
213 2.36563346979377
214 2.36434366579637
215 2.36310592904237
216 2.36192805709554
217 2.36081707741831
218 2.35977922117392
219 2.35881990431904
220 2.35794371585881
221 2.357154413084
222 2.35645492356213
223 2.35584735360943
224 2.35533300292999
225 2.35491238507119
226 2.35458525331256
227 2.35435063157621
228 2.35420684992349
229 2.35415158418252
230 2.35418189923619
231 2.35429429548908
232 2.35448475802497
233 2.35474880796403
234 2.35508155553009
235 2.35547775434342
236 2.35593185646332
237 2.35643806771703
238 2.35699040286679
239 2.35758274018531
240 2.35820887503079
241 2.35886257203645
242 2.35953761555472
243 2.36022785802405
244 2.36092726595527
245 2.36162996326473
246 2.3623302717129
247 2.3630227482391
248 2.36370221901563
249 2.36436381007705
250 2.36500297441313
251 2.36561551544603
252 2.36619760684398
253 2.36674580865432
254 2.36725707976878
255 2.36772878676205
256 2.36815870917211
257 2.36854504131596
258 2.36888639075851
259 2.36918177357423
260 2.36943060656105
261 2.36963269658421
262 2.36978822724372
263 2.36989774307245
264 2.36996213148408
265 2.36998260269914
266 2.36996066788472
267 2.36989811574886
268 2.36979698783322
269 2.36965955274896
270 2.36948827959977
271 2.36928581083277
272 2.36905493475401
273 2.3687985579381
274 2.36851967775437
275 2.36822135522209
276 2.3679066883967
277 2.36757878647717
278 2.36724074481166
279 2.36689562096471
280 2.36654641199473
281 2.36619603307511
282 2.36584729757687
283 2.36550289871449
284 2.36516539284038
285 2.36483718445731
286 2.3645205130016
287 2.36421744143436
288 2.36392984666173
289 2.36365941179037
290 2.36340762020948
291 2.36317575147634
292 2.3629648789695
293 2.36277586926052
294 2.36260938314396
295 2.36246587825426
296 2.36234561318828
297 2.3622486530438
298 2.36217487627602
299 2.36212398276781
300 2.36209550300371
301 2.36208880823306
302 2.36210312150433
303 2.36213752945028
304 2.36219099470212
305 2.36226236881072
306 2.36235040555343
307 2.36245377450656
308 2.36257107476633
309 2.36270084870401
310 2.3628415956454
311 2.36299178536933
312 2.36314987132556
313 2.36331430347801
314 2.36348354068654
315 2.36365606254655
316 2.3638303806139
317 2.36400504894951
318 2.36417867392656
319 2.36434992325057
320 2.36451753415133
321 2.36468032071328
322 2.36483718031938
323 2.36498709919125
324 2.36512915701622
325 2.36526253065955
326 2.3653864969673
327 2.36550043467237
328 2.36560382542273
329 2.3656962539573
330 2.36577740746039
331 2.36584707413126
332 2.36590514100983
333 2.36595159110424
334 2.36598649986936
335 2.36601003108896
336 2.36602243221675
337 2.36602402923367
338 2.36601522108053
339 2.36599647372623
340 2.3659683139322
341 2.365931322774
342 2.36588612898051
343 2.36583340215024
344 2.3657738459031
345 2.3657081910242
346 2.3656371886542
347 2.36556160357806
348 2.36548220766182
349 2.36539977348327
350 2.36531506819968
351 2.36522884769202
352 2.36514185102125
353 2.36505479522877
354 2.36496837050891
355 2.36488323577753
356 2.36480001465647
357 2.36471929189004
358 2.36464161020508
359 2.36456746762277
360 2.36449731522605
361 2.36443155538307
362 2.36437054042325
363 2.36431457175915
364 2.36426389944421
365 2.36421872215317
366 2.36417918756925
367 2.36414539315955
368 2.36411738731765
369 2.36409517085064
370 2.36407869878538
371 2.36406788246783
372 2.36406259192755
373 2.36406265847865
374 2.36406787752756
375 2.36407801155763
376 2.36409279326021
377 2.36411192878189
378 2.36413510105773
379 2.36416197320108
380 2.36419219192078
381 2.36422539093789
382 2.3642611943749
383 2.36429922009164
384 2.36433908294366
385 2.36438039794019
386 2.36442278328061
387 2.36446586325005
388 2.36450927095655
389 2.3645526508943
390 2.36459566131919
391 2.36463797642518
392 2.3646792883118
393 2.36471930873516
394 2.36475777063703
395 2.36479442944811
396 2.3648290641641
397 2.36486147819444
398 2.36489149998585
399 2.36491898342425
400 2.11491898342425
401 2.05327438762289
402 1.98662696857768
403 1.91997668173369
404 1.85332350689546
405 1.78666744745869
406 1.7200085294847
407 1.65334680063114
408 1.58668232895268
409 1.52001520158626
410 1.45536716437384
411 1.39464045319485
412 1.33801219544563
413 1.28567588976493
414 1.23779422198052
415 1.2
416 1.2
417 1.2
418 1.2
419 1.2
420 1.2
421 1.2
422 1.2
423 1.2
424 1.20085084591771
425 1.20623802922903
426 1.21561358967835
427 1.22827149791062
428 1.24365452979372
429 1.26132039670819
430 1.28091674212391
431 1.30216164549886
432 1.32482841705999
433 1.34873373587585
434 1.37372151331574
435 1.39962109017711
436 1.42622774467726
437 1.45331936073828
438 1.48066938631357
439 1.50805508428445
440 1.53526253662122
441 1.5620894268814
442 1.58834633188274
443 1.61385703908739
444 1.63845830658468
445 1.6619996332489
446 1.6843434949502
447 1.70536595360215
448 1.72495733408877
449 1.74302279419673
450 1.75948270916915
451 1.77427284977073
452 1.78734436477221
453 1.79866359472269
454 1.80821174951302
455 1.81598447919883
456 1.82199135743851
457 1.82625528641033
458 1.82881182695177
459 1.82970845725022
460 1.82900376499012
461 1.82676657985832
462 1.82307505497005
463 1.81801570681739
464 1.81168242372918
465 1.80417545268647
466 1.79560037387326
467 1.78606707178077
468 1.77568871115982
469 1.76458072566006
470 1.75285982658096
471 1.74064303874879
472 1.72804677009725
473 1.71518592104902
474 1.70217303926948
475 1.68911752479696
476 1.67612488995966
477 1.66329607787772
478 1.65072684273225
479 1.63850719436682
480 1.62672090917742
481 1.61544510864715
482 1.60474990629517
483 1.59469812323982
484 1.58534507202568
485 1.57673840783722
486 1.56891804572211
487 1.56191614197665
488 1.5557571374079
489 1.55045785978442
490 1.54602768242101
491 1.5424687355152
492 1.53977616656408
493 1.53793844594196
494 1.53693771351101
495 1.53675016196942
496 1.53734645251465
497 1.53869215831185
498 1.54074823120925
499 1.5434714871317
500 1.54681510560979
501 1.55072913896294
502 1.55516102674883
503 1.56005611121687
504 1.56535814965767
505 1.57100981972102
506 1.57695321398003
507 1.5831303202455
508 1.58948348438031
509 1.59595585262533
510 1.60249179072423
511 1.60903727742073
512 1.61554027019696
513 1.62195104142178
514 1.62822248338147
515 1.63431038096921
516 1.64017365111176
517 1.64577454830957
518 1.65107883595824
519 1.65605592340192
520 1.66067896894205
521 1.66492494928515
522 1.66877469616021
523 1.67221290106772
524 1.67522808933744
525 1.67781256486979
526 1.67996232711481
527 1.68167696200304
528 1.68295950868282
529 1.6838163040393
530 1.68425680707072
531 1.68429340527727
532 1.68394120527842
533 1.68321780991422
534 1.68214308410728
535 1.68073891176418
536 1.67902894597891
537 1.67703835476767
538 1.67479356451495
539 1.67232200324555
540 1.6696518457581
541 1.66681176256357
542 1.66383067446781
543 1.66073751452272
544 1.65756099894668
545 1.65432940848294
546 1.65107038152629
547 1.6478107202046
548 1.64457621045428
549 1.64139145697854
550 1.63827973382573
551 1.63526285117382
552 1.63236103875618
553 1.62959284621636
554 1.62697506053417
555 1.62452264052567
556 1.62224866828403
557 1.62016431730002
558 1.61827883687844
559 1.61659955235321
560 1.61513188049735
561 1.6138793594276
562 1.61284369221503
563 1.61202480333506
564 1.61142090702168
565 1.61102858653241
566 1.61084288328187
567 1.61085739476376
568 1.61106438015276
569 1.61145487245922
570 1.6120187961008
571 1.61274508875567
572 1.61362182637124
573 1.61463635022041
574 1.61577539492324
575 1.61702521638572
576 1.61837171864773
577 1.61980057867934
578 1.62129736821757
579 1.62284767179337
580 1.6244372001614
581 1.62605189841142
582 1.62767804810939
583 1.62930236288874
584 1.63091207698584
585 1.63249502628881
586 1.63403972154447
587 1.63553541344354
588 1.63697214937925
589 1.63834082174797
590 1.6396332077324
591 1.64084200057737
592 1.64196083243519
593 1.64298428892121
594 1.64390791558019
595 1.64472821652079
596 1.64544264552709
597 1.646049590004
598 1.6465483481565
599 1.64693909984072
600 1.64722287155826
601 1.64740149609351
602 1.64747756731696
603 1.64745439069588
604 1.64733593006686
605 1.64712675123329
606 1.64683196295447
607 1.64645715589194
608 1.64600834007344
609 1.64549188142502
610 1.6449144379084
611 1.64428289578334
612 1.64360430649381
613 1.64288582465303
614 1.64213464757556
615 1.64135795677534
616 1.64056286181713
617 1.63975634687534
618 1.63894522031942
619 1.6381360676091
620 1.6373352077453
621 1.63654865348574
622 1.63578207549599
623 1.6350407705695
624 1.63432963401259
625 1.63365313625415
626 1.63301530370377
627 1.63241970384788
628 1.63186943454012
629 1.63136711741091
630 1.63091489529133
631 1.63051443351866
632 1.63016692496561
633 1.62987309861149
634 1.62963323145267
635 1.6294471635311
636 1.62931431584326
637 1.62923371087833
638 1.6292039955232
639 1.62922346606297
640 1.62929009499974
641 1.62940155940845
642 1.62955527054704
643 1.62974840443931
644 1.62997793315163
645 1.63024065649001
646 1.63053323385093
647 1.6308522159685
648 1.63119407631091
649 1.63155524189147
650 1.63193212327314
651 1.63232114355997
652 1.63271876618521
653 1.63312152132204
654 1.63352603076099
655 1.63392903111556
656 1.63432739523665
657 1.63471815173454
658 1.63509850252644
659 1.63546583834601
660 1.63581775217004
661 1.63615205053546
662 1.63646676273766
663 1.636760147918
664 1.63703070006519
665 1.6372771509702
666 1.63749847118941
667 1.63769386908437
668 1.63786278801881
669 1.63800490180547
670 1.6381201085052
671 1.63820852269027
672 1.63827046629138
673 1.63830645815478
674 1.63831720244111
675 1.63830357600165
676 1.63826661487095
677 1.6382075000159
678 1.63812754248255
679 1.63802816808062
680 1.63791090174468
681 1.63777735170763
682 1.63762919361888
683 1.63746815473475
684 1.63729599830325
685 1.63711450825936
686 1.63692547433976
687 1.63673067771877
688 1.63653187725908
689 1.63633079646268
690 1.63612911119808
691 1.63592843827166
692 1.63573032490098
693 1.63553623913903
694 1.63534756128883
695 1.63516557633849
696 1.6349914674377
697 1.63482631042738
698 1.63467106942582
699 1.63452659346573
700 1.63439361416886
701 1.63427274443709
702 1.6341644781314
703 1.63406919070391
704 1.63398714074147
705 1.63391847237398
706 1.63386321849542
707 1.63382130474123
708 1.63379255416179
709 1.63377669252843
710 1.63377335420623
711 1.63378208852521
712 1.63380236658098
713 1.63383358839447
714 1.63387509036058
715 1.63392615291593
716 1.6339860083567
717 1.63405384873904
718 1.6341288337966
719 1.63421009881182
720 1.63429676238062
721 1.63438793401319
722 1.63448272151698
723 1.63458023811201
724 1.63467960923226
725 1.63477997897148
726 1.63488051613609
727 1.6349804198721
728 1.635078924838
729 1.63517530589995
730 1.63526888233039
731 1.63535902149578
732 1.63544514202386
733 1.6355267164451
734 1.63560327330761
735 1.63567439876888
736 1.63573973767151
737 1.63579899411432
738 1.63585193153341
739 1.63589837231121
740 1.63593819693463
741 1.63597134272614
742 1.63599780217399
743 1.63601762089018
744 1.63603089522636
745 1.63603776957959
746 1.6360384334211
747 1.636033118082
748 1.63602209333068
749 1.63600566377681
750 1.635984165137
751 1.63595796039693
752 1.63592743590415
753 1.63589299742511
754 1.63585506619895
755 1.63581407501934
756 1.63577046437426
757 1.63572467867201
758 1.63567716258004
759 1.63562835750116
760 1.63557869820982
761 1.63552860966883
762 1.63547850404501
763 1.63542877793945
764 1.63537980984648
765 1.63533195785239
766 1.63528555758311
767 1.6352409204076
768 1.63519833190133
769 1.63515805057208
770 1.63512030684831
771 1.63508530232778
772 1.63505320928273
773 1.63502417041569
774 1.6349982988581
775 1.63497567840283
776 1.6349563639596
777 1.63494038222131
778 1.63492773252795
779 1.6349183879138
780 1.63491229632257
781 1.63490938197453
782 1.63490954686908
783 1.63491267240557
784 1.63491862110533
785 1.63492723841711
786 1.63493835458877
787 1.63495178658778
788 1.63496734005346
789 1.63498481126442
790 1.63500398910499
791 1.63502465701522
792 1.63504659490958
793 1.63506958105042
794 1.6350933938632
795 1.63511781368117
796 1.63514262440863
797 1.63516761509248
798 1.63519258139342
799 1.63521732694872
800 1.88521732694872
801 1.90065774661641
802 1.91734741618193
803 1.93403618244278
804 1.95072390517062
805 1.96741045772513
806 1.98409572753719
807 2.00077961646239
808 2.01746204100717
809 2.03414293243045
810 2.04880099320103
811 2.05990831142678
812 2.06795163944559
813 2.07329146007986
814 2.07620763324284
815 2.07691722266602
816 2.07558842570856
817 2.07235142147218
818 2.06730681854005
819 2.06053223304787
820 2.05210375377012
821 2.04212362973323
822 2.03072228954015
823 2.01804637427265
824 2.00425092260331
825 1.9894942659153
826 1.97393481600065
827 1.95772915598272
828 1.94103101327981
829 1.92399081604127
830 1.90675549132306
831 1.88946807627199
832 1.87226696506049
833 1.85528495025108
834 1.83864825093881
835 1.82247562736596
836 1.80687762637176
837 1.7919559689769
838 1.77780307288651
839 1.76450169344503
840 1.75212466410547
841 1.74073472139346
842 1.73038440693635
843 1.72111604509919
844 1.71296179677111
845 1.70594378922525
846 1.70007432040071
847 1.69535613428715
848 1.69178276273535
849 1.68933892811121
850 1.68800100074827
851 1.68773750502748
852 1.68850966796485
853 1.69027200427734
854 1.6929729319598
855 1.6965554124385
856 1.70095760939307
857 1.70611356038757
858 1.71195385554021
859 1.71840631760114
860 1.72539667799878
861 1.73284924365185
862 1.74068754961972
863 1.74883499296864
864 1.75721544356062
865 1.76575382782036
866 1.77437668190011
867 1.78301267103987
868 1.79159307230886
869 1.80005221830941
870 1.80832789982473
871 1.81636172579288
872 1.82409943938806
873 1.83149118938394
874 1.83849175635837
875 1.84506073367264
876 1.85116266351868
877 1.85676712867086
878 1.86184880090554
879 1.86638744735638
880 1.87036789635833
881 1.87377996459332
882 1.87661834758808
883 1.87888247582556
884 1.88057633891717
885 1.88170828044216
886 1.88229076619305
887 1.88234012867161
888 1.88187629075958
889 1.88092247154094
890 1.87950487728074
891 1.87765238056792
892 1.87539619060866
893 1.87276951761297
894 1.86980723415172
895 1.86654553627574
896 1.86302160708402
897 1.85927328530655
898 1.85533874132959
899 1.85125616294041
900 1.84706345290432
901 1.84279794031348
902 1.83849610746382
903 1.83419333382688
904 1.82992365848874
905 1.82571956222986
906 1.82161177021978
907 1.81762907610059
908 1.81379818803464
909 1.81014359709636
910 1.80668746819716
911 1.80344955354693
912 1.80044712847767
913 1.79769494928447
914 1.79520523257835
915 1.79298765549468
916 1.79104937596119
917 1.7893950721011
918 1.78802699973138
919 1.78694506681216
920 1.7861469236136
921 1.78562806728869
922 1.78538195947709
923 1.78540015551412
924 1.7856724437819
925 1.78618699371504
926 1.78693051096168
927 1.78788839820114
928 1.78904492013193
929 1.7903833711674
930 1.7918862444108
931 1.79353540052573
932 1.79531223517137
933 1.79719784373419
934 1.79917318215735
935 1.80121922274541
936 1.80331710390465
937 1.80544827286672
938 1.80759462053502
939 1.80973860768824
940 1.81186338187311
941 1.81395288441725
942 1.81599194709285
943 1.81796637806145
944 1.81986303682917
945 1.82166989803853
946 1.82337610401804
947 1.8249720061026
948 1.82644919482596
949 1.82780051917036
950 1.82902009513839
951 1.83010330398576
952 1.83104678052304
953 1.83184839195697
954 1.83250720779902
955 1.83302346141914
956 1.83339850386697
957 1.83363475061974
958 1.83373562194735
959 1.83370547760887
960 1.83354954661256
961 1.83327385278233
962 1.83288513687888
963 1.83239077602184
964 1.83179870115274
965 1.83111731326561
966 1.83035539911401
967 1.82952204708066
968 1.82862656386835
969 1.82767839263901
970 1.82668703319279
971 1.8256619647402
972 1.82461257177878
973 1.8235480735418
974 1.82247745744043
975 1.82140941687321
976 1.82035229372799
977 1.81931402585179
978 1.81830209971462
979 1.81732350844337
980 1.81638471535286
981 1.81549162305288
982 1.81464954816281
983 1.81386320162024
984 1.81313667452586
985 1.8124734294258
986 1.81187629689303
987 1.81134747723304
988 1.81088854710513
989 1.81050047081973
990 1.81018361604433
991 1.80993777362597
992 1.80976218121686
993 1.80965555037157
994 1.80961609676937
995 1.80964157320386
996 1.80972930497382
997 1.80987622730411
998 1.81007892442358
999 1.81033366992805
1000 1.81063646806048
1001 1.81098309554715
1002 1.81136914363812
1003 1.81179006001189
1004 1.81224119021832
1005 1.81271781835001
1006 1.81321520664992
1007 1.81372863378298
1008 1.81425343151995
1009 1.81478501960434
1010 1.81531893859584
1011 1.815850880508
1012 1.81637671708196
1013 1.81689252556287
1014 1.81739461187048
1015 1.81787953108005
1016 1.81834410515411
1017 1.81878543788978
1018 1.81920092706958
1019 1.81958827382618
1020 1.81994548925322
1021 1.82027089831497
1022 1.82056314112673
1023 1.82082117169596
1024 1.82104425423102
1025 1.82123195713908
1026 1.82138414484891
1027 1.82150096760585
1028 1.82158284939688
1029 1.82163047417254
1030 1.82164477053933
1031 1.8216268951019
1032 1.82157821463805
1033 1.82150028729194
1034 1.82139484297136
1035 1.82126376313451
1036 1.82110906014913
1037 1.82093285640336
1038 1.82073736334298
1039 1.8205248606034
1040 1.8202976753977
1041 1.82005816231391
1042 1.81980868366551
1043 1.81955159052939
1044 1.81928920459496
1045 1.81902380093688
1046 1.81875759181239
1047 1.81849271157227
1048 1.81823120276222
1049 1.81797500347916
1050 1.81772593603454
1051 1.81748569696447
1052 1.81725584841433
1053 1.81703781091355
1054 1.81683285754472
1055 1.81664210949996
1056 1.81646653300691
1057 1.81630693759632
1058 1.81616397567397
1059 1.81603814335047
1060 1.81592978247466
1061 1.81583908380842
1062 1.81576609127465
1063 1.81571070720364
1064 1.81567269849864
1065 1.81565170363661
1066 1.81564724041732
1067 1.81565871437072
1068 1.81568542773138
1069 1.81572658888725
1070 1.81578132221016
1071 1.81584867817568
1072 1.81592764368155
1073 1.81601715247536
1074 1.81611609560509
1075 1.81622333180891
1076 1.81633769776462
1077 1.81645801812292
1078 1.81658311525348
1079 1.81671181863794
1080 1.81684297384869
1081 1.81697545105865
1082 1.81710815303239
1083 1.81724002255529
1084 1.81737004926352
1085 1.8174972758435
1086 1.8176208035761
1087 1.81773979720657
1088 1.81785348912739
1089 1.81796118286729
1090 1.81806225588518
1091 1.81815616167348
1092 1.81824243118038
1093 1.81832067356598
1094 1.81839057631147
1095 1.81845190470529
1096 1.81850450073392
1097 1.818548281409
1098 1.8185832365651
1099 1.81860942616605
1100 1.81862697715966
1101 1.8186360799229
1102 1.81863698434129
1103 1.81862999556734
1104 1.81861546950388
1105 1.81859380805837
1106 1.81856545421444
1107 1.81853088696658
1108 1.81849061616321
1109 1.81844517730238
1110 1.81839512632305
1111 1.81834103443318
1112 1.81828348301428
1113 1.81822305863955
1114 1.8181603482409
1115 1.81809593445707
1116 1.81803039119308
1117 1.81796427941768
1118 1.81789814322317
1119 1.81783250616875
1120 1.8177678679253
1121 1.81770470123682
1122 1.81764344921038
1123 1.81758452294354
1124 1.817528299495
1125 1.81747512020168
1126 1.81742528934206
1127 1.81737907314338
1128 1.8173366991273
1129 1.81729835578636
1130 1.81726419258118
1131 1.81723432024625
1132 1.81720881139005
1133 1.8171877013736
1134 1.81717098944988
1135 1.81715864014524
1136 1.81715058486253
1137 1.81714672368497
1138 1.81714692735877
1139 1.81715103943205
1140 1.8171588785273
1141 1.81717024072407
1142 1.81718490202922
1143 1.8172026209116
1144 1.81722314087875
1145 1.81724619307374
1146 1.81727149887073
1147 1.81729877244891
1148 1.81732772332522
1149 1.81735805882743
1150 1.81738948649033
1151 1.81742171635897
1152 1.81745446318438
1153 1.81748744849844
1154 1.81752040255609
1155 1.81755306613465
1156 1.81758519218149
1157 1.81761654730268
1158 1.81764691308708
1159 1.81767608726153
1160 1.81770388467452
1161 1.81773013810713
1162 1.81775469891133
1163 1.81777743747721
1164 1.81779824353201
1165 1.81781702627488
1166 1.81783371435269
1167 1.81784825568309
1168 1.81786061713195
1169 1.81787078405344
1170 1.81787875970147
1171 1.81788456452213
1172 1.81788823533724
1173 1.81788982442952
1174 1.81788939854053
1175 1.81788703779244
1176 1.81788283454521
1177 1.81787689220053
1178 1.81786932396411
1179 1.81786025157762
1180 1.81784980403149
1181 1.81783811626946
1182 1.81782532789543
1183 1.81781158189278
1184 1.81779702336566
1185 1.81778179831162
1186 1.81776605243384
1187 1.81774993000093
1188 1.81773357276151
1189 1.81771711892013
1190 1.81770070218007
1191 1.81768445085825
1192 1.81766848707646
1193 1.81765292603226
1194 1.81763787535241
1195 1.81762343453082
1196 1.81760969445206
1197 1.81759673700116
1198 1.81758463475932
1199 1.8175734507848
1200 1.81756323847731
