1 2
2 2
3 2
4 2
5 2
6 2
7 2
8 2
9 2
10 2
11 2
12 2
13 2
14 2
15 2
16 2
17 2
18 2
19 2
20 2
21 2
22 2
23 2
24 2
25 2
26 2
27 2
28 2
29 2
30 2.25
31 2.2884
32 2.3284
33 2.3684
34 2.4084
35 2.4484
36 2.4884
37 2.5284
38 2.5684
39 2.6084
40 2.6470699377
41 2.68321161765172
42 2.71681039469536
43 2.74782393465023
44 2.77620141665068
45 2.8
46 2.8
47 2.8
48 2.8
49 2.8
50 2.8
51 2.8
52 2.8
53 2.8
54 2.79917894842459
55 2.79540386752478
56 2.78886476682212
57 2.77983277064917
58 2.7685351698525
59 2.75516485987913
60 2.73988716824737
61 2.7228452107589
62 2.70416409981849
63 2.68395425683819
64 2.66231839328813
65 2.63936818917374
66 2.61523224890849
67 2.59005130994752
68 2.56397418307316
69 2.53715475783663
70 2.50974979128525
71 2.48191727647156
72 2.45381523961978
73 2.42560085394555
74 2.39742976403827
75 2.36945546453563
76 2.34182860245581
77 2.31469620268959
78 2.28820087257338
79 2.26248002296849
80 2.23766512829582
81 2.21388103798903
82 2.19124534526599
83 2.16986781491366
84 2.14984986930677
85 2.1312841310827
86 2.11425402161013
87 2.09883341556874
88 2.08508635262195
89 2.07306680723447
90 2.06281851743218
91 2.0543748728973
92 2.04775886234396
93 2.04298307968593
94 2.0400497881201
95 2.03895104091341
96 2.03966885738931
97 2.04217545234612
98 2.04643351688974
99 2.05239654842261
100 2.06000922729957
101 2.06920783744111
102 2.0799207279892
103 2.09206881290287
104 2.10556610522178
105 2.12032028257778
106 2.1362332804075
107 2.15320190921348
108 2.17111849213746
109 2.18987151904739
110 2.20934631329886
111 2.22942570731288
112 2.24999072311427
113 2.27092125399832
114 2.29209674353799
115 2.31339685820827
116 2.33470214998891
117 2.35589470540987
118 2.37685877762546
119 2.3974813982418
120 2.41765296577733
121 2.43726780780627
122 2.45622471401932
123 2.47442743763292
124 2.49178516278722
125 2.50821293579211
126 2.52363205830847
127 2.5379704407877
128 2.55116291473407
129 2.56315150260139
130 2.57388564438514
131 2.58332238022316
132 2.59142648857022
133 2.59817057976359
134 2.60353514504524
135 2.6075085613526
136 2.6100870524297
137 2.61127460704542
138 2.61108285533227
139 2.60953090447756
140 2.60664513520758
141 2.60245896070348
142 2.59701254977374
143 2.5903525162821
144 2.58253157699027
145 2.57360818012119
146 2.56364610708036
147 2.55271404988947
148 2.54088516698726
149 2.52823662013773
150 2.51484909525421
151 2.50080631000019
152 2.48619451106354
153 2.47110196401972
154 2.4556184387028
155 2.43983469298945
156 2.42384195787198
157 2.40773142665178
158 2.3915937510245
159 2.37551854675417
160 2.35959391154493
161 2.34390595761754
162 2.3285383613837
163 2.31357193248534
164 2.29908420432912
165 2.28514904809987
166 2.2718363120807
167 2.25921148794358
168 2.24733540550343
169 2.23626395725164
170 2.22604785380304
171 2.21673241120455
172 2.208357370865
173 2.20095675267543
174 2.19455874169792
175 2.18918560861059
176 2.18485366390703
177 2.18157324566198
178 2.1793487404916
179 2.17817863715828
180 2.17805561209619
181 2.17896664596696
182 2.1808931701948
183 2.18381124227826
184 2.18769174853249
185 2.19250063278166
186 2.19819914939707
187 2.20474413896282
188 2.21208832474826
189 2.22018062807504
190 2.22896650058732
191 2.23838827136603
192 2.24838550677307
193 2.25889538086844
194 2.26985305421327
195 2.28119205885358
196 2.29284468727474
197 2.30474238312301
198 2.31681613151019
199 2.32899684674768
200 2.34121575539919
201 2.35340477259452
202 2.36549686961103
203 2.37742643080405
204 2.38912959805127
205 2.4005446009692
206 2.4116120712615
207 2.42227533966797
208 2.43248071409949
209 2.44217773766648
210 2.45131942543687
211 2.45986247889234
212 2.46776747718834
213 2.47499904446348
214 2.48152599258638
215 2.48732143887165
216 2.49236289844139
217 2.49663235105319
218 2.50011628235899
219 2.50280569970106
220 2.50469612269109
221 2.50578754895417
222 2.50608439555234
223 2.50559541672968
224 2.50433359874384
225 2.50231603266556
226 2.49956376613783
227 2.49610163519015
228 2.49195807729891
229 2.48716492697345
230 2.48175719522695
231 2.47577283436277
232 2.46925248956959
233 2.46223923887162
234 2.45477832302486
235 2.44691686698487
236 2.4387035945969
237 2.43018853817522
238 2.42142274464487
239 2.41245797991624
240 2.40334643315065
241 2.39414042255423
242 2.38489210430739
243 2.37565318619878
244 2.36647464748617
245 2.35740646645228
246 2.34849735706184
247 2.33979451605729
248 2.33134338175559
249 2.32318740572707
250 2.31536783845061
251 2.30792352994804
252 2.30089074630429
253 2.29430300288055
254 2.28819091492431
255 2.28258206617518
256 2.27750089595763
257 2.2729686051434
258 2.26900308125683
259 2.2656188428868
260 2.26282700346023
261 2.26063525432424
262 2.25904786697771
263 2.25806571418965
264 2.25768630964015
265 2.25790386562256
266 2.25870936825122
267 2.26009066952987
268 2.2620325955508
269 2.26451707001524
270 2.26752325219133
271 2.27102768835766
272 2.27500447571831
273 2.27942543771958
274 2.28426030964946
275 2.28947693335876
276 2.29504145990754
277 2.30091855891218
278 2.3070716333476
279 2.31346303854503
280 2.32005430411919
281 2.326806357559
282 2.33367974822335
283 2.3406348704976
284 2.34763218488764
285 2.35463243585532
286 2.36159686523325
287 2.36848742009618
288 2.37526695401188
289 2.38189942064477
290 2.38835005874177
291 2.39458556758967
292 2.40057427209833
293 2.40628627673238
294 2.41169360758577
295 2.41677034196859
296 2.42149272495267
297 2.42583927240201
298 2.42979086009506
299 2.43333079862768
300 2.4364448938687
301 2.43912149282267
302 2.44135151483696
303 2.44312846817248
304 2.44444845203781
305 2.44531014426565
306 2.44571477488766
307 2.44566608593833
308 2.44517027789041
309 2.44423594319303
310 2.44287398744896
311 2.44109753882865
312 2.43892184637605
313 2.43636416791396
314 2.43344364830516
315 2.43018118886867
316 2.42659930878931
317 2.42272199939184
318 2.41857457217896
319 2.41418350155557
320 2.40957626317836
321 2.4047811688825
322 2.39982719914287
323 2.39474383402911
324 2.38956088360899
325 2.38430831874549
326 2.37901610321836
327 2.37371402808128
328 2.36843154914172
329 2.36319762842142
330 2.35804058042252
331 2.35298792398654
332 2.34806624049266
333 2.34330103909658
334 2.33871662966324
335 2.33433600399556
336 2.33018072590767
337 2.32627083063485
338 2.32262473401446
339 2.31925915181232
340 2.31618902950804
341 2.31342748279086
342 2.31098574895489
343 2.30887314932014
344 2.30709706274276
345 2.30566291021609
346 2.30457415050248
347 2.30383228667571
348 2.30343688339514
349 2.30338559467562
350 2.30367420186211
351 2.30429666146566
352 2.30524516246696
353 2.30651019264667
354 2.30808061345766
355 2.30994374291301
356 2.31208544592676
357 2.31449023150988
358 2.31714135619441
359 2.32002093303203
360 2.32311004549139
361 2.32638886556003
362 2.32983677534259
363 2.33343249143719
364 2.33715419136535
365 2.34097964132959
366 2.3448863245745
367 2.34885156963348
368 2.35285267775321
369 2.35686704880188
370 2.36087230498455
371 2.36484641171008
372 2.36876779497824
373 2.37261545468345
374 2.37636907326166
375 2.38000911914045
376 2.38351694448818
377 2.38687487679602
378 2.39006630386702
379 2.3930757518285
380 2.39588895582729
381 2.39849292311286
382 2.40087598825867
383 2.40302786031944
384 2.40493966176886
385 2.40660395910993
386 2.40801478509762
387 2.40916765256065
388 2.41005955985584
389 2.41068898803434
390 2.4110558898439
391 2.41116167073477
392 2.41100916207894
393 2.41060258685274
394 2.40994751807116
395 2.40905083029879
396 2.40792064459591
397 2.40656626729045
398 2.40499812299496
399 2.40322768231462
400 2.15322768231462
401 2.07429085464207
402 1.99199162579716
403 1.90954483809289
404 1.82696595582437
405 1.74427097159484
406 1.66147631094521
407 1.57859873583673
408 1.49565524753559
409 1.41266298944467
410 1.33095878344858
411 1.25195446786259
412 1.2
413 1.2
414 1.2
415 1.2
416 1.2
417 1.2
418 1.2
419 1.2
420 1.2
421 1.2
422 1.2
423 1.2
424 1.2
425 1.2
426 1.2
427 1.2
428 1.2
429 1.2
430 1.20075090828866
431 1.20399000496242
432 1.20955389832964
433 1.21729639025706
434 1.2270856018072
435 1.23880168891927
436 1.25233501992257
437 1.26758471490393
438 1.2844574689478
439 1.30286659840761
440 1.32272726770309
441 1.34394362153654
442 1.36640327100369
443 1.38998154340646
444 1.41454474531312
445 1.43995270985594
446 1.46606079121791
447 1.49272143130696
448 1.51978539455242
449 1.54710274450366
450 1.57452364012438
451 1.60189907631186
452 1.62908167176021
453 1.65592650339056
454 1.68229194538562
455 1.70804048601756
456 1.73303950556768
457 1.75716200561489
458 1.78028728471813
459 1.8023015586881
460 1.82309852559493
461 1.84257987632616
462 1.86065575098834
463 1.87724514057175
464 1.8922762328298
465 1.90568670130419
466 1.91742393665084
467 1.92744521976417
468 1.93571783658184
469 1.94221913483196
470 1.94693652333584
471 1.94986741479368
472 1.95101911326259
473 1.95040864779867
474 1.94806255398615
475 1.9440166053203
476 1.9383154966468
477 1.9310124820855
478 1.92216897007952
479 1.91185407840752
480 1.90014415217707
481 1.88712224797827
482 1.87287758751881
483 1.85750498418301
484 1.84110424605953
485 1.82377955906301
486 1.80563885383533
487 1.78679316015169
488 1.7673559525755
489 1.74744249110394
490 1.72716916052371
491 1.70665281215403
492 1.68601011159163
493 1.66535689599138
494 1.64480754431646
495 1.62447436387496
496 1.6044669963256
497 1.58489184618582
498 1.56585153471061
499 1.54744438183284
500 1.52976391866459
501 1.51289843285755
502 1.49693054890807
503 1.48193684527231
504 1.46798750992812
505 1.45514603578661
506 1.44346895711734
507 1.43300562790884
508 1.42379804284204
509 1.41588070130984
510 1.40928051467192
511 1.40401675669233
512 1.40010105686935
513 1.39753743613337
514 1.39632238416128
515 1.39644497733523
516 1.39788703616184
517 1.40062332076464
518 1.40462176287077
519 1.409843732531
520 1.41624433764361
521 1.42377275419624
522 1.43237258499716
523 1.44198224453904
524 1.45253536752463
525 1.46396123848514
526 1.47618523983902
527 1.48912931567167
528 1.50271244846506
529 1.51685114597105
530 1.53145993540263
531 1.54645186211397
532 1.56173898995214
533 1.57723290049121
534 1.59284518840194
535 1.60848795026764
536 1.62407426422826
537 1.63951865791965
538 1.65473756227291
539 1.66964974884884
540 1.6841767485038
541 1.69824324931567
542 1.71177747184011
543 1.72471151991828
544 1.73698170541538
545 1.74852884543495
546 1.75929853072515
547 1.76924136416925
548 1.77831316843271
549 1.78647516202169
550 1.79369410319277
551 1.79994240133815
552 1.8051981956561
553 1.80944540109941
554 1.81267372177578
555 1.81487863215201
556 1.81606132658705
557 1.81622863788765
558 1.81539292574214
559 1.8135719360437
560 1.81078863226215
561 1.80707100016253
562 1.80245182729946
563 1.79696845883695
564 1.79066253135397
565 1.78357968639623
566 1.77576926562356
567 1.76728398947993
568 1.75817962137888
569 1.74851461945159
570 1.73834977794626
571 1.72774786039802
572 1.71677322670571
573 1.70549145625829
574 1.69396896924684
575 1.68227264828072
576 1.67046946239664
577 1.65862609550915
578 1.64680858129948
579 1.63508194647795
580 1.62350986428375
581 1.61215432000448
582 1.60107529020838
583 1.59033043728414
584 1.57997482077737
585 1.57006062690082
586 1.56063691747654
587 1.55174939944449
588 1.54344021594337
589 1.53574775983699
590 1.52870651042389
591 1.5223468939302
592 1.51669516824602
593 1.51177333222585
594 1.50759905973321
595 1.50418565847064
596 1.50154205349837
597 1.49967279520993
598 1.49857809140049
599 1.49825386293545
600 1.49869182240245
601 1.49987957501108
602 1.50180074089125
603 1.50443509783358
604 1.50775874341492
605 1.5117442753587
606 1.51636098889375
607 1.52157508979769
608 1.52734992174127
609 1.53364620648895
610 1.54042229545914
611 1.54763443110375
612 1.55523701653315
613 1.56318289178701
614 1.57142361513622
615 1.57990974779391
616 1.58859114041637
617 1.59741721978555
618 1.60633727408533
619 1.61530073521171
620 1.62425745659458
621 1.63315798505276
622 1.64195382525702
623 1.65059769543469
624 1.65904377301635
625 1.66724792899737
626 1.67516794986563
627 1.68276374603062
628 1.6899975457777
629 1.69683407386399
630 1.70324071396919
631 1.70918765431376
632 1.71464801585953
633 1.71959796261127
634 1.72401679364353
635 1.7278870165827
636 1.73119440238047
637 1.73392802132064
638 1.73608026030552
639 1.73764682157131
640 1.73862670308256
641 1.7390221609538
642 1.73883865434136
643 1.73808477333967
644 1.736772150503
645 1.7349153566965
646 1.73253178205746
647 1.72964150292022
648 1.72626713562423
649 1.72243367818565
650 1.718168340867
651 1.71350036672721
652 1.70846084327579
653 1.70308250638925
654 1.6973995376757
655 1.69144735649394
656 1.68526240784762
657 1.67888194738145
658 1.67234382470672
659 1.66568626627637
660 1.65894765901654
661 1.65216633590145
662 1.64538036463212
663 1.6386273405474
664 1.63194418485713
665 1.625366949244
666 1.61893062783142
667 1.61266897746124
668 1.60661434716647
669 1.60079751766208
670 1.59524755161054
671 1.58999165534933
672 1.58505505269527
673 1.58046087136573
674 1.57623004247975
675 1.57238121352398
676 1.56893067508844
677 1.56589230159745
678 1.56327750618022
679 1.56109520974582
680 1.55935182424775
681 1.55805125004498
682 1.55719488718963
683 1.55678166039663
684 1.55680805737827
685 1.55726818015674
686 1.558153808901
687 1.559454477771
688 1.56115756219273
689 1.56324837693176
690 1.56571028428145
691 1.56852481163522
692 1.57167177766965
693 1.57512942632787
694 1.57887456776016
695 1.58288272535097
696 1.58712828793973
697 1.59158466632533
698 1.59622445313267
699 1.60101958511309
700 1.60594150694893
701 1.6109613356367
702 1.61605002453201
703 1.62117852615318
704 1.62631795285948
705 1.63143973454295
706 1.63651577250066
707 1.64151858868624
708 1.64642146957578
709 1.65119860392255
710 1.65582521371882
711 1.660277677729
712 1.66453364700834
713 1.66857215187272
714 1.67237369984008
715 1.67592036411958
716 1.67919586228291
717 1.68218562481098
718 1.68487685326928
719 1.68725856792592
720 1.68932164468702
721 1.69105884128497
722 1.69246481271527
723 1.69353611597727
724 1.69427120423258
725 1.69467041055181
726 1.69473592147585
727 1.69447174067117
728 1.69388364300974
729 1.69297911945295
730 1.69176731316457
731 1.69025894732098
732 1.68846624512656
733 1.68640284257861
734 1.68408369455927
735 1.68152497486107
736 1.67874397077848
737 1.67575897291967
738 1.6725891609104
739 1.66925448567602
740 1.66577554899744
741 1.66217348104302
742 1.65846981658016
743 1.65468637056861
744 1.65084511383169
745 1.64696804949215
746 1.64307709084598
747 1.63919394133104
748 1.63533997722685
749 1.63153613369878
750 1.62780279477302
751 1.62415968779962
752 1.62062578292853
753 1.61721919808915
754 1.6139571099268
755 1.61085567111106
756 1.60792993438973
757 1.60519378372037
758 1.60265987276771
759 1.60033957101076
760 1.59824291765812
761 1.59637858352416
762 1.59475384097301
763 1.59337454199078
764 1.59224510440107
765 1.59136850619356
766 1.59074628789068
767 1.59037856283434
768 1.59026403523197
769 1.59040002576077
770 1.59078250448939
771 1.59140613083949
772 1.59226430027378
773 1.59334919736443
774 1.59465185486487
775 1.59616221837959
776 1.59786921620099
777 1.59976083385954
778 1.60182419291312
779 1.6040456334842
780 1.60641080003952
781 1.60890472989514
782 1.61151194392182
783 1.61421653892021
784 1.61700228113296
785 1.61985270036178
786 1.62275118416083
787 1.62568107158454
788 1.62862574597711
789 1.63156872630295
790 1.63449375653205
791 1.63738489261132
792 1.64022658657236
793 1.64300376734798
794 1.64570191789349
795 1.64830714823455
796 1.65080626409082
797 1.65318683075371
798 1.65543723192708
799 1.65754672327118
800 1.8303054804232
801 1.85130464130085
802 1.87293634252991
803 1.89439374987118
804 1.91567108255688
805 1.93676363148178
806 1.95766777122868
807 1.97838096594249
808 1.99890176910089
809 2.01922981726261
810 2.03845711934352
811 2.0558042560028
812 2.07133096621813
813 2.08507036561484
814 2.09704257129963
815 2.10725809812764
816 2.11572049197794
817 2.12242834989174
818 2.12737686281191
819 2.13055898670526
820 2.1319711590205
821 2.13162172444111
822 2.1295329446758
823 2.12573886465833
824 2.120283765564
825 2.11322098955428
826 2.10461203596334
827 2.09452585482555
828 2.08303828342967
829 2.07023158626485
830 2.05619404386446
831 2.04101950923705
832 2.02480688478872
833 2.00765953253888
834 1.9896846446086
835 1.97099259168359
836 1.95169626119686
837 1.93191039292752
838 1.91175091699514
839 1.891334297431
840 1.87077688347515
841 1.85019427056343
842 1.82970067344236
843 1.80940831439744
844 1.78942682983445
845 1.76986269844558
846 1.7508186940413
847 1.73239336590535
848 1.71468054927822
849 1.69776890831915
850 1.68174151365035
851 1.6666754563536
852 1.65264150006314
853 1.63970377257308
854 1.6279194981472
855 1.6173387714827
856 1.60800437403901
857 1.59995163319888
858 1.59320832448541
859 1.58779461681593
860 1.58372306053496
861 1.58099861773444
862 1.57961873414118
863 1.57957345163129
864 1.5808455602183
865 1.58341078815877
866 1.58723802862586
867 1.59228960121934
868 1.59852154641037
869 1.60588395086202
870 1.61432130142261
871 1.62377286545903
872 1.63417309508203
873 1.64545205271531
874 1.65753585537545
875 1.67034713496061
876 1.68380551179288
877 1.69782807862159
878 1.71232989227387
879 1.72722447013294
880 1.74242428863509
881 1.75784128100158
882 1.77338733146261
883 1.78897476328554
884 1.80451681798924
885 1.81992812320911
886 1.83512514677361
887 1.85002663466112
888 1.86455403062551
889 1.87863187540945
890 1.89218818360425
891 1.90515479636437
892 1.91746770834142
893 1.92906736736689
894 1.9398989455823
895 1.94991258089081
896 1.95906358778319
897 1.96731263677249
898 1.97462590185586
899 1.98097517560615
900 1.98633795168017
901 1.99069747471365
902 1.99404275775354
903 1.99636856755605
904 1.99767537825215
905 1.99796929405067
906 1.99726194181172
907 1.99557033447876
908 1.99291670650607
909 1.98932832255824
910 1.98483726088951
911 1.9794801729325
912 1.97329802073726
913 1.96633579400278
914 1.95864220853312
915 1.95026938802904
916 1.9412725311933
917 1.93170956618314
918 1.92164079448656
919 1.91112852633089
920 1.90023670975073
921 1.88903055545018
922 1.87757615958922
923 1.86594012660788
924 1.85418919417385
925 1.84238986230043
926 1.8306080286315
927 1.81890863183011
928 1.80735530493738
929 1.79601004048835
930 1.78493286908335
931 1.77418155301682
932 1.76381129646097
933 1.75387447359092
934 1.74442037592025
935 1.7354949799931
936 1.72714073645161
937 1.71939638136551
938 1.71229677057634
939 1.70587273767132
940 1.70015097606341
941 1.69515394551422
942 1.69089980329723
943 1.68740236005946
944 1.68467106030269
945 1.68271098727014
946 1.68152289189202
947 1.68110324531539
948 1.68144431441895
949 1.6825342595944
950 1.68435725396235
951 1.68689362308263
952 1.69012000411838
953 1.69400952331884
954 1.69853199059955
955 1.70365410991999
956 1.70933970408824
957 1.71554995256067
958 1.72224364075104
959 1.7293774193197
960 1.73690607187798
961 1.74478278951699
962 1.75295945055304
963 1.76138690387421
964 1.77001525427351
965 1.77879414816458
966 1.78767305809456
967 1.796601564496
968 1.80552963315576
969 1.81440788692202
970 1.82318787022195
971 1.83182230502116
972 1.84026533692086
973 1.84847277016086
974 1.85640229037347
975 1.86401367401666
976 1.87126898350217
977 1.87813274712666
978 1.88457212300926
979 1.89055704633823
980 1.89606035933045
981 1.90105792341134
982 1.90552871322705
983 1.90945489220691
984 1.91282186949942
985 1.91561833821051
986 1.91783629497744
987 1.91947104101399
988 1.9205211648638
989 1.92098850719651
990 1.92087810807626
991 1.92019813722382
992 1.91895980788024
993 1.91717727496333
994 1.9148675182856
995 1.91205021167513
996 1.9087475789077
997 1.90498423741967
998 1.90078703082587
999 1.89618485131537
1000 1.89120845303993
1001 1.88589025764524
1002 1.88026415312318
1003 1.8743652871854
1004 1.86822985637249
1005 1.86189489212116
1006 1.85539804501256
1007 1.84877736841882
1008 1.84207110275236
1009 1.83531746150363
1010 1.82855442022706
1011 1.82181950960404
1012 1.81514961367412
1013 1.80858077428276
1014 1.80214800274606
1015 1.79588509967967
1016 1.78982448388163
1017 1.78399703109723
1018 1.77843192342831
1019 1.77315651008084
1020 1.76819618007238
1021 1.76357424744743
1022 1.75931184947145
1023 1.7554278581973
1024 1.75193880571786
1025 1.74885882333957
1026 1.74619959483091
1027 1.74397032382047
1028 1.74217771533964
1029 1.74082597142707
1030 1.73991680063514
1031 1.73944944120403
1032 1.73942069759635
1033 1.73982499001548
1034 1.74065441646374
1035 1.74189882683325
1036 1.74354590846206
1037 1.7455812825324
1038 1.74798861063597
1039 1.75074971078387
1040 1.75384468209579
1041 1.75725203736537
1042 1.76094884266536
1043 1.7649108631283
1044 1.76911271401558
1045 1.77352801617006
1046 1.77812955493517
1047 1.78288944161598
1048 1.78777927655598
1049 1.79277031290647
1050 1.79783362017352
1051 1.80294024664098
1052 1.80806137978566
1053 1.81316850382381
1054 1.81823355355501
1055 1.82322906370078
1056 1.82812831297115
1057 1.83290546213104
1058 1.83753568538138
1059 1.84199529441584
1060 1.84626185456257
1061 1.85031429247246
1062 1.8541329948685
1063 1.85769989792729
1064 1.86099856692074
1065 1.86401426580489
1066 1.86673401650248
1067 1.86914664768629
1068 1.87124283293064
1069 1.87301511815923
1070 1.87445793837761
1071 1.87556762373771
1072 1.8763423950407
1073 1.87678234884114
1074 1.8768894323708
1075 1.8766674085542
1076 1.87612181143889
1077 1.87525989241241
1078 1.87409055762411
1079 1.87262429707281
1080 1.87087310586176
1081 1.8688503981588
1082 1.86657091443324
1083 1.86405062257026
1084 1.86130661349018
1085 1.8583569919216
1086 1.85522076299615
1087 1.85191771534664
1088 1.84846830140116
1089 1.84489351557167
1090 1.8412147710386
1091 1.83745377583136
1092 1.83363240889919
1093 1.82977259685817
1094 1.82589619208725
1095 1.82202485282971
1096 1.81817992593736
1097 1.81438233287109
1098 1.810652459546
1099 1.80701005057991
1100 1.80347410847277
1101 1.80006279820979
1102 1.7967933577454
1103 1.79368201478585
1104 1.7907439102486
1105 1.78799302873431
1106 1.78544213630438
1107 1.78310272581261
1108 1.78098496999442
1109 1.77909768247169
1110 1.77744828678539
1111 1.77604279352211
1112 1.77488578555525
1113 1.7739804113762
1114 1.77332838644671
1115 1.77293000245983
1116 1.77278414435491
1117 1.77288831489098
1118 1.77323866654366
1119 1.77383004045352
1120 1.77465601211801
1121 1.77570894348614
1122 1.77698004108386
1123 1.77845941976991
1124 1.78013617169561
1125 1.78199844001927
1126 1.78403349690515
1127 1.78622782531953
1128 1.78856720412182
1129 1.79103679593684
1130 1.79362123728597
1131 1.79630473044898
1132 1.7990711365258
1133 1.80190406916792
1134 1.80478698845199
1135 1.80770329437469
1136 1.81063641945667
1137 1.81356991995496
1138 1.8164875651975
1139 1.81937342457043
1140 1.82221195170739
1141 1.82498806545214
1142 1.82768722718856
1143 1.8302955141581
1144 1.8327996884114
1145 1.83518726107006
1146 1.83744655160433
1147 1.83956674186402
1148 1.84153792463261
1149 1.84335114650741
1150 1.84499844494303
1151 1.84647287932956
1152 1.84776855601155
1153 1.84888064718876
1154 1.84980540367422
1155 1.85054016151925
1156 1.85108334254918
1157 1.85143444888648
1158 1.85159405157015
1159 1.85156377341163
1160 1.85134626625751
1161 1.85094518285791
1162 1.85036514356673
1163 1.8496116981256
1164 1.84869128280721
1165 1.8476111732158
1166 1.84637943306273
1167 1.84500485925297
1168 1.8434969236348
1169 1.84186571177831
1170 1.84012185916026
1171 1.83827648514237
1172 1.83634112513684
1173 1.83432766135824
1174 1.83224825256315
1175 1.83011526317952
1176 1.82794119222558
1177 1.82573860241445
1178 1.82352004983394
1179 1.82129801458307
1180 1.81908483273648
1181 1.81689262999556
1182 1.81473325737134
1183 1.81261822922831
1184 1.81055866400079
1185 1.80856522787508
1186 1.80664808170981
1187 1.80481683144591
1188 1.80308048223472
1189 1.80144739648945
1190 1.79992525604049
1191 1.79852102855037
1192 1.79724093831833
1193 1.79609044157859
1194 1.79507420637007
1195 1.79419609702922
1196 1.79345916333112
1197 1.79286563427823
1198 1.79241691651013
1199 1.79211359728287
1200 1.7919554519414
