1 2
2 2
3 2
4 2
5 2
6 2
7 2
8 2
9 2
10 2
11 2
12 2
13 2
14 2
15 2
16 2
17 2
18 2
19 2
20 2
21 2
22 2
23 2
24 2
25 2
26 2
27 2
28 2
29 2
30 2.25
31 2.27909090909091
32 2.30818181818182
33 2.33727272727273
34 2.36636363636364
35 2.39545454545455
36 2.42454545454545
37 2.45363636363636
38 2.48272727272727
39 2.51181818181818
40 2.53960649636364
41 2.56500042770744
42 2.58814288687462
43 2.60913899952151
44 2.628064761688
45 2.64497376733439
46 2.6599024346257
47 2.67287406350977
48 2.68390198359132
49 2.69299199401922
50 2.70015103949338
51 2.70539925821436
52 2.70877236605784
53 2.71031801289571
54 2.71009317786032
55 2.70816231528909
56 2.70459603999249
57 2.69947019747381
58 2.69286520684258
59 2.6848655951964
60 2.67555962967527
61 2.66503892474505
62 2.65339795970845
63 2.64073353020918
64 2.62714417572845
65 2.61272960831179
66 2.59759015676827
67 2.58182623353311
68 2.56553782699987
69 2.54882401952143
70 2.53178253001822
71 2.51450928016723
72 2.49709798406949
73 2.47963976221314
74 2.46222278095681
75 2.44493191875586
76 2.42784846015473
77 2.41104981829802
78 2.39460928643916
79 2.3785958186825
80 2.36307383999438
81 2.34810308535879
82 2.33373846782083
83 2.32002997504149
84 2.30702259387205
85 2.29475626234254
86 2.2832658483474
87 2.27258115420433
88 2.26272694616155
89 2.25372300783577
90 2.24558421647899
91 2.23832064089675
92 2.23193765977439
93 2.22643609911016
94 2.22181238740511
95 2.21805872721926
96 2.21516328167089
97 2.21311037443193
98 2.21188070175599
99 2.21145155506702
100 2.21179705263613
101 2.21288837887996
102 2.21469402982818
103 2.21718006332736
104 2.22031035257552
105 2.22404684161412
106 2.2283498014427
107 2.23317808546495
108 2.23848938302355
109 2.24424046983401
110 2.25038745418465
111 2.25688601783082
112 2.26369165057482
113 2.27075987758984
114 2.27804647861511
115 2.28550769822028
116 2.29310044640918
117 2.30078248890698
118 2.30851262654825
119 2.31625086325837
120 2.32395856219477
121 2.33159858968822
122 2.33913544669777
123 2.34653538756457
124 2.35376652592041
125 2.36079892767543
126 2.36760469107625
127 2.37415801389009
128 2.38043524783226
129 2.38641494041365
130 2.39207786444094
131 2.39740703545533
132 2.40238771744524
133 2.40700741721522
134 2.41125586783546
135 2.41512500163642
136 2.41860891324781
137 2.42170381321379
138 2.42440797274372
139 2.42672166018267
140 2.42864706980607
141 2.43018824356015
142 2.43135098638279
143 2.43214277574899
144 2.43257266609164
145 2.43265118875022
146 2.4323902481001
147 2.43180301451082
148 2.43090381477473
149 2.42970802063762
150 2.42823193605038
151 2.42649268374495
152 2.42450809172074
153 2.4222965802069
154 2.41987704964434
155 2.4172687702069
156 2.4144912733553
157 2.41156424589048
158 2.40850742694372
159 2.4053405083116
160 2.40208303851252
161 2.39875433091024
162 2.39537337621751
163 2.39195875966016
164 2.38852858304911
165 2.38510039197498
166 2.38169110830673
167 2.3783169681435
168 2.3749934653362
169 2.37173530066407
170 2.36855633672016
171 2.36546955852959
172 2.36248703989527
173 2.35961991543746
174 2.35687835826643
175 2.35427156320201
176 2.35180773542896
177 2.3494940844542
178 2.34733682321049
179 2.34534117213077
180 2.34351136799914
181 2.34185067736757
182 2.34036141431185
183 2.33904496228725
184 2.3379017998319
185 2.33693152985605
186 2.33613291224634
187 2.33550389950784
188 2.33504167516053
189 2.3347426946039
190 2.33460272816052
191 2.33461690600913
192 2.33477976471839
193 2.3350852950947
194 2.33552699106087
195 2.3360978992874
196 2.33679066930403
197 2.33759760382633
198 2.33851070904045
199 2.33952174459819
200 2.34062227308482
201 2.3418037087328
202 2.34305736516644
203 2.34437450197477
204 2.34574636992265
205 2.34716425462388
206 2.34861951851352
207 2.35010364097091
208 2.35160825645932
209 2.35312519056252
210 2.35464649381317
211 2.35616447322281
212 2.35767172143741
213 2.35916114345718
214 2.36062598087336
215 2.3620598335887
216 2.36345667900215
217 2.36481088865128
218 2.36611724231891
219 2.36737093962281
220 2.36856760911903
221 2.36970331496071
222 2.37077456116506
223 2.37177829355076
224 2.37271189941803
225 2.37357320505158
226 2.37436047113527
227 2.37507238617416
228 2.37570805802621
229 2.37626700365188
230 2.37674913719463
231 2.37715475650997
232 2.37748452826392
233 2.37773947172494
234 2.37792094137534
235 2.37803060846953
236 2.37807044166766
237 2.37804268687255
238 2.37794984639822
239 2.3777946575962
240 2.37758007106483
241 2.37730922856403
242 2.37698544075529
243 2.37661216488337
244 2.37619298251234
245 2.37573157742441
246 2.37523171378545
247 2.37469721467594
248 2.37413194108116
249 2.37353977142858
250 2.37292458175468
251 2.37229022657763
252 2.3716405205458
253 2.3709792209259
254 2.37031001098835
255 2.3696364843406
256 2.36896213025303
257 2.36829032001543
258 2.36762429435555
259 2.36696715194492
260 2.36632183901103
261 2.36569114006839
262 2.3650776697755
263 2.36448386591851
264 2.36391198351704
265 2.36336409004214
266 2.36284206173101
267 2.36234758097857
268 2.36188213478102
269 2.36144701420227
270 2.36104331483027
271 2.36067193818607
272 2.36033359404557
273 2.36002880363035
274 2.35975790362136
275 2.35952105094692
276 2.35931822829403
277 2.35914925029049
278 2.35901377030372
279 2.35891128780087
280 2.35884115621433
281 2.35880259125573
282 2.3587946796217
283 2.3588163880345
284 2.35886657256089
285 2.35894398815351
286 2.35904729835951
287 2.35917508514257
288 2.3593258587656
289 2.35949806768306
290 2.35969010839354
291 2.35990033520505
292 2.36012706986786
293 2.36036861103161
294 2.36062324348604
295 2.36088924714711
296 2.36116490575289
297 2.36144851523623
298 2.36173839174404
299 2.36203287927587
300 2.36233035691706
301 2.3626292456451
302 2.36292801469003
303 2.36322518743327
304 2.36351934683165
305 2.36380914035633
306 2.36409328443924
307 2.36437056842213
308 2.36463985800602
309 2.3649000982016
310 2.36515031578326
311 2.365389621252
312 2.36561721031471
313 2.36583236488937
314 2.3660344536478
315 2.36622293210939
316 2.3663973423012
317 2.36655731200107
318 2.3667025535823
319 2.36683286247939
320 2.36694811529587
321 2.36704826757592
322 2.36713335126278
323 2.3672034718674
324 2.3672588053715
325 2.36729959488977
326 2.36732614711603
327 2.36733882857868
328 2.36733806173058
329 2.36732432089853
330 2.36729812811744
331 2.36726004887364
332 2.36721068778197
333 2.36715068422001
334 2.36708070794284
335 2.36700145470066
336 2.36691364188088
337 2.36681800419549
338 2.36671528943336
339 2.36660625429647
340 2.36649166033751
341 2.36637227001568
342 2.36624884288593
343 2.36612213193596
344 2.36599288008392
345 2.36586181684856
346 2.36572965520225
347 2.3655970886162
348 2.36546478830565
349 2.36533340068178
350 2.3652035450157
351 2.36507581131869
352 2.36495075844162
353 2.36482891239536
354 2.36471076489262
355 2.3645967721109
356 2.3644873536748
357 2.36438289185511
358 2.36428373098107
359 2.36419017706125
360 2.36410249760757
361 2.36402092165641
362 2.3639456399795
363 2.36387680547726
364 2.36381453374596
365 2.36375890380998
366 2.36370995900971
367 2.36366770803525
368 2.36363212609563
369 2.36360315621319
370 2.36358071063203
371 2.36356467232989
372 2.3635548966221
373 2.36355121284651
374 2.36355342611826
375 2.36356131914322
376 2.363574654079
377 2.36359317443271
378 2.3636166069848
379 2.36364466372846
380 2.36367704381441
381 2.36371343549141
382 2.3637535180328
383 2.36379696364019
384 2.36384343931555
385 2.36389260869362
386 2.36394413382682
387 2.36399767691565
388 2.36405290197775
389 2.36410947644954
390 2.36416707271496
391 2.3642253695561
392 2.36428405352145
393 2.36434282020774
394 2.36440137545206
395 2.36445943643162
396 2.36451673266868
397 2.36457300693926
398 2.36462801608428
399 2.36468153172269
400 2.11468153172269
401 2.05654961911147
402 1.99841562217916
403 1.94027937683226
404 1.88214073586249
405 1.82399956908561
406 1.76585576339105
407 1.70770922270511
408 1.64955986787112
409 1.59140763644984
410 1.53455534693468
411 1.48024652756408
412 1.42859915074911
413 1.37972200865492
414 1.33371591881948
415 1.29067470355115
416 1.25068599112459
417 1.21383187627741
418 1.2
419 1.2
420 1.2
421 1.2
422 1.2
423 1.2
424 1.2
425 1.2
426 1.2
427 1.2
428 1.2
429 1.20196303371182
430 1.20625249428283
431 1.21259467479993
432 1.22076459727792
433 1.23057581735781
434 1.24187245448952
435 1.25452295703142
436 1.26841522007263
437 1.28345275820447
438 1.29955170123
439 1.31662820388095
440 1.33458730885957
441 1.35332470834072
442 1.37273087489694
443 1.39269396187731
444 1.41310181294741
445 1.43384333035036
446 1.45480938457104
447 1.47589339859378
448 1.49699170341902
449 1.51800378792208
450 1.53883257993775
451 1.55938479578865
452 1.5795713156997
453 1.59930754593827
454 1.61851374624814
455 1.63711531251737
456 1.65504301168098
457 1.67223317003799
458 1.68862781844891
459 1.70417479867645
460 1.71882783452439
461 1.73254657012911
462 1.74529657677296
463 1.7570493292074
464 1.76778215247369
465 1.77747814037188
466 1.78612604693498
467 1.79372015245143
468 1.80026010571679
469 1.80575074428015
470 1.81020189449008
471 1.81362815315687
472 1.81604865264849
473 1.8174868112342
474 1.81797007048467
475 1.81752962152932
476 1.81620012195851
477 1.81401940513869
478 1.81102818368123
479 1.80726974877117
480 1.80278966701965
481 1.79763547645468
482 1.79185638320969
483 1.7855029604084
484 1.77862685067896
485 1.77128047365974
486 1.76351673978547
487 1.75538877156411
488 1.7469496334744
489 1.73825207153048
490 1.72934826347422
491 1.72028958046904
492 1.71112636108011
493 1.70190769823724
494 1.69268123978689
495 1.68349300315096
496 1.6743872045213
497 1.66540610293145
498 1.6565898594608
499 1.6479764117426
500 1.63960136386436
501 1.63149789167027
502 1.6236966633977
503 1.61622577550648
504 1.6091107034888
505 1.60237426738073
506 1.5960366116331
507 1.59011519894003
508 1.58462481756837
509 1.57957760168
510 1.57498306409251
511 1.57084814088124
512 1.56717724718783
513 1.5639723435672
514 1.56123301217566
515 1.55895654207871
516 1.55713802293697
517 1.55577044631298
518 1.55484481383046
519 1.55435025141038
520 1.55427412880531
521 1.5546021836543
522 1.55531864928552
523 1.55640638550215
524 1.55784701159917
525 1.55962104087365
526 1.5617080159099
527 1.56408664394177
528 1.5667349316187
529 1.56963031852839
530 1.57274980885792
531 1.57607010060601
532 1.57956771179159
533 1.58321910313833
534 1.58700079675051
535 1.59088949033213
536 1.59486216653919
537 1.59889619709359
538 1.60296944132561
539 1.6070603388519
540 1.61114799613445
541 1.61521226670597
542 1.61923382488541
543 1.62319423284619
544 1.62707600093725
545 1.630862641194
546 1.63453871401235
547 1.63808986799348
548 1.6415028730011
549 1.64476564650459
550 1.64786727331248
551 1.65079801882976
552 1.65354933599981
553 1.65611386611761
554 1.65848543372452
555 1.66065903581712
556 1.66263082562244
557 1.66439809121018
558 1.66595922922855
559 1.66731371406444
560 1.66846206274105
561 1.66940579587589
562 1.67014739503063
563 1.67069025679039
564 1.67103864391448
565 1.67119763390325
566 1.67117306532626
567 1.67097148225616
568 1.67060007715005
569 1.67006663251557
570 1.66937946169355
571 1.66854734908143
572 1.66757949011355
573 1.66648543130397
574 1.66527501064714
575 1.66395829865899
576 1.66254554032856
577 1.66104709823567
578 1.65947339707613
579 1.65783486981989
580 1.65614190571205
581 1.65440480030987
582 1.6526337077323
583 1.65083859528108
584 1.64902920057563
585 1.64721499132593
586 1.64540512785076
587 1.64360842843076
588 1.64183333756908
589 1.64008789721502
590 1.63837972098969
591 1.63671597143646
592 1.63510334030303
593 1.6335480318468
594 1.63205574914053
595 1.63063168334125
596 1.62928050587175
597 1.62800636345173
598 1.62681287590329
599 1.6257031366448
600 1.6246797157765
601 1.62374466565185
602 1.62289952882017
603 1.62214534821806
604 1.6214826794806
605 1.62091160523699
606 1.62043175125042
607 1.62004230425761
608 1.61974203136022
609 1.61952930081759
610 1.61940210408881
611 1.6193580789712
612 1.61939453368202
613 1.61950847173117
614 1.6196966174339
615 1.61995544191467
616 1.62028118945608
617 1.6206699040502
618 1.62111745601375
619 1.62161956853272
620 1.62217184400756
621 1.62276979007534
622 1.62340884519096
623 1.62408440365642
624 1.62479183999304
625 1.62552653255908
626 1.62628388632206
627 1.62705935470227
628 1.62784846041211
629 1.62864681522267
630 1.62945013859742
631 1.63025427514017
632 1.6310552108123
633 1.63184908788201
634 1.63263221857579
635 1.63340109740985
636 1.63415241218669
637 1.63488305364885
638 1.6355901237891
639 1.63627094282283
640 1.63692305483488
641 1.63754423211929
642 1.63813247823603
643 1.63868602981464
644 1.6392033571395
645 1.63968316355665
646 1.6401243837461
647 1.64052618090815
648 1.6408879429154
649 1.64120927748593
650 1.6414900064357
651 1.64173015907085
652 1.64192996478288
653 1.64208984491114
654 1.64221040393872
655 1.64229242008859
656 1.64233683538776
657 1.64234474526704
658 1.64231738776449
659 1.64225613239975
660 1.64216246878594
661 1.64203799504486
662 1.6418844060896
663 1.64170348183746
664 1.64149707541395
665 1.64126710140662
666 1.6410155242253
667 1.64074434662258
668 1.64045559842594
669 1.64015132552993
670 1.6398335791938
671 1.63950440568705
672 1.63916583632197
673 1.63881987790903
674 1.63846850366773
675 1.63811364462179
676 1.63775718150477
677 1.6374009371979
678 1.63704666971945
679 1.6366960657807
680 1.63635073492093
681 1.63601220422999
682 1.63568191366424
683 1.63536121195823
684 1.63505135313151
685 1.63475349358714
686 1.63446868979553
687 1.63419789655457
688 1.63394196581469
689 1.63370164605461
690 1.63347758219186
691 1.63327031600978
692 1.6330802870806
693 1.63290783416294
694 1.63275319705003
695 1.63261651884381
696 1.63249784862863
697 1.63239714451747
698 1.63231427704241
699 1.63224903286062
700 1.63220111874627
701 1.63217016583888
702 1.63215573411776
703 1.63215731707265
704 1.63217434654049
705 1.63220619767854
706 1.63225219404441
707 1.6323116127541
708 1.63238368968976
709 1.63246762472961
710 1.63256258697336
711 1.63266771993724
712 1.63278214669423
713 1.63290497493564
714 1.63303530193189
715 1.63317221937137
716 1.63331481805765
717 1.63346219244675
718 1.63361344500753
719 1.63376769038984
720 1.63392405938646
721 1.63408170267636
722 1.63423979433848
723 1.6343975351266
724 1.63455415549735
725 1.63470891838517
726 1.63486112171907
727 1.63501010067803
728 1.63515522968276
729 1.63529592412333
730 1.63543164182327
731 1.63556188424213
732 1.63568619741974
733 1.63580417266638
734 1.63591544700454
735 1.63601970336853
736 1.63611667056969
737 1.63620612303532
738 1.6362878803307
739 1.63636180647414
740 1.63642780905562
741 1.63648583817033
742 1.63653588517888
743 1.63657798130632
744 1.63661219609258
745 1.63663863570733
746 1.63665744114209
747 1.63666878629314
748 1.63667287594836
749 1.63666994369138
750 1.63666024973636
751 1.63664407870656
752 1.63662173736961
753 1.63659355234225
754 1.6365598677771
755 1.63652104304327
756 1.63647745041292
757 1.63642947276461
758 1.63637750131458
759 1.63632193338598
760 1.63626317022596
761 1.63620161487967
762 1.63613767012965
763 1.63607173650875
764 1.63600421039364
765 1.63593548218562
766 1.63586593458472
767 1.6357959409624
768 1.63572586383731
769 1.63565605345825
770 1.63558684649755
771 1.63551856485736
772 1.63545151459097
773 1.63538598494045
774 1.63532224749121
775 1.63526055544373
776 1.63520114300182
777 1.63514422487648
778 1.63508999590376
779 1.63503863077443
780 1.63499028387296
781 1.63494508922289
782 1.63490316053487
783 1.6348645913538
784 1.63482945530074
785 1.63479780640511
786 1.63476967952237
787 1.6347450908321
788 1.63472403841125
789 1.63470650287706
790 1.63469244809397
791 1.63468182193886
792 1.63467455711881
793 1.63467057203533
794 1.63466977168933
795 1.63467204862084
796 1.63467728387758
797 1.63468534800663
798 1.63469610206342
799 1.63470939863252
800 1.80199781012733
801 1.81656117527268
802 1.83112660012858
803 1.84569391365041
804 1.86026294141713
805 1.87483350661388
806 1.8894054309921
807 1.90397853580317
808 1.91855264270182
809 1.93312757461598
810 1.94683160241127
811 1.95895967805049
812 1.96965138316189
813 1.97901307488519
814 1.98712534622541
815 1.99404883177758
816 1.99982872484413
817 2.00449829104318
818 2.00808160047171
819 2.01059565138778
820 2.0120565612572
821 2.01248779829942
822 2.01192169019232
823 2.010396862731
824 2.00795645965849
825 2.00464692033719
826 2.00051715260303
827 1.99561798290344
828 1.99000179873587
829 1.98372232252521
830 1.97683445002444
831 1.96939406948441
832 1.96145781889508
833 1.9530827991805
834 1.94432627273221
835 1.9352453644754
836 1.92589677477308
837 1.91633650850148
838 1.90661962161117
839 1.89679998475401
840 1.88693006277386
841 1.87706070896042
842 1.86724097365286
843 1.85751792743723
844 1.84793649947405
845 1.83853933149981
846 1.82936664792112
847 1.82045614225
848 1.8118428799607
849 1.80355921770468
850 1.79563473870741
851 1.78809620408647
852 1.78096751976501
853 1.7742697185977
854 1.76802095727173
855 1.76223652749188
856 1.75692888090593
857 1.75210766717657
858 1.74777978456002
859 1.74394944230962
860 1.74061823418661
861 1.73778522232935
862 1.73544703070628
863 1.73359794735723
864 1.73223003461182
865 1.73133324646209
866 1.73089555225981
867 1.73090306590622
868 1.73134017970361
869 1.73218970204401
870 1.73343299811966
871 1.73505013285353
872 1.73702001526486
873 1.73932054350508
874 1.74192874982254
875 1.74482094474107
876 1.74797285976571
877 1.75135978796067
878 1.75495672177765
879 1.75873848754808
880 1.76267987608995
881 1.76675576891802
882 1.77094125958624
883 1.77521176973143
884 1.77954315942874
885 1.78391183151126
886 1.78829482954802
887 1.79266992921688
888 1.79701572285066
889 1.8013116969765
890 1.8055383027094
891 1.80967701890112
892 1.81371040798513
893 1.81762216449635
894 1.82139715628161
895 1.82502145845244
896 1.82848238016574
897 1.83176848435079
898 1.83486960053147
899 1.8377768309219
900 1.84048255000061
901 1.84298039779356
902 1.84526526711944
903 1.84733328507179
904 1.84918178903129
905 1.85080929751861
906 1.85221547621269
907 1.85340109947223
908 1.85436800770827
909 1.85511906096437
910 1.85565808906721
911 1.85598983871461
912 1.85611991787047
913 1.85605473783635
914 1.85580145336816
915 1.85536790120322
916 1.85476253735788
917 1.85399437354955
918 1.85307291308896
919 1.8520080865788
920 1.85081018774432
921 1.84948980970925
922 1.8480577820174
923 1.84652510868586
924 1.84490290756089
925 1.84320235123131
926 1.84143460973803
927 1.83961079530046
928 1.83774190926356
929 1.83583879145054
930 1.83391207208816
931 1.83197212645288
932 1.83002903236746
933 1.82809253065897
934 1.8261719886705
935 1.82427636690066
936 1.82241418882675
937 1.82059351394977
938 1.81882191408217
939 1.81710645288239
940 1.81545366862399
941 1.81386956017171
942 1.81235957612166
943 1.8109286070488
944 1.8095809807914
945 1.80832046068965
946 1.8071502466837
947 1.80607297916572
948 1.80509074547053
949 1.8042050888802
950 1.80341702001025
951 1.80272703043742
952 1.80213510842325
953 1.80164075658216
954 1.80124301133834
955 1.80094046401254
956 1.80073128337711
957 1.80061323951631
958 1.8005837288277
959 1.800639800001
960 1.80077818081137
961 1.80099530556578
962 1.80128734304365
963 1.80165022477594
964 1.80207967351079
965 1.80257123171786
966 1.80312028998904
967 1.80372211519816
968 1.80437187828865
969 1.80506468156451
970 1.80579558536652
971 1.8065596340232
972 1.80735188097308
973 1.80816741296291
974 1.80900137323411
975 1.80984898361799
976 1.81070556546836
977 1.81156655936849
978 1.81242754355768
979 1.81328425103078
980 1.81413258527244
981 1.81496863459588
982 1.81578868506382
983 1.81658923197733
984 1.81736698992554
985 1.81811890139694
986 1.81884214395981
987 1.8195341360263
988 1.82019254122108
989 1.82081527138186
990 1.82140048822464
991 1.8219466037122
992 1.82245227916945
993 1.82291642319373
994 1.8233381884127
995 1.82371696714616
996 1.82405238603162
997 1.82434429967659
998 1.82459278340303
999 1.82479812515173
1000 1.82496081661613
1001 1.82508154367644
1002 1.82516117620604
1003 1.82520075732258
1004 1.82520149215646
1005 1.82516473620932
1006 1.82509198337456
1007 1.82498485369105
1008 1.82484508090008
1009 1.82467449987412
1010 1.82447503398424
1011 1.82424868247077
1012 1.82399750787986
1013 1.82372362362589
1014 1.82342918173682
1015 1.82311636083699
1016 1.82278735441853
1017 1.82244435944943
1018 1.82208956536298
1019 1.82172514346978
1020 1.82135323683003
1021 1.82097595062014
1022 1.82059534302426
1023 1.82021341667725
1024 1.81983211068252
1025 1.81945329322395
1026 1.8190787547878
1027 1.81871020200688
1028 1.81834925213576
1029 1.81799742816216
1030 1.8176561545567
1031 1.8173267536596
1032 1.8170104427
1033 1.81670833144055
1034 1.816421420437
1035 1.81615059990005
1036 1.81589664914382
1037 1.81566023660334
1038 1.81544192040096
1039 1.81524214943967
1040 1.81506126499951
1041 1.8148995028116
1042 1.81475699558261
1043 1.81463377594169
1044 1.81452977978018
1045 1.81444484995402
1046 1.81437874031769
1047 1.81433112005819
1048 1.81430157829696
1049 1.81428962892766
1050 1.81429471565755
1051 1.81431621722031
1052 1.81435345272858
1053 1.81440568713465
1054 1.81447213676858
1055 1.81455197492353
1056 1.81464433745898
1057 1.81474832839344
1058 1.81486302545929
1059 1.81498748559356
1060 1.81512075033968
1061 1.81526185113652
1062 1.81540981447243
1063 1.81556366688356
1064 1.81572243977701
1065 1.81588517406109
1066 1.81605092456647
1067 1.81621876424373
1068 1.81638778812412
1069 1.81655711703237
1070 1.81672590104173
1071 1.81689332266321
1072 1.81705859976236
1073 1.81722098819891
1074 1.81737978418558
1075 1.8175343263645
1076 1.81768399760061
1077 1.81782822649315
1078 1.81796648860755
1079 1.81809830743155
1080 1.81822325506019
1081 1.81834095261604
1082 1.81845107041169
1083 1.81855332786276
1084 1.81864749316052
1085 1.81873338271435
1086 1.81881086037455
1087 1.81887983644737
1088 1.81894026651411
1089 1.81899215006727
1090 1.81903552897667
1091 1.81907048579922
1092 1.81909714194626
1093 1.8191156557223
1094 1.81912622024965
1095 1.81912906129301
1096 1.81912443499842
1097 1.81911262556076
1098 1.81909394283376
1099 1.81906871989658
1100 1.81903731059029
1101 1.8190000870377
1102 1.81895743715939
1103 1.81890976219827
1104 1.81885747426475
1105 1.818800993914
1106 1.818740747766
1107 1.81867716617891
1108 1.81861068098525
1109 1.81854172330002
1110 1.81847072140901
1111 1.81839809874508
1112 1.81832427195925
1113 1.81824964909293
1114 1.81817462785674
1115 1.81809959402077
1116 1.81802491992032
1117 1.81795096308055
1118 1.81787806496262
1119 1.81780654983333
1120 1.81773672375954
1121 1.81766887372795
1122 1.81760326689027
1123 1.81754014993312
1124 1.81747974857136
1125 1.81742226716314
1126 1.81736788844426
1127 1.81731677337895
1128 1.81726906112386
1129 1.81722486910129
1130 1.81718429317769
1131 1.81714740794268
1132 1.81711426708378
1133 1.81708490385166
1134 1.81705933161033
1135 1.81703754446673
1136 1.81701951797371
1137 1.81700520990032
1138 1.81699456106336
1139 1.81698749621386
1140 1.81698392497209
1141 1.81698374280495
1142 1.81698683203926
1143 1.81699306290471
1144 1.81700229460034
1145 1.81701437637829
1146 1.817029148639
1147 1.81704644403197
1148 1.81706608855635
1149 1.81708790265606
1150 1.81711170230409
1151 1.81713730007103
1152 1.81716450617311
1153 1.81719312949515
1154 1.81722297858442
1155 1.81725386261136
1156 1.81728559229356
1157 1.81731798077985
1158 1.81735084449124
1159 1.8173840039164
1160 1.81741728435903
1161 1.81745051663526
1162 1.81748353771928
1163 1.81751619133597
1164 1.8175483284992
1165 1.81757980799526
1166 1.81761049681081
1167 1.81764027050527
1168 1.8176690135276
1169 1.81769661947802
1170 1.81772299131516
1171 1.81774804150962
1172 1.81777169214499
1173 1.8177938749677
1174 1.81781453138721
1175 1.81783361242834
1176 1.81785107863757
1177 1.81786689994546
1178 1.81788105548734
1179 1.8178935333847
1180 1.81790433048961
1181 1.81791345209489
1182 1.81792091161258
1183 1.81792673022333
1184 1.81793093649967
1185 1.81793356600571
1186 1.81793466087634
1187 1.8179342693784
1188 1.81793244545699
1189 1.81792924826937
1190 1.81792474170943
1191 1.81791899392527
1192 1.81791207683259
1193 1.81790406562645
1194 1.8178950382938
1195 1.81788507512929
1196 1.81787425825657
1197 1.81786267115724
1198 1.81785039820959
1199 1.81783752423902
1200 1.81782413408196
