1 2
2 2
3 2
4 2
5 2
6 2
7 2
8 2
9 2
10 2
11 2
12 2
13 2
14 2
15 2
16 2
17 2
18 2
19 2
20 2
21 2
22 2
23 2
24 2
25 2
26 2
27 2
28 2
29 2
30 2.25
31 2.27526428571429
32 2.30097857142857
33 2.32669285714286
34 2.35240714285714
35 2.37812142857143
36 2.40383571428571
37 2.42955
38 2.45526428571429
39 2.48097857142857
40 2.50488891286875
41 2.52556941490247
42 2.54336207785367
43 2.55852769518867
44 2.57126827886355
45 2.58174010569287
46 2.59006388006853
47 2.59633264759875
48 2.60061795695813
49 2.60297465730627
50 2.6034576498599
51 2.60214405735797
52 2.59913539809948
53 2.59454837019476
54 2.58850859673957
55 2.58114643301877
56 2.5725942280062
57 2.56298460038359
58 2.55244941274456
59 2.54111921800392
60 2.52912292396806
61 2.51658735998763
62 2.5036366066678
63 2.49039119193654
64 2.47696728714079
65 2.4634759737771
66 2.45002261242095
67 2.43670632195616
68 2.42361956394938
69 2.41084782029469
70 2.39846935026508
71 2.38655501546372
72 2.37516816606003
73 2.36436458568175
74 2.35419249381563
75 2.34469260434695
76 2.33589823800274
77 2.32783548551581
78 2.32052341756299
79 2.31397433704445
80 2.3081940690612
81 2.30318228395006
82 2.29893284885406
83 2.29543420345592
84 2.29266975564035
85 2.29061829297174
86 2.28925440598993
87 2.28854891945126
88 2.28846932778605
89 2.28898023121075
90 2.2900437691243
91 2.29162004762933
92 2.29366755824551
93 2.29614358511983
94 2.29900459828223
95 2.30220663074307
96 2.30570563747825
97 2.30945783459738
98 2.31342001723822
99 2.31754985497583
100 2.32180616377458
101 2.32614915374593
102 2.33054065220073
103 2.33494430170293
104 2.33932573303845
105 2.34365271320955
106 2.3478952687489
107 2.35202578481905
108 2.35601908072096
109 2.3598524625797
110 2.36350575410518
111 2.36696130644223
112 2.37020398822546
113 2.37322115704197
114 2.37600261357783
115 2.37854053978372
116 2.38082942244069
117 2.38286596353966
118 2.38464897890812
119 2.38617928652532
120 2.38745958596398
121 2.38849433038182
122 2.38928959246215
123 2.38985292566907
124 2.39019322214068
125 2.39032056849402
126 2.39024610075854
127 2.3899818595927
128 2.3895406468697
129 2.38893588464663
130 2.38818147745506
131 2.38729167877236
132 2.38628096245243
133 2.38516389981202
134 2.38395504298651
135 2.38266881508592
136 2.38131940760002
137 2.37992068542073
138 2.37848609977073
139 2.37702860925074
140 2.37556060914399
141 2.37409386904536
142 2.37263947881575
143 2.3712078027986
144 2.36980844217614
145 2.36845020528803
146 2.36714108568442
147 2.36588824763964
148 2.3646980188114
149 2.36357588969394
150 2.362526519482
151 2.36155374793524
152 2.36066061281069
153 2.35984937241281
154 2.35912153279767
155 2.35847787915846
156 2.35791851091497
157 2.35744288002834
158 2.35704983206534
159 2.35673764954258
160 2.35650409709028
161 2.35634646798794
162 2.35626163163897
163 2.35624608156908
164 2.35629598355293
165 2.35640722349492
166 2.35657545471348
167 2.3567961443024
168 2.35706461826883
169 2.35737610517356
170 2.35772577802657
171 2.35810879421811
172 2.358520333293
173 2.35895563240339
174 2.35941001930211
175 2.35987894276544
176 2.36035800036016
177 2.36084296349454
178 2.36132979971736
179 2.36181469225189
180 2.36229405677359
181 2.3627645554609
182 2.36322310836738
183 2.36366690218138
184 2.36409339645531
185 2.36450032740132
186 2.3648857093632
187 2.36524783408576
188 2.36558526791266
189 2.36589684705233
190 2.36618167105798
191 2.36643909467327
192 2.3666687181988
193 2.36687037653731
194 2.36704412707614
195 2.3671902365657
196 2.36730916715105
197 2.36740156171132
198 2.36746822865802
199 2.36751012633903
200 2.36752834718946
201 2.3675241017645
202 2.36749870278273
203 2.36745354930085
204 2.36739011113273
205 2.36730991361775
206 2.36721452283449
207 2.36710553134685
208 2.36698454456117
209 2.36685316776315
210 2.36671299389468
211 2.36656559212158
212 2.36641249723415
213 2.36625519991387
214 2.36609513789099
215 2.36593368800958
216 2.36577215920884
217 2.36561178642173
218 2.36545372538534
219 2.3652990483504
220 2.36514874067132
221 2.36500369825276
222 2.36486472582314
223 2.36473253600115
224 2.36460774911729
225 2.36449089374861
226 2.36438240792194
227 2.36428264093846
228 2.36419185577012
229 2.36411023197719
230 2.36403786909494
231 2.36397479043689
232 2.36392094726199
233 2.36387622325312
234 2.36384043925522
235 2.36381335822192
236 2.36379469032129
237 2.3637840981527
238 2.36378120202865
239 2.36378558527768
240 2.36379679952675
241 2.36381436992402
242 2.36383780026564
243 2.36386657799296
244 2.36390017902946
245 2.36393807242974
246 2.36397972481579
247 2.36402460457894
248 2.36407218582882
249 2.3641219520736
250 2.36417339961892
251 2.36422604067552
252 2.36427940616856
253 2.36433304824429
254 2.36438654247211
255 2.36443948974266
256 2.36449151786487
257 2.36454228286688
258 2.36459147000778
259 2.36463879450906
260 2.3646840020161
261 2.36472686880151
262 2.36476720172368
263 2.36480483795458
264 2.36483964449219
265 2.3648715174735
266 2.36490038130472
267 2.36492618762565
268 2.36494891412564
269 2.36496856322867
270 2.36498516066482
271 2.36499875394576
272 2.36500941076111
273 2.36501721731251
274 2.36502227660173
275 2.36502470668822
276 2.3650246389314
277 2.36502221623176
278 2.36501759128436
279 2.3650109248572
280 2.36500238410628
281 2.36499214093805
282 2.36498037042898
283 2.36496724931109
284 2.36495295453121
285 2.36493766189073
286 2.36492154477158
287 2.36490477295334
288 2.36488751152512
289 2.36486991989533
290 2.36485215090102
291 2.36483435001821
292 2.36481665467319
293 2.36479919365446
294 2.36478208662402
295 2.36476544372594
296 2.3647493652899
297 2.36473394162627
298 2.36471925290927
299 2.364705369144
300 2.36469235021278
301 2.36468024599602
302 2.36466909656236
303 2.36465893242274
304 2.36464977484277
305 2.36464163620775
306 2.36463452043455
307 2.36462842342447
308 2.3646233335514
309 2.3646192321795
310 2.36461609420471
311 2.36461388861472
312 2.36461257906206
313 2.36461212444508
314 2.36461247949206
315 2.36461359534388
316 2.36461542013066
317 2.36461789953854
318 2.36462097736283
319 2.36462459604389
320 2.36462869718292
321 2.36463322203466
322 2.36463811197466
323 2.36464330893904
324 2.36464875583483
325 2.36465439691959
326 2.36466017814906
327 2.36466604749212
328 2.36467195521234
329 2.36467785411612
330 2.36468369976728
331 2.36468945066833
332 2.36469506840917
333 2.36470051778364
334 2.36470576687512
335 2.36471078711217
336 2.36471555329546
337 2.36472004359756
338 2.36472423953701
339 2.36472812592833
340 2.36473169080989
341 2.36473492535121
342 2.36473782374178
343 2.36474038306315
344 2.3647426031463
345 2.36474448641624
346 2.36474603772561
347 2.36474726417937
348 2.36474817495226
349 2.36474878110092
350 2.36474909537242
351 2.36474913201071
352 2.36474890656286
353 2.3647484356863
354 2.36474773695863
355 2.36474682869126
356 2.36474572974807
357 2.36474445937024
358 2.36474303700812
359 2.36474148216116
360 2.36473981422656
361 2.3647380523573
362 2.36473621533018
363 2.36473432142422
364 2.36473238830978
365 2.3647304329486
366 2.36472847150505
367 2.3647265192684
368 2.3647245905862
369 2.36472269880872
370 2.36472085624406
371 2.3647190741238
372 2.36471736257879
373 2.36471573062476
374 2.36471418615713
375 2.3647127359548
376 2.36471138569211
377 2.36471013995857
378 2.36470900228579
379 2.36470797518079
380 2.36470706016541
381 2.3647062578208
382 2.36470556783664
383 2.36470498906432
384 2.36470451957349
385 2.36470415671132
386 2.36470389716387
387 2.36470373701905
388 2.36470367183052
389 2.36470369668201
390 2.36470380625155
391 2.36470399487515
392 2.36470425660945
393 2.36470458529291
394 2.36470497460522
395 2.36470541812445
396 2.36470590938178
397 2.3647064419135
398 2.36470700930988
399 2.36470760526101
400 2.11470760526101
401 2.06417966857077
402 2.01275174251035
403 1.96132382155732
404 1.90989590046511
405 1.8584679742873
406 1.80704003839818
407 1.75561208850971
408 1.70418412068493
409 1.65275613134793
410 1.60313206602645
411 1.55692012154592
412 1.51408951607934
413 1.47462690101366
414 1.43852517263304
415 1.40578193620411
416 1.37639831148063
417 1.35037800976976
418 1.32772662216242
419 1.30845107189898
420 1.29254617736296
421 1.27997375305386
422 1.27065930114502
423 1.26449994559933
424 1.26137046431617
425 1.26112793273446
426 1.26361530294785
427 1.2686641668265
428 1.27609689357424
429 1.2857282876225
430 1.2973669725528
431 1.31081679988411
432 1.32587843873602
433 1.34235107298546
434 1.36003408892246
435 1.37872868404044
436 1.39823935910747
437 1.41837527644477
438 1.43895148063673
439 1.45978998604294
440 1.48072073945353
441 1.50158246586796
442 1.52222340203867
443 1.5425019193301
444 1.56228703635246
445 1.58145882224362
446 1.59990869253038
447 1.61753960070744
448 1.63426612976747
449 1.65001448877713
450 1.66472242019209
451 1.67833902397124
452 1.69082450476382
453 1.70214984857927
454 1.71229643545231
455 1.72125559469695
456 1.72902810939548
457 1.7356236767832
458 1.74106033115775
459 1.74536383586056
460 1.74856705074629
461 1.75070928137889
462 1.75183561597498
463 1.75199625586222
464 1.75124584493819
465 1.74964280330779
466 1.74724866994896
467 1.74412745891016
468 1.74034503318308
469 1.73596850002289
470 1.73106563110924
471 1.7257043105587
472 1.71995201341432
473 1.71387531685633
474 1.70753944599968
475 1.70100785577414
476 1.69434185002188
477 1.68760023859913
478 1.68083903293319
479 1.67411118016785
480 1.66746633572761
481 1.66095067384834
482 1.65460673535802
483 1.64847331174796
484 1.64258536435317
485 1.63697397725973
486 1.63166634237901
487 1.62668577497217
488 1.62205175777384
489 1.61778001175169
490 1.61388259144705
491 1.61036800277185
492 1.60724134108657
493 1.60450444735372
494 1.60215608014882
495 1.60019210131674
496 1.59860567308296
497 1.59738746446703
498 1.59652586489704
499 1.59600720298899
500 1.59581596853132
501 1.59593503580223
502 1.59634588644378
503 1.59702883022154
504 1.59796322210946
505 1.59912767425698
506 1.60050026151617
507 1.6020587193313
508 1.60378063291955
509 1.60564361679891
510 1.60762548384671
511 1.60970440319835
512 1.61185904642017
513 1.61406872151213
514 1.61631349441356
515 1.61857429779954
516 1.62083302706396
517 1.62307262348906
518 1.62527714469865
519 1.62743182258379
520 1.62952310897398
521 1.63153870940512
522 1.63346760540567
523 1.63530006578629
524 1.63702764747395
525 1.63864318648068
526 1.64014077963822
527 1.64151575776451
528 1.64276465095505
529 1.64388514671276
530 1.64487604164371
531 1.64573718745373
532 1.64646943198244
533 1.6470745560068
534 1.64755520653723
535 1.6479148273143
536 1.6481575871954
537 1.64828830709721
538 1.64831238613324
539 1.64823572755484
540 1.64806466507146
541 1.64780589008985
542 1.64746638037418
543 1.64705333058981
544 1.64657408515232
545 1.64603607376237
546 1.64544674996414
547 1.64481353302341
548 1.6441437533787
549 1.64344460187761
550 1.64272308296922
551 1.64198597198378
552 1.64123977659215
553 1.64049070250046
554 1.63974462339989
555 1.63900705515801
556 1.6382831342066
557 1.63757760005129
558 1.63689478180156
559 1.63623858859433
560 1.63561250376235
561 1.63501958257838
562 1.63446245338839
563 1.63394332193217
564 1.63346397863666
565 1.63302580865705
566 1.63262980443251
567 1.63227658051764
568 1.63196639044686
569 1.63169914538747
570 1.63147443433736
571 1.63129154562531
572 1.63114948947609
573 1.63104702140756
574 1.63098266623425
575 1.63095474245992
576 1.63096138685117
577 1.63100057899456
578 1.63107016565107
579 1.63116788473406
580 1.63129138874939
581 1.63143826754982
582 1.63160607026958
583 1.63179232631854
584 1.63199456532985
585 1.63221033596859
586 1.63243722352328
587 1.6326728662153
588 1.63291497017549
589 1.63316132304938
590 1.63340980620595
591 1.63365840553627
592 1.63390522084026
593 1.63414847381056
594 1.63438651463254
595 1.63461782722924
596 1.63484103318838
597 1.63505489441671
598 1.63525831457404
599 1.63545033934562
600 1.63563015561691
601 1.63579708961968
602 1.63595060412226
603 1.63609029473966
604 1.63621588544201
605 1.63632722334119
606 1.63642427283645
607 1.63650710920022
608 1.63657591168494
609 1.63663095623059
610 1.63667260785135
611 1.63670131277767
612 1.63671759042748
613 1.63672202527757
614 1.63671525870259
615 1.63669798084594
616 1.6366709225823
617 1.63663484762821
618 1.63659054485207
619 1.63653882083088
620 1.63648049269635
621 1.63641638130848
622 1.63634730478971
623 1.63627407244863
624 1.63619747911711
625 1.63611829992056
626 1.63603728549638
627 1.63595515767158
628 1.63587260560623
629 1.63579028240557
630 1.63570880220001
631 1.63562873768836
632 1.63555061813682
633 1.63547492782291
634 1.63540210491075
635 1.63533254074182
636 1.63526657952283
637 1.63520451839042
638 1.6351466078308
639 1.63509305243083
640 1.63504401193598
641 1.63499960258951
642 1.63495989872681
643 1.63492493459805
644 1.63489470639233
645 1.63486917443637
646 1.63484826554112
647 1.63483187546986
648 1.6348198715022
649 1.63481209506885
650 1.63480836443317
651 1.63480847739632
652 1.63481221400407
653 1.63481933923466
654 1.63482960564807
655 1.63484275597905
656 1.63485852565707
657 1.6348766452383
658 1.63489684273608
659 1.63491884583795
660 1.63494238399875
661 1.63496719040091
662 1.63499300377465
663 1.63501957007218
664 1.63504664399132
665 1.63507399034578
666 1.63510138528022
667 1.63512861732965
668 1.63515548832418
669 1.63518181414079
670 1.63520742530532
671 1.63523216744848
672 1.63525590162087
673 1.63527850447248
674 1.63529986830322
675 1.63531990099125
676 1.63533852580675
677 1.63535568111913
678 1.63537132000575
679 1.63538540977101
680 1.63539793138445
681 1.63540887884673
682 1.63541825849255
683 1.63542608823928
684 1.6354323967902
685 1.63543722280104
686 1.63544061401812
687 1.63544262639643
688 1.63544332320548
689 1.63544277413027
690 1.63544105437477
691 1.63543824377439
692 1.63543442592377
693 1.63542968732567
694 1.63542411656617
695 1.63541780352111
696 1.63541083859783
697 1.63540331201618
698 1.63539531313188
699 1.63538692980504
700 1.63537824781614
701 1.63536935033102
702 1.63536031741643
703 1.63535122560668
704 1.63534214752197
705 1.63533315153828
706 1.63532430150842
707 1.63531565653343
708 1.63530727078319
709 1.63529919336487
710 1.63529146823739
711 1.63528413417003
712 1.63527722474293
713 1.635270768387
714 1.63526478846096
715 1.63525930336242
716 1.63525432667062
717 1.6352498673176
718 1.63524592978504
719 1.63524251432388
720 1.63523961719351
721 1.63523723091785
722 1.63523534455519
723 1.63523394397916
724 1.63523301216782
725 1.63523252949846
726 1.6352324740453
727 1.63523282187782
728 1.63523354735735
729 1.63523462342974
730 1.63523602191219
731 1.63523771377225
732 1.63523966939744
733 1.63524185885391
734 1.63524425213281
735 1.63524681938315
736 1.63524953113021
737 1.63525235847869
738 1.63525527329974
739 1.63525824840158
740 1.63526125768326
741 1.6352642762713
742 1.63526728063919
743 1.63527024870988
744 1.63527315994128
745 1.63527599539534
746 1.63527873779078
747 1.63528137154041
748 1.6352838827732
749 1.63528625934221
750 1.63528849081879
751 1.63529056847411
752 1.63529248524874
753 1.63529423571127
754 1.63529581600692
755 1.63529722379697
756 1.63529845819021
757 1.63529951966717
758 1.63530040999831
759 1.63530113215696
760 1.63530169022814
761 1.63530208931403
762 1.63530233543714
763 1.63530243544197
764 1.63530239689601
765 1.63530222799086
766 1.63530193744426
767 1.63530153440369
768 1.63530102835219
769 1.63530042901696
770 1.63529974628137
771 1.63529899010076
772 1.63529817042248
773 1.63529729711058
774 1.6352963798754
775 1.63529542820838
776 1.63529445132221
777 1.63529345809653
778 1.63529245702929
779 1.63529145619377
780 1.63529046320127
781 1.63528948516946
782 1.6352885286963
783 1.63528759983941
784 1.63528670410073
785 1.63528584641623
786 1.63528503115065
787 1.63528426209674
788 1.63528354247902
789 1.63528287496156
790 1.6352822616597
791 1.63528170415514
792 1.63528120351437
793 1.63528076030987
794 1.63528037464394
795 1.6352800461747
796 1.63527977414405
797 1.63527955740713
798 1.6352793944631
799 1.63527928348689
800 1.86693279379012
801 1.87956492299676
802 1.89242209707598
803 1.905279313232
804 1.91813656850788
805 1.9309938598172
806 1.943851183975
807 1.95670853772759
808 1.96956591778134
809 1.98242332082996
810 1.99360918304547
811 2.00188001877763
812 2.00768549921499
813 2.011372841135
814 2.01321238048578
815 2.01341457190829
816 2.01214323166876
817 2.00952585291868
818 2.00566164046501
819 2.00062776917133
820 1.99449632028137
821 1.9873553659875
822 1.97931049998593
823 1.97047575126946
824 1.96096769332145
825 1.95090175133613
826 1.9403900233089
827 1.92954012588835
828 1.918454718157
829 1.90723145978185
830 1.89596314750559
831 1.88473772973915
832 1.8736380776798
833 1.86274162143826
834 1.85211998214926
835 1.84183866602074
836 1.83195684688663
837 1.82252724094206
838 1.8135960650749
839 1.80520306458813
840 1.79738159511197
841 1.79015874653817
842 1.78355550200524
843 1.7775869290387
844 1.7722624014898
845 1.76758585079166
846 1.76355604433212
847 1.76016688797533
848 1.75740774919693
849 1.75526379700802
850 1.75371635481337
851 1.75274326250949
852 1.75231924437964
853 1.75241627960368
854 1.753003972431
855 1.75404991926336
856 1.75552007007338
857 1.75737908175982
858 1.7595906612214
859 1.7621178961227
860 1.76492357152818
861 1.76797047079044
862 1.77122165929286
863 1.77464074985953
864 1.77819214885554
865 1.78184128220454
866 1.78555480074809
867 1.78930076456143
868 1.79304880602196
869 1.79677027159995
870 1.8004383425044
871 1.80402813447043
872 1.80751677711699
873 1.81088347343519
874 1.81410954008671
875 1.81717842929944
876 1.82007573324283
877 1.82278917184853
878 1.82530856511303
879 1.82762579097795
880 1.82973472993129
881 1.83163119750874
882 1.83331286589898
883 1.83477917587173
884 1.83603124025095
885 1.83707174015084
886 1.83790481517764
887 1.83853594877785
888 1.83897184988305
889 1.8392203319641
890 1.83929019056396
891 1.83919108032888
892 1.83893339250329
893 1.83852813379555
894 1.83798680745901
895 1.8373212973683
896 1.8365437558032
897 1.83566649558374
898 1.83470188713015
899 1.83366226095133
900 1.83255981599521
901 1.83140653422509
902 1.8302141017179
903 1.82899383651366
904 1.82775662338111
905 1.82651285560211
906 1.82527238381829
907 1.82404447192715
908 1.82283775996174
909 1.82166023383858
910 1.82051920181293
911 1.8194212774383
912 1.81837236878936
913 1.81737767367337
914 1.81644168052513
915 1.81556817465479
916 1.81476024949571
917 1.81402032248179
918 1.81335015516926
919 1.81275087720793
920 1.81222301375961
921 1.81176651595855
922 1.81138079400827
923 1.81106475251259
924 1.81081682764404
925 1.81063502576215
926 1.81051696310443
927 1.81045990618673
928 1.81046081256475
929 1.81051637162554
930 1.81062304509656
931 1.81077710697983
932 1.81097468263964
933 1.81121178679443
934 1.81148436018577
935 1.81178830472053
936 1.81211951690566
937 1.81247391941802
938 1.81284749067525
939 1.81323629229622
940 1.81363649436231
941 1.81404439841226
942 1.81445645812478
943 1.81486929766307
944 1.81527972767482
945 1.81568475895944
946 1.81608161383136
947 1.81646773522422
948 1.81684079359529
949 1.81719869170307
950 1.81753956734267
951 1.81786179413484
952 1.81816398047333
953 1.81844496674375
954 1.81870382093359
955 1.81893983275857
956 1.81915250643457
957 1.8193415522276
958 1.81950687691555
959 1.81964857329679
960 1.81976690887947
961 1.81986231388474
962 1.8199353686942
963 1.81998679086894
964 1.82001742186345
965 1.82002821355312
966 1.82002021468842
967 1.81999455738331
968 1.81995244373872
969 1.81989513269541
970 1.81982392720319
971 1.81974016178634
972 1.81964519057725
973 1.81954037588284
974 1.81942707734043
975 1.81930664171211
976 1.81918039335897
977 1.81904962542897
978 1.81891559178489
979 1.81877949969177
980 1.81864250327605
981 1.81850569776256
982 1.81837011448855
983 1.81823671668877
984 1.81810639603958
985 1.81797996994521
986 1.81785817954452
987 1.81774168841235
988 1.81763108192587
989 1.81752686726268
990 1.81742947399483
991 1.81733925524008
992 1.81725648933009
993 1.81718138195318
994 1.81711406872835
995 1.81705461816637
996 1.81700303497336
997 1.81695926365202
998 1.81692319235634
999 1.81689465695575
1000 1.81687344526594
1001 1.81685930140459
1002 1.81685193023172
1003 1.81685100183592
1004 1.81685615602984
1005 1.81686700681997
1006 1.81688314681831
1007 1.81690415156543
1008 1.81692958373727
1009 1.81695899721007
1010 1.81699194096061
1011 1.81702796278148
1012 1.8170666127936
1013 1.81710744674069
1014 1.81715002905321
1015 1.81719393567141
1016 1.81723875661978
1017 1.81728409832741
1018 1.81732958569123
1019 1.81737486388077
1020 1.81741959988577
1021 1.81746348380921
1022 1.81750622991066
1023 1.81754757740601
1024 1.81758729103163
1025 1.81762516138179
1026 1.81766100503002
1027 1.81769466444552
1028 1.8177260077171
1029 1.81775492809769
1030 1.8177813433831
1031 1.81780519513922
1032 1.81782644779221
1033 1.81784508759634
1034 1.81786112149448
1035 1.81787457588582
1036 1.8178854953157
1037 1.81789394110186
1038 1.81789998991122
1039 1.81790373230084
1040 1.81790527123626
1041 1.81790472059979
1042 1.81790220370058
1043 1.81789785179795
1044 1.81789180264816
1045 1.81788419908469
1046 1.81787518764064
1047 1.81786491722156
1048 1.8178535378358
1049 1.81784119938891
1050 1.81782805054744
1051 1.81781423767706
1052 1.81779990385864
1053 1.81778518798553
1054 1.81777022394413
1055 1.81775513987933
1056 1.81774005754563
1057 1.81772509174382
1058 1.8177103498428
1059 1.81769593138533
1060 1.81768192777577
1061 1.8176684220477
1062 1.8176554887085
1063 1.81764319365779
1064 1.8176315941761
1065 1.81762073897974
1066 1.81761066833798
1067 1.81760141424767
1068 1.81759300066115
1069 1.81758544376229
1070 1.81757875228602
1071 1.81757292787646
1072 1.81756796547856
1073 1.81756385375849
1074 1.81756057554793
1075 1.8175581083074
1076 1.8175564246042
1077 1.81755549260029
1078 1.81755527654598
1079 1.81755573727525
1080 1.81755683269886
1081 1.81755851829163
1082 1.81756074757052
1083 1.81756347256031
1084 1.81756664424417
1085 1.81757021299645
1086 1.81757412899544
1087 1.81757834261407
1088 1.81758280478693
1089 1.817587467352
1090 1.81759228336606
1091 1.81759720739287
1092 1.81760219576336
1093 1.81760720680761
1094 1.81761220105828
1095 1.81761714142582
1096 1.81762199334537
1097 1.81762672489624
1098 1.81763130689432
1099 1.81763571295844
1100 1.81763991955153
1101 1.81764390599784
1102 1.81764765447732
1103 1.81765114999862
1104 1.81765438035198
1105 1.81765733604379
1106 1.81766001021397
1107 1.81766239853819
1108 1.81766449911625
1109 1.81766631234833
1110 1.81766784080085
1111 1.81766908906343
1112 1.81767006359859
1113 1.81767077258574
1114 1.81767122576102
1115 1.8176714342544
1116 1.81767141042538
1117 1.81767116769881
1118 1.81767072040186
1119 1.81767008360343
1120 1.81766927295708
1121 1.81766830454847
1122 1.81766719474814
1123 1.81766596007061
1124 1.81766461704032
1125 1.81766318206521
1126 1.81766167131835
1127 1.8176601006281
1128 1.81765848537723
1129 1.81765684041107
1130 1.81765517995509
1131 1.81765351754187
1132 1.81765186594747
1133 1.81765023713725
1134 1.81764864222093
1135 1.81764709141672
1136 1.81764559402428
1137 1.81764415840629
1138 1.81764279197809
1139 1.81764150120522
1140 1.81764029160832
1141 1.81763916777491
1142 1.81763813337765
1143 1.8176371911985
1144 1.81763634315832
1145 1.81763559035129
1146 1.81763493308373
1147 1.81763437091667
1148 1.81763390271167
1149 1.81763352667935
1150 1.81763324043019
1151 1.81763304102687
1152 1.8176329250379
1153 1.81763288859195
1154 1.81763292743242
1155 1.81763303697177
1156 1.8176332123454
1157 1.81763344846448
1158 1.81763374006748
1159 1.81763408177012
1160 1.81763446811339
1161 1.81763489360938
1162 1.81763535278474
1163 1.81763584022154
1164 1.81763635059541
1165 1.81763687871075
1166 1.81763741953296
1167 1.81763796821765
1168 1.81763852013666
1169 1.81763907090104
1170 1.81763961638079
1171 1.81764015272163
1172 1.81764067635858
1173 1.81764118402669
1174 1.81764167276875
1175 1.81764213994032
1176 1.81764258321203
1177 1.81764300056936
1178 1.81764339031004
1179 1.81764375103924
1180 1.81764408166264
1181 1.81764438137766
1182 1.81764464966293
1183 1.81764488626623
1184 1.81764509119109
1185 1.81764526468217
1186 1.81764540720962
1187 1.81764551945271
1188 1.81764560228269
1189 1.81764565674521
1190 1.81764568404242
1191 1.81764568551491
1192 1.81764566262357
1193 1.81764561693162
1194 1.81764555008687
1195 1.81764546380437
1196 1.81764535984943
1197 1.81764524002142
1198 1.81764510613802
1199 1.81764496002039
1200 1.81764480347907
