1 2
2 2
3 2
4 2
5 2
6 2
7 2
8 2
9 2
10 2
11 2
12 2
13 2
14 2
15 2
16 2
17 2
18 2
19 2
20 2
21 2
22 2
23 2
24 2
25 2
26 2
27 2
28 2
29 2
30 2.25
31 2.28289444444444
32 2.31733888888889
33 2.35178333333333
34 2.38622777777778
35 2.42067222222222
36 2.45511666666667
37 2.48956111111111
38 2.52400555555556
39 2.55845
40 2.59161432870069
41 2.62238935385692
42 2.65083840220281
43 2.67698722299144
44 2.70084461658909
45 2.72240669821048
46 2.74166022768974
47 2.75858517746658
48 2.77315670844133
49 2.7853466857888
50 2.79513139234849
51 2.8
52 2.8
53 2.8
54 2.8
55 2.79796919695534
56 2.79371445437867
57 2.78730743486515
58 2.77882882261963
59 2.76836776315931
60 2.75602137629777
61 2.74190705017816
62 2.72617105170974
63 2.70895925400436
64 2.69039558458165
65 2.67059687733048
66 2.64968488541408
67 2.62778634661215
68 2.60503180656569
69 2.58155454862
70 2.55748960478778
71 2.53297276840528
72 2.50813950321755
73 2.48312387268101
74 2.45805772748431
75 2.43307012776328
76 2.40828682945521
77 2.38382976915217
78 2.35981655434121
79 2.33635996959339
80 2.31356750656509
81 2.29154092404924
82 2.2703758439062
83 2.25016138824335
84 2.23097986106075
85 2.2129064748296
86 2.19600912116248
87 2.18034818474903
88 2.16597639998261
89 2.15293874980795
90 2.1412724063014
91 2.13100671239923
92 2.12216320403812
93 2.1147556717797
94 2.10879026077836
95 2.10426560774476
96 2.10117301337608
97 2.09949664856838
98 2.09921379259159
99 2.10029510128879
100 2.10270490325513
101 2.10640152185826
102 2.11133762087916
103 2.11746057148214
104 2.12471283816454
105 2.13303238129125
106 2.14235307378733
107 2.15260512954301
108 2.16371554107971
109 2.17560852403251
110 2.18820596602405
111 2.20142787753608
112 2.21519284242773
113 2.2294184658033
114 2.24402181699725
115 2.2589198655178
116 2.27402990787483
117 2.28926998331007
118 2.30455927654807
119 2.31981850579463
120 2.33497029432395
121 2.34993952411621
122 2.36465367013342
123 2.37904311395132
124 2.39304143559924
125 2.40658568259659
126 2.4196166153135
127 2.43207892792385
128 2.44392144435955
129 2.45509728881603
130 2.46556403049912
131 2.47528380244174
132 2.48422339435574
133 2.49235431961719
134 2.49965285661415
135 2.50610006481153
136 2.51168177600939
137 2.51638856138735
138 2.52021567503841
139 2.52316297480029
140 2.52523482129077
141 2.52643995614454
142 2.52679136053405
143 2.52630609513309
144 2.52500512275172
145 2.52291311493229
146 2.52005824384996
147 2.51647196090663
148 2.51218876344458
149 2.50724595103518
150 2.50168337281956
151 2.49554316739091
152 2.48886949671356
153 2.48170827557132
154 2.47410689802755
155 2.46611396236196
156 2.45777899592441
157 2.44915218131496
158 2.44028408526099
159 2.43122539151865
160 2.42202663907566
161 2.41273796687728
162 2.40340886623692
163 2.3940879420279
164 2.38482268368369
165 2.37565924696128
166 2.36664224734582
167 2.35781456589622
168 2.34921716824977
169 2.34088893742075
170 2.33286652094346
171 2.32518419282471
172 2.31787373068441
173 2.3109643083774
174 2.30448240430345
175 2.29845172552808
176 2.29289314775283
177 2.287824671092
178 2.28326139153283
179 2.27921548787873
180 2.27569622390023
181 2.27270996534684
182 2.27026021140442
183 2.26834764011827
184 2.26697016724097
185 2.26612301790758
186 2.26579881048827
187 2.26598765192051
188 2.26667724377974
189 2.26785299830878
190 2.2694981635927
191 2.27159395703681
192 2.27411970628188
193 2.27705299667145
194 2.28036982437248
195 2.28404475424128
196 2.28805108152243
197 2.29236099646928
198 2.29694575097937
199 2.30177582634808
200 2.30682110125802
201 2.31205101913952
202 2.31743475406045
203 2.32294137432935
204 2.32854000302553
205 2.33419997470327
206 2.339890987553
207 2.34558325034165
208 2.35124762349613
209 2.3568557537375
210 2.36238020172005
211 2.3677945621767
212 2.37307357612209
213 2.37819323471469
214 2.38313087443112
215 2.38786526325791
216 2.39237667765808
217 2.39664697012293
218 2.40065962717129
219 2.40439981771085
220 2.40785443172687
221 2.41101210931431
222 2.41386326011797
223 2.41640007329328
224 2.41861651814609
225 2.42050833565408
226 2.42207302111459
227 2.42330979820366
228 2.42421958476854
229 2.42480495071133
230 2.42507006835386
231 2.42502065570361
232 2.42466391306773
233 2.42400845348629
234 2.42306422747701
235 2.42184244260198
236 2.42035547838219
237 2.41861679709776
238 2.41664085102085
239 2.41444298663464
240 2.41203934639472
241 2.40944676858955
242 2.40668268585421
243 2.40376502288627
244 2.40071209390427
245 2.39754250037929
246 2.3942750295562
247 2.39092855426653
248 2.38752193451653
249 2.38407392131468
250 2.38060306318091
251 2.37712761575662
252 2.37366545490905
253 2.37023399369746
254 2.36685010354029
255 2.3635300398938
256 2.36028937272258
257 2.35714292201169
258 2.35410469853894
259 2.35118785009387
260 2.34840461329836
261 2.34576627115139
262 2.34328311638879
263 2.34096442071671
264 2.33881840994668
265 2.3368522450288
266 2.33507200895002
267 2.33348269943476
268 2.33208822735723
269 2.33089142074717
270 2.32989403424523
271 2.32909676383908
272 2.32849926668824
273 2.32810018582398
274 2.32789717949015
275 2.32788695487234
276 2.32806530594615
277 2.32842715515973
278 2.32896659865294
279 2.32967695470363
280 2.33055081508207
281 2.33158009898652
282 2.33275610922725
283 2.33406959032187
284 2.33551078816271
285 2.33706951091628
286 2.33873519081633
287 2.34049694651443
288 2.3423436456572
289 2.34426396736496
290 2.34624646429443
291 2.34827962397738
292 2.35035192913744
293 2.35245191669911
294 2.35456823521626
295 2.35668970046104
296 2.35880534892984
297 2.36090448903838
298 2.36297674979543
299 2.36501212676165
300 2.36700102511865
301 2.36893429969179
302 2.37080329178929
303 2.37259986273958
304 2.37431642402835
305 2.37594596395618
306 2.37748207075737
307 2.37891895213984
308 2.38025145122526
309 2.38147505888734
310 2.38258592250486
311 2.38358085116368
312 2.38445731735978
313 2.38521345527172
314 2.38584805568726
315 2.38636055768394
316 2.38675103717787
317 2.38702019246843
318 2.38716932691931
319 2.38720032892755
320 2.38711564934302
321 2.3869182765101
322 2.3866117091118
323 2.38619992700367
324 2.38568736023105
325 2.38507885642835
326 2.38437964680271
327 2.38359531090739
328 2.38273174041164
329 2.3817951020747
330 2.38079180013067
331 2.37972843828977
332 2.37861178155882
333 2.37744871808004
334 2.3762462211831
335 2.37501131183969
336 2.37375102170381
337 2.37247235691377
338 2.37118226282427
339 2.36988758982842
340 2.36859506042027
341 2.36731123763913
342 2.36604249502631
343 2.36479498821472
344 2.36357462826036
345 2.36238705681384
346 2.3612376232181
347 2.36013136360695
348 2.35907298206717
349 2.35806683391491
350 2.35711691112518
351 2.35622682994147
352 2.3553998206806
353 2.3546387197366
354 2.35394596377578
355 2.35332358610438
356 2.35277321517939
357 2.35229607522272
358 2.35189298888925
359 2.35156438192964
360 2.35131028978005
361 2.35113036600253
362 2.35102389249186
363 2.35098979135792
364 2.35102663838555
365 2.35113267796827
366 2.3513058394071
367 2.35154375446069
368 2.35184377602962
369 2.35220299785412
370 2.35261827510205
371 2.35308624572236
372 2.35360335243775
373 2.35416586524991
374 2.35476990433116
375 2.35541146317656
376 2.35608643189254
377 2.35679062049993
378 2.3575197821317
379 2.35826963600941
380 2.35903589008539
381 2.35981426324256
382 2.36060050694788
383 2.36139042626094
384 2.36217990010432
385 2.36296490070852
386 2.36374151215013
387 2.3645059479085
388 2.36525456737283
389 2.36598389123837
390 2.36669061573756
391 2.36737162565917
392 2.36802400611537
393 2.36864505302452
394 2.36923228228417
395 2.36978343761645
396 2.370296497075
397 2.37076967820971
398 2.37120144189252
399 2.3715904948143
400 2.1215904948143
401 2.05610234530677
402 1.98746908545173
403 1.91879040431785
404 1.85006623014014
405 1.78129672540408
406 1.7124822808403
407 1.64362350838463
408 1.57472123316227
409 1.50577648455879
410 1.43807237026205
411 1.37288922000833
412 1.31046493918838
413 1.25103328806667
414 1.2
415 1.2
416 1.2
417 1.2
418 1.2
419 1.2
420 1.2
421 1.2
422 1.2
423 1.2
424 1.2
425 1.2
426 1.2
427 1.2
428 1.2
429 1.20010320837373
430 1.20257125952881
431 1.20720933097746
432 1.21384961470469
433 1.22234613124
434 1.23257065163304
435 1.24440948431109
436 1.25776093742434
437 1.27253330906347
438 1.28864329028159
439 1.30601416273436
440 1.32456280894235
441 1.34419152719723
442 1.36479236321134
443 1.38625032467173
444 1.40844580765388
445 1.43125642792907
446 1.45455840288977
447 1.47822759403477
448 1.50214029291157
449 1.52617381569691
450 1.55020701675545
451 1.57412083859578
452 1.5977989090316
453 1.62112814282793
454 1.64399932176642
455 1.66630763784652
456 1.68795319156592
457 1.70884144196365
458 1.72888360812915
459 1.74799702370994
460 1.76610544665243
461 1.78313932593465
462 1.79903602610347
463 1.81374000984784
464 1.82720297871193
465 1.83938397216298
466 1.8502494254503
467 1.85977318694671
468 1.86793649590961
469 1.87472792181357
470 1.88014326658357
471 1.88418543120182
472 1.88686424828511
473 1.8881962823422
474 1.88820459952729
475 1.88691850880618
476 1.88437327654497
477 1.88060981661504
478 1.87567435818149
479 1.8696180934038
480 1.86249680732686
481 1.85437049227701
482 1.84530294910238
483 1.83536137760877
484 1.82461595854289
485 1.8131394294632
486 1.80100665681609
487 1.78829420650168
488 1.77507991516862
489 1.76144246442342
490 1.74746096007499
491 1.73321451846159
492 1.71878186182522
493 1.70424092460776
494 1.68966847244544
495 1.67513973553353
496 1.66072805792181
497 1.64650456418562
498 1.63253784479552
499 1.61889366138389
500 1.60563467297801
501 1.59282018413817
502 1.58050591580643
503 1.56874379953739
504 1.55758179564789
505 1.54706373568828
506 1.53722918950428
507 1.5281133570268
508 1.51974698479762
509 1.51215630711177
510 1.5053630115344
511 1.49938422843036
512 1.49423254403005
513 1.48991603644499
514 1.48643833394228
515 1.48379869468842
516 1.4819921070806
517 1.48100940969775
518 1.48083742982459
519 1.48145913943018
520 1.4828538274176
521 1.48499728690481
522 1.48786201624657
523 1.49141743246618
524 1.49563009573121
525 1.5004639434814
526 1.5058805327981
527 1.51183928959376
528 1.51829776319633
529 1.52521188490748
530 1.53253622912446
531 1.54022427563373
532 1.54822867170869
533 1.55650149267583
534 1.5649944996502
535 1.57365939318469
536 1.58244806162629
537 1.59131282302589
538 1.60020665950688
539 1.60908344306062
540 1.61789815180315
541 1.62660707579808
542 1.63516801162326
543 1.64354044493503
544 1.65168572036125
545 1.65956719813433
546 1.66715039695595
547 1.67440312266698
548 1.68129558237813
549 1.68780048379874
550 1.69389311958271
551 1.69955143659107
552 1.70475609005028
553 1.70949048266275
554 1.71374078880208
555 1.71749596399865
556 1.72074773999201
557 1.72349060569419
558 1.72572177447245
559 1.72744113822106
560 1.72865120874875
561 1.72935704706182
562 1.72956618117187
563 1.72928851310216
564 1.72853621580653
565 1.72732362075112
566 1.72566709693997
567 1.72358492219217
568 1.72109714750011
569 1.71822545531536
570 1.71499301262107
571 1.71142431965737
572 1.70754505516976
573 1.70338191904835
574 1.69896247322067
575 1.69431498165023
576 1.68946825027887
577 1.68445146773277
578 1.6792940475899
579 1.67402547298112
580 1.66867514426812
581 1.66327223050935
582 1.65784552538974
583 1.65242330825262
584 1.64703321083171
585 1.64170209023901
586 1.63645590871973
587 1.63131962064008
588 1.62631706712585
589 1.62147087872179
590 1.61680238639239
591 1.61233154113501
592 1.60807684242625
593 1.60405527567228
594 1.60028225878438
595 1.59677159795108
596 1.59353545263014
597 1.59058430973568
598 1.5879269669494
599 1.58557052503967
600 1.58352038902882
601 1.58178027800718
602 1.58035224335274
603 1.57923669507757
604 1.57843243598663
605 1.57793670330192
606 1.577745217374
607 1.57785223707523
608 1.57825062144404
609 1.57893189712652
610 1.57988633114274
611 1.5811030084878
612 1.58256991406393
613 1.58427401842916
614 1.58620136683943
615 1.58833717105627
616 1.59066590338918
617 1.59317139244258
618 1.59583692003997
619 1.59864531880341
620 1.60157906987513
621 1.60462040027801
622 1.60775137942516
623 1.61095401430389
624 1.61421034287626
625 1.61750252525829
626 1.62081293226028
627 1.62412423089387
628 1.6274194664755
629 1.6306821409815
630 1.63389628733696
631 1.63704653934814
632 1.64011819701719
633 1.64309728700688
634 1.64597061805347
635 1.64872583115577
636 1.65135144439916
637 1.65383689230381
638 1.65617255961682
639 1.65834980949814
640 1.66036100608009
641 1.66219953140919
642 1.66385979680793
643 1.66533724872146
644 1.66662836914123
645 1.66773067072325
646 1.66864268674291
647 1.66936395605205
648 1.6698950032254
649 1.67023731410437
650 1.6703933069647
651 1.67036629955238
652 1.67016047224742
653 1.66978082762963
654 1.66923314673242
655 1.6685239422818
656 1.66766040922607
657 1.66665037286922
658 1.66550223492613
659 1.66422491782142
660 1.66282780755562
661 1.66132069546246
662 1.6597137191797
663 1.65801730315271
664 1.65624209898546
665 1.65439892594733
666 1.65249871193651
667 1.65055243519198
668 1.64857106703543
669 1.64656551591342
670 1.6445465729971
671 1.64252485958332
672 1.64051077652642
673 1.63851445591444
674 1.63654571518722
675 1.63461401387723
676 1.63272841313642
677 1.63089753819444
678 1.62912954387563
679 1.62743208328342
680 1.62581227974246
681 1.62427670206993
682 1.62283134322906
683 1.62148160239915
684 1.62023227047854
685 1.61908751901869
686 1.61805089257021
687 1.61712530440464
688 1.61631303555933
689 1.61561573713675
690 1.6150344357748
691 1.61456954218994
692 1.6142208626816
693 1.61398761347369
694 1.61386843775712
695 1.61386142528655
696 1.61396413437469
697 1.61417361611878
698 1.6144864406859
699 1.6148987254774
700 1.61540616498673
701 1.61600406216061
702 1.61668736107002
703 1.61745068069485
704 1.618288349625
705 1.61919444148002
706 1.62016281085043
707 1.62118712956528
708 1.62226092309335
709 1.62337760688878
710 1.62453052249654
711 1.62571297323835
712 1.62691825930582
713 1.62813971209449
714 1.6293707276198
715 1.63060479886456
716 1.63183554691583
717 1.63305675075905
718 1.63426237560635
719 1.63544659964679
720 1.63660383911649
721 1.63772877159747
722 1.63881635746534
723 1.63986185941691
724 1.64086086002024
725 1.6418092772412
726 1.6427033779117
727 1.64353978911618
728 1.64431550748424
729 1.64502790638791
730 1.64567474105331
731 1.64625415160634
732 1.64676466408273
733 1.64720518944202
734 1.64757502063474
735 1.64787382778078
736 1.64810165152526
737 1.64825889464622
738 1.64834631199556
739 1.64836499886168
740 1.64831637784797
741 1.64820218436718
742 1.64802445085644
743 1.64778548982181
744 1.64748787582509
745 1.64713442652816
746 1.64672818291286
747 1.64627238879561
748 1.64577046975717
749 1.64522601160821
750 1.6446427385111
751 1.64402449087741
752 1.64337520315906
753 1.64269888164907
754 1.64199958240533
755 1.6412813894074
756 1.64054839305303
757 1.6398046690969
758 1.63905425812937
759 1.63830114568845
760 1.63754924309255
761 1.63680236907625
762 1.63606423230518
763 1.63533841484011
764 1.63462835661368
765 1.63393734097703
766 1.63326848136644
767 1.63262470913344
768 1.63200876257508
769 1.63142317719374
770 1.63087027720932
771 1.63035216833942
772 1.62987073185653
773 1.62942761992437
774 1.62902425220892
775 1.62866181375344
776 1.62834125410032
777 1.62806328763677
778 1.62782839513552
779 1.62763682645625
780 1.62748860436835
781 1.6273835294506
782 1.627321186019
783 1.6273009490297
784 1.62732199190015
785 1.62738329518827
786 1.62748365606619
787 1.62762169852268
788 1.62779588422586
789 1.62800452397623
790 1.62824578967818
791 1.62851772675748
792 1.62881826695136
793 1.62914524139745
794 1.62949639394813
795 1.62986939463719
796 1.63026185322654
797 1.63067133276196
798 1.63109536306832
799 1.63153145411661
800 1.79636322030839
801 1.81326317117004
802 1.83094272395206
803 1.84862443807596
804 1.86630591581894
805 1.88398481362993
806 1.90165885291865
807 1.9193258302741
808 1.93698362707283
809 1.95463021844143
810 1.9714219485459
811 1.98665419985137
812 2.00041420329093
813 2.01275798769848
814 2.02372432487617
815 2.03333878790813
816 2.04161691921889
817 2.04856668774286
818 2.05419039269871
819 2.05848613662668
820 2.06145327327673
821 2.06310005074898
822 2.06344525110756
823 2.06251609940532
824 2.0603468003684
825 2.0569774772678
826 2.05245340105518
827 2.04682442756577
828 2.04014458287844
829 2.03247175337428
830 2.02386742707132
831 2.01439641289635
832 2.0041264977664
833 1.99312805465688
834 1.98147362612401
835 1.96923749843935
836 1.95649527562043
837 1.94332345877055
838 1.92979903364531
839 1.91599906779936
840 1.90200031783795
841 1.88787884722097
842 1.87370965553412
843 1.85956632063822
844 1.84552065532944
845 1.83164238013702
846 1.81799881376256
847 1.80465458249274
848 1.79167134973249
849 1.77910756662949
850 1.76701824460136
851 1.75545475043561
852 1.74446462450316
853 1.73409142250149
854 1.72437458101995
855 1.71534930709461
856 1.70704649179492
857 1.69949264776028
858 1.6927098704828
859 1.68671582301411
860 1.6815237436604
861 1.67714247612098
862 1.67357652142252
863 1.67082611090355
864 1.6688872994126
865 1.66775207779807
866 1.66740850368986
867 1.6678408495007
868 1.66902976651115
869 1.67095246384443
870 1.67358290108771
871 1.67689199327382
872 1.68084782690267
873 1.68541588565401
874 1.69055928442358
875 1.69623901030229
876 1.70241416911267
877 1.70904223611952
878 1.71607930954033
879 1.72348036549743
880 1.73119951307626
881 1.739190248183
882 1.74740570493011
883 1.75579890331866
884 1.7643229920326
885 1.77293148521151
886 1.7815784921237
887 1.79021893872214
888 1.79880878012935
889 1.80730520316501
890 1.81566681810042
891 1.82385383889719
892 1.83182825126274
893 1.83955396793221
894 1.84699697066487
895 1.85412543852226
896 1.86090986207504
897 1.86732314326526
898 1.87334068073034
899 1.87894044047326
900 1.88410301184154
901 1.88881164885299
902 1.89305229698064
903 1.89681360558115
904 1.90008692622007
905 1.90286629721422
906 1.90514841477461
907 1.90693259119342
908 1.90822070057526
909 1.90901711266508
910 1.90932861537441
911 1.90916432665161
912 1.9085355963822
913 1.90745589904141
914 1.90594071785199
915 1.90400742122753
916 1.90167513230356
917 1.89896459237635
918 1.89589801908238
919 1.89249896016008
920 1.88879214363917
921 1.88480332530282
922 1.88055913426289
923 1.8760869174798
924 1.87141458404544
925 1.86657045003082
926 1.86158308467937
927 1.85648115870286
928 1.85129329540939
929 1.84604792536216
930 1.84077314523441
931 1.83549658148976
932 1.83024525947838
933 1.82504547849909
934 1.81992269333427
935 1.81490140272073
936 1.81000504517367
937 1.80525590253392
938 1.80067501156146
939 1.79628208384931
940 1.79209543428381
941 1.7881319182283
942 1.78440687755877
943 1.78093409563194
944 1.77772576121882
945 1.77479244139009
946 1.7721430632943
947 1.76978490472565
948 1.76772359333534
949 1.76596311429977
950 1.76450582621941
951 1.76335248498529
952 1.7625022753151
953 1.76195284962811
954 1.76170037389803
955 1.76173958009517
956 1.76206382480421
957 1.76266515358119
958 1.76353437059405
959 1.76466111307369
960 1.76603393008851
961 1.7676403651442
962 1.7694670421017
963 1.77149975390068
964 1.77372355357285
965 1.77612284702893
966 1.77868148710576
967 1.78138286836445
968 1.78421002213849
969 1.7871457113399
970 1.79017252454403
971 1.79327296888779
972 1.79642956133238
973 1.79962491785978
974 1.80284184019275
975 1.80606339964919
976 1.80927301776558
977 1.81245454334835
978 1.81559232563815
979 1.81867128329856
980 1.82167696896882
981 1.82459562914821
982 1.82741425920916
983 1.8301206533651
984 1.83270344944919
985 1.83515216838932
986 1.83745724829477
987 1.83961007309922
988 1.84160299573377
989 1.84342935583243
990 1.84508349200015
991 1.84656074870087
992 1.84785747784911
993 1.84897103521404
994 1.84989977176891
995 1.85064302014186
996 1.85120107634544
997 1.85157517698272
998 1.85176747214645
999 1.85178099424488
1000 1.85161962300387
1001 1.85128804690853
1002 1.85079172136038
1003 1.85013682383651
1004 1.84933020634626
1005 1.84837934548843
1006 1.84729229041716
1007 1.84607760902914
1008 1.8447443326863
1009 1.84330189978934
1010 1.84176009851585
1011 1.84012900903448
1012 1.83841894550212
1013 1.83664039814566
1014 1.8348039757226
1015 1.83292034864646
1016 1.8310001930531
1017 1.82905413607334
1018 1.82709270256503
1019 1.8251262635448
1020 1.82316498654573
1021 1.82121878811217
1022 1.81929728862756
1023 1.81740976965469
1024 1.81556513395114
1025 1.8137718683052
1026 1.8120380093201
1027 1.81037111225643
1028 1.80877822302455
1029 1.80726585340056
1030 1.80583995952148
1031 1.80450592369717
1032 1.8032685395587
1033 1.8021320005455
1034 1.80109989171627
1035 1.80017518485239
1036 1.79936023680583
1037 1.79865679102854
1038 1.79806598220521
1039 1.79758834389705
1040 1.79722381909111
1041 1.79697177353694
1042 1.79683101174078
1043 1.79679979547693
1044 1.79687586466581
1045 1.79705646045984
1046 1.79733835037023
1047 1.79771785526102
1048 1.79819087803127
1049 1.79875293380115
1050 1.79939918141463
1051 1.80012445606826
1052 1.80092330287458
1053 1.80179001116766
1054 1.80271864935902
1055 1.8037031001535
1056 1.804737095937
1057 1.80581425415134
1058 1.80692811247556
1059 1.80807216363808
1060 1.80923988968975
1061 1.81042479557451
1062 1.81162044184137
1063 1.81282047634948
1064 1.81401866482636
1065 1.81520892014825
1066 1.81638533022124
1067 1.81754218435122
1068 1.81867399800155
1069 1.81977553584698
1070 1.820841833044
1071 1.82186821464793
1072 1.82285031311846
1073 1.8237840838664
1074 1.82466581880538
1075 1.82549215788311
1076 1.82626009857813
1077 1.82696700335815
1078 1.82761060510703
1079 1.82818901053747
1080 1.82870070161639
1081 1.82914453503975
1082 1.82951973980238
1083 1.82982591291758
1084 1.83006301334894
1085 1.83023135422524
1086 1.83033159341589
1087 1.83036472255151
1088 1.83033205458
1089 1.83023520995426
1090 1.83007610155227
1091 1.82985691843472
1092 1.82958010854895
1093 1.82924836049092
1094 1.82886458443925
1095 1.82843189237722
1096 1.82795357771949
1097 1.82743309446097
1098 1.82687403596506
1099 1.82628011350754
1100 1.82565513469153
1101 1.82500298184641
1102 1.82432759052181
1103 1.82363292818449
1104 1.82292297322245
1105 1.82220169435701
1106 1.82147303055911
1107 1.82074087156133
1108 1.82000903905228
1109 1.81928126863429
1110 1.81856119261994
1111 1.81785232373691
1112 1.81715803980424
1113 1.81648156943716
1114 1.81582597883066
1115 1.81519415966574
1116 1.81458881817525
1117 1.81401246539973
1118 1.81346740865677
1119 1.81295574424063
1120 1.81247935136245
1121 1.81203988733448
1122 1.81163878399556
1123 1.8112772453687
1124 1.81095624653551
1125 1.8106765337064
1126 1.81043862545969
1127 1.81024281511758
1128 1.81008917422166
1129 1.80997755706586
1130 1.8099076062404
1131 1.80987875913595
1132 1.80989025535363
1133 1.80994114496283
1134 1.81003029754596
1135 1.81015641196653
1136 1.81031802679451
1137 1.81051353132118
1138 1.81074117709427
1139 1.81099908990255
1140 1.81128528213908
1141 1.81159766547113
1142 1.81193406374554
1143 1.812292226058
1144 1.81266983991607
1145 1.81306454442637
1146 1.81347394343801
1147 1.81389561857606
1148 1.81432714210071
1149 1.81476608953038
1150 1.81521005196927
1151 1.81565664808287
1152 1.81610353566812
1153 1.81654842276769
1154 1.81698907828195
1155 1.81742334203518
1156 1.81784913425677
1157 1.8182644644417
1158 1.81866743955889
1159 1.81905627157957
1160 1.81942928430251
1161 1.81978491945643
1162 1.82012174206457
1163 1.82043844506015
1164 1.82073385314576
1165 1.82100692589354
1166 1.82125676008713
1167 1.82148259131017
1168 1.82168379478985
1169 1.82185988550759
1170 1.82201051759259
1171 1.82213548301713
1172 1.82223470961567
1173 1.82230825845291
1174 1.82235632056858
1175 1.82237921312942
1176 1.82237737502111
1177 1.82235136191502
1178 1.82230184084672
1179 1.82222958434462
1180 1.82213546414883
1181 1.82202044456137
1182 1.82188557546982
1183 1.82173198508741
1184 1.82156087245287
1185 1.82137349973374
1186 1.82117118437682
1187 1.82095529114927
1188 1.82072722411357
1189 1.8204884185787
1190 1.82024033306932
1191 1.81998444135369
1192 1.81972222456958
1193 1.81945516348654
1194 1.81918473094093
1195 1.81891238447861
1196 1.81863955923834
1197 1.81836766110704
1198 1.81809806017572
1199 1.81783208452318
1200 1.81757101435177
