1 2
2 2
3 2
4 2
5 2
6 2
7 2
8 2
9 2
10 2
11 2
12 2
13 2
14 2
15 2
16 2
17 2
18 2
19 2
20 2
21 2
22 2
23 2
24 2
25 2
26 2
27 2
28 2
29 2
30 2.25
31 2.26588888888889
32 2.29477777777778
33 2.32366666666667
34 2.35255555555556
35 2.38144444444444
36 2.41033333333333
37 2.43922222222222
38 2.46811111111111
39 2.497
40 2.52476968801389
41 2.55057665987231
42 2.57459687299862
43 2.59686762810027
44 2.61741310992974
45 2.63624514336625
46 2.6533662689025
47 2.66877212148384
48 2.68245326751796
49 2.6943966206099
50 2.70459154033263
51 2.71303790029288
52 2.71974695656994
53 2.72473888012003
54 2.72804152294127
55 2.72968947525298
56 2.72972336568798
57 2.72818933594809
58 2.72513864046155
59 2.72062733509633
60 2.71471600650824
61 2.70746947557718
62 2.69895644531066
63 2.68924911119852
64 2.67842275450042
65 2.66655532872197
66 2.65372704589545
67 2.64001996660445
68 2.62551759596482
69 2.61030448668289
70 2.59446584974602
71 2.57808717329852
72 2.56125385062366
73 2.54405081847114
74 2.52656220706625
75 2.50887100309438
76 2.49105872685519
77 2.47320512465461
78 2.45538787737316
79 2.43768232602545
80 2.42016121501361
81 2.4028944536757
82 2.38594889663552
83 2.36938814336844
84 2.35327235730593
85 2.33765810471034
86 2.32259821346006
87 2.30814165179594
88 2.29433342699168
89 2.28121450382609
90 2.2688217426529
91 2.25718785678506
92 2.24634138883526
93 2.23630670558332
94 2.22710401087306
95 2.21874937597844
96 2.21125478681902
97 2.20462820735019
98 2.19887365840287
99 2.19399131120192
100 2.18997759475049
101 2.18682531623151
102 2.18452379354514
103 2.1830589990738
104 2.18241371374374
105 2.1825676904342
106 2.1834978257715
107 2.18517833933686
108 2.18758095931185
109 2.19067511358552
110 2.19442812535084
111 2.19880541222665
112 2.20377068795274
113 2.2092861657218
114 2.21531276223092
115 2.22181030155834
116 2.22873771799657
117 2.23605325700234
118 2.24371467345506
119 2.25167942644996
120 2.25990486988857
121 2.26834843816789
122 2.27696782631029
123 2.28572116391831
124 2.29456718238251
125 2.30346537481534
126 2.31237614822997
127 2.3212609675298
128 2.33008249092161
129 2.33880469641302
130 2.34739299910256
131 2.35581435901825
132 2.36403737930819
133 2.37203239463319
134 2.37977154965786
135 2.38722886758202
136 2.39438030869817
137 2.40120381900451
138 2.40767936894419
139 2.41378898238222
140 2.41951675596996
141 2.42484886908411
142 2.42977358456238
143 2.43428124049098
144 2.43836423333055
145 2.44201699269591
146 2.44523594813226
147 2.44801948825464
148 2.4503679126405
149 2.4522833768848
150 2.45376983124514
151 2.45483295331986
152 2.45548007521503
153 2.4557201056673
154 2.45556344759784
155 2.45502191157901
156 2.45410862569927
157 2.45283794231377
158 2.4512253421675
159 2.44928733637578
160 2.44704136674212
161 2.44450570488729
162 2.44169935065531
163 2.43864193025183
164 2.43535359455904
165 2.43185491805765
166 2.4281667987723
167 2.42431035964012
168 2.42030685168519
169 2.41617755936317
170 2.41194370842063
171 2.40762637659329
172 2.40324640744619
173 2.39882432763664
174 2.39438026785848
175 2.38993388770283
176 2.38550430464757
177 2.38111002736367
178 2.376768893503
179 2.37249801210843
180 2.36831371076305
181 2.36423148757197
182 2.36026596804679
183 2.35643086693971
184 2.3527389550519
185 2.3492020310187
186 2.34583089805266
187 2.34263534560506
188 2.33962413588614
189 2.3368049951656
190 2.33418460975619
191 2.33176862656631
192 2.3295616580907
193 2.32756729169353
194 2.32578810302321
195 2.32422567338579
196 2.32288061089105
197 2.32175257517484
198 2.32084030549143
199 2.32014165196063
200 2.31965360974739
201 2.31937235594501
202 2.31929328892798
203 2.31941106993652
204 2.31971966665192
205 2.32021239852015
206 2.32088198358028
207 2.32172058655496
208 2.32271986796142
209 2.32387103400377
210 2.32516488701106
211 2.32659187618957
212 2.32814214846296
213 2.32980559918014
214 2.33157192247711
215 2.33343066108687
216 2.33537125539929
217 2.33738309158193
218 2.33945554858191
219 2.34157804383892
220 2.34374007754951
221 2.34593127533396
222 2.34814142916747
223 2.35036053644929
224 2.35257883709437
225 2.35478684854445
226 2.35697539860675
227 2.35913565604067
228 2.36125915882462
229 2.36333784004703
230 2.36536405137736
231 2.3673305840844
232 2.36923068758069
233 2.37105808548321
234 2.372806989191
235 2.37447210899153
236 2.37604866271749
237 2.3775323819856
238 2.37891951605889
239 2.38020683338227
240 2.38139162085052
241 2.38247168087516
242 2.38344532632486
243 2.3843113734206
244 2.38506913267356
245 2.38571839795948
246 2.38625943382866
247 2.38669296115546
248 2.38702014123554
249 2.38724255844245
250 2.38736220155839
251 2.38738144389638
252 2.38730302233295
253 2.38713001537168
254 2.38686582035906
255 2.38651412997375
256 2.38607890811069
257 2.38556436528025
258 2.3849749336414
259 2.38431524178631
260 2.38359008939125
261 2.3828044218463
262 2.38196330497301
263 2.38107189993608
264 2.38013543845093
265 2.37915919838516
266 2.37814847984743
267 2.37710858185242
268 2.3760447796458
269 2.37496230276771
270 2.37386631392814
271 2.37276188876188
272 2.37165399652498
273 2.37054748178917
274 2.36944704718457
275 2.36835723723517
276 2.36728242332574
277 2.36622678983269
278 2.36519432144578
279 2.36418879170144
280 2.36321375274284
281 2.36227252631622
282 2.36136819600721
283 2.36050360071569
284 2.35968132936231
285 2.35890371681485
286 2.35817284101749
287 2.35749052130162
288 2.35685831785225
289 2.35627753229973
290 2.35574920940285
291 2.35527413978526
292 2.35485286368401
293 2.35448567566578
294 2.35417263026324
295 2.35391354848173
296 2.35370802512387
297 2.35355543687774
298 2.35345495111248
299 2.35340553532393
300 2.35340596717137
301 2.35345484504586
302 2.35355059911006
303 2.35369150274873
304 2.35387568436961
305 2.35410113949405
306 2.35436574307759
307 2.35466726200112
308 2.35500336767439
309 2.35537164869477
310 2.35576962350523
311 2.35619475299763
312 2.35664445300859
313 2.35711610665761
314 2.35760707647886
315 2.35811471630052
316 2.35863638282784
317 2.35916944688864
318 2.35971130430249
319 2.36025938633757
320 2.36081116972205
321 2.36136418617949
322 2.36191603146088
323 2.36246437384869
324 2.3630069621113
325 2.36354163288924
326 2.36406631749743
327 2.3645790481308
328 2.36507796346337
329 2.36556131363382
330 2.36602746461347
331 2.36647490195533
332 2.36690223392532
333 2.36730819401996
334 2.36769164287655
335 2.3680515695851
336 2.36838709241289
337 2.36869745895527
338 2.36898204572793
339 2.36924035721839
340 2.36947202441562
341 2.36967680283896
342 2.36985457008883
343 2.37000532294306
344 2.37012917402407
345 2.37022634806336
346 2.37029717779039
347 2.37034209947422
348 2.3703616481467
349 2.37035645253653
350 2.37032722974418
351 2.37027477968761
352 2.37019997934912
353 2.37010377685357
354 2.36998718540799
355 2.36985127713253
356 2.36969717681222
357 2.36952605559849
358 2.36933912468889
359 2.36913762901271
360 2.36892284094935
361 2.36869605410548
362 2.368458577176
363 2.36821172791268
364 2.36795682722341
365 2.36769519342364
366 2.36742813666024
367 2.36715695352713
368 2.36688292188998
369 2.36660729593664
370 2.36633130146792
371 2.36605613144229
372 2.36578294178642
373 2.36551284748197
374 2.36524691893785
375 2.36498617865516
376 2.36473159819123
377 2.36448409542709
378 2.36424453214171
379 2.36401371189475
380 2.36379237821825
381 2.36358121311622
382 2.36338083587013
383 2.36319180214664
384 2.36301460340292
385 2.3628496665839
386 2.36269735410439
387 2.36255796410823
388 2.36243173099552
389 2.36231882620823
390 2.36221935926349
391 2.36213337902324
392 2.36206087518806
393 2.36200178000263
394 2.36195597015944
395 2.36192326888712
396 2.36190344820918
397 2.36189623135872
398 2.36190129533448
399 2.36191827358311
400 2.11191827358311
401 2.0801800427957
402 2.02245239371085
403 1.96473481438979
404 1.90702676412138
405 1.84932767654698
406 1.79163696280741
407 1.73395401469798
408 1.67627820781786
409 1.61860890470037
410 1.56206478630903
411 1.50755993301622
412 1.45509610792101
413 1.4048313850013
414 1.35690370235641
415 1.31143934793438
416 1.26855460938726
417 1.22835710518412
418 1.2
419 1.2
420 1.2
421 1.2
422 1.2
423 1.2
424 1.2
425 1.2
426 1.2
427 1.2
428 1.2
429 1.2
430 1.2
431 1.20043782919618
432 1.20288069671781
433 1.20715556446067
434 1.213114420094
435 1.22062939237394
436 1.22958891454352
437 1.23989470568802
438 1.25145939070989
439 1.26420461915761
440 1.27805957396983
441 1.2929578251366
442 1.30882801343969
443 1.32558964344882
444 1.34315629749788
445 1.36143771249024
446 1.38034133191952
447 1.3997734641747
448 1.41964014559308
449 1.43984778215831
450 1.46030362525028
451 1.48091613172565
452 1.50159528291354
453 1.52225292426456
454 1.54280312283751
455 1.56316251808013
456 1.58325065363607
457 1.60299028332525
458 1.62230764808811
459 1.64113272302555
460 1.65939943511518
461 1.67704585299243
462 1.69401435036991
463 1.71025174430057
464 1.72570940900009
465 1.74034336568922
466 1.75411434886741
467 1.76698784947277
468 1.77893413546863
469 1.78992825049317
470 1.79994999129775
471 1.8089838647752
472 1.81701902543849
473 1.8240491942569
474 1.83007255979606
475 1.83509166264382
476 1.83911326413663
477 1.84214820043153
478 1.84421122299581
479 1.84532082660944
480 1.8454990659942
481 1.84477136219741
482 1.84316629986744
483 1.8407154165626
484 1.8374529852345
485 1.83341579102242
486 1.8286429034855
487 1.82317544538623
488 1.81705635912058
489 1.81033017186875
490 1.80304276051434
491 1.79524111735093
492 1.78697311756217
493 1.77828728942556
494 1.76923258815133
495 1.75985817422615
496 1.75021319708718
497 1.74034658490602
498 1.73030684121305
499 1.72014184904344
500 1.7098986832338
501 1.69962343144611
502 1.68936102444167
503 1.67915507607344
504 1.66904773341004
505 1.65907953734992
506 1.64928929402864
507 1.63971395726789
508 1.63038852226003
509 1.62134593062872
510 1.61261698695306
511 1.60423028679151
512 1.59621215619108
513 1.58858660261871
514 1.58137527720459
515 1.57459744814153
516 1.5682699850413
517 1.56240735400743
518 1.55702162314459
519 1.55212247818812
520 1.54771724790242
521 1.54381093886536
522 1.54040627922589
523 1.53750377099553
524 1.53510175041015
525 1.53319645587665
526 1.53178210300047
527 1.53085096617376
528 1.53039346619022
529 1.53039826334208
530 1.53085235544633
531 1.53174118024184
532 1.53304872159575
533 1.5347576189572
534 1.53684927949816
535 1.53930399238545
536 1.54210104463438
537 1.54521883800331
538 1.54863500639881
539 1.55232653327432
540 1.55626986851914
541 1.56044104435141
542 1.5648157897464
543 1.56936964295092
544 1.57407806165546
545 1.57891653041782
546 1.58386066495505
547 1.58888631294479
548 1.59396965100212
549 1.59908727752372
550 1.60421630111762
551 1.60933442436358
552 1.61442002267626
553 1.61945221807087
554 1.62441094765827
555 1.62927702672408
556 1.6340322062736
557 1.63865922495132
558 1.64314185527058
559 1.64746494411503
560 1.65161444749917
561 1.65557745960035
562 1.65934223609849
563 1.66289821188356
564 1.66623601321303
565 1.66934746442293
566 1.67222558931691
567 1.67486460737665
568 1.67725992495529
569 1.67940812163258
570 1.68130693192594
571 1.68295522256638
572 1.68435296556104
573 1.68550120727618
574 1.68640203378476
575 1.68705853273213
576 1.68747475198085
577 1.68765565530235
578 1.68760707538828
579 1.687335664458
580 1.68684884274156
581 1.68615474511837
582 1.68526216619214
583 1.68418050408126
584 1.68291970320166
585 1.68149019631543
586 1.67990284611434
587 1.67816888660146
588 1.67629986452783
589 1.67430758113352
590 1.6722040344342
591 1.67000136228515
592 1.66771178644492
593 1.66534755785016
594 1.66292090330216
595 1.66044397375394
596 1.65792879437437
597 1.65538721655364
598 1.65283087200097
599 1.65027112907259
600 1.64771905145466
601 1.64518535931167
602 1.64268039299794
603 1.64021407941555
604 1.63779590108847
605 1.63543486800938
606 1.63313949230169
607 1.63091776572645
608 1.62877714005053
609 1.62672451027998
610 1.62476620074982
611 1.62290795404971
612 1.62115492275336
613 1.61951166390831
614 1.61798213623221
615 1.61656969995166
616 1.61527711921002
617 1.61410656696175
618 1.61305963226256
619 1.61213732985677
620 1.61134011195627
621 1.61066788209919
622 1.6101200109704
623 1.60969535406099
624 1.60939227103935
625 1.60920864670297
626 1.60914191337659
627 1.60918907462018
628 1.60934673010848
629 1.60961110154245
630 1.60997805945272
631 1.61044315075507
632 1.61100162691887
633 1.61164847261039
634 1.61237843467509
635 1.61318605132507
636 1.61406568140089
637 1.61501153358031
638 1.6160176954102
639 1.61707816204236
640 1.61818686455817
641 1.61933769777255
642 1.62052454741244
643 1.6217413165711
644 1.62298195134514
645 1.62424046556733
646 1.6255109645547
647 1.62678766779774
648 1.62806493052329
649 1.62933726407023
650 1.63059935502422
651 1.63184608306404
652 1.63307253747951
653 1.63427403232741
654 1.63544612019867
655 1.63658460457688
656 1.63768555077469
657 1.63874529544128
658 1.6397604546401
659 1.64072793050256
660 1.64164491646912
661 1.64250890113495
662 1.64331767072292
663 1.64406931021178
664 1.64476220315261
665 1.64539503021098
666 1.64596676647698
667 1.64647667758924
668 1.64692431472275
669 1.64730950849396
670 1.64763236183968
671 1.64789324192899
672 1.6480927711702
673 1.6482318173765
674 1.64831148315636
675 1.64833309459573
676 1.64829818930044
677 1.64820850386813
678 1.64806596085918
679 1.64787265533681
680 1.64763084104589
681 1.64734291629998
682 1.64701140964516
683 1.64663896536846
684 1.6462283289172
685 1.6457823322944
686 1.64530387949333
687 1.64479593203265
688 1.64426149465123
689 1.64370360121943
690 1.64312530092131
691 1.64252964475902
692 1.64191967242862
693 1.64129839961262
694 1.64066880573251
695 1.64003382220037
696 1.63939632120619
697 1.63875910507388
698 1.63812489621536
699 1.63749632770936
700 1.63687593452742
701 1.63626614542672
702 1.63566927552564
703 1.63508751957478
704 1.63452294593266
705 1.63397749125219
706 1.6334529558807
707 1.63295099997314
708 1.63247314031522
709 1.63202074785005
710 1.63159504589907
711 1.63119710906566
712 1.6308278628066
713 1.63048808365477
714 1.63017840007364
715 1.62989929392228
716 1.62965110250741
717 1.62943402119718
718 1.62924810656979
719 1.62909328006839
720 1.62896933213238
721 1.62887592677402
722 1.6288126065683
723 1.62877879802298
724 1.62877381729526
725 1.62879687622062
726 1.62884708861955
727 1.62892347684702
728 1.62902497855006
729 1.62915045359845
730 1.62929869115418
731 1.62946841684522
732 1.62965830001027
733 1.62986696098107
734 1.63009297837034
735 1.63033489633381
736 1.63059123177591
737 1.63086048146996
738 1.63114112906465
739 1.63143165195001
740 1.63173052795738
741 1.63203624186938
742 1.6323472917173
743 1.63266219484482
744 1.63297949371878
745 1.63329776146906
746 1.63361560714159
747 1.63393168064987
748 1.63424467741239
749 1.6345533426648
750 1.63485647543761
751 1.63515293219156
752 1.63544163010495
753 1.63572155000841
754 1.63599173896454
755 1.63625131249133
756 1.63649945642978
757 1.63673542845781
758 1.63695855925375
759 1.63716825331447
760 1.63736398943415
761 1.63754532085126
762 1.63771187507248
763 1.63786335338325
764 1.63799953005602
765 1.63812025126787
766 1.63822543374058
767 1.63831506311644
768 1.63838919208449
769 1.63844793827202
770 1.63849148191699
771 1.63852006333764
772 1.63853398021559
773 1.63853358470954
774 1.63851928041653
775 1.63849151919814
776 1.63845079788898
777 1.63839765490497
778 1.63833266676861
779 1.63825644456856
780 1.6381696303706
781 1.63807289359652
782 1.63796692738756
783 1.6378524449683
784 1.63773017602659
785 1.63760086312465
786 1.63746525815569
787 1.63732411886011
788 1.63717820541448
789 1.63702827710583
790 1.63687508910315
791 1.63671938933724
792 1.63656191549906
793 1.63640339216645
794 1.63624452806753
795 1.63608601348896
796 1.63592851783598
797 1.63577268735044
798 1.63561914299214
799 1.63546847848806
800 1.77904348077517
801 1.78684468395098
802 1.80115036784472
803 1.81546100121038
804 1.829777018431
805 1.8440988186225
806 1.85842676491384
807 1.87276118390161
808 1.88710236527641
809 1.90145056161794
810 1.91516257220731
811 1.92775897483383
812 1.93935442872013
813 1.94998516569497
814 1.95967735088049
815 1.96844821004848
816 1.97630815226253
817 1.98326241610032
818 1.98931234515706
819 1.99445637514591
820 1.99869367714333
821 2.00202888093164
822 2.00447258490265
823 2.00603990769631
824 2.00674975905431
825 2.00662429650293
826 2.00568853238357
827 2.00397004789039
828 2.00149878291998
829 1.99830687918937
830 1.99442854753281
831 1.98989992041419
832 1.98475887253522
833 1.97904482022842
834 1.97279851177192
835 1.96606181467464
836 1.95887750373054
837 1.95128905202209
838 1.94334042602118
839 1.93507588529404
840 1.9265397869926
841 1.9177763953219
842 1.90882969639487
843 1.89974321907666
844 1.89055986247957
845 1.88132173074686
846 1.87206997570726
847 1.86284464791108
848 1.85368455648659
849 1.84462713818766
850 1.83570833594307
851 1.82696248716449
852 1.81842222202068
853 1.81011837183813
854 1.80207988774147
855 1.79433376960021
856 1.78690500530197
857 1.77981652032728
858 1.77308913755641
859 1.76674154719655
860 1.7607902866765
861 1.75524973031732
862 1.7501320885504
863 1.74544741641992
864 1.74120363107374
865 1.73740653791663
866 1.7340598650715
867 1.73116530576858
868 1.72872256825906
869 1.72672943282861
870 1.72518181546774
871 1.72407383773971
872 1.72339790237291
873 1.72314477409357
874 1.72330366520541
875 1.72386232541658
876 1.72480713540996
877 1.72612320365091
878 1.72779446592691
879 1.72980378711605
880 1.73213306468574
881 1.73476333342984
882 1.73767487096052
883 1.74084730348188
884 1.74425971138417
885 1.7478907342113
886 1.75171867456941
887 1.75572160056118
888 1.7598774463483
889 1.76416411046373
890 1.76855955151594
891 1.77304188094798
892 1.77758945253694
893 1.78218094834165
894 1.78679546083019
895 1.79141257094251
896 1.79601242186798
897 1.80057578834186
898 1.80508414128977
899 1.80951970767373
900 1.8138655254181
901 1.81810549331824
902 1.8222244158589
903 1.82620804289332
904 1.83004310415717
905 1.83371733861469
906 1.83721951865631
907 1.84053946918851
908 1.84366808167785
909 1.84659732323039
910 1.84932024080722
911 1.85183096069443
912 1.85412468336324
913 1.85619767387166
914 1.85804724797399
915 1.85967175411824
916 1.86107055152409
917 1.86224398454541
918 1.86319335353142
919 1.86392088240975
920 1.86442968322243
921 1.86472371785213
922 1.86480775718171
923 1.86468733793419
924 1.86436871744298
925 1.86385882660458
926 1.86316522126615
927 1.8622960323004
928 1.8612599146184
929 1.86006599536869
930 1.85872382156759
931 1.85724330740089
932 1.85563468143213
933 1.85390843394623
934 1.85207526465024
935 1.85014603094539
936 1.84813169697601
937 1.84604328365173
938 1.84389181982996
939 1.84168829483504
940 1.8394436124802
941 1.83716854674693
942 1.83487369926524
943 1.83256945872649
944 1.83026596234823
945 1.8279730594988
946 1.82570027757671
947 1.8234567902278
948 1.82125138797066
949 1.81909245128858
950 1.81698792623408
951 1.81494530257994
952 1.81297159453892
953 1.81107332406258
954 1.8092565067184
955 1.8075266401333
956 1.80588869498093
957 1.80434710848009
958 1.80290578036144
959 1.80156807125061
960 1.80033680340669
961 1.79921426374684
962 1.79820220907989
963 1.79730187346437
964 1.79651397759995
965 1.79583874015476
966 1.79527589092588
967 1.79482468572497
968 1.79448392287688
969 1.79425196121535
970 1.79412673945644
971 1.79410579682816
972 1.79418629483256
973 1.79436504001527
974 1.7946385076166
975 1.79500286597805
976 1.79545400157861
977 1.79598754457566
978 1.79659889472709
979 1.79728324757267
980 1.79803562075529
981 1.79885088036538
982 1.79972376719493
983 1.80064892279119
984 1.80162091520398
985 1.80263426432495
986 1.80368346672165
987 1.80476301987419
988 1.80586744572736
989 1.80699131347663
990 1.80812926151177
991 1.80927601844786
992 1.81042642317903
993 1.81157544389664
994 1.81271819601932
995 1.81384995898869
996 1.81496619189064
997 1.81606254786815
998 1.81713488729793
999 1.81817928970899
1000 1.81919206442759
1001 1.82016975993849
1002 1.82110917195866
1003 1.82200735022486
1004 1.82286160400219
1005 1.82366950632585
1006 1.82442889699362
1007 1.82513788433124
1008 1.82579484575758
1009 1.8263984271809
1010 1.82694754126167
1011 1.82744136458106
1012 1.82787933375817
1013 1.82826114056198
1014 1.82858672606731
1015 1.82885627390659
1016 1.82907020267185
1017 1.82922915752324
1018 1.82933400106237
1019 1.82938580353023
1020 1.82938583239063
1021 1.82933554136113
1022 1.82923655895376
1023 1.82909067658873
1024 1.82889983634373
1025 1.82866611840175
1026 1.82839172825959
1027 1.82807898375864
1028 1.82773030199836
1029 1.82734818619207
1030 1.82693521252274
1031 1.82649401705523
1032 1.82602728275953
1033 1.82553772669728
1034 1.82502808742218
1035 1.82450111264196
1036 1.8239595471877
1037 1.82340612133326
1038 1.82284353950508
1039 1.8222744694198
1040 1.82170153168415
1041 1.82112728988884
1042 1.82055424122479
1043 1.81998480764752
1044 1.81942132761194
1045 1.81886604839705
1046 1.81832111903684
1047 1.81778858387068
1048 1.81727037672346
1049 1.81676831572257
1050 1.81628409875638
1051 1.81581929957525
1052 1.81537536453411
1053 1.81495360997228
1054 1.81455522022405
1055 1.8141812462507
1056 1.81383260488244
1057 1.81351007865639
1058 1.81321431623452
1059 1.81294583338353
1060 1.81270501449658
1061 1.81249211463535
1062 1.81230726206879
1063 1.81215046128393
1064 1.81202159644259
1065 1.8119204352565
1066 1.81184663325268
1067 1.81179973839969
1068 1.81177919606485
1069 1.81178435427193
1070 1.81181446922826
1071 1.81186871109012
1072 1.81194616993489
1073 1.81204586190866
1074 1.812166735518
1075 1.81230767803491
1076 1.81246752198419
1077 1.8126450516834
1078 1.81283900980556
1079 1.81304810393612
1080 1.81327101309613
1081 1.81350639420459
1082 1.81375288845411
1083 1.81400912757482
1084 1.81427373996305
1085 1.81454535665211
1086 1.81482261710414
1087 1.81510417480317
1088 1.81538870263115
1089 1.8156748980097
1090 1.81596148779257
1091 1.81624723289436
1092 1.81653093264351
1093 1.81681142884835
1094 1.81708760956698
1095 1.81735841257307
1096 1.81762282851142
1097 1.81787990373824
1098 1.81812874284301
1099 1.81836851085002
1100 1.81859843509909
1101 1.81881780680649
1102 1.8190259823083
1103 1.81922238398984
1104 1.819406500906
1105 1.81957788909846
1106 1.81973617161692
1107 1.81988103825274
1108 1.82001224499394
1109 1.82012961321195
1110 1.82023302859098
1111 1.82032243981192
1112 1.82039785700323
1113 1.82045934997205
1114 1.82050704622928
1115 1.82054112882282
1116 1.82056183399372
1117 1.82056944867019
1118 1.82056430781482
1119 1.82054679164047
1120 1.82051732271041
1121 1.82047636293845
1122 1.82042441050468
1123 1.82036199670248
1124 1.82028968273206
1125 1.82020805645601
1126 1.82011772913168
1127 1.82001933213501
1128 1.81991351369021
1129 1.81980093561912
1130 1.81968227012346
1131 1.81955819661308
1132 1.81942939859234
1133 1.81929656061636
1134 1.81916036532828
1135 1.8190214905879
1136 1.81888060670137
1137 1.8187383737612
1138 1.81859543910455
1139 1.81845243489767
1140 1.81830997585314
1141 1.81816865708597
1142 1.81802905211393
1143 1.81789171100654
1144 1.8177571586865
1145 1.81762589338662
1146 1.81749838526437
1147 1.81737507517572
1148 1.81725637360888
1149 1.81714265977819
1150 1.81703428087737
1151 1.81693155149102
1152 1.81683475316234
1153 1.81674413411455
1154 1.81665990912295
1155 1.81658225953388
1156 1.81651133342632
1157 1.81644724591165
1158 1.81639007956607
1159 1.81633988499043
1160 1.81629668149131
1161 1.81626045787702
1162 1.81623117336202
1163 1.81620875857265
1164 1.81619311664718
1165 1.81618412442278
1166 1.81618163370174
1167 1.81618547258955
1168 1.81619544689683
1169 1.81621134159751
1170 1.81623292233527
1171 1.81625993697054
1172 1.81629211716029
1173 1.81632917996287
1174 1.81637082946027
1175 1.81641675839053
1176 1.81646664978288
1177 1.81652017858854
1178 1.81657701330036
1179 1.81663681755467
1180 1.81669925170892
1181 1.81676397438912
1182 1.81683064400116
1183 1.81689892020077
1184 1.8169684653167
1185 1.81703894572256
1186 1.81711003315283
1187 1.81718140595887
1188 1.81725275030137
1189 1.81732376127583
1190 1.81739414396813
1191 1.81746361443769
1192 1.817531900626
1193 1.81759874318866
1194 1.81766389624967
1195 1.81772712807675
1196 1.81778822167716
1197 1.81784697531356
1198 1.81790320294008
1199 1.81795673455886
1200 1.81800741649785
