1 2
2 2
3 2
4 2
5 2
6 2
7 2
8 2
9 2
10 2
11 2
12 2
13 2
14 2
15 2
16 2
17 2
18 2
19 2
20 2
21 2
22 2
23 2
24 2
25 2
26 2
27 2
28 2
29 2
30 2
31 2
32 2
33 2
34 2
35 2
36 2
37 2
38 2
39 2
40 2
41 2
42 2
43 2
44 2
45 2
46 2
47 2
48 2
49 2
50 2
51 2
52 2
53 2
54 2
55 2
56 2
57 2
58 2
59 2
60 2
61 2
62 2
63 2
64 2
65 2
66 2
67 2
68 2
69 2
70 2
71 2
72 2
73 2
74 2
75 2
76 2
77 2
78 2
79 2
80 2
81 2
82 2
83 2
84 2
85 2
86 2
87 2
88 2
89 2
90 2
91 2
92 2
93 2
94 2
95 2
96 2
97 2
98 2
99 2
100 2
101 2
102 2
103 2
104 2
105 2
106 2
107 2
108 2
109 2
110 2
111 2
112 2
113 2
114 2
115 2
116 2
117 2
118 2
119 2
120 2
121 2
122 2
123 2
124 2
125 2
126 2
127 2
128 2
129 2
130 2
131 2
132 2
133 2
134 2
135 2
136 2
137 2
138 2
139 2
140 2
141 2
142 2
143 2
144 2
145 2
146 2
147 2
148 2
149 2
150 2
151 2
152 2
153 2
154 2
155 2
156 2
157 2
158 2
159 2
160 2
161 2
162 2
163 2
164 2
165 2
166 2
167 2
168 2
169 2
170 2
171 2
172 2
173 2
174 2
175 2
176 2
177 2
178 2
179 2
180 2
181 2
182 2
183 2
184 2
185 2
186 2
187 2
188 2
189 2
190 2
191 2
192 2
193 2
194 2
195 2
196 2
197 2
198 2
199 2
200 2
201 2.25
202 2.5
203 2.75
204 2.8
205 2.8
206 2.8
207 2.8
208 2.8
209 2.8
210 2.8
211 2.79351269937859
212 2.76482735495736
213 2.72119558047991
214 2.66872332119609
215 2.61239308614706
216 2.5561208671696
217 2.50284087167003
218 2.45461042106194
219 2.41272740332256
220 2.37785325894563
221 2.35013541780688
222 2.32932422741458
223 2.31488059630606
224 2.30607172850146
225 2.30205338232201
226 2.30193800902704
227 2.3048488918594
228 2.30996100717341
229 2.31652977043328
230 2.32390912305563
231 2.33156057861586
232 2.33905489911959
233 2.34606803528665
234 2.35237286026931
235 2.35782807377512
236 2.3623654709896
237 2.36597657331972
238 2.36869941843342
239 2.37060611527647
240 2.37179159303367
241 2.37236381633485
242 2.37243560527757
243 2.37211808919276
244 2.3715157372537
245 2.37072284568066
246 2.36982131831416
247 2.36887955211297
248 2.36795222882016
249 2.3670808157072
250 2.36629458912515
251 2.36561201194033
252 2.36504231747508
253 2.36458717630877
254 2.36424234657241
255 2.36399923189223
256 2.363846292942
257 2.36377027798908
258 2.36375725447197
259 2.36379343735745
260 2.36386582080477
261 2.36396262766253
262 2.36407359679121
263 2.36419013145623
264 2.36430533342214
265 2.36441394725875
266 2.3645122380946
267 2.36459782394836
268 2.36466948112547
269 2.36472693823701
270 2.36477067138674
271 2.36480171014511
272 2.36482146120711
273 2.36483155419907
274 2.36483371200878
275 2.36482964628601
276 2.36482097739788
277 2.36480917710651
278 2.36479553153641
279 2.36478112157605
280 2.3647668176704
281 2.36475328596245
282 2.36474100289053
283 2.36473027560182
284 2.36472126586594
285 2.36471401553327
286 2.36470847195598
287 2.36470451215309
288 2.36470196484067
289 2.36470062975235
290 2.36470029393769
291 2.36470074494315
292 2.36470178095297
293 2.36470321809605
294 2.36470489521464
295 2.36470667644552
296 2.36470845198965
297 2.36471013744765
298 2.36471167208133
299 2.36471301633102
300 2.36471414887876
301 2.36471506350301
302 2.36471576592448
303 2.36471627079727
304 2.36471659895735
305 2.36471677500224
306 2.36471682524304
307 2.36471677604236
308 2.36471665253002
309 2.36471647767228
310 2.36471627165833
311 2.36471605156135
312 2.36471583122741
313 2.36471562134566
314 2.36471542965476
315 2.36471526124453
316 2.36471511891637
317 2.36471500357177
318 2.36471491460348
319 2.3647148502701
320 2.36471480803965
321 2.36471478489271
322 2.36471477757966
323 2.36471478283023
324 2.36471479751607
325 2.36471481876929
326 2.36471484406124
327 2.36471487124696
328 2.36471489858094
329 2.3647149247099
330 2.36471494864842
331 2.36471496974229
332 2.36471498762429
333 2.36471500216629
334 2.36471501343066
335 2.36471502162372
336 2.36471502705282
337 2.36471503008838
338 2.3647150311316
339 2.36471503058802
340 2.36471502884699
341 2.36471502626655
342 2.36471502316334
343 2.36471501980676
344 2.36471501641681
345 2.36471501316474
346 2.36471501017598
347 2.36471500753452
348 2.3647150052884
349 2.36471500345556
350 2.3647150020299
351 2.36471500098705
352 2.36471500028976
353 2.3647149998926
354 2.36471499974607
355 2.36471499979989
356 2.36471500000562
357 2.36471500031856
358 2.36471500069907
359 2.36471500111334
360 2.36471500153363
361 2.36471500193828
362 2.36471500231135
363 2.36471500264205
364 2.36471500292411
365 2.36471500315505
366 2.36471500333542
367 2.36471500346809
368 2.36471500355756
369 2.36471500360941
370 2.36471525814417
371 2.36471619778429
372 2.36471835975521
373 2.36472212338532
374 2.36472766911309
375 2.36473500441465
376 2.36474398808901
377 2.36475435337551
378 2.364765731169
379 2.36477767547107
380 2.36478968755816
381 2.36480123562575
382 2.3648118032357
383 2.36482094598575
384 2.36482832905757
385 2.36483373699252
386 2.36483706377068
387 2.36483830071585
388 2.36483752543746
389 2.36483489118382
390 2.36483061597168
391 2.36482282041011
392 2.36481035189142
393 2.36479265706592
394 2.36477137689914
395 2.36474838828306
396 2.36472521805537
397 2.36470305707065
398 2.36468278310262
399 2.36466499081675
400 2.11466499081675
401 1.86466499081675
402 1.61466499081675
403 1.36466499081675
404 1.2
405 1.2
406 1.2
407 1.2
408 1.2
409 1.2
410 1.2
411 1.2
412 1.2
413 1.2
414 1.2
415 1.2
416 1.2
417 1.2
418 1.2
419 1.22188373674987
420 1.26168749011612
421 1.31260503520912
422 1.36905805433807
423 1.42662984253652
424 1.48197250718636
425 1.53269441009651
426 1.57723501115381
427 1.61473397975639
428 1.64490068848875
429 1.66788918547445
430 1.6841826053775
431 1.69448983387652
432 1.69965616433493
433 1.70058872954735
434 1.69819668556934
435 1.69334548148282
436 1.68682406833682
437 1.67932357286197
438 1.67142577095912
439 1.6635996226463
440 1.65620415258264
441 1.64949605677966
442 1.64364056601419
443 1.63872428101879
444 1.63476889742633
445 1.63174494607633
446 1.62958487582934
447 1.62819499335512
448 1.62746594182557
449 1.6272815446266
450 1.62752595955511
451 1.62808918347028
452 1.62887101819175
453 1.62978365761456
454 1.63075308614503
455 1.63171949257499
456 1.63263690442879
457 1.63347223860149
458 1.63420394752724
459 1.63482041866577
460 1.63531826092479
461 1.63570058654038
462 1.6359753723393
463 1.63615396128366
464 1.63624974449984
465 1.63627704608926
466 1.63625021813301
467 1.63618294146409
468 1.63608771886449
469 1.63597554111163
470 1.63585570243615
471 1.63573574010591
472 1.63562147264625
473 1.63551711227925
474 1.63542542916989
475 1.63534794769548
476 1.63528515793626
477 1.63523672869535
478 1.63520171141569
479 1.63517872723406
480 1.63516613200208
481 1.63516215635043
482 1.63516501974668
483 1.63517301899215
484 1.6351845927354
485 1.63519836437647
486 1.63521316623577
487 1.63522804810829
488 1.63524227336323
489 1.63525530562745
490 1.63526678885
491 1.6352765232248
492 1.63528443908125
493 1.63529057046808
494 1.63529502977573
495 1.63529798438446
496 1.63529963600187
497 1.63530020307166
498 1.63529990640006
499 1.63529895795728
500 1.63529755266806
501 1.63529586290351
502 1.63529403532209
503 1.63529218967446
504 1.63529041918069
505 1.63528879210173
506 1.63528735415596
507 1.63528613147088
508 1.635285133805
509 1.63528435782251
510 1.63528379025071
511 1.6352834107945
512 1.63528319472291
513 1.63528311507792
514 1.63528314448527
515 1.635283256571
516 1.6352834270056
517 1.63528363421051
518 1.63528385977015
519 1.63528408859705
520 1.63528430889852
521 1.6352845119919
522 1.63528469201198
523 1.6352848455494
524 1.63528497125324
525 1.63528506942518
526 1.63528514162679
527 1.63528519031583
528 1.63528521852258
529 1.63528522957251
530 1.63528522685828
531 1.63528521366055
532 1.63528519301531
533 1.63528516762327
534 1.63528513979628
535 1.63528511143468
536 1.63528508402977
537 1.63528505868542
538 1.63528503615343
539 1.63528501687809
540 1.63528500104576
541 1.63528498863614
542 1.63528497947211
543 1.63528497326578
544 1.63528496965941
545 1.63528496825997
546 1.6352849686671
547 1.63528497049456
548 1.63528497338532
549 1.63528497702114
550 1.6352849811274
551 1.63528498547394
552 1.63528498987323
553 1.63528499417663
554 1.63528499826962
555 1.63528500206679
556 1.6352850055069
557 1.63528500854844
558 1.63528501116584
559 1.63528501334643
560 1.63528501508367
561 1.63528501636949
562 1.63528501718727
563 1.63528501751041
564 1.63528501730545
565 1.63528501653791
566 1.63528501517935
567 1.63528501321437
568 1.63528501064678
569 1.63528475300508
570 1.63528380975015
571 1.63528164376834
572 1.63527767225302
573 1.63527140639268
574 1.63526263758864
575 1.63525140040087
576 1.63523793729601
577 1.6352226641377
578 1.63520613418956
579 1.63518899710313
580 1.63517194794529
581 1.63515565977814
582 1.63514071441162
583 1.63512755292314
584 1.63511644894469
585 1.63510750933094
586 1.63510070106001
587 1.6350958877153
588 1.63509288412949
589 1.63509149559304
590 1.63509369079474
591 1.63510077434679
592 1.63511349921119
593 1.63513216922457
594 1.63515599757575
595 1.63518274146463
596 1.63521060562027
597 1.63523819504097
598 1.63526446368837
599 1.63528866292042
600 1.63531029350165
601 1.63532906303264
602 1.6353448482581
603 1.63535766161568
604 1.63536762155842
605 1.6353749263103
606 1.63537983080532
607 1.635382626622
608 1.63538362476221
609 1.6353829529114
610 1.63538063779511
611 1.6353766938009
612 1.63537117698271
613 1.63536421174677
614 1.63535599703547
615 1.63534679814903
616 1.63533692952898
617 1.63532673292898
618 1.63531655447711
619 1.6353067232396
620 1.6352975330697
621 1.6352892287968
622 1.6352819971992
623 1.63527596271578
624 1.63527118748831
625 1.63526767507909
626 1.63526537706548
627 1.63526420165886
628 1.6352640235118
629 1.63526469394847
630 1.63526605095996
631 1.6352679284356
632 1.63527016423914
633 1.6352726068741
634 1.63527512060838
635 1.63527758903814
636 1.6352799171611
637 1.63528203209928
638 1.6352838826596
639 1.63528543795006
640 1.63528668528061
641 1.63528762757472
642 1.63528828050299
643 1.63528866952646
644 1.63528882700845
645 1.63528878952161
646 1.6352885954442
647 1.63528828290799
648 1.63528788813168
649 1.63528744414827
650 1.63528697991404
651 1.63528651977065
652 1.63528608321993
653 1.63528568496325
654 1.63528533515404
655 1.63528503981116
656 1.63528480134314
657 1.63528461913775
658 1.63528449017665
659 1.63528440964164
660 1.63528437148586
661 1.63528436894997
662 1.63528439501015
663 1.63528444275015
664 1.6352845056551
665 1.6352845778288
666 1.6352846541393
667 1.63528473030044
668 1.63528480289805
669 1.6352848693708
670 1.63528492795547
671 1.63528497760649
672 1.63528501789849
673 1.63528504891997
674 1.63528507116469
675 1.63528508542646
676 1.63528509270134
677 1.63528509410051
678 1.63528509077554
679 1.63528508385709
680 1.63528507440712
681 1.63528506338415
682 1.63528505162034
683 1.63528503980928
684 1.63528502850261
685 1.63528501811401
686 1.63528500892868
687 1.6352850011169
688 1.63528499475006
689 1.63528498981796
690 1.63528498624632
691 1.63528498391361
692 1.63528498266657
693 1.63528498233394
694 1.63528498273818
695 1.63528498370504
696 1.63528498507095
697 1.63528498668835
698 1.6352849884292
699 1.63528499018679
700 1.63528499187621
701 1.63528499343368
702 1.63528499481508
703 1.63528499599381
704 1.63528499695833
705 1.63528499770952
706 1.63528499825798
707 1.63528499862148
708 1.63528499882262
709 1.63528499888671
710 1.63528499884009
711 1.63528499870859
712 1.6352849985165
713 1.63528499828574
714 1.63528499803533
715 1.63528499778115
716 1.63528499753586
717 1.63528499730897
718 1.63528499710711
719 1.63528499693432
720 1.6352849967924
721 1.63528499668134
722 1.63528499659968
723 1.63528499654491
724 1.63528499651379
725 1.63528499650268
726 1.6352849965078
727 1.63528499652541
728 1.63528499655199
729 1.63528499658438
730 1.63528499661981
731 1.63528499665598
732 1.63528499669104
733 1.63528499672359
734 1.63528499675267
735 1.63528499677765
736 1.63528499679827
737 1.63528499681449
738 1.63528499682624
739 1.63528499683272
740 1.63528499683141
741 1.63528499681678
742 1.63528499677912
743 1.63528499670361
744 1.63528499657008
745 1.63528499635352
746 1.63528499602531
747 1.63528499555517
748 1.63528499491373
749 1.63528499407536
750 1.63528499302117
751 1.63528499174166
752 1.6352849902387
753 1.63528498852661
754 1.63528498663215
755 1.63528498459338
756 1.6352849824576
757 1.63528498027849
758 1.63528497811301
759 1.63528497602241
760 1.63528497407526
761 1.63528497235052
762 1.63528497093966
763 1.63528496994583
764 1.63528496947752
765 1.63528496963955
766 1.63528497052294
767 1.63528497219527
768 1.6352849746923
769 1.63528497801186
770 1.63528498211045
771 1.63528498690323
772 1.63528499226773
773 1.63528499805098
774 1.6352850040794
775 1.63528501017008
776 1.63528501614226
777 1.63528502182772
778 1.63528502707888
779 1.63528503177424
780 1.63528503580258
781 1.63528503905673
782 1.63528504143346
783 1.63528504283721
784 1.63528504319173
785 1.63528504246034
786 1.63528504065492
787 1.63528503783678
788 1.63528503411186
789 1.63528502962245
790 1.63528502453704
791 1.63528501903962
792 1.63528501331931
793 1.63528500756091
794 1.63528500193687
795 1.63528499660079
796 1.63528499168263
797 1.63528498728568
798 1.63528498348499
799 1.63528498032896
800 1.84985333759113
801 2.0063036036756
802 2.11235216575811
803 2.17586315195583
804 2.20457201207023
805 2.20584243456708
806 2.18647023358142
807 2.15253993937546
808 2.10933411936626
809 2.06129154308047
810 2.01200783316236
811 1.96427091026364
812 1.92012307673476
813 1.88094176408565
814 1.84753159854617
815 1.82022135669042
816 1.7989604582358
817 1.78341077275315
818 1.77303062302594
819 1.76714889401322
820 1.76502806550386
821 1.76591575707406
822 1.76908499713705
823 1.77386390493816
824 1.77965581393767
825 1.78595108090282
826 1.7923319341273
827 1.7984717349755
828 1.80412997809463
829 1.80914425506194
830 1.81342027034284
831 1.81692084166245
832 1.81965465143084
833 1.82166535157247
834 1.82302146857192
835 1.82380741420576
836 1.82411578381158
837 1.8240410199291
838 1.82367443524532
839 1.82310052441433
840 1.82239444812573
841 1.82162054282592
842 1.82083169348071
843 1.82006940228018
844 1.81936439080234
845 1.81873758456218
846 1.81820134496957
847 1.81776083265216
848 1.81741540630399
849 1.81715998143023
850 1.81698629259539
851 1.81688402034075
852 1.81684175935268
853 1.81684781748256
854 1.81689084576191
855 1.81696030767938
856 1.81704680185282
857 1.81714225607062
858 1.81724001277221
859 1.8173348266844
860 1.81742279482956
861 1.81750123775969
862 1.81756854891014
863 1.81762402663962
864 1.81766770102557
865 1.81770016497529
866 1.81772241681703
867 1.81773571934211
868 1.81774147833708
869 1.81774114200909
870 1.8177361213781
871 1.8177277306804
872 1.81771714608098
873 1.81770538049804
874 1.81769327206773
875 1.81768148368485
876 1.81767051110692
877 1.81766069727118
878 1.81765225071161
879 1.81764526624889
880 1.81763974643452
881 1.81763562254153
882 1.81763277419229
883 1.81763104698797
884 1.81763026774598
885 1.81763025715729
886 1.81763083984311
887 1.81763185192057
888 1.81763314628233
889 1.81763459585833
890 1.81763609516401
891 1.81763756045236
892 1.81763892878204
893 1.81764015629441
894 1.8176412159638
895 1.81764209505013
896 1.81764279244486
897 1.81764331606289
898 1.81764368039568
899 1.81764390430691
900 1.81764400912146
901 1.81764401703295
902 1.81764394983371
903 1.81764382795476
904 1.81764366979115
905 1.81764349127997
906 1.81764330569359
907 1.81764312360876
908 1.81764295301297
909 1.8176427995114
910 1.8176426666015
911 1.81764255598651
912 1.81764246790381
913 1.81764240144886
914 1.81764235488023
915 1.81764232589509
916 1.81764231186887
917 1.81764231005554
918 1.81764231774797
919 1.81764233239968
920 1.81764235171097
921 1.81764237368349
922 1.81764239664771
923 1.81764241926828
924 1.81764244053199
925 1.81764245972297
926 1.81764247638922
927 1.81764249030401
928 1.81764250142532
929 1.81764250985556
930 1.81764251580362
931 1.81764251955036
932 1.81764252141867
933 1.81764252174818
934 1.81764252087511
935 1.81764251911678
936 1.81764251676063
937 1.81764251405719
938 1.81764251121643
939 1.8176425084069
940 1.81764250575709
941 1.81764250335838
942 1.81764250126913
943 1.81764249951941
944 1.81764249811603
945 1.81764249704754
946 1.81764249628892
947 1.81764249580595
948 1.81764249555891
949 1.8176424955058
950 1.81764249560486
951 1.81764249581653
952 1.81764249610485
953 1.81764249643842
954 1.81764249679079
955 1.81764249714065
956 1.8176424974717
957 1.81764249777225
958 1.81764249803472
959 1.81764249825514
960 1.81764249843241
961 1.8176424985678
962 1.81764249866428
963 1.81764249872602
964 1.81764249875789
965 1.81764249876512
966 1.81764249875291
967 1.81764249872621
968 1.81764249868957
969 1.81764271708992
970 1.81764346434954
971 1.81764505013409
972 1.81764771975322
973 1.81765161490423
974 1.81765675410791
975 1.81766302863321
976 1.81767021041746
977 1.81767796940492
978 1.81768589878996
979 1.81769354781184
980 1.81770046296902
981 1.8177062397849
982 1.81771056890495
983 1.81771325932216
984 1.81771424362
985 1.81771356989954
986 1.81771138465232
987 1.81770791030352
988 1.81770342053535
989 1.81769821585552
990 1.81769075567496
991 1.81768057495003
992 1.81766794766785
993 1.81765360378045
994 1.81763850015318
995 1.81762364384186
996 1.81760996403285
997 1.8175982274377
998 1.81758899089446
999 1.81758258439025
1000 1.81757911763616
1001 1.81757850362123
1002 1.81758049315886
1003 1.81758471522567
1004 1.8175907187953
1005 1.8175980128119
1006 1.81760610186898
1007 1.81761451601137
1008 1.81762283382733
1009 1.81763069862498
1010 1.81763782798286
1011 1.81764401732937
1012 1.81764913844862
1013 1.81765313394333
1014 1.81765600872633
1015 1.81765781957881
1016 1.81765866372391
1017 1.81765866723684
1018 1.81765797396278
1019 1.81765673545522
1020 1.81765510229113
1021 1.8176532169746
1022 1.81765120851223
1023 1.81764918863666
1024 1.81764724957007
1025 1.81764546315771
1026 1.81764388116139
1027 1.81764253648165
1028 1.81764144507341
1029 1.81764060832875
1030 1.81764001571981
1031 1.81763964752137
1032 1.81763947746323
1033 1.81763947519499
1034 1.81763960847818
1035 1.81763984505047
1036 1.81764015413435
1037 1.8176405075852
1038 1.81764088069302
1039 1.81764125266612
1040 1.81764160683543
1041 1.81764193062408
1042 1.81764221532965
1043 1.81764245576645
1044 1.81764264981236
1045 1.81764279790092
1046 1.81764290249366
1047 1.81764296756186
1048 1.81764299810046
1049 1.81764299969098
1050 1.81764297812429
1051 1.81764293908928
1052 1.81764288792892
1053 1.81764282946173
1054 1.81764276786389
1055 1.81764270660538
1056 1.81764264843222
1057 1.81764259538618
1058 1.81764254885363
1059 1.81764250963502
1060 1.81764247802771
1061 1.81764245391539
1062 1.8176424368586
1063 1.81764242618167
1064 1.81764242105303
1065 1.81764242055608
1066 1.81764242374959
1067 1.8176424297166
1068 1.81764243760221
1069 1.81764244664054
1070 1.81764245617192
1071 1.81764246565155
1072 1.81764247465097
1073 1.81764248285378
1074 1.81764249004694
1075 1.81764249610911
1076 1.8176425009971
1077 1.81764250473146
1078 1.81764250738218
1079 1.81764250905497
1080 1.81764250987883
1081 1.8176425099951
1082 1.81764250954826
1083 1.81764250867849
1084 1.81764250751601
1085 1.81764250617713
1086 1.81764250476172
1087 1.81764250335201
1088 1.81764250201251
1089 1.81764250079073
1090 1.81764249971856
1091 1.81764249881411
1092 1.81764249808379
1093 1.81764249752449
1094 1.81764249712576
1095 1.81764249687188
1096 1.8176424967437
1097 1.81764249672028
1098 1.81764249678027
1099 1.81764249690295
1100 1.81764249706915
1101 1.81764249726173
1102 1.81764249746601
1103 1.81764249766992
1104 1.81764249786398
1105 1.81764249804123
1106 1.81764249819699
1107 1.81764249832858
1108 1.81764249843505
1109 1.81764249851683
1110 1.81764249857541
1111 1.81764249861305
1112 1.81764249863252
1113 1.81764249863682
1114 1.81764249862903
1115 1.81764249861214
1116 1.81764249858891
1117 1.81764249856181
1118 1.81764249853293
1119 1.81764249850403
1120 1.81764249847647
1121 1.81764249845126
1122 1.81764249842906
1123 1.81764249841027
1124 1.81764249839503
1125 1.81764249838329
1126 1.81764249837484
1127 1.81764249836935
1128 1.81764249836645
1129 1.81764249836571
1130 1.81764249836669
1131 1.81764249836897
1132 1.81764249837216
1133 1.81764249837591
1134 1.81764249837993
1135 1.81764249838396
1136 1.81764249838781
1137 1.81764249839135
1138 1.81764249839469
1139 1.81764249839869
1140 1.81764249840557
1141 1.81764249841953
1142 1.81764249844724
1143 1.8176424984981
1144 1.81764249858402
1145 1.81764249871892
1146 1.81764249891769
1147 1.81764249919485
1148 1.81764249956294
1149 1.81764250003076
1150 1.81764250060175
1151 1.81764250127273
1152 1.81764250203311
1153 1.81764250286483
1154 1.81764250374301
1155 1.81764250463719
1156 1.81764250551324
1157 1.8176425063355
1158 1.81764250706924
1159 1.81764250767919
1160 1.81764250812751
1161 1.81764250837284
1162 1.81764250837122
1163 1.81764250807868
1164 1.8176425074554
1165 1.81764250647053
1166 1.81764250510711
1167 1.81764250336652
1168 1.81764250127169
1169 1.81764249886883
1170 1.81764249622723
1171 1.8176424934366
1172 1.8176424906023
1173 1.81764248783853
1174 1.81764248526065
1175 1.81764248297719
1176 1.81764248108257
1177 1.81764247965105
1178 1.81764247873246
1179 1.8176424783498
1180 1.81764247851482
1181 1.8176424792309
1182 1.81764248048975
1183 1.81764248226605
1184 1.81764248451317
1185 1.81764248716114
1186 1.8176424901177
1187 1.81764249327207
1188 1.81764249650102
1189 1.81764249967632
1190 1.81764250267268
1191 1.81764250537539
1192 1.81764250768702
1193 1.81764250953252
1194 1.81764251086257
1195 1.817642511655
1196 1.81764251191435
1197 1.8176425116698
1198 1.81764251097175
1199 1.81764250988747
1200 1.81764250849615
