1 2
2 2
3 2
4 2
5 2
6 2
7 2
8 2
9 2
10 2
11 2
12 2
13 2
14 2
15 2
16 2
17 2
18 2
19 2
20 2
21 2
22 2
23 2
24 2
25 2
26 2
27 2
28 2
29 2
30 2.25
31 2.28437
32 2.31937
33 2.35437
34 2.38937
35 2.42437
36 2.45937
37 2.49437
38 2.52937
39 2.56437
40 2.59684642482875
41 2.62471643177044
42 2.64830806567964
43 2.66786694688906
44 2.68358233375607
45 2.69559967719081
46 2.70403040089142
47 2.70895951491251
48 2.71045154174447
49 2.70855512814699
50 2.70333210718964
51 2.69489883704976
52 2.68343023589986
53 2.66914182501897
54 2.65227703332866
55 2.63309822178145
56 2.61188039924605
57 2.58890687448033
58 2.56446629142589
59 2.53885064501396
60 2.51235372819549
61 2.48526923347022
62 2.45788816513215
63 2.43049585487922
64 2.40336895688706
65 2.37677263121873
66 2.35095801836234
67 2.32616004168153
68 2.30259553534719
69 2.28046167368622
70 2.25993467011588
71 2.2411687205524
72 2.22429518196078
73 2.20942198922367
74 2.1966333168287
75 2.18598948893261
76 2.1775271361112
77 2.17125959167438
78 2.16717751584811
79 2.16524973278599
80 2.16542426327946
81 2.16762953491664
82 2.17177575086625
83 2.17775639804517
84 2.18544987498667
85 2.19472121926566
86 2.20542391394303
87 2.2174017522509
88 2.23049073971899
89 2.24452101316679
90 2.25931875645735
91 2.27470809360309
92 2.29051294070258
93 2.30655879923679
94 2.32267447444057
95 2.33869370376905
96 2.35445668188451
97 2.3698114700826
98 2.38461527964199
99 2.39873562020355
100 2.41205130594523
101 2.42445331400021
102 2.43584549124849
103 2.44614510728038
104 2.45528325296491
105 2.46320508564316
106 2.46986992349084
107 2.47525119304206
108 2.47933623522618
109 2.48212597653026
110 2.48363447305226
111 2.48388833624528
112 2.4829260500661
113 2.48079719002458
114 2.4775615552825
115 2.47328822546675
116 2.46805455424395
117 2.46194511194962
118 2.45505058967913
119 2.44746667723149
120 2.43929292715575
121 2.43063161688893
122 2.42158662060004
123 2.41226230187497
124 2.40276243780007
125 2.39318918433661
126 2.38364209213467
127 2.37421718112216
128 2.36500608133482
129 2.35609524653489
130 2.34756524621251
131 2.33949014058434
132 2.33193694220981
133 2.32496516684696
134 2.31862647517795
135 2.31296440605798
136 2.30801420099094
137 2.30380271861831
138 2.30034843713405
139 2.29766154171394
140 2.29574409328019
141 2.29459027421724
142 2.29418670601742
143 2.29451283326932
144 2.29554136791213
145 2.29723878726632
146 2.29956587901837
147 2.30247832608462
148 2.30592732410632
149 2.30986022423513
150 2.31422119385196
151 2.31895188792219
152 2.32399212382125
153 2.32928055266496
154 2.33475532044319
155 2.34035471257881
156 2.34601777591156
157 2.35168491253306
158 2.35729844036735
159 2.36280311589731
160 2.36814661497197
161 2.37327996818949
162 2.37815794792626
163 2.38273940467014
164 2.38698755090717
165 2.39087019140136
166 2.39435989928916
167 2.39743413797985
168 2.40007532940312
169 2.40227086967241
170 2.40401309373134
171 2.40529919101703
172 2.40613107460464
173 2.40651520668904
174 2.40646238360891
175 2.4059874839241
176 2.40510918331719
177 2.40384964030283
178 2.40223415689447
179 2.40029081849582
180 2.39805011735527
181 2.39554456394616
182 2.39280829061482
183 2.38987665177457
184 2.38678582481826
185 2.38357241577776
186 2.38027307357835
187 2.37692411652232
188 2.37356117439262
189 2.37021884929756
190 2.36693039808465
191 2.3637274388401
192 2.36063968366294
193 2.35769469956448
194 2.35491769899736
195 2.35233136116799
196 2.34995568493628
197 2.3478078737588
198 2.34590225279187
199 2.3442502179401
200 2.34286021631909
201 2.34173775729921
202 2.34088545301435
203 2.34030308695693
204 2.33998770904064
205 2.33993375529685
206 2.34013319018037
207 2.34057566929781
208 2.34124872023547
209 2.34213793905676
210 2.34322719995962
211 2.34449887553309
212 2.34593406502885
213 2.34751282806692
214 2.34921442122411
215 2.35101753500866
216 2.35290052880217
217 2.35484166145029
218 2.35681931530368
219 2.35881221164961
220 2.36079961562956
221 2.36276152890737
222 2.36467886853399
223 2.36653363064589
224 2.36830903783304
225 2.36998966921635
226 2.3715615724815
227 2.37301235732411
228 2.37433126996765
229 2.37550924861911
230 2.37653895992493
231 2.37741481668103
232 2.37813297723256
233 2.37869132717041
234 2.37908944409182
235 2.37932854633867
236 2.37941142676001
237 2.3793423726631
238 2.37912707321902
239 2.37877251567492
240 2.37828687179422
241 2.37767937599841
242 2.37696019672036
243 2.37614030249799
244 2.37523132434063
245 2.37424541588788
246 2.37319511285326
247 2.37209319320312
248 2.37095253946646
249 2.36978600450355
250 2.36860628198282
251 2.36742578272625
252 2.36625651798641
253 2.36510999061242
254 2.36399709495093
255 2.36292802621173
256 2.36191219990733
257 2.36095818185388
258 2.36007362909727
259 2.3592652420056
260 2.35853872764779
261 2.3578987744596
262 2.3573490380838
263 2.35689213816122
264 2.35652966574598
265 2.35626220092054
266 2.35608934009709
267 2.35600973240994
268 2.35602112453094
269 2.35612041317644
270 2.3563037045202
271 2.35656637968206
272 2.35690316542837
273 2.3573082091948
274 2.35777515752825
275 2.35829723703907
276 2.35886733695907
277 2.35947809241476
278 2.36012196754643
279 2.36079133763451
280 2.3614785694319
281 2.36217609894535
282 2.36287650596023
283 2.36357258465871
284 2.36425740974265
285 2.3649243975375
286 2.36556736162157
287 2.36618056259553
288 2.36675875167927
289 2.36729720789608
290 2.36779176867724
291 2.36823885379213
292 2.36863548258023
293 2.36897928452978
294 2.36926850331423
295 2.36950199446023
296 2.36967921688002
297 2.3698002185554
298 2.36986561671097
299 2.36987657285855
300 2.36983476313479
301 2.36974234438745
302 2.36960191649448
303 2.36941648142192
304 2.36918939954363
305 2.368924343756
306 2.3686252519261
307 2.36829627821068
308 2.36794174377738
309 2.36756608744814
310 2.36717381676847
311 2.36676945998536
312 2.36635751939166
313 2.36594242646569
314 2.36552849920265
315 2.36511990199912
316 2.36472060841404
317 2.36433436708994
318 2.36396467107657
319 2.36361473075678
320 2.36328745053121
321 2.36298540937509
322 2.36271084533753
323 2.36246564401117
324 2.36225133095888
325 2.36206906804462
326 2.36191965357736
327 2.36180352614159
328 2.36172077195436
329 2.3616711355584
330 2.36165403363335
331 2.36166857168226
332 2.36171356332978
333 2.36178755195026
334 2.36188883432959
335 2.36201548605398
336 2.36216538831093
337 2.36233625578419
338 2.36252566532337
339 2.36273108507179
340 2.36294990374171
341 2.36317945973495
342 2.36341706981821
343 2.36366005707669
344 2.36390577788574
345 2.36415164765908
346 2.36439516515219
347 2.36463393512166
348 2.36486568916435
349 2.36508830458458
350 2.36529982116245
351 2.36549845572208
352 2.36568261442391
353 2.36585090273114
354 2.36600213302541
355 2.36613532987156
356 2.36624973295516
357 2.36634479773959
358 2.36642019391053
359 2.36647580169668
360 2.36651170617343
361 2.36652818967385
362 2.36652572244589
363 2.36650495170857
364 2.36646668927048
365 2.36641189788376
366 2.36634167651354
367 2.36625724470796
368 2.36615992625709
369 2.36605113232991
370 2.36593234427777
371 2.36580509628988
372 2.36567095808169
373 2.36553151779101
374 2.36538836524858
375 2.36524307578064
376 2.36509719469067
377 2.36495222255531
378 2.36480960145719
379 2.36467070226371
380 2.36453681304638
381 2.36440912872118
382 2.36428874197472
383 2.3641766355263
384 2.36407367576057
385 2.36398060775033
386 2.36389805167447
387 2.36382650062158
388 2.36376631975604
389 2.36371774681028
390 2.36368089385477
391 2.36365575028577
392 2.36364218696042
393 2.36363996139978
394 2.36364872397159
395 2.36366802495816
396 2.36369732240823
397 2.36373599066767
398 2.36378332947984
399 2.36383857354467
400 2.11383857354467
401 2.04516712180376
402 1.9752409892736
403 1.90531925133204
404 1.83540096909417
405 1.76548519941318
406 1.6955710045962
407 1.62565746174584
408 1.55574367164468
409 1.48582876710777
410 1.41843612507336
411 1.35599518163953
412 1.29876888760443
413 1.24698062144817
414 1.20080954589094
415 1.2
416 1.2
417 1.2
418 1.2
419 1.2
420 1.2
421 1.2
422 1.20184003140962
423 1.20944945777658
424 1.22256635403663
425 1.24047870649141
426 1.26220837019732
427 1.28698282827561
428 1.31419684728444
429 1.34337566213616
430 1.37414629826752
431 1.40621522515632
432 1.43933236818478
433 1.47322509598041
434 1.50756977296463
435 1.54201224447495
436 1.57619061587307
437 1.60975344439962
438 1.64237043942278
439 1.67373803003349
440 1.70358154143875
441 1.73165520259805
442 1.75774102051531
443 1.7816477587412
444 1.8032108841255
445 1.82229332255763
446 1.83878643054078
447 1.85261074413194
448 1.86371627917577
449 1.87208232552594
450 1.87771677095791
451 1.88065503516743
452 1.88095870775131
453 1.87871397281345
454 1.87402987410537
455 1.86703644589748
456 1.85788271976243
457 1.84673461553888
458 1.83377272952914
459 1.81919003937974
460 1.80318955027913
461 1.78598191004915
462 1.76778302135283
463 1.74881167807626
464 1.72928725075313
465 1.70942744345494
466 1.68944614233628
467 1.66955137410845
468 1.64994339101513
469 1.63081289724302
470 1.61233942999322
471 1.59468990660189
472 1.57801734712364
473 1.56245977971279
474 1.54813933400915
475 1.53516152561036
476 1.52361473263365
477 1.51356986336594
478 1.50508021208751
479 1.49818149834417
480 1.49289208324331
481 1.4892133547701
482 1.48713027267168
483 1.4866120621484
484 1.48761304443312
485 1.49007359133885
486 1.49392119001881
487 1.49907160351404
488 1.50543011216413
489 1.51289282062527
490 1.52134801507454
491 1.53067755517648
492 1.54075828554118
493 1.55146345170663
494 1.56266410612332
495 1.57423049019735
496 1.58603337914849
497 1.59794537725227
498 1.60984215194661
499 1.62160359628217
500 1.63311491026875
501 1.64426759280337
502 1.65496033704629
503 1.66509982332602
504 1.67460140488865
505 1.68338968304861
506 1.69139896953392
507 1.69857363503659
508 1.70486834416665
509 1.71024817815498
510 1.71468864774573
511 1.71817559975372
512 1.72070502172766
513 1.72228275004883
514 1.72292408760025
515 1.72265333785781
516 1.72150326287887
517 1.71951447319051
518 1.71673475800883
519 1.71321836454907
520 1.70902523541623
521 1.70422021319573
522 1.69887222139761
523 1.69305343084713
524 1.68683842046396
525 1.68030334113525
526 1.6735250910711
527 1.66658051063832
528 1.65954560420876
529 1.65249479603602
530 1.64550022659926
531 1.63863109523005
532 1.63195305417751
533 1.62552765857559
534 1.61941187606184
535 1.6136576590686
536 1.60831158207185
537 1.60341454534848
538 1.59900154606628
539 1.59510151682081
540 1.59173723104398
541 1.58892527404984
542 1.58667607785651
543 1.58499401733739
544 1.5838775647117
545 1.58331949889098
546 1.583307165755
547 1.58382278504248
548 1.58484379921076
549 1.5863432593442
550 1.58829024297735
551 1.59065029854261
552 1.59338591105607
553 1.59645698361618
554 1.59982132930724
555 1.60343516817217
556 1.60725362404207
557 1.61123121618313
558 1.61532234093935
559 1.61948173880928
560 1.62366494269292
561 1.62782870337575
562 1.63193138867744
563 1.63593335307715
564 1.63979727503198
565 1.6434884596244
566 1.64697510460418
567 1.65022852832542
568 1.65322335851562
569 1.65593768124592
570 1.65835314989689
571 1.66045505432681
572 1.66223235084675
573 1.66367765398501
574 1.66478719137897
575 1.66556072346299
576 1.66600142992345
577 1.66611576516502
578 1.66591328527301
579 1.6654064491644
580 1.66461039679402
581 1.66354270742115
582 1.66222314104539
583 1.6606733661898
584 1.65891667724329
585 1.65697770457503
586 1.65488212060131
587 1.65265634492223
588 1.65032725155254
589 1.64792188115029
590 1.64546716100126
591 1.64298963534729
592 1.64051520845716
593 1.63806890263031
594 1.6356746331
595 1.63335500156676
596 1.63113110984662
597 1.6290223948659
598 1.62704648597695
599 1.62521908531089
600 1.62355387162564
601 1.62206242785432
602 1.62075419231132
603 1.61963643327497
604 1.61871424643722
605 1.61799057449564
606 1.61746624796175
607 1.61714004607488
608 1.61700877654299
609 1.61706737268269
610 1.61730900640105
611 1.61772521535184
612 1.61830604250999
613 1.61904018633926
614 1.61991515968081
615 1.62091745546304
616 1.62203271732639
617 1.62324591326917
618 1.62454151045244
619 1.62590364935085
620 1.6273163155028
621 1.62876350719506
622 1.63022939751255
623 1.63169848929324
624 1.63315576164754
625 1.63458680683179
626 1.63597795640253
627 1.63731639572293
628 1.63859026604083
629 1.63978875351039
630 1.64090216468184
631 1.64192198813732
632 1.64284094210174
633 1.64365300800587
634 1.64435345012187
635 1.6449388215293
636 1.64540695679985
637 1.64575695191093
638 1.64598913201158
639 1.64610500776653
640 1.64610722109691
641 1.64599948121645
642 1.64578649193127
643 1.64547387122824
644 1.64506806422151
645 1.64457625055906
646 1.64400624741141
647 1.64336640917239
648 1.64266552499826
649 1.64191271529657
650 1.64111732825008
651 1.64028883742525
652 1.63943674146931
653 1.63857046684569
654 1.63769927449561
655 1.63683217124466
656 1.63597782669801
657 1.63514449628785
658 1.63433995105249
659 1.63357141463894
660 1.63284550793143
661 1.63216820161794
662 1.63154477691536
663 1.63097979458451
664 1.63047707227726
665 1.6300396701723
666 1.6296698847732
667 1.62936925066381
668 1.62913854994195
669 1.62897782898341
670 1.62888642212556
671 1.62886298180279
672 1.62890551461601
673 1.62901142277529
674 1.62917755031832
675 1.62940023347865
676 1.6296753545562
677 1.62999839862795
678 1.63036451242981
679 1.63076856474066
680 1.63120520760599
681 1.63166893775208
682 1.63215415756087
683 1.63265523500085
684 1.63316656193978
685 1.63368261030033
686 1.63419798555921
687 1.63470747713394
688 1.63520610524774
689 1.63568916391246
690 1.63615225972049
691 1.6365913461894
692 1.63700275345668
693 1.63738321317565
694 1.63772987851742
695 1.63804033923632
696 1.63831263180817
697 1.63854524469995
698 1.63873711887741
699 1.63888764370164
700 1.6389966484078
701 1.63906438939748
702 1.63909153361119
703 1.63907913827842
704 1.63902862736994
705 1.63894176509956
706 1.63882062684135
707 1.63866756784233
708 1.63848519012089
709 1.6382763079463
710 1.6380439122967
711 1.63779113468968
712 1.63752121077349
713 1.63723744405631
714 1.63694317013731
715 1.63664172178625
716 1.63633639519821
717 1.63603041772764
718 1.63572691738058
719 1.63542889431728
720 1.63513919458838
721 1.63486048629806
722 1.63459523835653
723 1.63434570195249
724 1.63411389484448
725 1.63390158853796
726 1.63371029838366
727 1.63354127660179
728 1.63339550820681
729 1.63327370977908
730 1.63317633100221
731 1.63310355885978
732 1.63305532436161
733 1.633031311648
734 1.63303096930169
735 1.63305352367999
736 1.63309799406564
737 1.63316320942253
738 1.63324782653379
739 1.63335034929252
740 1.6334691489115
741 1.63360248481655
742 1.63374852598885
743 1.63390537252503
744 1.63407107718864
745 1.63424366673475
746 1.63442116279853
747 1.63460160214991
748 1.63478305612976
749 1.6349636490968
750 1.63514157573067
751 1.63531511705295
752 1.63548265504553
753 1.63564268576394
754 1.63579383086204
755 1.63593484746308
756 1.63606463633121
757 1.63618224831633
758 1.63628688906357
759 1.63637792199637
760 1.63645486959979
761 1.63651741304661
762 1.63656539022463
763 1.6365987922375
764 1.63661775846484
765 1.63662257027907
766 1.63661364352684
767 1.63659151989198
768 1.63655685726435
769 1.63651041924503
770 1.6364530639228
771 1.63638573205967
772 1.63630943482498
773 1.6362252412173
774 1.63613426531214
775 1.63603765347065
776 1.63593657164046
777 1.63583219287464
778 1.63572568518816
779 1.63561819986432
780 1.63551086031491
781 1.63540475158902
782 1.63530091061592
783 1.63520031725673
784 1.63510388622936
785 1.63501245995994
786 1.63492680240292
787 1.63484759386084
788 1.63477542682348
789 1.63471080283518
790 1.63465413038839
791 1.63460572383117
792 1.63456580326642
793 1.63453449541128
794 1.63451183537647
795 1.63449776931736
796 1.6344921579011
797 1.634494780528
798 1.63450534023931
799 1.63452346923926
800 1.88452346923926
801 1.90174038083949
802 1.91927839613063
803 1.93682192874809
804 1.95437035555986
805 1.9719230242004
806 1.98947926065396
807 2.00703837680873
808 2.0245996779062
809 2.0421624698133
810 2.05720274591802
811 2.06781063738779
812 2.07460942085196
813 2.07807894237851
814 2.07859239373518
815 2.07643992119559
816 2.07184701791184
817 2.06498884992746
818 2.05600141461673
819 2.04499023165698
820 2.03206258303362
821 2.01736957752067
822 2.00110792859872
823 1.98349972136099
824 1.96477898766592
825 1.94518300149241
826 1.92494686243694
827 1.90430033772989
828 1.8834662277171
829 1.86265973440352
830 1.84208821121358
831 1.82195049325308
832 1.80243549783024
833 1.78372044142664
834 1.76596907563093
835 1.74933014735667
836 1.73393616819235
837 1.71990250688475
838 1.7073267802691
839 1.69628849957181
840 1.68684892557651
841 1.67905109715149
842 1.67292001664781
843 1.66846298987359
844 1.66567012223567
845 1.66451496993854
846 1.66495534028322
847 1.66693423038941
848 1.67038089007734
849 1.67521199248082
850 1.68133289511279
851 1.68863897420437
852 1.69701701569045
853 1.70634664680622
854 1.71650179271352
855 1.72735214291661
856 1.73876461255297
857 1.75060478405181
858 1.76273831520428
859 1.77503230040818
860 1.78735657273033
861 1.79958493544398
862 1.81159631281252
863 1.8232758110731
864 1.83451568180102
865 1.84521618109131
866 1.85528631926753
867 1.86464449710815
868 1.87321902585982
869 1.88094852957204
870 1.88778222952886
871 1.89368011175729
872 1.89861297974783
873 1.90256239561907
874 1.90552051398555
875 1.90748981373849
876 1.9084827338143
877 1.90852121980123
878 1.90763618891483
879 1.90586692145398
880 1.9032603873296
881 1.8998705166351
882 1.89575742350134
883 1.89098659264988
884 1.88562803812784
885 1.87975544367915
886 1.8734452940826
887 1.86677600657295
888 1.85982707116081
889 1.85267820828763
890 1.84540855179879
891 1.83809586469889
892 1.83081579457543
893 1.82364117494803
894 1.81664137812897
895 1.80988172447409
896 1.80342295217072
897 1.79732075095826
898 1.79162536241655
899 1.78638124869487
900 1.78162683079786
901 1.77739429680192
902 1.77370947965334
903 1.77059180350441
904 1.76805429688201
905 1.76610367036094
906 1.76474045583537
907 1.76395920395204
908 1.7637487357911
909 1.76409244445821
910 1.76496864188699
911 1.76635094584647
912 1.76820870190407
913 1.77050743491229
914 1.77320932446571
915 1.77627369871384
916 1.77965754091355
917 1.78331600315957
918 1.78720292184135
919 1.79127132953618
920 1.79547395825809
921 1.79976372923686
922 1.80409422469635
923 1.80842013743333
924 1.8126976943607
925 1.81688505056973
926 1.82094265087817
927 1.82483355626076
928 1.82852373300086
929 1.8319823028512
930 1.83518175294398
931 1.83809810464043
932 1.84071104095364
933 1.84300399261086
934 1.84496418323943
935 1.84658263455948
936 1.84785413284382
937 1.84877715825695
938 1.84935377900962
939 1.8495895125584
940 1.84949315634174
941 1.84907659077108
942 1.8483545573881
943 1.84734441525602
944 1.84606587877268
945 1.8445407401776
946 1.84279258007275
947 1.84084646928983
948 1.83872866541503
949 1.83646630722797
950 1.83408711022561
951 1.83161906628706
952 1.82909015039249
953 1.82652803714241
954 1.82395982963373
955 1.8214118030397
956 1.81890916501442
957 1.81647583480223
958 1.81413424268064
959 1.81190515110543
960 1.80980749866144
961 1.80785826765472
962 1.80607237591411
963 1.80446259310617
964 1.80303948160807
965 1.80181136173286
966 1.8007843008603
967 1.79996212579906
968 1.79934645749192
969 1.79893676697808
970 1.79873045134653
971 1.79872292825294
972 1.79890774743103
973 1.79927671750824
974 1.79982004633564
975 1.80052649296367
976 1.80138352933828
977 1.80237750975669
978 1.80349384610734
979 1.8047171869251
980 1.80603159831835
981 1.80742074486956
982 1.80886806867352
983 1.81035696475655
984 1.81187095121444
985 1.81339383251509
986 1.81490985453225
987 1.81640385000761
988 1.81786137327884
989 1.81926882325779
990 1.8206135537962
991 1.82188397073236
992 1.82306961507065
993 1.82416123190468
994 1.82515082485245
995 1.82603169592622
996 1.82679847091069
997 1.82744711046761
998 1.82797490732244
999 1.8283804700189
1000 1.82866369384707
1001 1.82882571966143
1002 1.82886888140459
1003 1.82879664324017
1004 1.82861352727447
1005 1.82832503290951
1006 1.82793754892128
1007 1.82745825939454
1008 1.82689504467093
1009 1.82625637847989
1010 1.82555122242212
1011 1.82478891896374
1012 1.82397908407666
1013 1.82313150062661
1014 1.82225601356692
1015 1.82136242794277
1016 1.82046041064922
1017 1.8195593968173
1018 1.81866850162666
1019 1.817796438262
1020 1.81695144264458
1021 1.81614120548059
1022 1.81537281207609
1023 1.81465269027459
1024 1.81398656677922
1025 1.81337943202765
1026 1.81283551369563
1027 1.81235825881488
1028 1.81195032440402
1029 1.81161357642829
1030 1.81134909682506
1031 1.81115719825903
1032 1.81103744620363
1033 1.81098868788371
1034 1.8110090875606
1035 1.8110961675929
1036 1.81124685466657
1037 1.81145753055523
1038 1.81172408674646
1039 1.81204198225272
1040 1.81240630391519
1041 1.81281182850655
1042 1.81325308594301
1043 1.81372442292741
1044 1.8142200663631
1045 1.81473418590216
1046 1.81526095502145
1047 1.81579461005461
1048 1.8163295066478
1049 1.81686017315058
1050 1.81738136050038
1051 1.81788808820931
1052 1.81837568611426
1053 1.81883983160556
1054 1.81927658210462
1055 1.81968240261676
1056 1.82005418824124
1057 1.82038928157545
1058 1.82068548500412
1059 1.82094106791689
1060 1.82115476894721
1061 1.82132579337357
1062 1.82145380586804
1063 1.8215389188186
1064 1.82158167648916
1065 1.82158303531469
1066 1.82154434065844
1067 1.82146730038345
1068 1.82135395561111
1069 1.8212066490562
1070 1.8210279913394
1071 1.82082082568561
1072 1.82058819141971
1073 1.82033328666964
1074 1.82005943068171
1075 1.81977002614333
1076 1.81946852189557
1077 1.81915837640128
1078 1.81884302231487
1079 1.81852583247739
1080 1.81821008763525
1081 1.81789894615384
1082 1.81759541596806
1083 1.81730232898103
1084 1.81702231809063
1085 1.81675779699079
1086 1.81651094286157
1087 1.81628368202879
1088 1.81607767864163
1089 1.81589432638364
1090 1.81573474320213
1091 1.81559976901017
1092 1.81548996628685
1093 1.81540562347481
1094 1.81534676104847
1095 1.81531314010376
1096 1.8153042732994
1097 1.81531943796136
1098 1.81535769114643
1099 1.81541788644773
1100 1.81549869231422
1101 1.8155986116486
1102 1.81571600244262
1103 1.81584909920613
1104 1.81599603494645
1105 1.81615486345666
1106 1.81632358167634
1107 1.81650015189557
1108 1.81668252358167
1109 1.81686865461953
1110 1.81705653176918
1111 1.81724419015856
1112 1.81742973164515
1113 1.81761134189736
1114 1.81778730606411
1115 1.81795602291996
1116 1.81811601739216
1117 1.81826595139557
1118 1.81840463292109
1119 1.81853102334241
1120 1.81864424292574
1121 1.81874357454524
1122 1.81882846562561
1123 1.81889852835007
1124 1.81895353818879
1125 1.81899343081774
1126 1.81901829751204
1127 1.81902837911083
1128 1.81902405866162
1129 1.81900585286237
1130 1.81897440242749
1131 1.81893046151101
1132 1.81887488632519
1133 1.81880862309667
1134 1.81873269550395
1135 1.81864819174109
1136 1.81855625135093
1137 1.81845805196937
1138 1.81835479611803
1139 1.81824769817776
1140 1.8181379716696
1141 1.81802681696186
1142 1.81791540951447
1143 1.81780488876207
1144 1.81769634772793
1145 1.81759082345002
1146 1.81748928828987
1147 1.81739264218341
1148 1.81730170588155
1149 1.81721721521673
1150 1.81713981641982
1151 1.81707006250053
1152 1.81700841069316
1153 1.81695522095863
1154 1.81691075552329
1155 1.81687517942522
1156 1.81684856202934
1157 1.81683087946417
1158 1.81682201792525
1159 1.81682177778317
1160 1.81682987842816
1161 1.81684596377783
1162 1.81686960837031
1163 1.8169003239619
1164 1.8169375665454
1165 1.81698074370427
1166 1.81702922221689
1167 1.81708233582538
1168 1.81713939308485
1169 1.81719968521065
1170 1.81726249384405
1171 1.81732709866017
1172 1.81739278474611
1173 1.81745884968187
1174 1.81752461026201
1175 1.81758940880148
1176 1.81765261897534
1177 1.81771365114838
1178 1.8177719571572
1179 1.81782703451424
1180 1.81787843001006
1181 1.81792574269697
1182 1.81796862624414
1183 1.81800679066082
1184 1.81804000339096
1185 1.81806808978877
1186 1.81809093299068
1187 1.81810847320483
1188 1.81812070644443
1189 1.8181276827361
1190 1.81812950383865
1191 1.81812632051151
1192 1.81811832937526
1193 1.8181057694097
1194 1.81808891813675
1195 1.81806808753735
1196 1.81804361975252
1197 1.81801588261943
1198 1.81798526509301
1199 1.81795217260356
1200 1.81791702239942
