1 2
2 2
3 2
4 2
5 2
6 2
7 2
8 2
9 2
10 2
11 2
12 2
13 2
14 2
15 2
16 2
17 2
18 2
19 2
20 2
21 2
22 2
23 2
24 2
25 2
26 2
27 2
28 2
29 2
30 2.25
31 2.28472
32 2.31972
33 2.35472
34 2.38972
35 2.42472
36 2.45972
37 2.49472
38 2.52972
39 2.56472
40 2.5985605563475
41 2.63020939247172
42 2.65968542015092
43 2.68698793216514
44 2.71210358106104
45 2.73500979856216
46 2.75567742961066
47 2.77407275498697
48 2.79015903909123
49 2.8
50 2.8
51 2.8
52 2.8
53 2.8
54 2.8
55 2.79944792695132
56 2.79660662758676
57 2.79153254277023
58 2.78429164800161
59 2.77497705729169
60 2.76373870210233
61 2.7507448455459
62 2.73613909599466
63 2.72004528208516
64 2.70257123940425
65 2.68381434917711
66 2.66387386597574
67 2.64285789681647
68 2.62088173386575
69 2.59806631897438
70 2.57453658450899
71 2.5504197302778
72 2.52584379455485
73 2.50093662027978
74 2.47582510997216
75 2.45063467952495
76 2.42548879845183
77 2.40050851926634
78 2.37581197667643
79 2.35151387569145
80 2.32772498455529
81 2.3045516467201
82 2.28209532284573
83 2.26045216920124
84 2.23971265507195
85 2.21996121946386
86 2.20127596632811
87 2.18372839752148
88 2.16738318318325
89 2.15229796956951
90 2.13852322452041
91 2.12610212070317
92 2.11507045662526
93 2.10545661520052
94 2.09728155942336
95 2.09055886449085
96 2.0852947855219
97 2.0814883598571
98 2.07913154277648
99 2.07820937533872
100 2.07870018292023
101 2.08057580291519
102 2.08380183994743
103 2.08833794684284
104 2.09413812951882
105 2.10115107386403
106 2.10932049261057
107 2.11858549013967
108 2.12888094311264
109 2.14013789478079
110 2.15228396080077
111 2.1652437443659
112 2.17893925845906
113 2.19329035303799
114 2.20821514498041
115 2.22363044864238
116 2.23945220491966
117 2.25559590674807
118 2.2719770190334
119 2.28851139106581
120 2.30511565954546
121 2.32170764042642
122 2.33820670787271
123 2.35453415871479
124 2.37061356089443
125 2.38637108449191
126 2.40173581403977
127 2.41664004094221
128 2.43101953493793
129 2.44481379366545
130 2.4579662695139
131 2.47042457306806
132 2.48214065258274
133 2.493070949049
134 2.50317652654151
135 2.51242317766247
136 2.52078150402228
137 2.52822697181983
138 2.53473994270545
139 2.54030568022689
140 2.54491433227179
141 2.54856089003005
142 2.5512451241038
143 2.55297149849324
144 2.55374906328048
145 2.55359132692291
146 2.55251610914992
147 2.5505453755335
148 2.54770505487289
149 2.54402484059639
150 2.5395379774395
151 2.53428103470723
152 2.52829366746999
153 2.52161836707683
154 2.5143002023962
155 2.50638655321446
156 2.49792683723397
157 2.48897223211788
158 2.47957539402624
159 2.46979017407895
160 2.45967133416502
161 2.44927426349473
162 2.43865469726249
163 2.42786843875268
164 2.4169710861799
165 2.40601776550841
166 2.39506287044351
167 2.38415981073132
168 2.3733607698418
169 2.36271647304468
170 2.3522759668192
171 2.34208641046562
172 2.33219288071167
173 2.32263819002918
174 2.31346271929609
175 2.30470426535784
176 2.29639790395937
177 2.28857586843518
178 2.28126744446165
179 2.27449888109125
180 2.26829331820569
181 2.2626707304419
182 2.25764788756396
183 2.25323833117416
184 2.2494523675788
185 2.24629707654909
186 2.24377633564452
187 2.24189085969661
188 2.24063825498411
189 2.24001308756805
190 2.24000696519527
191 2.24060863212408
192 2.24180407617451
193 2.24357664725845
194 2.24590718660291
195 2.2487741658419
196 2.25215383511899
197 2.25602037931486
198 2.26034608149033
199 2.26510149261684
200 2.27025560665287
201 2.27577604001558
202 2.28162921449302
203 2.28778054264301
204 2.29419461472979
205 2.30083538625962
206 2.30766636519052
207 2.31465079790986
208 2.32175185309612
209 2.32893280260727
210 2.33615719856878
211 2.3433890458675
212 2.35059296929456
213 2.35773437462062
214 2.36477960292897
215 2.37169607757742
216 2.3784524432074
217 2.38501869626764
218 2.39136630657125
219 2.39746832945743
220 2.40329950818227
221 2.40883636621821
222 2.414057289196
223 2.41894259627902
224 2.42347460081459
225 2.42763766016235
226 2.43141821465411
227 2.43480481569364
228 2.43778814305721
229 2.44036101150767
230 2.44251836688459
231 2.44425727188131
232 2.44557688176628
233 2.44647841035042
234 2.44696508654383
235 2.44704210188554
236 2.44671654946617
237 2.44599735469825
238 2.4448951984201
239 2.44342243284764
240 2.44159299091433
241 2.43942228956117
242 2.4369271275587
243 2.43412557845822
244 2.43103687928293
245 2.42768131557888
246 2.42408010345231
247 2.42025526922301
248 2.41622952732376
249 2.41202615707262
250 2.40766887893918
251 2.40318173091697
252 2.39858894560235
253 2.39391482856615
254 2.38918363858701
255 2.38441947029622
256 2.3796461397618
257 2.37488707351592
258 2.37016520150347
259 2.36550285440208
260 2.36092166573412
261 2.35644247916038
262 2.35208526131273
263 2.34786902048938
264 2.34381173150224
265 2.3399302669303
266 2.33624033499726
267 2.33275642425537
268 2.32949175522093
269 2.32645823907044
270 2.3236664434698
271 2.32112556557323
272 2.31884341219263
273 2.3168263871033
274 2.31507948541786
275 2.31360629492681
276 2.31240900427232
277 2.31148841779075
278 2.31084397682999
279 2.31047378731986
280 2.31037465334694
281 2.31054211646112
282 2.31097050041755
283 2.311652961037
284 2.31258154084837
285 2.31374722815988
286 2.31514002019038
287 2.31674898987907
288 2.31856235598115
289 2.32056755604776
290 2.32275132188218
291 2.32509975705935
292 2.32759841609341
293 2.33023238483741
294 2.33298636170099
295 2.33584473927537
296 2.33879168596042
297 2.34181122719605
298 2.34488732590939
299 2.3480039617999
300 2.35114520909737
301 2.35429531244172
302 2.35743876054906
303 2.3605603573455
304 2.36364529026812
305 2.36667919545202
306 2.36964821954259
307 2.37253907789321
308 2.37533910893087
309 2.37803632449447
310 2.38061945597404
311 2.38307799610261
312 2.38540223627632
313 2.38758329930234
314 2.38961316749862
315 2.391484706093
316 2.39319168189359
317 2.39472877722551
318 2.39609159915242
319 2.39727668402387
320 2.39828149741157
321 2.39910442951881
322 2.3997447861681
323 2.40020277549146
324 2.40047949046658
325 2.40057688745962
326 2.40049776095218
327 2.40024571464494
328 2.39982512914499
329 2.3992411264565
330 2.39849953150607
331 2.3976068309443
332 2.39657012947401
333 2.39539710396292
334 2.39409595560485
335 2.39267536039818
336 2.39114441821339
337 2.38951260072378
338 2.38778969847363
339 2.38598576735762
340 2.38411107478293
341 2.38217604578218
342 2.3801912093407
343 2.37816714519574
344 2.37611443135824
345 2.37404359259974
346 2.37196505013787
347 2.3698890727436
348 2.36782572948278
349 2.36578484429234
350 2.36377595257895
351 2.36180826001503
352 2.35989060369256
353 2.3580314157811
354 2.35623868982148
355 2.35451994977137
356 2.35288222190324
357 2.3513320096399
358 2.34987527139641
359 2.34851740148178
360 2.34726321409752
361 2.34611693045476
362 2.34508216901566
363 2.34416193884985
364 2.34335863608144
365 2.34267404338757
366 2.34210933249526
367 2.34166506960983
368 2.34134122369494
369 2.34113717751191
370 2.3410517413142
371 2.34108316908204
372 2.34122917717158
373 2.34148696524391
374 2.34185323933022
375 2.34232423688181
376 2.34289575364678
377 2.34356317220905
378 2.34432149202032
379 2.34516536075153
380 2.34608910678687
381 2.34708677268124
382 2.34815214940054
383 2.34927881116375
384 2.35046015070583
385 2.35168941478227
386 2.35295973973758
387 2.35426418696338
388 2.35559577807534
389 2.35694752964259
390 2.35831248730859
391 2.35968375914834
392 2.36105454811317
393 2.36241818342176
394 2.36376815076364
395 2.36509812118956
396 2.36640197857198
397 2.36767384552784
398 2.36890810770548
399 2.37009943634701
400 2.12009943634701
401 2.05175015594373
402 1.98278386747353
403 1.91375657315629
404 1.84466464536333
405 1.77550483754613
406 1.70627429310868
407 1.63697055221814
408 1.56759155655782
409 1.49813565203706
410 1.42976633583942
411 1.36368004718597
412 1.3001393686012
413 1.23938617570806
414 1.2
415 1.2
416 1.2
417 1.2
418 1.2
419 1.2
420 1.2
421 1.2
422 1.2
423 1.2
424 1.2
425 1.2
426 1.2
427 1.2
428 1.2
429 1.2
430 1.2
431 1.20206539722658
432 1.20624537582097
433 1.21239862721587
434 1.22039911638676
435 1.23013348695402
436 1.2414990016478
437 1.25440190166441
438 1.2687560940977
439 1.28448209661698
440 1.3015061841369
441 1.31975011551323
442 1.3391231382561
443 1.35952449907915
444 1.38084618451615
445 1.40297504460048
446 1.42579444332393
447 1.44918554485655
448 1.47302831883915
449 1.49720232846496
450 1.52158735011197
451 1.54606390629961
452 1.57051380843357
453 1.59482073181014
454 1.61887079665356
455 1.64255313489815
456 1.66576043011194
457 1.68838942323896
458 1.71034138041816
459 1.73152252151804
460 1.75184440956923
461 1.77122430203396
462 1.78958546474203
463 1.80685744876202
464 1.8229763300637
465 1.83788491170812
466 1.85153288836425
467 1.86387697310814
468 1.87488098665718
469 1.88451590939531
470 1.89275989673729
471 1.89959825855137
472 1.90502340351214
473 1.90903474939214
474 1.9116386004305
475 1.91284799304001
476 1.91268251123338
477 1.91116807326216
478 1.90833669106825
479 1.90422620424625
480 1.89887999030377
481 1.89234665308655
482 1.88467969130426
483 1.87593714915183
484 1.86618125106963
485 1.85547802272342
486 1.84389690031269
487 1.83151033033265
488 1.81839336192149
489 1.80462323392106
490 1.7902789587647
491 1.77544090528236
492 1.76019038247961
493 1.74460922630418
494 1.72877939136211
495 1.71278254948507
496 1.69669969698227
497 1.68061077233401
498 1.66459428600093
499 1.64872696393339
500 1.63308340626912
501 1.61773576260657
502 1.6027534251346
503 1.58820274078923
504 1.57414674349349
505 1.56064490741975
506 1.54775292209366
507 1.53552249003809
508 1.52400114753218
509 1.51323210893797
510 1.50325413492365
511 1.49410142479009
512 1.48580353298609
513 1.47838530977825
514 1.47186686592444
515 1.46626356108536
516 1.46158601559811
517 1.45784014512845
518 1.45502721761599
519 1.45314393182835
520 1.45218251674767
521 1.4521308509254
522 1.45297260085984
523 1.45468737737526
524 1.45725090891252
525 1.46063523057851
526 1.46480888774586
527 1.46973715294561
528 1.47538225475364
529 1.48170361733691
530 1.48865810929789
531 1.4962003004351
532 1.50428272502438
533 1.51285615021903
534 1.52186984816761
535 1.5312718704558
536 1.54100932349248
537 1.55102864348102
538 1.56127586964348
539 1.57169691439807
540 1.58223782922911
541 1.59284506503223
542 1.60346572576718
543 1.61404781430404
544 1.62454046940736
545 1.63489419286487
546 1.64506106583378
547 1.65499495354699
548 1.66465169759396
549 1.67398929506569
550 1.68296806393053
551 1.69155079408589
552 1.69970288361092
553 1.70739245982608
554 1.7145904848467
555 1.7212708453988
556 1.72741042674644
557 1.73298917066008
558 1.73799011743441
559 1.74239943204158
560 1.74620641458179
561 1.74940349526649
562 1.75198621424055
563 1.75395318661827
564 1.75530605317308
565 1.75604941718268
566 1.75619076798994
567 1.75574039189401
568 1.75471127103702
569 1.75311897099771
570 1.75098151784582
571 1.74831926544833
572 1.74515475385189
573 1.74151255959418
574 1.73741913882083
575 1.73290266410341
576 1.72799285586851
577 1.72272080935762
578 1.71711881804245
579 1.71122019442068
580 1.70505908911326
581 1.69867030917569
582 1.69208913652285
583 1.68535114735026
584 1.67849203341329
585 1.67154742600163
586 1.66455272341731
587 1.65754292273327
588 1.65055245657421
589 1.64361503562338
590 1.63676349751858
591 1.63002966275691
592 1.62344419818292
593 1.61703648858688
594 1.61083451689116
595 1.60486475335191
596 1.59915205415148
597 1.59371956970481
598 1.58858866294913
599 1.58377883783348
600 1.57930767817025
601 1.57519079695805
602 1.5714417962318
603 1.56807223744381
604 1.56509162232815
605 1.56250738415056
606 1.56032488919707
607 1.55854744830741
608 1.55717633821408
609 1.55621083240406
610 1.5556482411794
611 1.55548396055364
612 1.55571152958484
613 1.55632269571187
614 1.5573074876299
615 1.55865429521231
616 1.56034995596133
617 1.56237984744694
618 1.56472798517462
619 1.56737712530586
620 1.57030887164263
621 1.57350378627669
622 1.57694150329764
623 1.5806008449501
624 1.58445993962913
625 1.58849634110561
626 1.59268714837798
627 1.59700912555516
628 1.60143882118564
629 1.60595268646163
630 1.61052719174262
631 1.61513894086121
632 1.61976478269478
633 1.62438191950898
634 1.62896801160413
635 1.63350127782194
636 1.63796059149818
637 1.64232557147701
638 1.64657666783316
639 1.65069524198108
640 1.65466364088277
641 1.65846526510045
642 1.6620846304745
643 1.66550742324259
644 1.66872054845067
645 1.67171217154253
646 1.6744717530494
647 1.67699007633644
648 1.67925926839756
649 1.68127281372379
650 1.68302556130405
651 1.68451372484943
652 1.68573487636323
653 1.68668793320966
654 1.68737313886249
655 1.6877920375429
656 1.68794744298134
657 1.68784340156282
658 1.68748515013767
659 1.68687906880042
660 1.68603262895884
661 1.68495433703192
662 1.68365367413087
663 1.68214103209028
664 1.68042764622773
665 1.67852552521907
666 1.67644737848371
667 1.67420654147913
668 1.67181689930678
669 1.66929280903234
670 1.6666490211224
671 1.66390060039638
672 1.66106284688779
673 1.65815121700209
674 1.65518124534992
675 1.65216846762426
676 1.64912834487833
677 1.64607618954769
678 1.64302709354509
679 1.63999585874087
680 1.63699693012402
681 1.63404433192071
682 1.63115160692783
683 1.62833175929832
684 1.62559720099435
685 1.62295970210223
686 1.62043034518094
687 1.61801948379303
688 1.6157367053438
689 1.61359079833131
690 1.61158972408632
691 1.60974059305807
692 1.60804964567856
693 1.6065222378151
694 1.60516283079841
695 1.60397498599136
696 1.60296136384215
697 1.60212372734468
698 1.601462949809
699 1.60097902682531
700 1.60067109228684
701 1.60053743831947
702 1.60057553894983
703 1.60078207732829
704 1.60115297630952
705 1.60168343218025
706 1.6023679513126
707 1.60320038951104
708 1.60417399381207
709 1.60528144648831
710 1.60651491100235
711 1.60786607965085
712 1.60932622263601
713 1.6108862382992
714 1.61253670425078
715 1.6142679291307
716 1.61607000473606
717 1.61793285825503
718 1.61984630435058
719 1.62180009684304
720 1.62378397974691
721 1.625787737425
722 1.62780124363168
723 1.62981450922639
724 1.63181772834924
725 1.63380132286173
726 1.6357559848676
727 1.63767271714173
728 1.63954287130809
729 1.64135818362184
730 1.64311080822486
731 1.64479334775876
732 1.64639888123429
733 1.64792098907146
734 1.64935377523992
735 1.65069188644447
736 1.65193052831624
737 1.65306547858513
738 1.65409309722438
739 1.65501033357305
740 1.65581473045677
741 1.65650442534148
742 1.65707814856847
743 1.65753521873274
744 1.65787553527911
745 1.65809956840294
746 1.65820834635382
747 1.65820344025149
748 1.65808694653314
749 1.65786146716111
750 1.65753008772793
751 1.657096353604
752 1.65656424427965
753 1.65593814605961
754 1.6552228232729
755 1.65442338816559
756 1.65354526964712
757 1.65259418106328
758 1.65157608717078
759 1.65049717048876
760 1.64936379720269
761 1.64818248279483
762 1.64695985757379
763 1.64570263227298
764 1.64441756388438
765 1.64311142188968
766 1.64179095504625
767 1.64046285887961
768 1.63913374402786
769 1.63781010557695
770 1.63649829351796
771 1.63520448445
772 1.63393465464396
773 1.63269455457337
774 1.63148968500992
775 1.6303252747715
776 1.62920626020113
777 1.62813726644506
778 1.6271225905887
779 1.62616618669851
780 1.62527165280807
781 1.62444221987626
782 1.62368074273544
783 1.62298969303743
784 1.62237115419527
785 1.62182681830896
786 1.62135798505412
787 1.62096556250301
788 1.62065006983889
789 1.62041164191581
790 1.62025003560805
791 1.62016463788563
792 1.62015447554509
793 1.62021822651787
794 1.62035423267254
795 1.62056051402118
796 1.62083478423509
797 1.62117446737044
798 1.62157671570017
799 1.6220384285452
800 1.77144627199487
801 1.78937669940444
802 1.80749597255539
803 1.8256601833636
804 1.84386527601938
805 1.86210706944379
806 1.88038127994595
807 1.89868354396726
808 1.91700944080026
809 1.93535451517167
810 1.95302378132058
811 1.96941338628834
812 1.98455724097513
813 1.99847370649275
814 2.01117044967938
815 2.02264712326169
816 2.03289744391779
817 2.04191080117316
818 2.04967350121379
819 2.05616972665109
820 2.06138547779052
821 2.06531432589616
822 2.06795892279631
823 2.06932969923925
824 2.06944390700699
825 2.06832490419241
826 2.06600161713964
827 2.0625081301079
828 2.05788336677684
829 2.05217083739226
830 2.04541841765638
831 2.03767811038345
832 2.02900576083896
833 2.01946073189356
834 2.00910555410767
835 1.99800556080031
836 1.98622851473743
837 1.9738442307596
838 1.96092419712182
839 1.94754119730039
840 1.93376893343505
841 1.91968165244605
842 1.90535377609407
843 1.89085953653248
844 1.87627261904254
845 1.86166581365183
846 1.84711067727254
847 1.83267720789579
848 1.81843353226219
849 1.80444560831079
850 1.79077694359467
851 1.77748833074293
852 1.76463760094495
853 1.75227939632872
854 1.74046496199943
855 1.72924195839668
856 1.71865429451794
857 1.70874198244465
858 1.69954101349449
859 1.69108325621196
860 1.6833963762981
861 1.67650377847116
862 1.67042457014286
863 1.66517354669061
864 1.66076119800454
865 1.65719373589036
866 1.65447314181498
867 1.652597234392
868 1.65155975591869
869 1.65135047719619
870 1.65195531978887
871 1.6533564948098
872 1.65553265725475
873 1.65845907484974
874 1.66210781032465
875 1.6664479159804
876 1.67144563937743
877 1.67706463894064
878 1.68326620824952
879 1.69000950776227
880 1.69725180270927
881 1.70494870588442
882 1.71305442406185
883 1.72152200677136
884 1.73030359617732
885 1.73935067682334
886 1.74861432402828
887 1.75804544974774
888 1.76759504474928
889 1.77721441598853
890 1.78685541811696
891 1.79647067810021
892 1.80601381197817
893 1.81543963285367
894 1.82470434925644
895 1.83376575309096
896 1.84258339644249
897 1.85111875658278
898 1.85933538858646
899 1.86719906504052
900 1.87467790240115
901 1.8817424736259
902 1.88836590678238
903 1.89452396940868
904 1.90019513847429
905 1.90536065586297
906 1.91000456937131
907 1.91411375928718
908 1.91767795068144
909 1.92068971161351
910 1.92314443751634
911 1.92504032208879
912 1.92637831508329
913 1.9271620674333
914 1.92739786421886
915 1.92709454601851
916 1.92626341924258
917 1.92491815608564
918 1.92307468477491
919 1.92075107082623
920 1.91796739005033
921 1.91474559407837
922 1.91110936919869
923 1.90708398931425
924 1.90269616384471
925 1.89797388140636
926 1.89294625010852
927 1.88764333530646
928 1.8820959956476
929 1.87633571824128
930 1.87039445377095
931 1.86430445235361
932 1.85809810093244
933 1.85180776296722
934 1.84546562116168
935 1.83910352393879
936 1.83275283634388
937 1.82644429602118
938 1.82020787487325
939 1.81407264697379
940 1.80806666326337
941 1.80221683351505
942 1.79654881601259
943 1.79108691533809
944 1.78585398861939
945 1.78087136053978
946 1.7761587473644
947 1.77173419018928
948 1.76761399756998
949 1.76381269763848
950 1.76034299976872
951 1.7572157658034
952 1.75443999080798
953 1.75202279327203
954 1.74996941463336
955 1.74828322795735
956 1.74696575556226
957 1.74601669534153
958 1.74543395549629
959 1.74521369735548
960 1.74535038592748
961 1.74583684779604
962 1.74666433594442
963 1.74782260106556
964 1.74929996889262
965 1.75108342306333
966 1.75315869301333
967 1.75551034637873
968 1.75812188537528
969 1.76097584661213
970 1.76405390379107
971 1.76733697273829
972 1.7708053182144
973 1.77443866194961
974 1.7782162913556
975 1.78211716837171
976 1.78612003791286
977 1.79020353539789
978 1.7943462928511
979 1.79852704308609
980 1.80272472149912
981 1.80691856501953
982 1.81108820778701
983 1.815213773149
984 1.81927596159712
985 1.82325613428822
986 1.82713639182342
987 1.83089964798784
988 1.83452969818349
989 1.83801128231867
990 1.84133014194849
991 1.84447307149273
992 1.84742796338976
993 1.85018384707667
994 1.85273092171848
995 1.85506058264084
996 1.85716544145213
997 1.85903933987208
998 1.86067735731412
999 1.86207581229857
1000 1.863232257802
1001 1.86414547067625
1002 1.86481543529656
1003 1.86524332162382
1004 1.8654314578896
1005 1.86538329813516
1006 1.86510338485638
1007 1.86459730702587
1008 1.86387165378107
1009 1.86293396408308
1010 1.86179267266491
1011 1.86045705260021
1012 1.85893715483393
1013 1.85724374502498
1014 1.85538823805764
1015 1.85338263058325
1016 1.85123943195696
1017 1.84897159393516
1018 1.84659243949894
1019 1.84411559116611
1020 1.84155489915063
1021 1.83892436972224
1022 1.83623809411162
1023 1.83351017829776
1024 1.83075467400341
1025 1.82798551121293
1026 1.82521643251359
1027 1.82246092954703
1028 1.81973218184202
1029 1.81704299828324
1030 1.81440576145317
1031 1.81183237506599
1032 1.80933421469315
1033 1.80692208196085
1034 1.80460616237923
1035 1.80239598694253
1036 1.80030039761869
1037 1.79832751682555
1038 1.79648472096978
1039 1.7947786181033
1040 1.79321502973117
1041 1.79179897678376
1042 1.79053466974573
1043 1.7894255029141
1044 1.78847405273807
1045 1.78768208017445
1046 1.78705053697372
1047 1.7865795757947
1048 1.7862685640286
1049 1.78611610119753
1050 1.78612003977748
1051 1.78627750928186
1052 1.78658494342894
1053 1.78703811020434
1054 1.78763214461955
1055 1.7883615839576
1056 1.78922040528873
1057 1.79020206503195
1058 1.79129954033247
1059 1.7925053720201
1060 1.79381170891063
1061 1.79521035320976
1062 1.79669280677825
1063 1.79825031801717
1064 1.79987392913342
1065 1.80155452354834
1066 1.80328287321577
1067 1.80504968562064
1068 1.80684565023482
1069 1.80866148421393
1070 1.81048797712608
1071 1.81231603451239
1072 1.81413672008824
1073 1.81594129640436
1074 1.81772126379789
1075 1.81946839747449
1076 1.82117478257514
1077 1.82283284709341
1078 1.8244353925219
1079 1.82597562212004
1080 1.82744716670881
1081 1.82884410791178
1082 1.8301609987758
1083 1.83139288171855
1084 1.83253530376438
1085 1.83358432904342
1086 1.83453654854323
1087 1.83538908711522
1088 1.83613960775208
1089 1.83678631316486
1090 1.83732794470144
1091 1.83776377865998
1092 1.83809362006294
1093 1.83831779396813
1094 1.83843713440429
1095 1.83845297102809
1096 1.83836711360945
1097 1.83818183446004
1098 1.8378998489284
1099 1.83752429409174
1100 1.83705870578115
1101 1.83650699408272
1102 1.83587341746155
1103 1.83516255565988
1104 1.83437928152389
1105 1.83352873191578
1106 1.83261627786968
1107 1.83164749415056
1108 1.83062812837537
1109 1.82956406985481
1110 1.82846131831277
1111 1.8273259526379
1112 1.82616409981917
1113 1.8249819042134
1114 1.82378549728836
1115 1.82258096798032
1116 1.82137433379923
1117 1.82017151280875
1118 1.81897829660164
1119 1.81780032438412
1120 1.81664305827522
1121 1.81551175991939
1122 1.81441146850228
1123 1.81334698025137
1124 1.81232282949417
1125 1.81134327133792
1126 1.8104122660257
1127 1.80953346501442
1128 1.80871019881143
1129 1.80794546659668
1130 1.80724192764864
1131 1.80660189458274
1132 1.80602732840236
1133 1.80551983535334
1134 1.80508066556453
1135 1.80471071344837
1136 1.80441051982751
1137 1.80418027574571
1138 1.80401982791354
1139 1.80392868573278
1140 1.80390602983632
1141 1.80395072207449
1142 1.80406131687259
1143 1.80423607387945
1144 1.80447297182179
1145 1.80476972347489
1146 1.80512379165619
1147 1.8055324061454
1148 1.80599258143168
1149 1.80650113518626
1150 1.80705470735751
1151 1.8076497797837
1152 1.80828269621884
1153 1.80894968266617
1154 1.80964686791476
1155 1.81037030417547
1156 1.81111598771378
1157 1.81187987937915
1158 1.81265792493261
1159 1.81344607507741
1160 1.81424030510029
1161 1.81503663403496
1162 1.81583114326302
1163 1.81661999447201
1164 1.81739944689466
1165 1.81816587375868
1166 1.81891577788103
1167 1.81964580634658
1168 1.82035276421603
1169 1.82103362721433
1170 1.82168555335596
1171 1.82230589347017
1172 1.82289220059472
1173 1.82344223821305
1174 1.82395398731586
1175 1.82442565227399
1176 1.8248556655159
1177 1.8252426910084
1178 1.82558562654588
1179 1.82588360485826
1180 1.82613599355405
1181 1.82634239391984
1182 1.82650263860308
1183 1.82661678820973
1184 1.82668512685306
1185 1.82670815669458
1186 1.82668659152196
1187 1.82662134941277
1188 1.82651354453658
1189 1.8263644781509
1190 1.82617562884975
1191 1.82594864212575
1192 1.82568531930931
1193 1.8253876059501
1194 1.82505757970753
1195 1.82469743781832
1196 1.82430948420982
1197 1.82389611632835
1198 1.82345981175207
1199 1.82300311465733
1200 1.82252862220731
