1 2
2 2
3 2
4 2
5 2
6 2
7 2
8 2
9 2
10 2
11 2
12 2
13 2
14 2
15 2
16 2
17 2
18 2
19 2
20 2
21 2
22 2
23 2
24 2
25 2
26 2
27 2
28 2
29 2
30 2.25
31 2.2822
32 2.3172
33 2.3522
34 2.3872
35 2.4222
36 2.4572
37 2.4922
38 2.5272
39 2.5622
40 2.5960307444125
41 2.62767396296395
42 2.65716710375192
43 2.68450589030362
44 2.70967423304551
45 2.73264735462676
46 2.75339430970827
47 2.77187991841046
48 2.78806624446776
49 2.8
50 2.8
51 2.8
52 2.8
53 2.8
54 2.8
55 2.79959569891566
56 2.79690607188328
57 2.79198673439305
58 2.78490284046677
59 2.77573756730579
60 2.76463410093423
61 2.75176341666861
62 2.73727082684646
63 2.7212815307718
64 2.70390447295468
65 2.6852372681743
66 2.66537879307182
67 2.64443683677875
68 2.62252635545133
69 2.59976799087197
70 2.57628647823027
71 2.55220892260777
72 2.52766333869878
73 2.50277759827391
74 2.47767867131795
75 2.45249207274438
76 2.42734140221816
77 2.40234787450845
78 2.37762981904342
79 2.35330216830242
80 2.32947595042263
81 2.30625780005333
82 2.28374949869576
83 2.26204755116619
84 2.2412428009317
85 2.22142008469229
86 2.20265792545273
87 2.18502826329286
88 2.16859622351322
89 2.15341992219697
90 2.13955030936547
91 2.12703104987756
92 2.11589844207798
93 2.10618137399068
94 2.09790131662518
95 2.09107235374797
96 2.08570124727968
97 2.08178753731245
98 2.07932367559482
99 2.07829519119741
100 2.0786808869471
101 2.08045306509948
102 2.08357778060872
103 2.08801512025163
104 2.09371950576913
105 2.1006400191058
106 2.10872074775509
107 2.11790114815712
108 2.12811642504564
109 2.13929792460186
110 2.15137353924534
111 2.16426812187542
112 2.17790390737069
113 2.19220093915941
114 2.20707749868868
115 2.22245053564636
116 2.23823609682501
117 2.25434975156275
118 2.27070701175006
119 2.28722374445506
120 2.30381657529137
121 2.32040328073182
122 2.33690316765842
123 2.35323743853189
124 2.36932954066426
125 2.38510549818257
126 2.40049422538242
127 2.41542782028408
128 2.42984183732232
129 2.44367553822219
130 2.45687212023645
131 2.4693789210459
132 2.48114759975027
133 2.49213429350401
134 2.50229974947851
135 2.51160943195804
136 2.52003360450136
137 2.52754738722381
138 2.53413078937485
139 2.53976871750297
140 2.54445095961401
141 2.54817214583777
142 2.55093168622347
143 2.55273368638445
144 2.55358684180711
145 2.55350431172849
146 2.55250357356971
147 2.55060625898926
148 2.54783797269014
149 2.5442280951785
150 2.5398095707273
151 2.53461868184809
152 2.52869481161577
153 2.52208019522585
154 2.51481966219111
155 2.50696037060428
156 2.49855153490619
157 2.48964414860415
158 2.4802907033834
159 2.47054490604602
160 2.46046139469574
161 2.45009545556523
162 2.43950274185344
163 2.42873899590636
164 2.41785977603321
165 2.40692018920471
166 2.39597463082803
167 2.38507653273712
168 2.3742781204761
169 2.36363018088873
170 2.35318184095786
171 2.34298035876722
172 2.33307092738245
173 2.32349649237125
174 2.31429758360256
175 2.3055121618837
176 2.29717548091179
177 2.28931996493248
178 2.28197510241537
179 2.27516735597186
180 2.26892008865774
181 2.26325350672068
182 2.25818461877131
183 2.25372721127722
184 2.24989184020123
185 2.24668583853012
186 2.24411333936722
187 2.24217531419225
188 2.24086962582519
189 2.240191095568
190 2.24013158393818
191 2.24068008435295
192 2.24182282907123
193 2.24354340665373
194 2.24582289015855
195 2.24863997525211
196 2.25197112738131
197 2.25579073712498
198 2.26007128281816
199 2.26478349952446
200 2.26989655341752
201 2.27537822062311
202 2.28119506956943
203 2.28731264589317
204 2.29369565895382
205 2.30030816901839
206 2.3071137741923
207 2.31407579619043
208 2.3211574640645
209 2.32832209502911
210 2.33553327155821
211 2.34275501395766
212 2.34995194765539
213 2.35708946449088
214 2.36413387732741
215 2.37105256735605
216 2.37781412350686
217 2.38438847343235
218 2.39074700557884
219 2.39686268191361
220 2.40271014092934
221 2.40826579060131
222 2.41350789102796
223 2.41841662654048
224 2.42297416712223
225 2.42716471903396
226 2.43097456459518
227 2.43439209112569
228 2.43740780910415
229 2.44001435965204
230 2.44220651150126
231 2.44398114765215
232 2.44533724197499
233 2.44627582605258
234 2.4467999466034
235 2.44691461386479
236 2.44662674135251
237 2.44594507744751
238 2.44488012929241
239 2.44344407950872
240 2.4416506962715
241 2.43951523730094
242 2.43705434834938
243 2.43428595677882
244 2.43122916083712
245 2.42790411525053
246 2.42433191375734
247 2.42053446921065
248 2.41653439187863
249 2.41235486656828
250 2.40801952919243
251 2.4035523433918
252 2.39897747781198
253 2.39431918462118
254 2.3896016798382
255 2.38484902602023
256 2.38008501783921
257 2.37533307105133
258 2.37061611533864
259 2.36595649147424
260 2.36137585323296
261 2.35689507443905
262 2.35253416150959
263 2.34831217181983
264 2.34424713818148
265 2.34035599969062
266 2.33665453916572
267 2.33315732736039
268 2.32987767409882
269 2.32682758644588
270 2.32401773398709
271 2.32145742125792
272 2.31915456732628
273 2.3171156924971
274 2.31534591207387
275 2.31384893707858
276 2.31262708179981
277 2.31168127800735
278 2.31101109564264
279 2.31061476976592
280 2.3104892335147
281 2.31063015680329
282 2.31103199047004
283 2.31168801555787
284 2.31259039739427
285 2.31373024411982
286 2.31509766929877
287 2.31668185823233
288 2.31847113758395
289 2.32045304791696
290 2.32261441873812
291 2.32494144563561
292 2.32741976909771
293 2.33003455459719
294 2.33277057352845
295 2.33561228458743
296 2.33854391518972
297 2.34154954252965
298 2.34461317389189
299 2.34771882583808
300 2.35085060190311
301 2.35399276844987
302 2.35712982834647
303 2.36024659214675
304 2.36332824647285
305 2.36636041931785
306 2.36932924200644
307 2.37222140757287
308 2.37502422533704
309 2.37772567148235
310 2.38031443546186
311 2.38277996208269
312 2.38511248914274
313 2.38730308051723
314 2.38934365461728
315 2.39122700816602
316 2.39294683526202
317 2.39449774172318
318 2.39587525472719
319 2.39707582778766
320 2.39809684112652
321 2.39893659752514
322 2.39959431375673
323 2.40007010772245
324 2.40036498143231
325 2.40048079998959
326 2.4004202667541
327 2.40018689487496
328 2.39978497539794
329 2.3992195421651
330 2.39849633373643
331 2.39762175257315
332 2.39660282173163
333 2.39544713932435
334 2.39416283101032
335 2.39275850078255
336 2.39124318032336
337 2.38962627720024
338 2.3879175221761
339 2.38612691590634
340 2.38426467529402
341 2.38234117977037
342 2.38036691776399
343 2.3783524336158
344 2.37630827519045
345 2.37424494242658
346 2.37217283705947
347 2.37010221373958
348 2.36804313275976
349 2.36600541459188
350 2.36399859642152
351 2.36203189085591
352 2.36011414696662
353 2.35825381381424
354 2.35645890658738
355 2.35473697547327
356 2.35309507736178
357 2.35153975046899
358 2.35007699195061
359 2.34871223855983
360 2.34745035038822
361 2.34629559771257
362 2.34525165095527
363 2.34432157375002
364 2.34350781909024
365 2.34281222852258
366 2.34223603433387
367 2.34177986466627
368 2.34144375148225
369 2.3412271412886
370 2.34112890851688
371 2.34114737144657
372 2.34128031054711
373 2.34152498910514
374 2.34187817599495
375 2.34233617044184
376 2.34289482862172
377 2.34354959193349
378 2.34429551677626
379 2.34512730565869
380 2.34603933946459
381 2.34702571069669
382 2.34808025751846
383 2.34919659841386
384 2.35036816728477
385 2.35158824880712
386 2.35285001386877
387 2.35414655491505
388 2.3554709210314
389 2.35681615259703
390 2.35817531534859
391 2.35954153369868
392 2.36090802316049
393 2.36226812173686
394 2.36361532013992
395 2.36494329071513
396 2.36624591495277
397 2.36751730947844
398 2.36875185042377
399 2.36994419608815
400 2.11994419608815
401 2.05663735727045
402 1.98767419046733
403 1.91865067252926
404 1.84956314773459
405 1.78040833889371
406 1.71118335640651
407 1.64188570526632
408 1.57251329001376
409 1.50306441765368
410 1.43471240985891
411 1.3686292240008
412 1.30505094239028
413 1.24422551388606
414 1.2
415 1.2
416 1.2
417 1.2
418 1.2
419 1.2
420 1.2
421 1.2
422 1.2
423 1.2
424 1.2
425 1.2
426 1.2
427 1.2
428 1.2
429 1.2
430 1.2
431 1.20192661812164
432 1.20597670396208
433 1.21200805122917
434 1.21989387340892
435 1.22952017909748
436 1.24078368915149
437 1.25359017776473
438 1.26785314554742
439 1.28349275291701
440 1.30043495787364
441 1.31860180368104
442 1.337903236708
443 1.35823902492899
444 1.37950154945991
445 1.40157795395749
446 1.42435181519652
447 1.44770444507886
448 1.47151590836543
449 1.4956658206017
450 1.52003397557897
451 1.54450088227209
452 1.56894830709297
453 1.59325984765385
454 1.61732151376616
455 1.64102229489103
456 1.66425470120611
457 1.68691527079821
458 1.70890503912021
459 1.73012996926669
460 1.75050134319134
461 1.76993611477273
462 1.7883572255585
463 1.80569388347294
464 1.82188180435385
465 1.83686341605647
466 1.85058802491947
467 1.86301194454199
468 1.87409858701591
469 1.88381851696003
470 1.89214946889485
471 1.89907632866863
472 1.90459107979741
473 1.90869271571985
474 1.91138711909649
475 1.91268690940749
476 1.9126112602215
477 1.91118568762188
478 1.90844181138303
479 1.9044170905881
480 1.8991545354688
481 1.892702397328
482 1.88511383847537
483 1.87644658416567
484 1.86676255857823
485 1.85612750691442
486 1.84461060571784
487 1.83228406353939
488 1.81922271407619
489 1.80550360391023
490 1.791205576959
491 1.77640885772722
492 1.76119463541553
493 1.74564465090019
494 1.72984078854604
495 1.71386467475571
496 1.69779728508981
497 1.68171856171746
498 1.6657070428737
499 1.64983950591131
500 1.6341906254386
501 1.6188326479346
502 1.60383508412658
503 1.58926442030528
504 1.57518384963903
505 1.56165302443135
506 1.54872783014699
507 1.53646018191061
508 1.52489784405942
509 1.51408427320863
510 1.50405848516514
511 1.49485494590304
512 1.48650348669286
513 1.4790292433576
514 1.47245261951106
515 1.46678927352022
516 1.46205012882219
517 1.45824140711939
518 1.45536468387371
519 1.45341696542263
520 1.45239078694684
521 1.45227433043171
522 1.45305156168321
523 1.45470238538286
524 1.45720281709744
525 1.4605251710958
526 1.46463826276965
527 1.46950762440546
528 1.47509573301283
529 1.48136224887935
530 1.48826426349409
531 1.49575655546096
532 1.50379185300935
533 1.51232110170297
534 1.52129373594764
535 1.53065795290616
536 1.54036098744193
537 1.55034938673298
538 1.56056928322479
539 1.57096666462232
540 1.58148763966012
541 1.59207869843275
542 1.60268696611649
543 1.61326044896712
544 1.62374827153599
545 1.63410090410931
546 1.64427037944091
547 1.654210497918
548 1.66387702037162
549 1.67322784781789
550 1.68222318749287
551 1.69082570462249
552 1.6990006594482
553 1.70671602911019
554 1.71394261407052
555 1.7206541288399
556 1.72682727685263
557 1.73244180941416
558 1.73748056872472
559 1.74192951506016
560 1.74577773826653
561 1.7490174537988
562 1.75164398360497
563 1.75365572222536
564 1.75505408854192
565 1.7558434636746
566 1.75603111558002
567 1.75562711096262
568 1.75464421515871
569 1.75309778070087
570 1.75100562531198
571 1.74838790011628
572 1.74526694888789
573 1.74166715918612
574 1.73761480625085
575 1.73313789055057
576 1.72826596989023
577 1.7230299869963
578 1.71746209350132
579 1.71159547125119
580 1.70546415185466
581 1.69910283538605
582 1.69254670914008
583 1.68583126732051
584 1.67899213252428
585 1.67206487985786
586 1.66508486449465
587 1.65808705345076
588 1.65110586232167
589 1.64417499768461
590 1.63732730583104
591 1.63059462845066
592 1.62400766584302
593 1.61759584818592
594 1.61138721534058
595 1.6054083056234
596 1.59968405392251
597 1.59423769948489
598 1.58909070364693
599 1.58426267772762
600 1.57977132125022
601 1.57563237060497
602 1.57185955821235
603 1.56846458219412
604 1.56545708650827
605 1.56284465145367
606 1.56063279440131
607 1.55882498056218
608 1.55742264355593
609 1.55642521550138
610 1.55583016630859
611 1.55563305181294
612 1.55582757035558
613 1.55640562738038
614 1.55735740758641
615 1.55867145414652
616 1.5603347544772
617 1.56233283202237
618 1.5646498434941
619 1.56726868099698
620 1.57017107844961
621 1.57333772170625
622 1.57674836177457
623 1.58038193052167
624 1.58421665825897
625 1.58823019259915
626 1.5923997179827
627 1.59670207527965
628 1.60111388088241
629 1.60561164471891
630 1.6101718866307
631 1.61477125057903
632 1.61938661616205
633 1.62399520694904
634 1.62857469516191
635 1.63310330226067
636 1.63755989501769
637 1.64192407669487
638 1.64617627296905
639 1.65029781228286
640 1.65427100033126
641 1.65807918842799
642 1.66170683553042
643 1.66513956373661
644 1.66836420710303
645 1.67136885366732
646 1.67414288059512
647 1.67667698240538
648 1.6789631922629
649 1.68099489636091
650 1.68276684144965
651 1.68427513559953
652 1.68551724231835
653 1.68649196817278
654 1.68719944409281
655 1.68764110056546
656 1.68781963695037
657 1.68773898517368
658 1.68740426807996
659 1.68682175274243
660 1.68599879905084
661 1.68494380391396
662 1.68366614142811
663 1.68217609937726
664 1.6804848124406
665 1.67860419249336
666 1.67654685639332
667 1.67432605165065
668 1.67195558038205
669 1.66944972195062
670 1.66682315469269
671 1.66409087712922
672 1.66126812905535
673 1.65837031289453
674 1.65541291569554
675 1.65241143214082
676 1.64938128892257
677 1.64633777083018
678 1.64329594887776
679 1.64027061078473
680 1.63727619410518
681 1.63432672228345
682 1.631435743894
683 1.62861627530352
684 1.62588074697212
685 1.62324095358877
686 1.62070800821405
687 1.61829230058029
688 1.6160034596766
689 1.61385032072269
690 1.61184089661236
691 1.60998235388423
692 1.60828099325405
693 1.60674223472035
694 1.60537060723238
695 1.60416974288747
696 1.60314237560345
697 1.60229034419091
698 1.60161459973004
699 1.60111521713748
700 1.6007914107906
701 1.6006415540587
702 1.60066320257506
703 1.60085312106788
704 1.60120731355465
705 1.60172105669138
706 1.60238893605675
707 1.60320488514072
708 1.60416222679838
709 1.60525371692219
710 1.60647159007914
711 1.60780760685495
712 1.6092531026432
713 1.61079903761558
714 1.61243604760818
715 1.61415449565913
716 1.61594452393479
717 1.61779610578427
718 1.61969909766647
719 1.62164329069894
720 1.62361846158431
721 1.62561442267762
722 1.62762107096628
723 1.62962843574389
724 1.63162672476949
725 1.63360636871504
726 1.63555806371584
727 1.6374728118512
728 1.63934195939588
729 1.64115723269674
730 1.64291077154308
731 1.64459515991382
732 1.6462034539997
733 1.64772920741364
734 1.64916649351771
735 1.6505099248107
736 1.6517546693354
737 1.65289646407996
738 1.65393162536309
739 1.65485705620741
740 1.65567025072002
741 1.65636929551359
742 1.65695286821504
743 1.65742023312221
744 1.65777123408178
745 1.65800628467373
746 1.65812635579949
747 1.65813296078141
748 1.65802813809178
749 1.65781443183858
750 1.65749487014418
751 1.65707294156054
752 1.65655256967187
753 1.6559380860414
754 1.65523420166428
755 1.65444597709307
756 1.6535787914054
757 1.65263831018625
758 1.65163045269877
759 1.65056135841835
760 1.64943735310459
761 1.64826491458498
762 1.64705063842213
763 1.64580120363395
764 1.64452333863295
765 1.64322378754634
766 1.64190927707427
767 1.64058648403784
768 1.63926200376217
769 1.6379423194336
770 1.63663377256232
771 1.63534253467427
772 1.63407458034771
773 1.63283566170127
774 1.63163128443144
775 1.63046668548767
776 1.62934681246423
777 1.62827630477777
778 1.62725947668964
779 1.62630030222216
780 1.62540240200763
781 1.6245690320989
782 1.62380307476034
783 1.62310703124767
784 1.62248301657588
785 1.62193275626405
786 1.62145758503726
787 1.62105844745586
788 1.62073590043403
789 1.62049011760091
790 1.6203208954493
791 1.62022766120946
792 1.62020948237813
793 1.62026507782614
794 1.62039283040175
795 1.62059080094086
796 1.62085674359041
797 1.62118812234611
798 1.62158212870198
799 1.62203570030523
800 1.77269554050746
801 1.78935813870044
802 1.80746979132304
803 1.82562662342494
804 1.84382461067163
805 1.86205960167572
806 1.88032734053957
807 1.89862348949572
808 1.91694365153303
809 1.93528339289843
810 1.9529360104613
811 1.96930064070516
812 1.98442307359614
813 1.9983210125389
814 2.01100166628892
815 2.02246432711484
816 2.03270242691452
817 2.04170512901937
818 2.04945855870028
819 2.055946752576
820 2.0611556738198
821 2.06507899962338
822 2.06771950588883
823 2.06908769311039
824 2.06920084482138
825 2.0680823238916
826 2.06576104241435
827 2.06227105707199
828 2.05765125471328
829 2.05194510239337
830 2.04520042780344
831 2.0374691807218
832 2.02880714727307
833 2.01927362440946
834 2.00893106996096
835 1.99784473804587
836 1.98608230631099
837 1.97371349921379
838 1.96080971005145
839 1.94744362345078
840 1.93368883946658
841 1.91961950032809
842 1.90530992111493
843 1.89083422592559
844 1.87626599123437
845 1.86167789813606
846 1.8471413951106
847 1.83272637283875
848 1.81850085248352
849 1.80453068873476
850 1.79087928880092
851 1.77760734842454
852 1.76477260589444
853 1.75242961492389
854 1.74062953715867
855 1.7294199549711
856 1.71884470508556
857 1.70894373347006
858 1.69975297181565
859 1.69130423581426
860 1.6836251453347
861 1.67673906648752
862 1.67066507546279
863 1.66541794392058
864 1.66100814561293
865 1.65744188381819
866 1.65472113907515
867 1.65284373661436
868 1.65180343279926
869 1.65159001980957
870 1.65218944772432
871 1.65358396309258
872 1.65575226301633
873 1.6586696637117
874 1.66230828246366
875 1.66663723184331
876 1.67162282501799
877 1.67722879095176
878 1.6834164982674
879 1.69014518652142
880 1.69737220363018
881 1.70505324817822
882 1.71314261533942
883 1.72159344514691
884 1.73035797185962
885 1.73938777319048
886 1.74863401818474
887 1.75804771256555
888 1.76757994039773
889 1.77718210095962
890 1.78680613975664
891 1.79640477265788
892 1.80593170218947
893 1.81534182507413
894 1.82459143016553
895 1.83363838598854
896 1.84244231716146
897 1.8509647690436
898 1.85916936002098
899 1.86702192091396
900 1.87449062106257
901 1.88154608071841
902 1.88816146944564
903 1.89431259030677
904 1.89997794968272
905 1.90513881264915
906 1.90977924390279
907 1.91388613430216
908 1.91744921315591
909 1.92046104645892
910 1.92291702134137
911 1.92481531705795
912 1.92615686290426
913 1.926945283504
914 1.92718683196393
915 1.92689031144364
916 1.92606698573369
917 1.9247304794782
918 1.92289666871718
919 1.92058356245824
920 1.91781117601852
921 1.91460139690394
922 1.91097784401543
923 1.90696572098972
924 1.90259166449631
925 1.89788358832161
926 1.89287052407676
927 1.88758245936673
928 1.88205017425539
929 1.87630507685444
930 1.87037903885296
931 1.8643042317901
932 1.85811296485478
933 1.85183752497488
934 1.84551001993312
935 1.83916222521853
936 1.83282543529173
937 1.82653031990771
938 1.82030678610404
939 1.81418384642332
940 1.80818949389806
941 1.80235058428371
942 1.79669272598124
943 1.79124017804514
944 1.78601575662627
945 1.78104075015133
946 1.7763348434927
947 1.77191605133416
948 1.76780066088912
949 1.76400318407977
950 1.7605363192376
951 1.75741092233793
952 1.75463598773474
953 1.75221863831618
954 1.7501641249569
955 1.74847583510011
956 1.74715531026104
957 1.74620227220362
958 1.74561465750472
959 1.74538866018437
960 1.74551878204713
961 1.7459978903487
962 1.74681728237303
963 1.74796675647937
964 1.74943468915496
965 1.7512081175885
966 1.75327282726122
967 1.75561344403744
968 1.75821353022382
969 1.76105568405681
970 1.76412164207122
971 1.76739238379859
972 1.77084823824265
973 1.774468991581
974 1.77823399554564
975 1.78212227594223
976 1.78611264077673
977 1.79018378746986
978 1.79431440865378
979 1.79848329606135
980 1.80266944203678
981 1.80685213821645
982 1.81101107095089
983 1.81512641306249
984 1.81917891155878
985 1.82314997094782
986 1.82702173183004
987 1.83077714446989
988 1.83440003708047
989 1.83787517858501
990 1.84118833565012
991 1.84432632381771
992 1.84727705259395
993 1.85002956438607
994 1.85257406720945
995 1.85490196111944
996 1.85700585835366
997 1.85887959720132
998 1.86051824964665
999 1.86191812286263
1000 1.86307675466013
1001 1.86399290302485
1002 1.86466652990093
1003 1.86509877940521
1004 1.86529195068006
1005 1.86524946561456
1006 1.86497583168528
1007 1.8644766001865
1008 1.8637583201376
1009 1.86282848817101
1010 1.86169549471832
1011 1.86036856682402
1012 1.85885770792729
1013 1.85717363496033
1014 1.85532771311871
1015 1.85333188866402
1016 1.85119862012198
1017 1.84894080824068
1018 1.84657172507256
1019 1.84410494254176
1020 1.84155426085413
1021 1.83893363710169
1022 1.83625711440558
1023 1.83353875193304
1024 1.83079255611333
1025 1.82803241336583
1026 1.8252720246404
1027 1.82252484205592
1028 1.81980400790721
1029 1.81712229629455
1030 1.81449205761194
1031 1.81192516611264
1032 1.8094329707512
1033 1.80702624948151
1034 1.80471516717077
1035 1.80250923726808
1036 1.80041728734604
1037 1.79844742861263
1038 1.7966070294692
1039 1.79490269316983
1040 1.79334023961575
1041 1.79192469129841
1042 1.79066026338356
1043 1.78955035790947
1044 1.78859756205218
1045 1.78780365039215
1046 1.78716959109828
1047 1.78669555592754
1048 1.786380933922
1049 1.78622434866902
1050 1.78622367897547
1051 1.78637608279292
1052 1.78667802421804
1053 1.78712530338048
1054 1.78771308901986
1055 1.78843595354425
1056 1.78928791035392
1057 1.79026245320733
1058 1.79135259740013
1059 1.79255092252368
1060 1.79384961656582
1061 1.7952405211146
1062 1.79671517742461
1063 1.7982648731058
1064 1.79988068919587
1065 1.80155354738007
1066 1.80327425712553
1067 1.80503356250209
1068 1.80682218846742
1069 1.80863088640041
1070 1.81045047867506
1071 1.81227190207495
1072 1.81408624985819
1073 1.81588481229234
1074 1.81765911548993
1075 1.8194009583862
1076 1.8211024477131
1077 1.8227560308354
1078 1.82435452632826
1079 1.82589115218833
1080 1.82735955158416
1081 1.82875381606547
1082 1.83006850616446
1083 1.83129866933648
1084 1.8324398552012
1085 1.83348812805921
1086 1.83444007667292
1087 1.83529282131401
1088 1.83604401809282
1089 1.83669186059848
1090 1.83723507889056
1091 1.83767293589573
1092 1.83800522127416
1093 1.83823224283189
1094 1.83835481556559
1095 1.83837424843646
1096 1.83829232897905
1097 1.83811130585952
1098 1.83783386950573
1099 1.8374631309387
1100 1.83700259894139
1101 1.83645615570639
1102 1.8358280311089
1103 1.8351227757554
1104 1.83434523296165
1105 1.83350050981617
1106 1.83259394748668
1107 1.83163109092811
1108 1.83061765815066
1109 1.82955950920559
1110 1.82846261504501
1111 1.8273330264097
1112 1.826176842896
1113 1.82500018234918
1114 1.82380915072645
1115 1.82260981256783
1116 1.82140816220776
1117 1.82021009585397
1118 1.81902138465401
1119 1.81784764886248
1120 1.81669433321481
1121 1.81556668360553
1122 1.81446972516079
1123 1.81340824178653
1124 1.81238675726504
1125 1.81140951796375
1126 1.81048047721097
1127 1.80960328138434
1128 1.80878125774861
1129 1.80801740406984
1130 1.80731438002441
1131 1.80667450041183
1132 1.80609973017156
1133 1.80559168119512
1134 1.80515161091633
1135 1.80478042265403
1136 1.80447866767374
1137 1.8042465489267
1138 1.80408392641757
1139 1.80399032414488
1140 1.80396493855177
1141 1.80400664841817
1142 1.80411402612002
1143 1.80428535017581
1144 1.80451861899553
1145 1.80481156574353
1146 1.80516167422212
1147 1.80556619568027
1148 1.80602216644841
1149 1.80652642629842
1150 1.80707563742614
1151 1.80766630395257
1152 1.80829479183925
1153 1.80895734911331
1154 1.80965012629787
1155 1.81036919694474
1156 1.81111057816731
1157 1.81187025107368
1158 1.81264418100236
1159 1.81342833746546
1160 1.81421871370765
1161 1.81501134579252
1162 1.81580233113209
1163 1.81658784637923
1164 1.81736416460766
1165 1.8181276717085
1166 1.81887488193822
1167 1.81960245255733
1168 1.82030719750535
1169 1.82098610006289
1170 1.82163632445779
1171 1.82225522637777
1172 1.8228403623587
1173 1.82338949802298
1174 1.82390061514898
1175 1.82437191755845
1176 1.82480183581482
1177 1.82518903073108
1178 1.82553239569199
1179 1.82583105780094
1180 1.82608437786717
1181 1.82629194925484
1182 1.82645359562009
1183 1.82656936756749
1184 1.82663953826196
1185 1.82666459803644
1186 1.82664524804012
1187 1.82658239297542
1188 1.82647713297602
1189 1.82633075468091
1190 1.82614472156283
1191 1.82592066357168
1192 1.82566036615599
1193 1.82536575872706
1194 1.82503890263245
1195 1.82468197870609
1196 1.82429727446351
1197 1.82388717101105
1198 1.82345412973804
1199 1.82300067886065
1200 1.82252939988583
