1 2
2 2
3 2
4 2
5 2
6 2
7 2
8 2
9 2
10 2
11 2
12 2
13 2
14 2
15 2
16 2
17 2
18 2
19 2
20 2
21 2
22 2
23 2
24 2
25 2
26 2
27 2
28 2
29 2
30 2.25
31 2.28795071428571
32 2.32623642857143
33 2.36452214285714
34 2.40280785714286
35 2.44109357142857
36 2.47937928571429
37 2.517665
38 2.55595071428571
39 2.59423642857143
40 2.62983757463562
41 2.66049457824653
42 2.68648632899264
43 2.70802235252322
44 2.72526259641227
45 2.73832854758976
46 2.7473118860828
47 2.75228121839077
48 2.75328731536
49 2.75036718548769
50 2.74357606904181
51 2.73303405024349
52 2.71893128405547
53 2.70150825816397
54 2.68104156862875
55 2.65783367722475
56 2.63220557821163
57 2.60449158204477
58 2.57503563204505
59 2.54418872507825
60 2.51230681275066
61 2.4797482666258
62 2.44687049074566
63 2.41402602375613
64 2.38155858172816
65 2.34979929920587
66 2.31906330101992
67 2.28964665840551
68 2.2618237349914
69 2.2358449008433
70 2.21193458206899
71 2.19028962094621
72 2.17107794070114
73 2.15443752443735
74 2.1404757215955
75 2.12926889121964
76 2.12086238415702
77 2.11527085883383
78 2.11247891877665
79 2.11244205512196
80 2.11508787401905
81 2.1203175867618
82 2.12800773913162
83 2.13801215529131
84 2.15016407040223
85 2.16427842495788
86 2.18015429275488
87 2.1975774135849
88 2.21632280122139
89 2.23615739713807
90 2.25684274063821
91 2.27813762666847
92 2.29980072350017
93 2.32159312364381
94 2.34328080278703
95 2.36463696318637
96 2.38544423977914
97 2.40549674929252
98 2.42460196479277
99 2.44258240041303
100 2.45927709339826
101 2.4745428730813
102 2.48825540892661
103 2.50031003231854
104 2.51062232930104
105 2.51912850396925
106 2.52578551464421
107 2.53057098730692
108 2.53348291300422
109 2.53453913804596
110 2.53377665777258
111 2.531250726466
112 2.52703379759227
113 2.52121430998712
114 2.51389533681657
115 2.50519311515665
116 2.49523547483209
117 2.48416018573362
118 2.47211324319341
119 2.45924711114347
120 2.44571894271364
121 2.43168879765272
122 2.41731787548491
123 2.40276678265513
124 2.38819385108267
125 2.37375352454557
126 2.35959482817441
127 2.34585993505824
128 2.33268284257485
129 2.32018816957016
130 2.30849008394534
131 2.29769136858358
132 2.28788263188067
133 2.27914166745293
134 2.27153296590095
135 2.2651073798265
136 2.25990194164994
137 2.255939832173
138 2.25323049629287
139 2.25176990081307
140 2.25154092792653
141 2.252513896681
142 2.25464720358486
143 2.25788807248326
144 2.26217340293718
145 2.26743070557798
146 2.27357911229121
147 2.28053044860955
148 2.28819035536604
149 2.29645944647571
150 2.30523448967403
151 2.31440959714109
152 2.32387741317639
153 2.33353028645462
154 2.34326141488019
155 2.35296595166014
156 2.36254206192066
157 2.37189191999343
158 2.38092263838121
159 2.38954712036867
160 2.39768482925971
161 2.40526246828634
162 2.41221456633283
163 2.41848396574023
164 2.42402220958812
165 2.42878982697999
166 2.43275651597464
167 2.43590122489652
168 2.43821213381226
169 2.43968653896879
170 2.44033064394089
171 2.44015926212349
172 2.43919543602047
173 2.43746997951813
174 2.43502094998426
175 2.43189305759682
176 2.42813701977644
177 2.42380886897193
178 2.41896922232594
179 2.41368252192833
180 2.40801625444915
181 2.4020401589316
182 2.39582543142201
183 2.38944393492139
184 2.38296742286558
185 2.37646678398493
186 2.37001131596359
187 2.36366803482153
188 2.35750102638437
189 2.35157084559591
190 2.34593396877314
191 2.34064230321102
192 2.3357427578242
193 2.3312768777717
194 2.32728054525806
195 2.32378374794845
196 2.32081041568318
197 2.31837832543808
198 2.31649907375736
199 2.31517811519323
200 2.31441486462719
201 2.31420286072862
202 2.31452998723169
203 2.31537874818762
204 2.3167265928788
205 2.31854628566928
206 2.32080631571442
207 2.32347134116358
208 2.32650266226525
209 2.32985871762409
210 2.33349559776462
211 2.33736757012584
212 2.34142760964302
213 2.34562792916633
214 2.34992050411723
215 2.35425758599048
216 2.35859219956757
217 2.36287861901338
218 2.36707281837658
219 2.37113289240133
220 2.37501944397813
221 2.37869593500948
222 2.38212899793678
223 2.38528870566184
224 2.38814879809526
225 2.39068686406769
226 2.39288447784503
227 2.39472728998732
228 2.39620507278067
229 2.39731172094513
230 2.39804520877576
231 2.39840750530423
232 2.39840444947015
233 2.39804558766246
234 2.39734397632679
235 2.39631595263377
236 2.39498087646268
237 2.39336084717293
238 2.39148039881204
239 2.38936617754124
240 2.38704660514951
241 2.38455153257278
242 2.38191188733881
243 2.37915931882009
244 2.37632584509952
245 2.37344350513707
246 2.37054401977398
247 2.36765846492534
248 2.36481696009596
249 2.36204837511103
250 2.35938005768512
251 2.35683758416488
252 2.35444453547502
253 2.3522222999781
254 2.35018990462975
255 2.34836387547625
256 2.34675812820386
257 2.34538388911367
258 2.34424964656434
259 2.34336113260233
260 2.34272133418758
261 2.3423305331252
262 2.34218637353402
263 2.34228395542201
264 2.34261595270029
265 2.34317275375262
266 2.34394262248806
267 2.34491187764209
268 2.34606508795689
269 2.3473852807653
270 2.34885416142623
271 2.35045234101063
272 2.35215956961809
273 2.35395497271267
274 2.35581728790276
275 2.35772509965215
276 2.3596570694967
277 2.36159215945175
278 2.36350984642749
279 2.36539032562154
280 2.36721470102704
281 2.36896516137945
282 2.37062514006252
283 2.37217945770187
284 2.37361444639088
285 2.37491805471472
286 2.37607993296324
287 2.37709149814837
288 2.37794597866519
289 2.37863843865493
290 2.37916578234116
291 2.37952673881485
292 2.37972182793821
293 2.37975330821909
294 2.37962510767625
295 2.37934273886857
296 2.37891319939836
297 2.37834485931801
298 2.37764733697047
299 2.37683136487639
300 2.37590864734374
301 2.37489171151976
302 2.37379375362945
303 2.37262848215015
304 2.37140995965877
305 2.37015244505688
306 2.36887023783053
307 2.36757752593699
308 2.36628823883089
309 2.36501590704845
310 2.36377352966247
311 2.36257345080311
312 2.36142724631294
313 2.36034562146965
314 2.35933832056852
315 2.35841404901121
316 2.35758040839796
317 2.35684384497045
318 2.35620961160212
319 2.3556817433848
320 2.35526304671553
321 2.35495510164707
322 2.3547582771321
323 2.35467175866422
324 2.35469358770087
325 2.35482071214504
326 2.35504904706431
327 2.35537354473942
328 2.35578827305934
329 2.35628650121725
330 2.35686079161222
331 2.35750309682402
332 2.35820486050463
333 2.35895712101847
334 2.35975061666529
335 2.36057589133249
336 2.36142339945009
337 2.36228360915738
338 2.36314710263824
339 2.36400467263887
340 2.36484741424772
341 2.3656668110915
342 2.36645481518215
343 2.36720391973652
344 2.36790722438264
345 2.36855849226194
346 2.36915219863521
347 2.36968357070023
348 2.37014861842917
349 2.37054415633386
350 2.37086781616542
351 2.3711180506499
352 2.3712941284542
353 2.37139612066359
354 2.37142487913484
355 2.37138200716516
356 2.37126982298696
357 2.3710913166608
358 2.37085010099389
359 2.37055035715815
360 2.37019677572047
361 2.36979449382732
362 2.36934902930775
363 2.36886621247091
364 2.36835211637865
365 2.36781298636961
366 2.36725516959864
367 2.3666850453355
368 2.36610895673952
369 2.36553314479229
370 2.36496368503026
371 2.3644064276726
372 2.3638669416884
373 2.36335046329151
374 2.36286184929176
375 2.36240553566891
376 2.36198550167093
377 2.36160523967203
378 2.36126773095882
379 2.36097542754606
380 2.360730240057
381 2.36053353163853
382 2.36038611781814
383 2.3602882721496
384 2.36023973743679
385 2.36023974227205
386 2.36028702257588
387 2.36037984778006
388 2.36051605125698
389 2.36069306456282
390 2.36090795503382
391 2.36115746625092
392 2.3614380608708
393 2.36174596530917
394 2.36207721575595
395 2.36242770500181
396 2.36279322955996
397 2.36316953657805
398 2.36355237004976
399 2.36393751585644
400 2.11393751585644
401 2.03841359805476
402 1.96221002527442
403 1.88599316300144
404 1.80975961175604
405 1.73350623688331
406 1.65723019477067
407 1.58092895530795
408 1.50460032045097
409 1.42824243879367
410 1.35454250061568
411 1.28616931446983
412 1.22353400600892
413 1.2
414 1.2
415 1.2
416 1.2
417 1.2
418 1.2
419 1.2
420 1.2
421 1.2
422 1.20538171451134
423 1.21718269062669
424 1.23432145528832
425 1.2557234143234
426 1.28054647021746
427 1.30812976402182
428 1.33795385243593
429 1.36960967607619
430 1.40277437619489
431 1.43719244653108
432 1.47260325115172
433 1.50867856039281
434 1.54503845258816
435 1.58128422271438
436 1.61702161584964
437 1.65187486875949
438 1.68549448299333
439 1.71756080766011
440 1.74778489790096
441 1.77590767199851
442 1.80169869179057
443 1.82495601849478
444 1.84550734535642
445 1.86321162312725
446 1.87796050314952
447 1.88967926093214
448 1.89832709172337
449 1.90389679811673
450 1.9064139546994
451 1.90593566063974
452 1.90254898742061
453 1.89636919772208
454 1.88753777082238
455 1.87622024452833
456 1.86260387863506
457 1.8468951511651
458 1.82931710798859
459 1.81010659462372
460 1.78951140437074
461 1.76778737915331
462 1.74519549899276
463 1.72199899386724
464 1.69846050891583
465 1.67483935133276
466 1.65138884511596
467 1.62835381797147
468 1.60596824289807
469 1.58445305508432
470 1.56401416262849
471 1.54484066721111
472 1.52710330824579
473 1.5109531412801
474 1.49652045859389
475 1.48391395711569
476 1.47322015599443
477 1.46450306345331
478 1.45780408993398
479 1.45314220202802
480 1.4505143093044
481 1.44989587389552
482 1.45124173061771
483 1.45448710349551
484 1.45954880284939
485 1.46632658560811
486 1.47470466023187
487 1.48455331658826
488 1.49573066031412
489 1.50808443062622
490 1.5214538802098
491 1.53567169571508
492 1.5505659375219
493 1.56596197778453
494 1.58168441633302
495 1.59755895477306
496 1.61341421007917
497 1.62908345010232
498 1.64440623469527
499 1.65922994758036
500 1.67341120562565
501 1.68681713383751
502 1.69932649610069
503 1.71083067348009
504 1.72123448372168
505 1.73045683743354
506 1.73843122827017
507 1.74510605626688
508 1.75044478525547
509 1.75442593702088
510 1.75704292651355
511 1.75830374399927
512 1.75823049149128
513 1.75685878215812
514 1.75423701262109
515 1.75042551914009
516 1.74549562962655
517 1.73952862421169
518 1.73261461773275
519 1.72485137797682
520 1.71634309383973
521 1.70719910771829
522 1.69753262645861
523 1.68745942503709
524 1.67709655685801
525 1.66656108412022
526 1.65596884114311
527 1.64543324285805
528 1.6350641498766
529 1.62496680065179
530 1.61524082026627
531 1.60597931432317
532 1.59726805529606
533 1.58918476752571
534 1.58179851584838
535 1.57516920161576
536 1.5693471686342
537 1.5643729203238
538 1.56027694818949
539 1.5570796705174
540 1.55479147907426
541 1.5534128905041
542 1.55293479809669
543 1.55333881865476
544 1.55459772831925
545 1.55667598043246
546 1.55953029783221
547 1.56311033138223
548 1.56735937605734
549 1.57221513552038
550 1.57761052585138
551 1.58347450891919
552 1.58973294582017
553 1.59630946084606
554 1.60312630658013
555 1.61010522095376
556 1.61716826741906
557 1.62423864980211
558 1.63124149388806
559 1.63810458834843
560 1.64475907824206
561 1.65114010499926
562 1.65718738752194
563 1.66284573979474
564 1.66806552119257
565 1.67280301648048
566 1.67702074332236
567 1.68068768593805
568 1.68377945436371
569 1.68627836957045
570 1.68817347547294
571 1.68946047960496
572 1.69014162494625
573 1.6902254960477
574 1.68972676321369
575 1.6886658690573
576 1.68706866224013
577 1.68496598364132
578 1.68239321056603
579 1.67938976490128
580 1.6759985913534
581 1.67226561205836
582 1.66823916394132
583 1.66396942521854
584 1.65950783738247
585 1.65490652889384
586 1.65021774662427
587 1.64549330085357
588 1.64078402933187
589 1.6361392855715
590 1.63160645614326
591 1.62723051132097
592 1.62305359295283
593 1.61911464294361
594 1.615449075215
595 1.61208849347698
596 1.60906045659894
597 1.60638829281924
598 1.6040909634843
599 1.6021829764668
600 1.60067434888379
601 1.59957061822488
602 1.59887290051229
603 1.59857799365346
604 1.59867852371774
605 1.59916313147413
606 1.60001669617087
607 1.60122059322343
608 1.60275298220549
609 1.60458912131163
610 1.60670170428038
611 1.60906121563377
612 1.61163630000342
613 1.61439414127514
614 1.61730084729108
615 1.6203218359007
616 1.62342221824747
617 1.62656717531418
618 1.62972232392479
619 1.63285406861096
620 1.63592993599437
621 1.63891888860776
622 1.64179161537511
623 1.64452079629006
624 1.64708133916858
625 1.6494505867022
626 1.65160849239769
627 1.65353776435513
628 1.65522397620288
629 1.65665564487286
630 1.65782427525818
631 1.65872437214357
632 1.65935342013507
633 1.65971183263419
634 1.65980287120173
635 1.65963253693416
636 1.65920943572892
637 1.65854461954177
638 1.65765140593848
639 1.65654517841223
640 1.65524317007692
641 1.65376423345454
642 1.65212859915036
643 1.65035762625486
644 1.64847354732437
645 1.64649921077569
646 1.64445782348321
647 1.64237269629241
648 1.64026699506225
649 1.63816349972227
650 1.63608437368095
651 1.6340509457518
652 1.63208350657482
653 1.63020112130629
654 1.62842146013222
655 1.62676064793144
656 1.62523313417798
657 1.62385158392984
658 1.62262679050678
659 1.62156761021459
660 1.62068091923146
661 1.61997159253462
662 1.61944250451595
663 1.61909455071534
664 1.6189266898921
665 1.61893600546057
666 1.61911778513653
667 1.6194656174788
668 1.61997150386637
669 1.620625984326
670 1.62141827552058
671 1.62233641912375
672 1.62336743874296
673 1.62449750351075
674 1.62571209644231
675 1.62699618565678
676 1.62833439657908
677 1.62971118327737
678 1.63111099714903
679 1.63251845124192
680 1.63391847858896
681 1.63529648303918
682 1.63663848118744
683 1.63793123413513
684 1.63916236795495
685 1.64032048188123
686 1.64139524340266
687 1.6423774695938
688 1.64325919418479
689 1.64403372003196
690 1.64469565681525
691 1.64524094394907
692 1.64566685884945
693 1.64597201085161
694 1.64615632121582
695 1.64622098979513
696 1.64616844906424
697 1.64600230632455
698 1.64572727500349
699 1.64534909605825
700 1.64487445057144
701 1.64431086469183
702 1.64366660812328
703 1.64295058740255
704 1.64217223522882
705 1.641341397117
706 1.64046821664186
707 1.63956302052183
708 1.63863620476078
709 1.63769812302277
710 1.63675897836102
711 1.63582871935736
712 1.6349169416545
713 1.63403279578092
714 1.63318490207818
715 1.63238127344437
716 1.63162924650632
717 1.63093542172814
718 1.63030561285607
719 1.6297448059905
720 1.62925712846691
721 1.62884582761894
722 1.62851325939064
723 1.62826088666172
724 1.62808928705049
725 1.6279981698653
726 1.62798640178721
727 1.62805204078514
728 1.62819237769083
729 1.62840398479505
730 1.62868277076879
731 1.62902404116452
732 1.6294225637132
733 1.62987263760222
734 1.63036816589887
735 1.63090273027235
736 1.63146966716509
737 1.63206214457096
738 1.63267323859362
739 1.6332960089818
740 1.63392357287041
741 1.63454917599505
742 1.63516626069357
743 1.63576853005987
744 1.63635000767255
745 1.63690509238258
746 1.63742860770997
747 1.63791584546796
748 1.63836260330432
749 1.63876521592139
750 1.63912057980992
751 1.63942617140413
752 1.63968005863765
753 1.63988090595004
754 1.64002797286159
755 1.64012110629898
756 1.6401607269155
757 1.64014780970687
758 1.64008385927586
759 1.6399708801464
760 1.63981134256975
761 1.6396081443012
762 1.6393645688562
763 1.6390842407784
764 1.63877107847003
765 1.63842924514642
766 1.63806309848156
767 1.63767713951068
768 1.63727596134915
769 1.63686419827396
770 1.63644647569647
771 1.63602736153149
772 1.63561131944022
773 1.63520266439208
774 1.6348055209545
775 1.63442378468028
776 1.63406108691968
777 1.63372076333991
778 1.63340582638782
779 1.63311894188419
780 1.63286240988921
781 1.63263814993005
782 1.63244769063291
783 1.63229216375456
784 1.63217230256169
785 1.63208844446199
786 1.6320405377485
787 1.6320281522789
788 1.63205049387427
789 1.63210642218861
790 1.63219447176978
791 1.63231287600633
792 1.63245959363214
793 1.63263233744221
794 1.63282860485867
795 1.63304570997601
796 1.6332808167084
797 1.63353097266036
798 1.63379314334393
799 1.63406424637212
800 1.88406424637212
801 1.90331930078846
802 1.92274158709544
803 1.9421606604516
804 1.96157368664353
805 1.98097796914499
806 2.00037097401679
807 2.01975035244079
808 2.03911396071147
809 2.05845987754013
810 2.07510482418289
811 2.08699360476544
812 2.09474898888318
813 2.09885241114743
814 2.09967808075174
815 2.09751678422667
816 2.09259442247509
817 2.08508644484087
818 2.07512908680963
819 2.06282811758239
820 2.04829444338949
821 2.03169132338578
822 2.01323658603346
823 1.99317993238931
824 1.97178769058189
825 1.94933279527164
826 1.92608842385157
827 1.90232415928869
828 1.87830387060227
829 1.85428473634058
830 1.83051669748869
831 1.80724139507313
832 1.78469022136874
833 1.76308189716767
834 1.74262005984657
835 1.72349111396882
836 1.70586245230022
837 1.68988106973133
838 1.67567254527621
839 1.66334034416198
840 1.65296538701986
841 1.64460584625372
842 1.63829715300487
843 1.63405221558094
844 1.63186185468201
845 1.6316954568484
846 1.63350184088002
847 1.63721032543888
848 1.64273198094498
849 1.64996104560403
850 1.65877648384572
851 1.66904366514148
852 1.68061614146567
853 1.69333750202147
854 1.70704328404273
855 1.72156291854316
856 1.73672168995266
857 1.7523426887917
858 1.76824873697826
859 1.78426426607254
860 1.80021712973643
861 1.81594033288109
862 1.83127366135023
863 1.84606519749669
864 1.86017270862269
865 1.87346489694692
866 1.88582250151907
867 1.89713924430866
868 1.90732261453577
869 1.91629448716852
870 1.92399157336723
871 1.93036570248801
872 1.93538393704951
873 1.93902852379593
874 1.94129668564088
875 1.94220026083371
876 1.94176519713873
877 1.94003091014665
878 1.93704951603462
879 1.93288495014906
880 1.92761198369492
881 1.92131515157174
882 1.91408760499571
883 1.9060299029867
884 1.89724875707817
885 1.88785574372848
886 1.87796599887603
887 1.86769690889346
888 1.8571668118628
889 1.84649372262202
890 1.83579409443183
891 1.82518162939043
892 1.814766148893
893 1.80465253450415
894 1.79493974859799
895 1.78571994303403
896 1.77707766299183
897 1.76908915189693
898 1.76182176214758
899 1.75533347511228
900 1.74967253262272
901 1.74487718095155
902 1.74097552705012
903 1.7379855056413
904 1.73591495462811
905 1.7347617952008
906 1.73451431201321
907 1.7351515278626
908 1.73664366645393
909 1.73895269606607
910 1.74203294627
911 1.7458317892816
912 1.75029037706824
913 1.75534442497052
914 1.76092503234983
915 1.7669595306283
916 1.77337234904935
917 1.78008588855154
918 1.78702139431302
919 1.79409981778384
920 1.80124265937347
921 1.80837278339531
922 1.81541519738179
923 1.8222977884652
924 1.8289520101636
925 1.83531351360787
926 1.84132271798893
927 1.84692531578155
928 1.8520727091063
929 1.85672237441311
930 1.86083815350077
931 1.86439046971612
932 1.86735646899774
933 1.86972008623101
934 1.87147203815884
935 1.87260974483524
936 1.87313718231253
937 1.8730646699089
938 1.87240859600737
939 1.87119108688327
940 1.86943962354237
941 1.86718661197111
942 1.86446891255188
943 1.86132733467791
944 1.85780610281276
945 1.85395230037842
946 1.84981529792403
947 1.84544617202527
948 1.84089712129433
949 1.83622088574498
950 1.83147017555887
951 1.82669711504273
952 1.82195270725474
953 1.81728632441741
954 1.8127452288285
955 1.80837412853693
956 1.80421477157192
957 1.80030558200792
958 1.79668134062042
959 1.79337291234489
960 1.79040702219904
961 1.78780608077352
962 1.78558805984377
963 1.78376641811161
964 1.78235007655577
965 1.78134344235983
966 1.78074647989966
967 1.78055482681515
968 1.78075995276593
969 1.78134935808245
970 1.78230680917509
971 1.78361260725718
972 1.78524388667568
973 1.78717493892709
974 1.78937755826675
975 1.79182140469838
976 1.79447438005669
977 1.79730301286921
978 1.80027284770326
979 1.80334883476806
980 1.80649571564994
981 1.80967840120631
982 1.81286233783075
983 1.81601385852281
984 1.81910051544969
985 1.82209139096859
986 1.82495738438515
987 1.82767147205051
988 1.8302089387438
989 1.83254757864338
990 1.83466786455592
991 1.83655308444217
992 1.8381894446488
993 1.83956613962284
994 1.8406753882451
995 1.84151243726802
996 1.84207553267829
997 1.84236586012207
998 1.84238745582767
999 1.8421470897351
1000 1.8416541227908
1001 1.84092034058779
1002 1.83995976572462
1003 1.83878845141962
1004 1.83742425904859
1005 1.83588662237482
1006 1.83419630130848
1007 1.83237512806935
1008 1.83044574863209
1009 1.82843136230836
1010 1.82635546226517
1011 1.82424157969625
1012 1.82211303425377
1013 1.81999269321385
1014 1.81790274169245
1015 1.81586446605129
1016 1.81389805243842
1017 1.81202240219736
1018 1.81025496565566
1019 1.80861159556991
1020 1.80710642126369
1021 1.80575174424896
1022 1.80455795587419
1023 1.80353347729559
1024 1.80268472182419
1025 1.80201607946376
1026 1.80152992322529
1027 1.80122663658392
1028 1.8011046612379
1029 1.80116056413632
1030 1.80138912256578
1031 1.80178342592683
1032 1.80233499269047
1033 1.80303390090395
1034 1.8038689305142
1035 1.80482771569798
1036 1.80589690532868
1037 1.80706232967294
1038 1.80830917139386
1039 1.80962213894218
1040 1.81098564044165
1041 1.81238395621877
1042 1.81380140818968
1043 1.81522252439665
1044 1.8166321970824
1045 1.81801583280067
1046 1.81935949318456
1047 1.82065002512914
1048 1.82187517928852
1049 1.82302371594003
1050 1.82408549742624
1051 1.82505156654757
1052 1.82591421044352
1053 1.82666700966539
1054 1.8273048723078
1055 1.82782405322754
1056 1.82822215853506
1057 1.82849813569465
1058 1.82865224971273
1059 1.82868604602798
1060 1.8286023008417
1061 1.8284049597401
1062 1.82809906556191
1063 1.8276906765532
1064 1.82718677592712
1065 1.82659517400759
1066 1.82592440418395
1067 1.82518361393676
1068 1.82438245221431
1069 1.82353095444456
1070 1.82263942645892
1071 1.82171832858222
1072 1.82077816110914
1073 1.8198293523407
1074 1.818882150297
1075 1.81794651915429
1076 1.81703204137739
1077 1.81614782643304
1078 1.81530242687713
1079 1.8145037625101
1080 1.81375905319183
1081 1.81307476079998
1082 1.81245654070708
1083 1.81190920304084
1084 1.81143668388234
1085 1.81104202644738
1086 1.81072737219
1087 1.81049396166362
1088 1.81034214487668
1089 1.81027140078608
1090 1.81028036548457
1091 1.81036686855802
1092 1.81052797701547
1093 1.81076004613106
1094 1.81105877648042
1095 1.81141927640796
1096 1.81183612912352
1097 1.81230346359925
1098 1.81281502841862
1099 1.81336426772066
1100 1.81394439838268
1101 1.81454848759369
1102 1.81516952998903
1103 1.8158005235428
1104 1.81643454344864
1105 1.81706481326082
1106 1.81768477261558
1107 1.81828814090614
1108 1.81886897634439
1109 1.81942172990526
1110 1.81994129371729
1111 1.82042304353277
1112 1.82086287498309
1113 1.82125723339801
1114 1.82160313704154
1115 1.82189819369042
1116 1.82214061055333
1117 1.82232919759964
1118 1.82246336443394
1119 1.82254311091763
1120 1.82256901179941
1121 1.82254219567297
1122 1.82246431863202
1123 1.822337533039
1124 1.82216445186453
1125 1.8219481090899
1126 1.8216919166931
1127 1.82139961876207
1128 1.82107524329446
1129 1.82072305225351
1130 1.82034749045287
1131 1.81995313384106
1132 1.8195446377473
1133 1.81912668563652
1134 1.81870393890173
1135 1.81828098819689
1136 1.81786230678447
1137 1.81745220633801
1138 1.81705479560257
1139 1.81667394227543
1140 1.81631323842584
1141 1.81597596972693
1142 1.81566508872556
1143 1.81538319232733
1144 1.81513250362484
1145 1.81491485814795
1146 1.81473169456633
1147 1.81458404982639
1148 1.81447255865862
1149 1.81439745734655
1150 1.81435859160687
1151 1.81435542838995
1152 1.81438707137446
1153 1.81445227989594
1154 1.81454949101991
1155 1.81467684444473
1156 1.81483220989713
1157 1.81501321666635
1158 1.81521728490896
1159 1.8154416583479
1160 1.81568343798356
1161 1.81593961643489
1162 1.81620711253098
1163 1.81648280578143
1164 1.81676357036438
1165 1.81704630828578
1166 1.81732798138123
1167 1.81760564185235
1168 1.81787646105341
1169 1.81813775626957
1170 1.81838701525625
1171 1.81862191833863
1172 1.81884035790137
1173 1.8190404551307
1174 1.8192205739035
1175 1.81937933175092
1176 1.81951560785704
1177 1.81962854808508
1178 1.81971756705574
1179 1.81978234733215
1180 1.81982283579572
1181 1.81983923732405
1182 1.81983200590816
1183 1.81980183336942
1184 1.81974963585791
1185 1.81967653833262
1186 1.81958385724005
1187 1.81947308162101
1188 1.81934585288615
1189 1.81920394350864
1190 1.81904923488712
1191 1.8188836946345
1192 1.81870935354749
1193 1.81852828250829
1194 1.81834256956447
1195 1.81815429742429
1196 1.81796552159451
1197 1.81777824937489
1198 1.81759441990887
1199 1.81741588547385
1200 1.81724439417622
