1 2
2 2
3 2
4 2
5 2
6 2
7 2
8 2
9 2
10 2
11 2
12 2
13 2
14 2
15 2
16 2
17 2
18 2
19 2
20 2
21 2
22 2
23 2
24 2
25 2
26 2
27 2
28 2
29 2
30 2.25
31 2.27461538461538
32 2.29923076923077
33 2.32384615384615
34 2.34846153846154
35 2.37307692307692
36 2.39769230769231
37 2.42230769230769
38 2.44692307692308
39 2.47153846153846
40 2.49485996461538
41 2.51584293198698
42 2.53469809253218
43 2.55158660554453
44 2.56663116443383
45 2.57992463877114
46 2.59153679918259
47 2.6015195492157
48 2.60991099453248
49 2.6167386067421
50 2.62202837880966
51 2.62581688902753
52 2.62815330863136
53 2.62909541195332
54 2.62870682391193
55 2.62705514914353
56 2.62421072401549
57 2.62024580421639
58 2.61523405312192
59 2.60925023457432
60 2.60237000708224
61 2.59466969432489
62 2.58622597015321
63 2.57711548640508
64 2.56741448764679
65 2.55719843774332
66 2.5465416708972
67 2.53551707221122
68 2.52419578834841
69 2.51264696639982
70 2.50093751806847
71 2.48913190658616
72 2.47729195491658
73 2.46547667483942
74 2.45374211697654
75 2.44214124185602
76 2.43072381195181
77 2.41953630442215
78 2.40862184406696
79 2.39802015586498
80 2.38776753634249
81 2.37789684296034
82 2.36843750066894
83 2.35941552475487
84 2.35085355907972
85 2.34277092878819
86 2.33518370653925
87 2.32810479129425
88 2.32154399867923
89 2.31550816192859
90 2.31000124241212
91 2.3050244487483
92 2.30057636351346
93 2.29665307656678
94 2.29324832402714
95 2.29035363195642
96 2.28795846382716
97 2.28605037087831
98 2.28461514449195
99 2.28363696975604
100 2.28309857941219
101 2.28298140742468
102 2.28326574144507
103 2.28393087348727
104 2.28495524816957
105 2.28631660792277
106 2.28799213460728
107 2.28995858702628
108 2.29219243386648
109 2.29466998164284
110 2.29736749726815
111 2.30026132491262
112 2.3033279968625
113 2.30654433812969
114 2.30988756460662
115 2.31333537460175
116 2.31686603363116
117 2.32045845238016
118 2.32409225778631
119 2.32774785723063
120 2.33140649585807
121 2.3350503070803
122 2.33866235634461
123 2.34222667828108
124 2.3457283073669
125 2.34915330227161
126 2.3524887640694
127 2.35572284852572
128 2.35884477268387
129 2.36184481599428
130 2.36471431624359
131 2.36744566055375
132 2.37003227173206
133 2.37246859026209
134 2.3747500522327
135 2.37687306350744
136 2.37883497044061
137 2.38063402744806
138 2.38226936174123
139 2.38374093553171
140 2.38504950601141
141 2.38619658340903
142 2.38718438741877
143 2.38801580229057
144 2.38869433086395
145 2.38922404781889
146 2.3896095524078
147 2.38985592092274
148 2.38996865914055
149 2.38995365497749
150 2.38981713157265
151 2.38956560100648
152 2.38920581884832
153 2.38874473971294
154 2.38818947399288
155 2.38754724591953
156 2.38682535309202
157 2.38603112759944
158 2.38517189884776
159 2.3842549581896
160 2.3832875254413
161 2.38227671735849
162 2.3812295181288
163 2.38015275192717
164 2.37905305756772
165 2.37793686527378
166 2.3768103755766
167 2.3756795403427
168 2.37455004591893
169 2.37342729837517
170 2.37231641081502
171 2.37122219271642
172 2.37014914125608
173 2.36910143456421
174 2.36808292684931
175 2.36709714532659
176 2.36614728887801
177 2.36523622836714
178 2.36436650852755
179 2.3635403513399
180 2.36275966080965
181 2.36202602905482
182 2.36134074361125
183 2.36070479586136
184 2.36011889049145
185 2.35958345588232
186 2.35909865533779
187 2.35866439905654
188 2.35828035675338
189 2.3579459708377
190 2.3576604700582
191 2.35742288352566
192 2.3572320550274
193 2.35708665755016
194 2.35698520793098
195 2.35692608155901
196 2.35690752705455
197 2.35692768085532
198 2.35698458164379
199 2.35707618455333
200 2.35720037509505
201 2.35735498275134
202 2.35753779418622
203 2.35774656602706
204 2.35797903717643
205 2.35823294061691
206 2.35850601467631
207 2.35879601372451
208 2.35910071827769
209 2.35941794448929
210 2.35974555301153
211 2.36008145721467
212 2.36042363075522
213 2.36077011448774
214 2.36111902271846
215 2.36146854880195
216 2.36181697008553
217 2.36216265220878
218 2.36250405276841
219 2.36283972436125
220 2.36316831702071
221 2.36348858006384
222 2.36379936336876
223 2.36409961810336
224 2.36438839692848
225 2.36466485369959
226 2.36492824269282
227 2.36517791738183
228 2.36541332879306
229 2.36563402346779
230 2.36583964105962
231 2.36602991159667
232 2.36620465243784
233 2.36636376495273
234 2.36650723095442
235 2.3666351089144
236 2.36674752998848
237 2.36684469388201
238 2.36692686458207
239 2.36699436598396
240 2.36704757743794
241 2.36708692924188
242 2.36711289810419
243 2.3671260026003
244 2.36712679864525
245 2.3671158750033
246 2.36709384885474
247 2.36706136143843
248 2.36701907378763
249 2.36696766257534
250 2.36690781608383
251 2.36684023031202
252 2.36676560523298
253 2.36668464121228
254 2.36659803559689
255 2.36650647948305
256 2.36641065466987
257 2.36631123080476
258 2.3662088627251
259 2.36610418799965
260 2.36599782467198
261 2.36589036920709
262 2.36578239464142
263 2.36567444893544
264 2.36556705352697
265 2.36546070208263
266 2.3653558594439
267 2.36525296076359
268 2.36515241082757
269 2.36505458355638
270 2.36495982168023
271 2.36486843658072
272 2.36478070829206
273 2.36469688565407
274 2.3646171866088
275 2.36454179863267
276 2.3644708792952
277 2.36440455693584
278 2.36434293144971
279 2.36428607517323
280 2.36423403386071
281 2.36418682774257
282 2.36414445265626
283 2.36410688124089
284 2.36407406418671
285 2.36404593153065
286 2.36402239398968
287 2.36400334432336
288 2.36398865871794
289 2.36397819818392
290 2.36397180995998
291 2.3639693289159
292 2.36397057894792
293 2.36397537435998
294 2.36398352122505
295 2.36399481872062
296 2.36400906043344
297 2.36402603562839
298 2.36404553047728
299 2.36406732924342
300 2.36409121541843
301 2.36411697280802
302 2.364144386564
303 2.36417324416007
304 2.36420333630939
305 2.36423445782224
306 2.36426640840263
307 2.36429899338274
308 2.36433202439487
309 2.36436531998037
310 2.36439870613593
311 2.36443201679737
312 2.36446509426172
313 2.36449778954847
314 2.36452996270119
315 2.36456148303089
316 2.36459222930284
317 2.36462208986852
318 2.36465096274485
319 2.36467875564279
320 2.36470538594756
321 2.36473078065301
322 2.36475487625259
323 2.36477761858953
324 2.36479896266902
325 2.36481887243498
326 2.36483732051435
327 2.36485428793156
328 2.36486976379617
329 2.3648837449663
330 2.3648962356908
331 2.3649072472328
332 2.36491679747747
333 2.36492491052654
334 2.36493161628226
335 2.36493695002329
336 2.36494095197497
337 2.36494366687631
338 2.36494514354602
339 2.36494543444956
340 2.36494459526953
341 2.36494268448101
342 2.36493976293393
343 2.36493589344398
344 2.36493114039375
345 2.36492556934541
346 2.36491924666643
347 2.3649122391693
348 2.36490461376656
349 2.36489643714183
350 2.36488777543792
351 2.36487869396248
352 2.3648692569119
353 2.36485952711386
354 2.36484956578898
355 2.36483943233165
356 2.36482918411027
357 2.36481887628696
358 2.36480856165661
359 2.36479829050513
360 2.36478811048672
361 2.36477806651976
362 2.36476820070096
363 2.36475855223734
364 2.36474915739546
365 2.36474004946735
366 2.36473125875244
367 2.36472281255497
368 2.36471473519585
369 2.36470704803861
370 2.36469976952823
371 2.36469291524238
372 2.36468649795401
373 2.36468052770449
374 2.36467501188655
375 2.36466995533596
376 2.36466536043124
377 2.36466122720044
378 2.36465755343418
379 2.36465433480404
380 2.36465156498563
381 2.36464923578524
382 2.36464733726958
383 2.36464585789763
384 2.36464478465394
385 2.36464410318267
386 2.36464379792167
387 2.36464385223589
388 2.36464424854966
389 2.36464496847707
390 2.36464599295005
391 2.36464730234357
392 2.36464887659748
393 2.36465069533467
394 2.36465273797498
395 2.36465498384467
396 2.36465741228106
397 2.36466000273209
398 2.36466273485051
399 2.36466558858258
400 2.11466558858258
401 2.06543785773319
402 2.01621019089809
403 1.96698256996891
404 1.91775497748685
405 1.86852739669589
406 1.81929981159014
407 1.77007220695528
408 1.72084456840409
409 1.67161688240631
410 1.62368303314858
411 1.57821507146013
412 1.53521996462433
413 1.49471206656258
414 1.45671104819135
415 1.42124030666579
416 1.38832574660287
417 1.35799485006081
418 1.33027597049667
419 1.30519780028995
420 1.28278227601103
421 1.26303347073426
422 1.24593526082571
423 1.231454824645
424 1.21954534509611
425 1.21014810645624
426 1.20319413027072
427 1.2
428 1.2
429 1.2
430 1.2019638589125
431 1.20590924836755
432 1.21172587437327
433 1.21929922662709
434 1.22851138325591
435 1.23924180035386
436 1.25136807284534
437 1.2647594421469
438 1.27927484932249
439 1.29478378276104
440 1.31116864289353
441 1.32831262688618
442 1.34609983311023
443 1.36441598602814
444 1.38314907517161
445 1.40218991847888
446 1.42143265805392
447 1.4407752321595
448 1.46011986882486
449 1.47937349819116
450 1.49844798985503
451 1.51726030101907
452 1.53573260837495
453 1.55379242164526
454 1.57137267467176
455 1.58841179154345
456 1.60485372644423
457 1.62064797658019
458 1.63574956765059
459 1.65011901172843
460 1.66372223870738
461 1.67653050350463
462 1.68852027126715
463 1.69967308255334
464 1.70997540028057
465 1.7194184401222
466 1.72799798597647
467 1.73571419209492
468 1.74257137343998
469 1.74857778583477
470 1.75374539746029
471 1.75808965323618
472 1.76162923358666
473 1.76438580904776
474 1.76638379211915
475 1.76765008770648
476 1.76821384343949
477 1.76810620108789
478 1.76736005023158
479 1.76600978527479
480 1.76409106682459
481 1.76164058838369
482 1.75869584923593
483 1.75529493433007
484 1.75147630189444
485 1.74727857944211
486 1.74274036875332
487 1.73790006034999
488 1.73279565790611
489 1.72746461296795
490 1.72194367029014
491 1.71626872402708
492 1.71047468495506
493 1.7045953588384
494 1.69866333599333
495 1.69270989204644
496 1.68676489983031
497 1.68085675230773
498 1.67501229636757
499 1.66925677729012
500 1.66361379363801
501 1.65810526228959
502 1.65275139329637
503 1.64757067421382
504 1.64257986352564
505 1.63779399275584
506 1.63322637684063
507 1.6288886323123
508 1.62479070283127
509 1.62094089158903
510 1.61734590009454
511 1.61401087284896
512 1.61093944740903
513 1.60813380933745
514 1.60559475153874
515 1.60332173748242
516 1.60131296782004
517 1.5995654499102
518 1.59807506977494
519 1.59683666602191
520 1.59584410527977
521 1.59509035870867
522 1.59456757916352
523 1.59426717860492
524 1.59417990537101
525 1.59429592094263
526 1.59460487585453
527 1.59509598442595
528 1.59575809800574
529 1.5965797764485
530 1.59754935756105
531 1.59865502428046
532 1.59988486936745
533 1.60122695742169
534 1.60266938404735
535 1.60420033201972
536 1.60580812432523
537 1.60748127396844
538 1.60920853046064
539 1.61097892292437
540 1.6127817997684
541 1.61460686490575
542 1.61644421050616
543 1.61828434629094
544 1.62011822539492
545 1.6219372668356
546 1.62373337464387
547 1.6254989537245
548 1.62722692252702
549 1.62891072261914
550 1.63054432526558
551 1.63212223512447
552 1.63363949118243
553 1.63509166505652
554 1.63647485679822
555 1.63778568833996
556 1.63902129472949
557 1.64017931330105
558 1.64125787093508
559 1.6422555695603
560 1.6431714700529
561 1.6440050746881
562 1.64475630829868
563 1.64542549829411
564 1.64601335369178
565 1.64652094330956
566 1.64694967326565
567 1.64730126392807
568 1.6475777264519
569 1.6477813390378
570 1.64791462304018
571 1.64798031904802
572 1.64798136305546
573 1.64792086283332
574 1.64780207460625
575 1.64762838013378
576 1.64740326428685
577 1.64713029320456
578 1.64681309310901
579 1.64645532984909
580 1.64606068923732
581 1.64563285823667
582 1.64517550704766
583 1.64469227213905
584 1.644186740259
585 1.64366243345681
586 1.64312279513922
587 1.64257117717897
588 1.64201082808733
589 1.64144488225683
590 1.6408763502745
591 1.64030811030126
592 1.63974290050774
593 1.63918331255228
594 1.63863178608264
595 1.63809060423863
596 1.63756189012936
597 1.63704760425515
598 1.63654954284121
599 1.63606933704714
600 1.63560845301402
601 1.63516819270848
602 1.63474969552126
603 1.63435394057632
604 1.63398174970487
605 1.63363379103821
606 1.63331058317186
607 1.63301249985359
608 1.63273977514723
609 1.63249250902438
610 1.63227067333647
611 1.63207411811968
612 1.6319025781864
613 1.63175567995736
614 1.63163294848983
615 1.63153381465833
616 1.63145762244583
617 1.6314036363047
618 1.6313710485485
619 1.63135898673723
620 1.63136652102063
621 1.63139267140605
622 1.63143641491915
623 1.63149669262808
624 1.63157241650359
625 1.63166247608982
626 1.63176574496245
627 1.63188108695334
628 1.63200736212257
629 1.63214343246132
630 1.63228816731069
631 1.63244044848414
632 1.63259917508281
633 1.63276326799531
634 1.63293167407527
635 1.63310336999207
636 1.63327736575169
637 1.63345270788663
638 1.63362848231529
639 1.63380381687293
640 1.63397788351777
641 1.6341499002171
642 1.63431913251984
643 1.63448489482283
644 1.63464655133962
645 1.6348035167813
646 1.63495525675997
647 1.63510128792631
648 1.6352411778532
649 1.63537454467843
650 1.63550105651964
651 1.63562043067536
652 1.63573243262635
653 1.63583687485158
654 1.63593361547368
655 1.63602255674847
656 1.63610364341349
657 1.63617686091024
658 1.63624223349495
659 1.63629982225225
660 1.63634972302611
661 1.63639206428206
662 1.63642700491434
663 1.63645473201123
664 1.63647545859147
665 1.63648942132398
666 1.6364968782429
667 1.63649810646916
668 1.63649339994927
669 1.63648306722147
670 1.63646742921886
671 1.63644681711816
672 1.63642157024246
673 1.63639203402556
674 1.63635855804463
675 1.63632149412757
676 1.63628119454059
677 1.63623801026097
678 1.6361922893391
679 1.63614437535375
680 1.63609460596317
681 1.6360433115548
682 1.63599081399508
683 1.6359374254808
684 1.63588344749257
685 1.63582916985057
686 1.63577486987223
687 1.63572081163108
688 1.63566724531532
689 1.63561440668468
690 1.63556251662315
691 1.63551178078541
692 1.63546238933402
693 1.63541451676424
694 1.63536832181327
695 1.63532394745007
696 1.63528152094217
697 1.63524115399517
698 1.63520294296101
699 1.63516696911052
700 1.63513329896593
701 1.63510198468873
702 1.63507306451851
703 1.63504656325806
704 1.63502249280013
705 1.63500085269146
706 1.63498163072939
707 1.63496480358666
708 1.63495033746002
709 1.63493818873836
710 1.63492830468613
711 1.6349206241381
712 1.63491507820147
713 1.6349115909616
714 1.63491008018782
715 1.63491045803574
716 1.63491263174309
717 1.6349165043157
718 1.63492197520111
719 1.63492894094687
720 1.63493729584127
721 1.63494693253408
722 1.63495774263541
723 1.63496961729073
724 1.63498244773051
725 1.63499612579288
726 1.63501054441832
727 1.63502559811504
728 1.63504118339452
729 1.63505719917623
730 1.63507354716133
731 1.63509013217477
732 1.63510686247594
733 1.63512365003758
734 1.6351404107934
735 1.63515706485449
736 1.63517353669518
737 1.63518975530871
738 1.63520565433361
739 1.63522117215145
740 1.63523625195691
741 1.63525084180118
742 1.63526489460975
743 1.6352783681757
744 1.63529122512981
745 1.63530343288859
746 1.63531496358169
747 1.63532579395997
748 1.63533590528559
749 1.6353452832056
750 1.63535391761026
751 1.63536180247778
752 1.63536893570664
753 1.63537531893698
754 1.63538095736256
755 1.63538585953448
756 1.6353900371581
757 1.63539350488454
758 1.63539628009779
759 1.63539838269901
760 1.63539983488893
761 1.63540066094958
762 1.63540088702648
763 1.6354005409123
764 1.63539965183292
765 1.63539825023691
766 1.63539636758914
767 1.63539403616945
768 1.63539128887713
769 1.63538815904166
770 1.63538468024063
771 1.63538088612516
772 1.63537681025335
773 1.63537248593221
774 1.63536794606848
775 1.63536322302848
776 1.63535834850738
777 1.63535335340799
778 1.63534826772926
779 1.63534312046446
780 1.63533793950922
781 1.63533275157922
782 1.63532758213766
783 1.63532245533218
784 1.63531739394129
785 1.63531241932993
786 1.63530755141407
787 1.635302808634
788 1.63529820793608
789 1.63529376476257
790 1.63528949304928
791 1.63528540523058
792 1.63528151225149
793 1.63527782358636
794 1.63527434726378
795 1.63527108989734
796 1.63526805672168
797 1.63526525163359
798 1.63526267723748
799 1.63526033489503
800 1.80141207093229
801 1.81371788438838
802 1.82602392707473
803 1.83833019594432
804 1.85063668700135
805 1.86294339536624
806 1.87525031534184
807 1.88755744048038
808 1.89986476365084
809 1.91217227710639
810 1.92362003897522
811 1.93353471884839
812 1.94209219994192
813 1.94942847611857
814 1.95564851882558
815 1.96083318157351
816 1.96504457588011
817 1.96833025667691
818 1.97072648045591
819 1.9722607412303
820 1.97295819465479
821 1.97284983342272
822 1.97197376801303
823 1.970372494165
824 1.96809105533251
825 1.96517583651123
826 1.96167379870041
827 1.95763201679295
828 1.95309742286995
829 1.94811668543884
830 1.94273615284223
831 1.93700177635766
832 1.93095897274318
833 1.92465244680125
834 1.91812600439987
835 1.91142237279725
836 1.90458303653368
837 1.89764809192213
838 1.89065612014073
839 1.88364407732143
840 1.87664719942806
841 1.86969891999708
842 1.86283079963202
843 1.85607246687307
844 1.84945157039016
845 1.84299374247937
846 1.83672257374393
847 1.83065959870729
848 1.82482429198209
849 1.81923407452607
850 1.81390432945865
851 1.80884842688338
852 1.80407775715148
853 1.79960177199816
854 1.79542803298105
855 1.79156226664601
856 1.78800842584168
857 1.78476875660094
858 1.78184387000646
859 1.77923281845955
860 1.77693317577652
861 1.77494112054493
862 1.77325152218335
863 1.77185802916116
864 1.77075315885081
865 1.76992838850191
866 1.76937424684562
867 1.76908040585807
868 1.76903577223314
869 1.76922857813783
870 1.76964647084716
871 1.77027660088024
872 1.77110570828428
873 1.77212020673936
874 1.7733062651827
875 1.77464988667788
876 1.77613698428039
877 1.77775345367804
878 1.77948524241012
879 1.78131841549591
880 1.78323921732797
881 1.78523412971108
882 1.78728992595174
883 1.78939372092702
884 1.79153301708418
885 1.79369574634471
886 1.7958703079073
887 1.79804560196446
888 1.80021105936658
889 1.80235666728507
890 1.8044729909432
891 1.80655119149895
892 1.80858304017866
893 1.8105609287738
894 1.81247787662521
895 1.81432753423033
896 1.81610418361854
897 1.81780273564866
898 1.81941872438992
899 1.82094829875413
900 1.82238821155202
901 1.82373580615088
902 1.82498900091361
903 1.82614627160157
904 1.82720663192435
905 1.82816961242013
906 1.82903523784923
907 1.829804003282
908 1.83047684905981
909 1.83105513480459
910 1.83154061264883
911 1.831935399853
912 1.83224195097284
913 1.83246302973273
914 1.83260168075574
915 1.83266120129413
916 1.83264511309718
917 1.83255713454607
918 1.83240115317792
919 1.8321811987133
920 1.83190141669366
921 1.83156604282699
922 1.83117937813185
923 1.83074576496184
924 1.83026956398404
925 1.82975513217724
926 1.82920680190722
927 1.82862886112875
928 1.82802553475577
929 1.82740096723397
930 1.82675920634205
931 1.82610418824114
932 1.82543972378463
933 1.82476948609402
934 1.82409699940004
935 1.8234256291422
936 1.82275857331403
937 1.82209885503608
938 1.82144931633345
939 1.82081261309004
940 1.82019121114727
941 1.81958738351111
942 1.81900320862756
943 1.81844056968344
944 1.81790115488663
945 1.81738645867713
946 1.81689778381833
947 1.81643624431595
948 1.81600276911066
949 1.81559810648924
950 1.81522282915842
951 1.81487733992471
952 1.81456187792375
953 1.81427652534241
954 1.81402121457743
955 1.81379573577489
956 1.81359974469561
957 1.8134327708528
958 1.81329422586931
959 1.81318341200354
960 1.81309953079453
961 1.81304169177861
962 1.81300892123202
963 1.81300017089584
964 1.81301432664183
965 1.81305021704007
966 1.81310662179164
967 1.81318227999198
968 1.81327589819303
969 1.81338615823486
970 1.8135117248199
971 1.81365125280548
972 1.81380339419298
973 1.81396680479425
974 1.81414015055864
975 1.81432211354627
976 1.81451139753574
977 1.81470673325652
978 1.81490688323904
979 1.81511064627709
980 1.81531686149982
981 1.81552441205233
982 1.81573222838573
983 1.81593929115987
984 1.81614463376295
985 1.81634734445454
986 1.81654656813958
987 1.81674150778272
988 1.81693142547317
989 1.81711564315214
990 1.81729354301516
991 1.81746456760336
992 1.81762821959792
993 1.81778406133329
994 1.8179317140448
995 1.81807085686723
996 1.81820122560127
997 1.81832261126477
998 1.81843485844637
999 1.81853786347897
1000 1.81863157245044
1001 1.8187159790692
1002 1.81879112240187
1003 1.81885708450018
1004 1.81891398793394
1005 1.81896199324653
1006 1.819001296349
1007 1.81903212586834
1008 1.81905474046492
1009 1.81906942613369
1010 1.8190764935029
1011 1.81907627514352
1012 1.81906912290203
1013 1.81905540526816
1014 1.81903550478883
1015 1.81900981553852
1016 1.81897874065551
1017 1.81894268995298
1018 1.8189020776127
1019 1.8188573199686
1020 1.81880883338675
1021 1.81875703224708
1022 1.81870232703204
1023 1.81864512252613
1024 1.81858581612962
1025 1.81852479628939
1026 1.81846244104854
1027 1.8183991167163
1028 1.81833517665878
1029 1.81827096021067
1030 1.81820679170725
1031 1.81814297963567
1032 1.81807981590391
1033 1.81801757522511
1034 1.81795651461498
1035 1.81789687299901
1036 1.81783887092622
1037 1.81778271038581
1038 1.81772857472236
1039 1.81767662864555
1040 1.8176270183296
1041 1.81757987159775
1042 1.81753529818668
1043 1.81749339008583
1044 1.81745422194636
1045 1.81741785155436
1046 1.81738432036299
1047 1.81735365407806
1048 1.81732586329175
1049 1.817300944159
1050 1.8172788791112
1051 1.81725963760209
1052 1.81724317688052
1053 1.81722944278514
1054 1.8172183705561
1055 1.81720988565905
1056 1.81720390461667
1057 1.81720033584364
1058 1.81719908048056
1059 1.81720003322304
1060 1.81720308314201
1061 1.81720811449182
1062 1.81721500750274
1063 1.81722363915484
1064 1.81723388393029
1065 1.81724561454155
1066 1.81725870263311
1067 1.81727301945461
1068 1.8172884365034
1069 1.817304826135
1070 1.81732206214009
1071 1.81734002028662
1072 1.81735857882636
1073 1.81737761896498
1074 1.81739702529518
1075 1.81741668619262
1076 1.8174364941744
1077 1.81745634622024
1078 1.81747614405659
1079 1.8174957944041
1080 1.81751520918891
1081 1.81753430571863
1082 1.81755300682372
1083 1.81757124096538
1084 1.81758894231092
1085 1.81760605077788
1086 1.81762251204817
1087 1.81763827755365
1088 1.81765330443446
1089 1.81766755547185
1090 1.81768099899676
1091 1.81769360877605
1092 1.81770536387786
1093 1.81771624851766
1094 1.81772625188696
1095 1.81773536796604
1096 1.81774359532252
1097 1.81775093689747
1098 1.81775739978057
1099 1.81776299497603
1100 1.81776773716081
1101 1.81777164443673
1102 1.81777473807786
1103 1.81777704227476
1104 1.8177785838769
1105 1.81777939213461
1106 1.81777949844175
1107 1.81777893608053
1108 1.81777773996935
1109 1.8177759464149
1110 1.81777359286947
1111 1.81777071769438
1112 1.81776735993047
1113 1.81776355907621
1114 1.81775935487442
1115 1.81775478710798
1116 1.81774989540523
1117 1.81774471905548
1118 1.81773929683501
1119 1.81773366684401
1120 1.81772786635455
1121 1.81772193166993
1122 1.81771589799552
1123 1.81770979932111
1124 1.81770366831476
1125 1.81769753622827
1126 1.81769143281396
1127 1.8176853862528
1128 1.81767942309355
1129 1.81767356820275
1130 1.81766784472531
1131 1.81766227405528
1132 1.81765687581651
1133 1.81765166785288
1134 1.81764666622754
1135 1.81764188523085
1136 1.81763733739653
1137 1.81763303352553
1138 1.81762898271715
1139 1.81762519240689
1140 1.81762166841053
1141 1.81761841497398
1142 1.81761543482827
1143 1.8176127292493
1144 1.81761029812166
1145 1.81760814000624
1146 1.81760625221087
1147 1.81760463086377
1148 1.81760327098901
1149 1.81760216658385
1150 1.81760131069719
1151 1.81760069550894
1152 1.81760031240972
1153 1.81760015208057
1154 1.81760020457222
1155 1.81760045938367
1156 1.81760090553959
1157 1.81760153166632
1158 1.81760232606612
1159 1.81760327678948
1160 1.81760437170505
1161 1.81760559856721
1162 1.81760694508087
1163 1.81760839896336
1164 1.81760994800338
1165 1.81761158011669
1166 1.81761328339848
1167 1.81761504617247
1168 1.81761685703638
1169 1.81761870490403
1170 1.81762057904376
1171 1.81762246911338
1172 1.81762436519148
1173 1.81762625780527
1174 1.81762813795478
1175 1.81762999713379
1176 1.81763182734715
1177 1.81763362112499
1178 1.81763537153354
1179 1.81763707218294
1180 1.817638717232
1181 1.81764030139004
1182 1.81764181991605
1183 1.81764326861517
1184 1.81764464383272
1185 1.81764594244587
1186 1.81764716185318
1187 1.8176482999621
1188 1.81764935517458
1189 1.81765032637102
1190 1.81765121289266
1191 1.81765201452256
1192 1.81765273146541
1193 1.81765336432619
1194 1.81765391408803
1195 1.81765438208919
1196 1.81765476999951
1197 1.81765507979634
1198 1.81765531374015
1199 1.81765547434998
1200 1.81765556437878
