1 2
2 2
3 2
4 2
5 2
6 2
7 2
8 2
9 2
10 2
11 2
12 2
13 2
14 2
15 2
16 2
17 2
18 2
19 2
20 2
21 2
22 2
23 2
24 2
25 2
26 2
27 2
28 2
29 2
30 2.186
31 2.19
32 2.21
33 2.23
34 2.25
35 2.27
36 2.29
37 2.31
38 2.33
39 2.35
40 2.369461184598
41 2.38801831496654
42 2.40578422261822
43 2.42276470965602
44 2.43896431352487
45 2.45438297801066
46 2.46901724443295
47 2.48286117091914
48 2.4959070402893
49 2.50814590368017
50 2.51956955747074
51 2.53017294285095
52 2.53995423695725
53 2.54891416836933
54 2.55705581413482
55 2.56438441311609
56 2.57090722352906
57 2.57663341087729
58 2.58157395738592
59 2.58574158654924
60 2.58915069371852
61 2.59181727051266
62 2.59375881877082
63 2.59499425810212
64 2.59554383021755
65 2.5954290013304
66 2.59467236365625
67 2.59329753669376
68 2.59132906874404
69 2.58879233897698
70 2.58571346026771
71 2.5821191830098
72 2.5780368001374
73 2.57349405360515
74 2.56851904256968
75 2.56314013350254
76 2.5573858724478
77 2.55128489961951
78 2.54486586651668
79 2.53815735571607
80 2.53118780348771
81 2.52398542536322
82 2.51657814477279
83 2.50899352485361
84 2.50125870351925
85 2.49340033186649
86 2.48544451598397
87 2.47741676221443
88 2.46934192591074
89 2.46124416371427
90 2.45314688937307
91 2.44507273310653
92 2.43704350451284
93 2.42908015900561
94 2.42120276775649
95 2.41343049111121
96 2.40578155543822
97 2.39827323336026
98 2.39092182731155
99 2.38374265635603
100 2.37675004619457
101 2.36995732228308
102 2.36337680597688
103 2.35701981361124
104 2.35089665842276
105 2.34501665521135
106 2.3393881276385
107 2.3340184180532
108 2.32891389973392
109 2.32407999143163
110 2.3195211740964
111 2.31524100966792
112 2.3112421618085
113 2.30752641845571
114 2.30409471607078
115 2.30094716545839
116 2.29808307903318
117 2.29550099940833
118 2.29319872918224
119 2.2911733617998
120 2.28942131336638
121 2.28793835529332
122 2.28671964765631
123 2.28575977314919
124 2.28505277151852
125 2.28459217436656
126 2.28437104021293
127 2.28438198970836
128 2.28461724089686
129 2.2850686444262
130 2.28572771860984
131 2.28658568424731
132 2.28763349911363
133 2.2888618920325
134 2.29026139645168
135 2.29182238344347
136 2.29353509405713
137 2.29538967095437
138 2.2973761892634
139 2.29948468659137
140 2.30170519213941
141 2.30402775486868
142 2.30644247067052
143 2.30893950849783
144 2.31150913541945
145 2.31414174056322
146 2.31682785791817
147 2.31955818796982
148 2.32232361814745
149 2.32511524206541
150 2.32792437754538
151 2.33074258340944
152 2.33356167503846
153 2.33637373869322
154 2.33917114459968
155 2.34194655880305
156 2.34469295379867
157 2.34740361795071
158 2.35007216371296
159 2.35269253466863
160 2.35525901140903
161 2.35776621627329
162 2.36020911697414
163 2.36258302913654
164 2.36488361777868
165 2.36710689776622
166 2.36924923327304
167 2.37130733628301
168 2.3732782641692
169 2.37515941638782
170 2.37694853032605
171 2.37864367634331
172 2.38024325204702
173 2.38174597584431
174 2.38315087981185
175 2.38445730192668
176 2.38566487770093
177 2.38677353126386
178 2.38778346593454
179 2.38869515432861
180 2.38950932804233
181 2.39022696695681
182 2.39084928820521
183 2.39137773484475
184 2.39181396427538
185 2.39215983644565
186 2.39241740188615
187 2.3925888896095
188 2.39267669491546
189 2.39268336713807
190 2.39261159737148
191 2.39246420620902
192 2.3922441315298
193 2.39195441636509
194 2.39159819687591
195 2.3911786904717
196 2.39069918409858
197 2.39016302272432
198 2.38957359804555
199 2.38893433744158
200 2.38824869319724
201 2.38752013201607
202 2.3867521248434
203 2.38594813701751
204 2.38511161876537
205 2.3842459960581
206 2.38335466183965
207 2.38244096764085
208 2.3815082155893
209 2.38055965082437
210 2.37959845432479
211 2.37862773615536
212 2.37765052913746
213 2.37666978294697
214 2.37568835864191
215 2.37470902362064
216 2.3737344470104
217 2.37276719548473
218 2.37180972950704
219 2.3708643999968
220 2.3699334454133
221 2.36901898925143
222 2.36812303794257
223 2.36724747915303
224 2.36639408047135
225 2.36556448847543
226 2.36476022816913
227 2.36398270277772
228 2.36323319389076
229 2.36251286194037
230 2.36182274700239
231 2.36116376990731
232 2.36053673364773
233 2.3599423250682
234 2.35938111682359
235 2.35885356959132
236 2.35836003452294
237 2.35790075592007
238 2.35747587411985
239 2.35708542857477
240 2.35672936111171
241 2.35640751935531
242 2.35611966030027
243 2.35586545401799
244 2.35564448748234
245 2.35545626850022
246 2.35530022973209
247 2.35517573278851
248 2.35508207238847
249 2.35501848056598
250 2.35498413091145
251 2.35497814283485
252 2.35499958583802
253 2.35504748378389
254 2.35512081915071
255 2.35521853725996
256 2.35533955046698
257 2.35548274230381
258 2.35564697156428
259 2.35583107632185
260 2.3560338778712
261 2.35625418458514
262 2.35649079567878
263 2.35674250487363
264 2.35700810395469
265 2.35728638621412
266 2.35757614977574
267 2.35787620079491
268 2.35818535652914
269 2.35850244827503
270 2.35882632416794
271 2.359155851841
272 2.35948992094076
273 2.35982744549735
274 2.36016736614719
275 2.3605086522071
276 2.36085030359894
277 2.36119135262432
278 2.36153086558954
279 2.36186794428114
280 2.36220172729289
281 2.36253139120563
282 2.36285615162134
283 2.36317526405366
284 2.36348802467692
285 2.3637937709366
286 2.36409188202381
287 2.36438177921726
288 2.36466292609613
289 2.36493482862748
290 2.36519703513215
291 2.36544913613349
292 2.36569076409295
293 2.36592159303733
294 2.36614133808218
295 2.36634975485624
296 2.36654663883174
297 2.3667318245657
298 2.36690518485725
299 2.36706662982608
300 2.3672161059174
301 2.36735359483845
302 2.36747911243194
303 2.3675927074917
304 2.36769446052564
305 2.3677844824714
306 2.36786291336979
307 2.36792992100107
308 2.36798569948931
309 2.36803046787961
310 2.36806446869314
311 2.36808796646483
312 2.36810124626831
313 2.36810461223267
314 2.36809838605546
315 2.36808290551624
316 2.3680585229948
317 2.36802560399802
318 2.36798452569922
319 2.36793567549367
320 2.36787944957379
321 2.36781625152726
322 2.36774649096135
323 2.3676705821563
324 2.36758894275064
325 2.36750199246102
326 2.36741015183896
327 2.36731384106684
328 2.36721347879509
329 2.36710948102251
330 2.36700226002141
331 2.36689222330908
332 2.36677977266689
333 2.36666530320818
334 2.366549202496
335 2.36643184971133
336 2.36631361487263
337 2.36619485810697
338 2.36607592897327
339 2.36595716583762
340 2.36583889530083
341 2.36572143167793
342 2.36560507652952
343 2.36549011824432
344 2.36537683167257
345 2.36526547780955
346 2.36515630352839
347 2.36504954136128
348 2.36494540932815
349 2.36484411081158
350 2.36474583447693
351 2.36465075423619
352 2.3645590292544
353 2.36447080399696
354 2.36438620831664
355 2.36430535757843
356 2.36422835282076
357 2.36415528095143
358 2.36408621497654
359 2.36402121426054
360 2.36396032481588
361 2.36390357962025
362 2.36385099895969
363 2.36380259079575
364 2.36375835115487
365 2.36371826453806
366 2.36368230434923
367 2.36365043334018
368 2.36362260407056
369 2.36359875938092
370 2.3635788328772
371 2.36356274942485
372 2.36355042565084
373 2.36354177045202
374 2.36353668550809
375 2.36353506579758
376 2.36353680011542
377 2.36354177159044
378 2.36354985820148
379 2.36356093329065
380 2.3635748660724
381 2.36359152213718
382 2.36361076394834
383 2.36363245133126
384 2.36365644195345
385 2.36368259179471
386 2.36371075560625
387 2.36374078735796
388 2.3637725406729
389 2.36380586924826
390 2.36384062726206
391 2.36387666976489
392 2.36391385305614
393 2.36395203504423
394 2.3639910755902
395 2.36403083683446
396 2.36407118350618
397 2.36411198321517
398 2.36415310672592
399 2.36419442821366
400 2.11419442821366
401 2.10623578299578
402 2.06627698103408
403 2.02631791234503
404 1.98635847136439
405 1.94639855709486
406 1.90643807323596
407 1.86647692829651
408 1.8265150356899
409 1.78655231381239
410 1.74731302027698
411 1.70929567508425
412 1.6723915071992
413 1.63665306324172
414 1.6021231532203
415 1.56884412693204
416 1.53685753576247
417 1.50620389081342
418 1.47692249500618
419 1.44905133180052
420 1.42262489876403
421 1.39767135056697
422 1.37421254968174
423 1.35226498768557
424 1.33184004880846
425 1.31294429309357
426 1.29557969431732
427 1.2797438457933
428 1.26543014168993
429 1.25262793958193
430 1.24132271459424
431 1.23149622049721
432 1.22312666330817
433 1.21618888259406
434 1.21065453702639
435 1.20649229294585
436 1.20366801475684
437 1.20214495630929
438 1.20188395263841
439 1.20284361158301
440 1.20498050489025
441 1.20824935842363
442 1.21260324105161
443 1.21799375176851
444 1.22437120460118
445 1.23168481086885
446 1.2398828583817
447 1.24891288718535
448 1.25872186148128
449 1.26925633737674
450 1.28046262614041
451 1.29228695266325
452 1.30467560884616
453 1.31757510165891
454 1.3309322956374
455 1.344694549609
456 1.35880984745857
457 1.3732269227701
458 1.38789537720146
459 1.40276579247163
460 1.41778983586172
461 1.43292035915194
462 1.4481114909381
463 1.46331872229087
464 1.47849898574123
465 1.49361072759456
466 1.50861397359412
467 1.52347038797288
468 1.53814332594945
469 1.5525978797406
470 1.56680091817823
471 1.58072112003388
472 1.59432900116779
473 1.60759693563292
474 1.62049917087696
475 1.63301183719683
476 1.64511295161154
477 1.65678241632869
478 1.66800201198984
479 1.67875538588777
480 1.68902803535676
481 1.69880728654341
482 1.70808226877187
483 1.71684388472208
484 1.72508477664451
485 1.73279928883817
486 1.73998342662157
487 1.74663481202866
488 1.75275263646301
489 1.75833761054409
490 1.76339191137989
491 1.76791912749924
492 1.77192420167596
493 1.77541337187517
494 1.77839411054971
495 1.78087506251144
496 1.78286598159886
497 1.7843776663583
498 1.7854218949516
499 1.78601135949804
500 1.78615960005318
501 1.78588093842122
502 1.78519041199173
503 1.7841037077848
504 1.78263709688221
505 1.78080736941511
506 1.77863177027136
507 1.77612793567837
508 1.77331383080961
509 1.77020768855488
510 1.76682794958702
511 1.76319320384912
512 1.75932213357855
513 1.75523345797583
514 1.75094587961807
515 1.74647803270868
516 1.74184843324672
517 1.737075431191
518 1.73217716468638
519 1.72717151641112
520 1.72207607209669
521 1.7169080812634
522 1.71168442020779
523 1.70642155726987
524 1.70113552040146
525 1.69584186704923
526 1.69055565635954
527 1.68529142370519
528 1.68006315752777
529 1.67488427848309
530 1.66976762087102
531 1.66472541632543
532 1.65976927973432
533 1.65491019735512
534 1.65015851708493
535 1.64552394084109
536 1.64101551900285
537 1.63664164686075
538 1.63241006301679
539 1.62832784967451
540 1.62440143475518
541 1.62063659577311
542 1.61703846540055
543 1.61361153865011
544 1.61035968160074
545 1.6072861415911
546 1.60439355880294
547 1.60168397915572
548 1.59915886843245
549 1.59681912755624
550 1.5946651089364
551 1.59269663380256
552 1.5909130104455
553 1.5893130532832
554 1.58789510267138
555 1.58665704537815
556 1.58559633564344
557 1.58471001674466
558 1.5839947429915
559 1.58344680207383
560 1.5830621376887
561 1.58283637237354
562 1.58276483047498
563 1.58284256118451
564 1.58306436157428
565 1.58342479956862
566 1.58391823678925
567 1.58453885121436
568 1.5852806595946
569 1.58613753957122
570 1.58710325144462
571 1.58817145954391
572 1.58933575315129
573 1.59058966693734
574 1.59192670086661
575 1.59334033953538
576 1.59482407090662
577 1.59637140440976
578 1.59797588837588
579 1.59963112678185
580 1.60133079527962
581 1.60306865648958
582 1.60483857454009
583 1.60663452883732
584 1.60845062705302
585 1.61028111731956
586 1.61212039962502
587 1.61396303640293
588 1.61580376231398
589 1.61763749321946
590 1.61945933434814
591 1.62126458766082
592 1.62304875841872
593 1.62480756096393
594 1.626536923722
595 1.6282329934388
596 1.62989213866526
597 1.6315109525054
598 1.63308625464456
599 1.63461509267628
600 1.63609474274735
601 1.63752270954223
602 1.63889672562879
603 1.64021475018858
604 1.64147496715576
605 1.64267578278959
606 1.64381582270625
607 1.64489392839628
608 1.64590915325468
609 1.64686075815082
610 1.64774820656624
611 1.64857115932804
612 1.6493294689664
613 1.65002317372428
614 1.65065249124786
615 1.65121781198606
616 1.65171969232705
617 1.65215884750009
618 1.65253614427011
619 1.65285259345249
620 1.65310934227499
621 1.65330766661332
622 1.65344896312612
623 1.653534741315
624 1.65356661553402
625 1.65354629697287
626 1.65347558563705
627 1.65335636234736
628 1.65319058078072
629 1.65298025957298
630 1.65272747450389
631 1.65243435078315
632 1.65210305545598
633 1.65173578994528
634 1.65133478274672
635 1.6509022822921
636 1.65044054999533
637 1.64995185349435
638 1.6494384601013
639 1.64890263047249
640 1.64834661250824
641 1.64777263549226
642 1.64718290447876
643 1.64657959493482
644 1.64596484764444
645 1.64534076387978
646 1.64470940084419
647 1.64407276739066
648 1.64343282001851
649 1.64279145915022
650 1.64215052568941
651 1.64151179786022
652 1.64087698832764
653 1.64024774159723
654 1.63962563169242
655 1.63901216010643
656 1.63840875402554
657 1.63781676481934
658 1.63723746679364
659 1.63667205620041
660 1.63612165049916
661 1.6355872878633
662 1.63506992692476
663 1.63457044674956
664 1.63408964703678
665 1.63362824853276
666 1.63318689365234
667 1.63276614729843
668 1.6323664978709
669 1.63198835845585
670 1.63163206818567
671 1.6312978937606
672 1.63098603112201
673 1.63069660726762
674 1.63042968219902
675 1.63018525099145
676 1.62996324597602
677 1.62976353902458
678 1.62958594392727
679 1.62943021885323
680 1.62929606888453
681 1.62918314861409
682 1.62909106479791
683 1.62901937905258
684 1.6289676105889
685 1.62893523897282
686 1.62892170690502
687 1.6289264230108
688 1.628948764632
689 1.62898808061327
690 1.62904369407493
691 1.62911490516512
692 1.62920099378436
693 1.62930122227572
694 1.62941483807416
695 1.62954107630919
696 1.62967916235497
697 1.62982831432251
698 1.62998774548897
699 1.63015666665932
700 1.63033428845608
701 1.63051982353304
702 1.63071248870938
703 1.63091150702091
704 1.63111610968536
705 1.63132553797914
706 1.63153904502337
707 1.63175589747703
708 1.63197537713576
709 1.63219678243492
710 1.63241942985591
711 1.63264265523502
712 1.63286581497454
713 1.63308828715572
714 1.63330947255413
715 1.63352879555752
716 1.63374570498699
717 1.63395967482243
718 1.63417020483342
719 1.6343768211168
720 1.63457907654279
721 1.63477655111125
722 1.6349688522202
723 1.63515561484877
724 1.63533650165681
725 1.6355112030039
726 1.63567943689013
727 1.63584094882163
728 1.63599551160365
729 1.63614292506416
730 1.63628301571117
731 1.63641563632685
732 1.63654066550174
733 1.63665800711228
734 1.63676758974516
735 1.63686936607173
736 1.63696331217598
737 1.63704942683944
738 1.63712773078653
739 1.63719826589376
740 1.6372610943661
741 1.63731629788411
742 1.63736397672502
743 1.6374042488612
744 1.63743724903919
745 1.63746312784265
746 1.63748205074225
747 1.63749419713574
748 1.63749975938101
749 1.63749894182533
750 1.63749195983336
751 1.63747903881695
752 1.63746041326909
753 1.63743632580483
754 1.63740702621152
755 1.63737277051062
756 1.63733382003356
757 1.63729044051342
758 1.63724290119483
759 1.63719147396367
760 1.63713643249845
761 1.63707805144505
762 1.63701660561632
763 1.63695236921793
764 1.63688561510178
765 1.6368166140481
766 1.6367456340774
767 1.63667293979303
768 1.63659879175532
769 1.63652344588788
770 1.63644715291672
771 1.63637015784265
772 1.63629269944733
773 1.6362150098331
774 1.63613731399702
775 1.63605982943891
776 1.63598276580343
777 1.63590632455616
778 1.63583069869333
779 1.63575607248492
780 1.63568262125076
781 1.63561051116914
782 1.63553989911739
783 1.63547093254376
784 1.63540374936999
785 1.63533847792375
786 1.63527523690017
787 1.63521413535163
788 1.63515527270481
789 1.63509873880408
790 1.63504461398034
791 1.63499296914405
792 1.63494386590154
793 1.63489735669349
794 1.6348534849544
795 1.63481228529188
796 1.63477378368466
797 1.63473799769821
798 1.63470493671652
799 1.63467460218913
800 1.72764698789213
801 1.72962208020178
802 1.73959985837979
803 1.74958029486896
804 1.75956335559795
805 1.76954900029415
806 1.77953718280343
807 1.78952785141565
808 1.79952094919486
809 1.80951641431303
810 1.81924477268541
811 1.82852333429654
812 1.83740844042142
813 1.84590291408846
814 1.85400894279184
815 1.8617264143252
816 1.86905351270906
817 1.87598717815509
818 1.88252346133091
819 1.88865779548898
820 1.89438598524013
821 1.89970540664182
822 1.90461505306233
823 1.90911519321747
824 1.91320726996274
825 1.91689380723742
826 1.92017833909518
827 1.9230653539223
828 1.92556024939557
829 1.92766929498634
830 1.92939959747375
831 1.9307590633582
832 1.93175635603443
833 1.93240084975155
834 1.93270258195247
835 1.93267220463588
836 1.93232093525606
837 1.93166050750127
838 1.93070312217961
839 1.92946139836648
840 1.92794832492536
841 1.92617721250541
842 1.92416164613193
843 1.92191543851444
844 1.9194525841944
845 1.91678721464764
846 1.91393355444851
847 1.91090587859345
848 1.90771847107322
849 1.90438558477409
850 1.90092140278094
851 1.89734000114746
852 1.89365531319184
853 1.88988109536971
854 1.88603089476933
855 1.88211801826788
856 1.87815550338114
857 1.87415609083312
858 1.87013219886597
859 1.86609589930491
860 1.86205889538736
861 1.8580325013599
862 1.85402762384183
863 1.85005474494879
864 1.8461239071652
865 1.84224469994991
866 1.83842624805478
867 1.83467720153192
868 1.83100572740125
869 1.8274195029466
870 1.82392571060454
871 1.82053103440739
872 1.81724165793846
873 1.81406326375478
874 1.81100103422997
875 1.80805965376768
876 1.80524331233339
877 1.80255571025103
878 1.80000006420846
879 1.79757911441496
880 1.79529513285207
881 1.79314993255825
882 1.79114487788694
883 1.78928089567678
884 1.78755848727221
885 1.78597774133272
886 1.78453834736819
887 1.78323960993861
888 1.78208046345602
889 1.78105948752725
890 1.78017492277656
891 1.77942468708778
892 1.77880639220658
893 1.77831736064447
894 1.77795464282702
895 1.7777150344304
896 1.77759509385123
897 1.77759115975666
898 1.77769936866271
899 1.77791567249098
900 1.77823585605512
901 1.77865555443072
902 1.77917027016376
903 1.77977539027499
904 1.7804662030195
905 1.78123791436271
906 1.78208566413626
907 1.78300454183919
908 1.78398960205226
909 1.78503587943502
910 1.78613840327772
911 1.78729221158223
912 1.78849236464831
913 1.78973395814378
914 1.79101213563915
915 1.79232210058977
916 1.79365912775021
917 1.79501857400805
918 1.79639588862613
919 1.79778662288437
920 1.79918643911425
921 1.80059111912096
922 1.80199657199018
923 1.80339884127807
924 1.80479411158512
925 1.80617871451595
926 1.80754913402897
927 1.8089020111812
928 1.81023414827534
929 1.81154251241735
930 1.81282423849429
931 1.81407663158349
932 1.81529716880527
933 1.81648350063264
934 1.81763345167245
935 1.81874502093342
936 1.81981638159748
937 1.82084588031166
938 1.82183203601851
939 1.82277353834361
940 1.82366924555978
941 1.82451818214744
942 1.82531953597172
943 1.82607265509691
944 1.82677704425925
945 1.82743236101935
946 1.82803841161573
947 1.82859514654106
948 1.82910265586267
949 1.82956116430901
950 1.82997102614365
951 1.83033271984817
952 1.83064684263523
953 1.83091410481289
954 1.83113532402082
955 1.83131141935883
956 1.83144340542778
957 1.83153238630246
958 1.8315795494554
959 1.83158615965058
960 1.83155355282472
961 1.83148312997405
962 1.83137635106317
963 1.83123472897255
964 1.83105982350005
965 1.83085323543171
966 1.83061660069584
967 1.8303515846141
968 1.8300598762624
969 1.82974318295371
970 1.82940322485409
971 1.82904172974262
972 1.8286604279251
973 1.82826104731046
974 1.82784530865837
975 1.82741492100561
976 1.82697157727792
977 1.82651695009345
978 1.82605268776325
979 1.82558041049321
980 1.82510170679157
981 1.82461813008497
982 1.82413119554567
983 1.82364237713172
984 1.82315310484125
985 1.82266476218142
986 1.82217868385188
987 1.82169615364216
988 1.82121840254163
989 1.82074660706023
990 1.82028188775773
991 1.81982530797847
992 1.81937787278849
993 1.81894052811105
994 1.8185141600565
995 1.81809959444175
996 1.81769759649448
997 1.81730887073658
998 1.81693406104139
999 1.81657375085851
1000 1.8162284636002
1001 1.8158986631827
1002 1.81558475471589
1003 1.81528708533443
1004 1.8150059451632
1005 1.81474156840997
1006 1.81449413457798
1007 1.81426376979097
1008 1.81405054822328
1009 1.81385449362746
1010 1.81367558095188
1011 1.81351373804075
1012 1.81336884740922
1013 1.81324074808582
1014 1.81312923751509
1015 1.81303407351294
1016 1.81295497626747
1017 1.81289163037828
1018 1.81284368692718
1019 1.81281076557342
1020 1.81279245666692
1021 1.81278832337279
1022 1.81279790380101
1023 1.81282071313498
1024 1.81285624575316
1025 1.81290397733796
1026 1.81296336696658
1027 1.81303385917835
1028 1.81311488601378
1029 1.8132058690204
1030 1.81330622122098
1031 1.81341534903983
1032 1.81353265418325
1033 1.81365753547036
1034 1.81378939061084
1035 1.81392761792639
1036 1.81407161801306
1037 1.8142207953416
1038 1.81437455979356
1039 1.81453232813098
1040 1.81469352539774
1041 1.81485758625091
1042 1.8150239562208
1043 1.81519209289847
1044 1.81536146704987
1045 1.81553156365595
1046 1.81570188287823
1047 1.81587194094968
1048 1.8160412709909
1049 1.81620942375185
1050 1.8163759682794
1051 1.81654049251157
1052 1.8167026037989
1053 1.8168619293543
1054 1.81701811663221
1055 1.81717083363851
1056 1.81731976917263
1057 1.81746463300339
1058 1.81760515598035
1059 1.81774109008247
1060 1.81787220840603
1061 1.81799830509393
1062 1.8181191952085
1063 1.81823471455
1064 1.81834471942321
1065 1.8184490863545
1066 1.81854771176177
1067 1.81864051157973
1068 1.81872742084326
1069 1.81880839323107
1070 1.81888340057266
1071 1.8189524323208
1072 1.8190154949925
1073 1.81907261158083
1074 1.81912382094032
1075 1.81916917714855
1076 1.8192087488465
1077 1.81924261856015
1078 1.81927088200595
1079 1.81929364738259
1080 1.81931103465148
1081 1.81932317480842
1082 1.81933020914871
1083 1.81933228852798
1084 1.81932957262097
1085 1.81932222918048
1086 1.81931043329836
1087 1.81929436667073
1088 1.81927421686928
1089 1.81925017662041
1090 1.8192224430941
1091 1.81919121720407
1092 1.81915670292082
1093 1.81911910659915
1094 1.81907863632135
1095 1.8190355012576
1096 1.81898991104464
1097 1.8189420751839
1098 1.81889220246008
1099 1.81884050038123
1100 1.818787174641
1101 1.818732428604
1102 1.81867646281484
1103 1.81861947453145
1104 1.81856165728317
1105 1.81850320045403
1106 1.81844428889158
1107 1.81838510254142
1108 1.81832581610767
1109 1.8182665987394
1110 1.81820761374318
1111 1.81814901832142
1112 1.81809096333662
1113 1.81803359310122
1114 1.81797704519273
1115 1.81792145029393
1116 1.81786693205766
1117 1.81781360699578
1118 1.81776158439185
1119 1.81771096623687
1120 1.81766184718766
1121 1.81761431454703
1122 1.81756844826529
1123 1.81752432096218
1124 1.81748199796861
1125 1.81744153738741
1126 1.81740299017222
1127 1.81736640022379
1128 1.81733180450273
1129 1.81729923315794
1130 1.81726870966984
1131 1.81724025100735
1132 1.81721386779798
1133 1.81718956450984
1134 1.81716733964491
1135 1.81714718594249
1136 1.81712909059193
1137 1.81711303545386
1138 1.81709899728887
1139 1.81708694799288
1140 1.81707685483814
1141 1.81706868071927
1142 1.81706238440317
1143 1.81705792078224
1144 1.81705524112992
1145 1.81705429335784
1146 1.81705502227377
1147 1.81705736983964
1148 1.81706127542892
1149 1.81706667608259
1150 1.81707350676317
1151 1.81708170060599
1152 1.81709118916722
1153 1.81710190266805
1154 1.81711377023441
1155 1.81712672013177
1156 1.81714067999449
1157 1.81715557704931
1158 1.81717133833244
1159 1.81718789090004
1160 1.81720516203152
1161 1.81722307942544
1162 1.81724157138779
1163 1.81726056701213
1164 1.81727999635163
1165 1.81729979058266
1166 1.81731988215969
1167 1.81734020496158
1168 1.81736069442888
1169 1.81738128769223
1170 1.81740192369178
1171 1.81742254328747
1172 1.81744308936033
1173 1.81746350690471
1174 1.81748374311158
1175 1.81750374744278
1176 1.81752347169657
1177 1.81754287006439
1178 1.81756189917904
1179 1.81758051815442
1180 1.81759868861702
1181 1.81761637472933
1182 1.81763354320533
1183 1.81765016331841
1184 1.8176662069018
1185 1.81768164834185
1186 1.81769646456437
1187 1.8177106350144
1188 1.81772414162951
1189 1.81773696880709
1190 1.8177491033658
1191 1.81776053450162
1192 1.81777125373862
1193 1.81778125487492
1194 1.81779053392411
1195 1.81779908905235
1196 1.81780692051168
1197 1.81781403056956
1198 1.81782042343531
1199 1.8178261051834
1200 1.81783108367422
