1 2
2 2
3 2
4 2
5 2
6 2
7 2
8 2
9 2
10 2
11 2
12 2
13 2
14 2
15 2
16 2
17 2
18 2
19 2
20 2
21 2
22 2
23 2
24 2
25 2
26 2
27 2
28 2
29 2
30 2.25
31 2.2722
32 2.2962
33 2.3202
34 2.3442
35 2.3682
36 2.3922
37 2.4162
38 2.4402
39 2.4642
40 2.486744562975
41 2.50669403151393
42 2.52432882623886
43 2.53985004370468
44 2.55341248663482
45 2.56513494173134
46 2.57510822903521
47 2.5834014676527
48 2.59006695233491
49 2.59514394818492
50 2.5986701160213
51 2.60069632562485
52 2.60128844615552
53 2.60052181984471
54 2.59847761665712
55 2.59524039504885
56 2.59089651186143
57 2.58553312271948
58 2.57923758725436
59 2.57209714681029
60 2.56419873178327
61 2.55562872607741
62 2.54647261019538
63 2.53681453137358
64 2.52673686593177
65 2.51631980836917
66 2.50564100342889
67 2.49477522624645
68 2.48379410933357
69 2.47276591183384
70 2.46175532536117
71 2.4508233115692
72 2.44002696860181
73 2.42941942527343
74 2.41904976253229
75 2.40896296177253
76 2.39919987929417
77 2.38979724588089
78 2.3807876901811
79 2.37219978438114
80 2.36405811055481
81 2.35638334604427
82 2.34919236624024
83 2.34249836315728
84 2.33631097822619
85 2.33063644774712
86 2.32547775946719
87 2.32083481876858
88 2.31670462298092
89 2.31308144236637
90 2.30995700636839
91 2.30732069376483
92 2.30515972542063
93 2.30345935839624
94 2.30220308023078
95 2.301372802286
96 2.30094905110582
97 2.30091115681697
98 2.30123743766837
99 2.30190537988003
100 2.30289181204591
101 2.30417307340898
102 2.30572517540004
103 2.30752395590504
104 2.30954522579669
105 2.31176490733704
106 2.31415916412569
107 2.31670452233502
108 2.31937798303774
109 2.32215712549385
110 2.32502020132271
111 2.32794621954208
112 2.33091502250865
113 2.33390735284431
114 2.33690491147882
115 2.33989040698244
116 2.3428475964018
117 2.34576131784812
118 2.34861751511993
119 2.35140325467134
120 2.35410673526285
121 2.35671729065399
122 2.3592253857163
123 2.36162260636104
124 2.3639016436886
125 2.36605627277639
126 2.36808132652898
127 2.36997266501781
128 2.37172714073968
129 2.37334256022158
130 2.37481764239635
131 2.37615197416766
132 2.37734596357508
133 2.37840079096045
134 2.3793183585253
135 2.38010123865613
136 2.38075262138004
137 2.38127626129755
138 2.3816764243229
139 2.38195783454433
140 2.38212562149863
141 2.38218526813517
142 2.3821425597251
143 2.38200353395176
144 2.3817744323979
145 2.3814616536257
146 2.38107170802503
147 2.38061117458569
148 2.38008665972943
149 2.37950475831857
150 2.37887201693858
151 2.37819489953407
152 2.37747975545944
153 2.37673278998857
154 2.37596003731123
155 2.37516733602854
156 2.37436030714454
157 2.37354433453745
158 2.37272454788061
159 2.37190580797128
160 2.37109269441391
161 2.37028949559447
162 2.36950020087272
163 2.36872849491121
164 2.36797775405193
165 2.3672510446454
166 2.36655112323081
167 2.36588043846161
168 2.36524113466664
169 2.36463505693397
170 2.36406375760252
171 2.36352850404481
172 2.36303028762372
173 2.36256983370597
174 2.36214761261572
175 2.36176385141298
176 2.36141854638346
177 2.36111147612866
178 2.36084221514811
179 2.36061014780894
180 2.36041448260165
181 2.3602542665851
182 2.36012839992817
183 2.36003565046019
184 2.35997466814722
185 2.35994399941639
186 2.35994210125557
187 2.35996735502149
188 2.36001807989429
189 2.36009254592246
190 2.36018898660741
191 2.36030561098241
192 2.3604406151461
193 2.3605921932162
194 2.36075854767396
195 2.36093789907556
196 2.36112849511095
197 2.36132861899609
198 2.36153659718843
199 2.36175080642062
200 2.36196968005084
201 2.36219171373278
202 2.36241547041149
203 2.36263958465497
204 2.36286276633469
205 2.36308380367095
206 2.36330156566189
207 2.36351500391714
208 2.36372315391965
209 2.36392513574073
210 2.36412015423536
211 2.36430749874597
212 2.36448654234442
213 2.36465674064229
214 2.36481763020103
215 2.3649688265734
216 2.36511002200823
217 2.36524098285065
218 2.36536154666969
219 2.36547161914496
220 2.36557117074379
221 2.36566023321935
222 2.36573889595996
223 2.36580730221847
224 2.36586564525006
225 2.3659141643854
226 2.36595314106516
227 2.36598289486044
228 2.36600377950261
229 2.36601617894436
230 2.36602050347262
231 2.36601718589239
232 2.36600667779914
233 2.36598944595577
234 2.3659659687889
235 2.36593673301746
236 2.36590223042517
237 2.36586295478725
238 2.36581939895974
239 2.36577205213898
240 2.36572139729698
241 2.3656679087973
242 2.36561205019479
243 2.36555427222108
244 2.36549501095691
245 2.3654346861909
246 2.36537369996369
247 2.36531243529498
248 2.36525125509051
249 2.36519050122488
250 2.36513049379548
251 2.36507153054211
252 2.36501388642607
253 2.36495781336223
254 2.36490354009683
255 2.36485127222346
256 2.36480119232934
257 2.36475346026371
258 2.36470821351978
259 2.36466556772178
260 2.36462561720832
261 2.36458843570334
262 2.36455407706585
263 2.36452257610974
264 2.36449394948514
265 2.36446819661277
266 2.36444530066293
267 2.36442522957118
268 2.36440793708288
269 2.36439336381884
270 2.36438143835509
271 2.36437207830975
272 2.36436519143033
273 2.36436067667552
274 2.36435842528542
275 2.36435832183493
276 2.36436024526524
277 2.36436406988882
278 2.36436966636375
279 2.36437690263353
280 2.36438564482907
281 2.3643957581299
282 2.36440710758195
283 2.36441955886978
284 2.36443297904149
285 2.36444723718479
286 2.36446220505332
287 2.36447775764228
288 2.3644937737132
289 2.36451013626756
290 2.3645267329696
291 2.36454345651883
292 2.36456020497276
293 2.36457688202116
294 2.36459339721273
295 2.36460966613589
296 2.36462561055491
297 2.36464115850357
298 2.36465624433777
299 2.36467080874948
300 2.36468479874398
301 2.36469816758256
302 2.36471087469305
303 2.3647228855505
304 2.36473417153032
305 2.36474470973632
306 2.36475448280601
307 2.3647634786956
308 2.36477169044703
309 2.36477911593937
310 2.36478575762688
311 2.36479162226603
312 2.36479672063352
313 2.36480106723759
314 2.36480468002445
315 2.3648075800819
316 2.36480979134191
317 2.36481134028397
318 2.36481225564076
319 2.36481256810775
320 2.3648123100581
321 2.36481151526421
322 2.36481021862714
323 2.36480845591493
324 2.36480626351081
325 2.36480367817223
326 2.36480073680138
327 2.36479747622788
328 2.36479393300426
329 2.36479014321449
330 2.36478614229606
331 2.36478196487584
332 2.36477764461972
333 2.36477321409636
334 2.3647687046547
335 2.36476414631547
336 2.36475956767628
337 2.3647549958302
338 2.36475045629743
339 2.36474597296979
340 2.36474156806753
341 2.36473726210816
342 2.36473307388656
343 2.36472902046608
344 2.3647251171799
345 2.36472137764216
346 2.36471781376815
347 2.36471443580299
348 2.36471125235823
349 2.3647082704555
350 2.36470549557683
351 2.3647029317207
352 2.36470058146351
353 2.36469844602541
354 2.36469652534026
355 2.36469481812886
356 2.36469332197483
357 2.36469203340279
358 2.36469094795795
359 2.36469006028688
360 2.3646893642187
361 2.36468885284635
362 2.36468851860741
363 2.3646883533641
364 2.36468834848192
365 2.36468849490677
366 2.36468878323993
367 2.36468920381094
368 2.36468974674768
369 2.36469040204379
370 2.36469115962298
371 2.36469200940001
372 2.36469294133844
373 2.36469394550465
374 2.36469501211835
375 2.36469613159931
376 2.36469729461029
377 2.36469849209621
378 2.36469971531947
379 2.36470095589147
380 2.36470220580038
381 2.36470345743521
382 2.36470470360622
383 2.36470593756182
384 2.36470715300198
385 2.3647083440884
386 2.36470950545139
387 2.36471063219378
388 2.36471171989194
389 2.36471276459398
390 2.36471376281542
391 2.36471471153252
392 2.36471560817327
393 2.36471645060639
394 2.36471723712847
395 2.36471796644935
396 2.36471863767606
397 2.36471925029538
398 2.36471980415522
399 2.36472029944505
400 2.11472029944505
401 2.07032067942677
402 2.02232100324891
403 1.97432127225713
404 1.92632148803148
405 1.87832165236416
406 1.83032176723733
407 1.78232183480116
408 1.73432185735212
409 1.68632183731164
410 1.63977721677582
411 1.59595690034033
412 1.55480991593661
413 1.51632661457475
414 1.48050511248977
415 1.44734939027209
416 1.41686772989027
417 1.38907151026195
418 1.36397428147653
419 1.34159105546565
420 1.32192929149506
421 1.30497521557436
422 1.29069164710229
423 1.27902290245483
424 1.26989835350038
425 1.26323515570582
426 1.2589403449304
427 1.25691245540582
428 1.25704277454315
429 1.25921632220789
430 1.26331267017222
431 1.26920676349025
432 1.27676982900857
433 1.28587033702238
434 1.29637496026491
435 1.30814949798582
436 1.32105974737754
437 1.33497231414492
438 1.34975536009097
439 1.3652792893036
440 1.38141737635574
441 1.39804633985641
442 1.4150468633106
443 1.43230406392561
444 1.44970790947154
445 1.46715358337298
446 1.48454179854264
447 1.50177906088096
448 1.51877788375736
449 1.53545695511051
450 1.55174125904168
451 1.56756215393536
452 1.58285740924938
453 1.59757120319762
454 1.61165408361806
455 1.62506289438059
456 1.63776066974271
457 1.64971649910346
458 1.66090536463411
459 1.67130795427761
460 1.68091045260607
461 1.68970431200863
462 1.69768600665079
463 1.70485677160311
464 1.71122232948272
465 1.71679260688673
466 1.72158144282347
467 1.72560629126603
468 1.72888791986396
469 1.73145010675431
470 1.73331933731261
471 1.73452450257917
472 1.73509660098766
473 1.73506844491046
474 1.73447437342183
475 1.73334997256402
476 1.7317318042857
477 1.72965714510581
478 1.72716373544046
479 1.72428954041659
480 1.7210725228835
481 1.71755042922379
482 1.71376058845779
483 1.70973972503216
484 1.7055237855831
485 1.70114777986859
486 1.69664563597244
487 1.6920500697961
488 1.68739246877178
489 1.68270278965341
490 1.67800947017031
491 1.67333935426144
492 1.66871763054733
493 1.66416778364068
494 1.65971155784657
495 1.65536893275797
496 1.65115811021311
497 1.64709551204654
498 1.64319578803679
499 1.63947183342959
500 1.63593481539618
501 1.6325942077719
502 1.62945783341035
503 1.62653191348281
504 1.62382112305101
505 1.62132865224406
506 1.61905627237609
507 1.61700440635095
508 1.61517220271284
509 1.61355761271736
510 1.61215746981577
511 1.61096757096594
512 1.60998275920623
513 1.60919700695325
514 1.60860349951104
515 1.60819471830674
516 1.60796252339702
517 1.6078982348193
518 1.6079927123925
519 1.60823643360333
520 1.60861956924529
521 1.60913205650937
522 1.60976366925681
523 1.61050408523552
524 1.61134295003245
525 1.61226993758476
526 1.6132748071017
527 1.61434745627824
528 1.61547797070905
529 1.61665666943801
530 1.61787414660425
531 1.61912130916986
532 1.62038941073749
533 1.62167008148766
534 1.62295535428617
535 1.62423768703043
536 1.6255099813213
537 1.62676559756273
538 1.627998366606
539 1.62920259806838
540 1.63037308546736
541 1.63150510832183
542 1.63259443138003
543 1.63363730114152
544 1.63463043984599
545 1.63557103710664
546 1.63645673936877
547 1.63728563737671
548 1.6380562518327
549 1.63876751743159
550 1.63941876545371
551 1.64000970509619
552 1.64054040372012
553 1.6410112661867
554 1.64142301345126
555 1.64177666057827
556 1.64207349433492
557 1.642315050514
558 1.64250309112987
559 1.64263958162407
560 1.64272666820901
561 1.64276665547051
562 1.64276198434123
563 1.64271521054893
564 1.64262898363483
565 1.64250602662849
566 1.64234911645738
567 1.64216106516051
568 1.64194470196691
569 1.64170285629168
570 1.64143834169395
571 1.6411539408331
572 1.64085239145205
573 1.64053637340883
574 1.64020849677058
575 1.63987129097719
576 1.6395271950755
577 1.63917854901873
578 1.63882758602012
579 1.63847642594438
580 1.63812706971566
581 1.6377813947161
582 1.63744115114504
583 1.63710795930497
584 1.63678330777728
585 1.63646855244756
586 1.63616491633808
587 1.63587349020248
588 1.6355952338363
589 1.63533097805531
590 1.63508142729253
591 1.63484716276438
592 1.63462864615567
593 1.63442622377306
594 1.63424013111723
595 1.63407049782378
596 1.63391735292429
597 1.63378063037938
598 1.63366017483712
599 1.63355574757143
600 1.63346703255649
601 1.63339364263521
602 1.63333512574136
603 1.63329097113708
604 1.63326061562966
605 1.63324344973337
606 1.63323882374466
607 1.63324605370124
608 1.6332644271977
609 1.63329320903297
610 1.63333164666714
611 1.63337897546744
612 1.63343442372569
613 1.63349721743162
614 1.63356658478894
615 1.63364176046315
616 1.63372198955208
617 1.6338065312725
618 1.63389466235796
619 1.6339856801649
620 1.63407890548604
621 1.63417368507161
622 1.63426939386073
623 1.63436543692672
624 1.63446125114141
625 1.63455630656515
626 1.63465010756991
627 1.63474219370447
628 1.6348321403112
629 1.63491955890519
630 1.63500409732684
631 1.63508543968009
632 1.63516330606861
633 1.63523745214294
634 1.63530766847191
635 1.63537377975176
636 1.63543564386671
637 1.63549315081468
638 1.63554622151182
639 1.63559480648968
640 1.63563888449828
641 1.63567846102836
642 1.63571356676593
643 1.63574425599142
644 1.63577060493596
645 1.63579271010629
646 1.63581068658961
647 1.63582466634926
648 1.6358347965212
649 1.63584123772106
650 1.63584416237068
651 1.63584375305244
652 1.63584020089939
653 1.63583370402791
654 1.63582446601972
655 1.63581269445881
656 1.63579859952855
657 1.63578239267359
658 1.63576428533028
659 1.63574448772915
660 1.635723207772
661 1.63570064998573
662 1.63567701455464
663 1.63565249643202
664 1.63562728453184
665 1.63560156100028
666 1.63557550056699
667 1.63554926997503
668 1.63552302748841
669 1.6354969224755
670 1.6354710950665
671 1.63544567588261
672 1.63542078583446
673 1.63539653598689
674 1.63537302748731
675 1.63535035155417
676 1.63532858952247
677 1.63530781294259
678 1.63528808372902
679 1.63526945435526
680 1.63525196809117
681 1.63523565927902
682 1.63522055364452
683 1.635206668639
684 1.63519401380916
685 1.63518259119066
686 1.63517239572191
687 1.63516341567474
688 1.63515563309837
689 1.63514902427354
690 1.63514356017362
691 1.63513920692963
692 1.63513592629636
693 1.63513367611699
694 1.63513241078339
695 1.63513208169011
696 1.63513263767943
697 1.63513402547585
698 1.63513619010786
699 1.63513907531547
700 1.63514262394198
701 1.6351467783086
702 1.63515148057086
703 1.63515667305572
704 1.63516229857867
705 1.6351683007401
706 1.63517462420036
707 1.63518121493335
708 1.63518802045823
709 1.63519499004927
710 1.63520207492388
711 1.63520922840897
712 1.63521640608595
713 1.63522356591472
714 1.63523066833719
715 1.63523767636084
716 1.63524455562304
717 1.63525127443683
718 1.6352578038189
719 1.63526411750074
720 1.63527019192368
721 1.63527600621896
722 1.63528154217362
723 1.63528678418328
724 1.63529171919284
725 1.63529633662607
726 1.63530062830515
727 1.63530458836118
728 1.63530821313668
729 1.63531150108105
730 1.63531445264008
731 1.63531707014031
732 1.63531935766937
733 1.63532132095306
734 1.63532296723015
735 1.63532430512567
736 1.63532534452355
737 1.63532609643926
738 1.6353265728934
739 1.63532678678659
740 1.63532675177658
741 1.63532648215795
742 1.63532599274508
743 1.63532529875875
744 1.63532441571689
745 1.63532335932982
746 1.63532214540034
747 1.63532078972894
748 1.63531930802443
749 1.63531771582009
750 1.63531602839561
751 1.63531426070488
752 1.63531242730971
753 1.63531054231951
754 1.63530861933697
755 1.6353066714097
756 1.63530471098772
757 1.63530274988675
758 1.6353007992572
759 1.63529886955867
760 1.63529697053978
761 1.63529511122324
762 1.6352932998958
763 1.63529154410298
764 1.63528985064832
765 1.63528822559683
766 1.63528667428244
767 1.63528520131922
768 1.63528381061594
769 1.63528250539395
770 1.63528128820776
771 1.63528016096843
772 1.63527912496911
773 1.63527818091273
774 1.63527732894146
775 1.63527656866763
776 1.63527589920596
777 1.63527531920676
778 1.63527482688984
779 1.63527442007903
780 1.63527409623688
781 1.63527385249957
782 1.63527368571155
783 1.63527359245997
784 1.63527356910861
785 1.63527361183108
786 1.63527371664335
787 1.63527387943516
788 1.63527409600055
789 1.63527436206702
790 1.6352746733236
791 1.63527502544738
792 1.63527541412871
793 1.63527583509488
794 1.63527628413222
795 1.63527675710664
796 1.63527724998254
797 1.63527775884011
798 1.63527827989098
799 1.63527880949223
800 1.8221793441588
801 1.83327988057431
802 1.84528041560028
803 1.85728094628386
804 1.86928146986401
805 1.88128198377633
806 1.89328248565641
807 1.90528297334194
808 1.91728344487349
809 1.92928389849413
810 1.94019624792802
811 1.94920048445634
812 1.95656306039405
813 1.96248171646703
814 1.96711004459138
815 1.97056724570097
816 1.97294575348129
817 1.97431717180507
818 1.97473689868129
819 1.9742477271158
820 1.97288898364122
821 1.97070788314665
822 1.96776077257195
823 1.96410884524493
824 1.95981539412017
825 1.95494405971573
826 1.94955776679746
827 1.94371813017821
828 1.93748517347842
829 1.9309172508393
830 1.92407105807493
831 1.91700160162326
832 1.90976206828888
833 1.90240363553934
834 1.89497527339339
835 1.88752356428333
836 1.88009255264325
837 1.87272362728248
838 1.86545543477525
839 1.858323819717
840 1.85136178703084
841 1.84459948232198
842 1.83806418792848
843 1.83178033368074
844 1.82576952195154
845 1.82005056660851
846 1.81463954529779
847 1.80954986426271
848 1.80479233471489
849 1.80037525965931
850 1.79630453002947
851 1.7925837289989
852 1.78921424337549
853 1.78619538103254
854 1.78352449337351
855 1.78119710186486
856 1.77920702770412
857 1.77754652372328
858 1.77620640766199
859 1.77517619598293
860 1.77444423744376
861 1.77399784568432
862 1.77382343013571
863 1.77390662460652
864 1.77423241295137
865 1.77478525127745
866 1.77554918619482
867 1.77650796866695
868 1.77764516306738
869 1.77894425109781
870 1.78038873027158
871 1.78196220671357
872 1.78364848207396
873 1.78543163439791
874 1.78729609283634
875 1.78922670612431
876 1.79120880479298
877 1.79322825711823
878 1.79527151884471
879 1.7973256767565
880 1.79937848619703
881 1.80141840266868
882 1.803434607669
883 1.80541702894408
884 1.80735635536097
885 1.80924404662
886 1.81107233804475
887 1.8128342407015
888 1.81452353711253
889 1.81613477283724
890 1.81766324420323
891 1.81910498247513
892 1.82045673475277
893 1.82171594189266
894 1.8228807137463
895 1.82394980200805
896 1.82492257096195
897 1.82579896641214
898 1.82657948307635
899 1.82726513071399
900 1.82785739925285
901 1.82835822316873
902 1.82876994536215
903 1.82909528076562
904 1.82933727990283
905 1.82949929260917
906 1.82958493210999
907 1.82959803964005
908 1.829542649774
909 1.82942295662406
910 1.82924328104752
911 1.82900803899261
912 1.82872171109771
913 1.82838881364522
914 1.82801387095801
915 1.82760138931316
916 1.82715583243495
917 1.82668159861646
918 1.82618299950735
919 1.82566424059355
920 1.82512940338375
921 1.82458242930691
922 1.82402710531525
923 1.82346705117766
924 1.82290570843974
925 1.82234633101891
926 1.82179197739491
927 1.82124550434998
928 1.82070956220621
929 1.82018659150228
930 1.81967882104705
931 1.8191882672829
932 1.81871673488837
933 1.81826581854647
934 1.81783690580262
935 1.81743118093433
936 1.81704962975346
937 1.81669304526089
938 1.81636203407353
939 1.81605702354322
940 1.8157782694883
941 1.81552586445909
942 1.81529974646045
943 1.81509970805588
944 1.81492540578017
945 1.81477636978967
946 1.8146520136821
947 1.81455164442064
948 1.81447447230017
949 1.81441962089679
950 1.81438613694525
951 1.81437300009233
952 1.81437913247799
953 1.81440340809967
954 1.81444466191915
955 1.81450169867471
956 1.81457330136551
957 1.81465823937867
958 1.81475527623315
959 1.81486317691833
960 1.81498071480865
961 1.81510667813911
962 1.81523987602985
963 1.81537914405119
964 1.8155233493236
965 1.8156713951501
966 1.81582222518128
967 1.81597482711578
968 1.81612823594167
969 1.81628153672629
970 1.81643386696428
971 1.81658441849563
972 1.81673243900714
973 1.81687723313242
974 1.81701816316687
975 1.81715464941555
976 1.81728617019253
977 1.81741226149164
978 1.81753251634909
979 1.81764658391889
980 1.81775416828268
981 1.81785502701578
982 1.81794896953125
983 1.81803585522412
984 1.81811559143743
985 1.81818813127177
986 1.81825347125968
987 1.81831164892559
988 1.81836274025169
989 1.81840685706945
990 1.81844414439568
991 1.81847477773146
992 1.8184989603413
993 1.81851692052909
994 1.81852890892642
995 1.81853519580795
996 1.81853606844758
997 1.81853182852794
998 1.81852278961504
999 1.81850927470851
1000 1.8184916138772
1001 1.81847014198857
1002 1.81844519653957
1003 1.81841711559535
1004 1.81838623584155
1005 1.81835289075474
1006 1.81831740889459
1007 1.81828011232068
1008 1.81824131513577
1009 1.81820132215661
1010 1.81816042771278
1011 1.81811891457282
1012 1.81807705299678
1013 1.81803509991328
1014 1.81799329821868
1015 1.81795187619552
1016 1.81791104704664
1017 1.81787100854114
1018 1.81783194276787
1019 1.81779401599169
1020 1.81775737860755
1021 1.81772216518709
1022 1.81768849461228
1023 1.81765647029034
1024 1.81762618044424
1025 1.8175976984727
1026 1.8175710833739
1027 1.81754638022669
1028 1.81752362072349
1029 1.81750282374883
1030 1.81748399599769
1031 1.81746713262792
1032 1.81745221794103
1033 1.817439226086
1034 1.81742812178073
1035 1.81741886104604
1036 1.81741139194744
1037 1.81740565533993
1038 1.81740158561145
1039 1.81739911142094
1040 1.81739815642702
1041 1.81739864000371
1042 1.81740047793996
1043 1.81740358311981
1044 1.81740786618053
1045 1.81741323614621
1046 1.81741960103462
1047 1.81742686843535
1048 1.81743494605773
1049 1.81744374224692
1050 1.81745316646728
1051 1.81746312975198
1052 1.81747354511821
1053 1.81748432794773
1054 1.81749539633239
1055 1.81750667138477
1056 1.81751807751408
1057 1.81752954266779
1058 1.81754099853949
1059 1.8175523807438
1060 1.81756362895909
1061 1.81757468703917
1062 1.81758550309492
1063 1.81759602954724
1064 1.81760622315253
1065 1.8176160450022
1066 1.81762546049761
1067 1.81763443930203
1068 1.81764295527118
1069 1.81765098636393
1070 1.8176585145348
1071 1.81766552560993
1072 1.81767200914815
1073 1.81767795828871
1074 1.81768336958741
1075 1.81768824284262
1076 1.81769258091278
1077 1.8176963895269
1078 1.81769967708953
1079 1.81770245448162
1080 1.81770473485861
1081 1.81770653344709
1082 1.81770786734122
1083 1.8177087553001
1084 1.81770921754718
1085 1.81770927557276
1086 1.81770895194048
1087 1.81770827009863
1088 1.81770725419728
1089 1.81770592891159
1090 1.81770431927235
1091 1.81770245050395
1092 1.81770034787052
1093 1.81769803653053
1094 1.81769554140019
1095 1.81769288702603
1096 1.81769009746674
1097 1.81768719618443
1098 1.81768420594557
1099 1.81768114873128
1100 1.81767804565736
1101 1.81767491690357
1102 1.81767178165233
1103 1.81766865803653
1104 1.81766556309619
1105 1.81766251274383
1106 1.81765952173812
1107 1.81765660366567
1108 1.81765377093034
1109 1.81765103475001
1110 1.81764840516015
1111 1.81764589102392
1112 1.81764350004836
1113 1.81764123880617
1114 1.81763911276273
1115 1.81763712630783
1116 1.81763528279174
1117 1.81763358456505
1118 1.81763203302199
1119 1.81763062864672
1120 1.81762937106209
1121 1.81762825908054
1122 1.8176272907568
1123 1.81762646344173
1124 1.81762577383726
1125 1.81762521805182
1126 1.81762479165597
1127 1.81762448973797
1128 1.81762430695897
1129 1.81762423760737
1130 1.81762427565237
1131 1.81762441479617
1132 1.8176246485248
1133 1.81762497015724
1134 1.8176253728928
1135 1.81762584985636
1136 1.81762639414156
1137 1.81762699885176
1138 1.81762765713847
1139 1.81762836223752
1140 1.81762910750253
1141 1.81762988643598
1142 1.81763069271752
1143 1.81763152022981
1144 1.81763236308164
1145 1.81763321562853
1146 1.81763407249072
1147 1.8176349285687
1148 1.81763577905617
1149 1.81763661945074
1150 1.81763744556216
1151 1.81763825351844
1152 1.81763903976974
1153 1.81763980109023
1154 1.81764053457806
1155 1.8176412376534
1156 1.81764190805486
1157 1.81764254383425
1158 1.81764314334989
1159 1.81764370525856
1160 1.81764422850618
1161 1.81764471231745
1162 1.8176451561844
1163 1.81764555985419
1164 1.81764592331606
1165 1.81764624678766
1166 1.81764653070094
1167 1.81764677568749
1168 1.81764698256375
1169 1.81764715231582
1170 1.81764728608431
1171 1.81764738514915
1172 1.8176474509144
1173 1.81764748489328
1174 1.81764748869344
1175 1.81764746400246
1176 1.8176474125738
1177 1.81764733621309
1178 1.81764723676501
1179 1.81764711610055
1180 1.81764697610498
1181 1.81764681866633
1182 1.81764664566452
1183 1.81764645896121
1184 1.81764626039027
1185 1.81764605174892
1186 1.8176458347897
1187 1.817645611213
1188 1.81764538266042
1189 1.81764515070877
1190 1.81764491686485
1191 1.81764468256082
1192 1.81764444915034
1193 1.81764421790536
1194 1.81764399001351
1195 1.81764376657618
1196 1.81764354860712
1197 1.8176433370317
1198 1.81764313268665
1199 1.81764293632036
1200 1.8176427485936
