1 2
2 2
3 2
4 2
5 2
6 2
7 2
8 2
9 2
10 2
11 2
12 2
13 2
14 2
15 2
16 2
17 2
18 2
19 2
20 2
21 2
22 2
23 2
24 2
25 2
26 2
27 2
28 2
29 2
30 2.25
31 2.26833333333333
32 2.30166666666667
33 2.335
34 2.36833333333333
35 2.40166666666667
36 2.435
37 2.46833333333333
38 2.50166666666667
39 2.535
40 2.56704194770833
41 2.59680659604792
42 2.62446530077411
43 2.65002629752166
44 2.67348859209299
45 2.69484119259088
46 2.71406581955456
47 2.73113899253421
48 2.74603363214178
49 2.75872028582275
50 2.76917473231741
51 2.77738838535237
52 2.78336934287486
53 2.78713912644007
54 2.78873105229789
55 2.78818895183628
56 2.7855661961468
57 2.78092494194894
58 2.77433553881647
59 2.76587605362028
60 2.75563184549044
61 2.74369509395321
62 2.73016423690161
63 2.71514334622694
64 2.69874147233196
65 2.68107197340797
66 2.66225184005823
67 2.64240102184566
68 2.62164175971458
69 2.60009792653617
70 2.57789437713432
71 2.55515630918076
72 2.53200863699965
73 2.50857538087948
74 2.48497907465547
75 2.46134019424925
76 2.43777660967064
77 2.41440306275652
78 2.39133067268073
79 2.36866647103647
80 2.34651296807802
81 2.32496775151087
82 2.30412311903136
83 2.28406574563049
84 2.26487638648831
85 2.2466296160942
86 2.22939360403637
87 2.21322992771248
88 2.1981934220242
89 2.18433206593365
90 2.17168690557959
91 2.16029201347729
92 2.15017448315879
93 2.14135445845027
94 2.13384519643077
95 2.12765316297252
96 2.12277815962814
97 2.11921348050347
98 2.11694609763879
99 2.11595687331465
100 2.11622079760249
101 2.11770724939478
102 2.12038027907443
103 2.12419891091962
104 2.12911746328692
105 2.1350858845734
106 2.14205010292761
107 2.14995238765825
108 2.15873172028002
109 2.16832417313634
110 2.17866329354967
111 2.1896804914704
112 2.20130542862591
113 2.21346640721031
114 2.22609075620376
115 2.23910521346661
116 2.25243630181789
117 2.26601069737927
118 2.27975558854414
119 2.29359902401619
120 2.30747024845224
121 2.32130002433963
122 2.3350209388388
123 2.34856769442537
124 2.36187738227378
125 2.37488973743428
126 2.38754737496763
127 2.39979600631521
128 2.4115846352972
129 2.42286573324617
130 2.43359539289826
131 2.44373346077794
132 2.45324364792493
133 2.4620936189223
134 2.47025505929343
135 2.47770372144021
136 2.48441944939778
137 2.49038618277862
138 2.49559194037346
139 2.50002878396611
140 2.50369276300375
141 2.50658384084431
142 2.50870580337664
143 2.51006615087742
144 2.51067597403199
145 2.51054981510234
146 2.50970551527641
147 2.50816404927653
148 2.50594934834308
149 2.50308811274041
150 2.49960961495735
151 2.49554549479291
152 2.4909295475305
153 2.48579750640941
154 2.48018682060288
155 2.47413642990534
156 2.46768653732027
157 2.46087838072185
158 2.45375400474142
159 2.44635603400126
160 2.43872744878547
161 2.43091136420014
162 2.42295081383316
163 2.41488853887814
164 2.40676678363726
165 2.39862709826498
166 2.3905101495586
167 2.38245554054302
168 2.37450163953588
169 2.36668541931678
170 2.35904230695912
171 2.35160604481797
172 2.34440856310005
173 2.33747986437519
174 2.33084792032078
175 2.32453858092375
176 2.31857549629748
177 2.31298005120514
178 2.30777131231607
179 2.30296598815795
180 2.29857840166591
181 2.29462047516955
182 2.29110172760121
183 2.28802928365331
184 2.28540789455994
185 2.28323997012817
186 2.28152562159728
187 2.28026271486085
188 2.27944693354614
189 2.27907185140815
190 2.2791290134625
191 2.27960802525169
192 2.28049664961289
193 2.28178091029337
194 2.28344520174112
195 2.28547240438319
196 2.28784400469348
197 2.29054021934416
198 2.29354012273143
199 2.296821777166
200 2.30036236502228
201 2.30413832214703
202 2.30812547183831
203 2.31229915871906
204 2.31663438184554
205 2.32110592641077
206 2.3256884934242
207 2.33035682677408
208 2.33508583710521
209 2.33985072197436
210 2.34462708177597
211 2.34939103096413
212 2.35411930413086
213 2.3587893565365
214 2.36337945872484
215 2.36786878489369
216 2.37223749472991
217 2.37646680845719
218 2.38053907488425
219 2.38443783228077
220 2.38814786194779
221 2.39165523438869
222 2.3949473480254
223 2.39801296044298
224 2.40084221218271
225 2.40342664314047
226 2.40575920166223
227 2.40783424646265
228 2.40964754152501
229 2.41119624417206
230 2.41247888652642
231 2.41349535060689
232 2.41424683733266
233 2.41473582973127
234 2.41496605066772
235 2.41494241543199
236 2.41467097953971
237 2.41415888211602
238 2.41341428524582
239 2.41244630968488
240 2.41126496733452
241 2.40988109088976
242 2.4083062610747
243 2.40655273188144
244 2.404633354229
245 2.40256149845646
246 2.4003509760611
247 2.39801596108592
248 2.39557091155363
249 2.39303049133441
250 2.39040949282366
251 2.38772276079309
252 2.38498511776424
253 2.38221129123783
254 2.3794158430953
255 2.37661310147087
256 2.37381709537309
257 2.37104149231496
258 2.36829953919052
259 2.36560400661431
260 2.36296713691804
261 2.36040059597585
262 2.35791542900698
263 2.35552202048118
264 2.35323005822928
265 2.35104850183792
266 2.3489855553845
267 2.34704864454562
268 2.34524439808996
269 2.34357863374446
270 2.34205634840134
271 2.34068171261306
272 2.33945806930179
273 2.33838793659148
274 2.33747301465188
275 2.33671419642699
276 2.33611158210381
277 2.33566449716253
278 2.3353715138351
279 2.33523047578617
280 2.33523852581928
281 2.33539213640021
282 2.33568714278091
283 2.33611877849925
284 2.33668171302357
285 2.33737009130559
286 2.33817757500163
287 2.33909738511913
288 2.34012234584443
289 2.34124492930722
290 2.34245730103873
291 2.34375136588233
292 2.34511881411918
293 2.34655116757579
294 2.34803982548573
295 2.34957610988484
296 2.35115131032602
297 2.35275672770867
298 2.35438371702667
299 2.35602372884886
300 2.35766834935651
301 2.35930933877373
302 2.36093866803812
303 2.36254855357181
304 2.36413149002517
305 2.36568028087884
306 2.36718806680279
307 2.36864835168473
308 2.37005502625365
309 2.37140238923795
310 2.37268516601118
311 2.37389852469205
312 2.3750380896786
313 2.37609995260962
314 2.37708068075935
315 2.37797732288401
316 2.37878741255073
317 2.37950896899154
318 2.3801404955359
319 2.38068097568622
320 2.38112986691102
321 2.38148709223964
322 2.38175302975162
323 2.38192850006192
324 2.38201475191077
325 2.38201344597369
326 2.38192663701345
327 2.38175675450091
328 2.38150658183654
329 2.38117923430785
330 2.38077813592157
331 2.3803069952512
332 2.37976978044267
333 2.37917069352103
334 2.37851414414198
335 2.37780472293064
336 2.37704717454931
337 2.37624637063355
338 2.37540728273365
339 2.37453495539494
340 2.37363447950705
341 2.37271096604742
342 2.37176952033965
343 2.37081521694217
344 2.36985307527633
345 2.36888803609729
346 2.36792493890443
347 2.36696850038072
348 2.36602329394389
349 2.36509373048425
350 2.36418404035684
351 2.36329825668749
352 2.36244020004461
353 2.36161346452062
354 2.36082140525873
355 2.36006712745317
356 2.35935347684245
357 2.35868303170809
358 2.35805809638287
359 2.35748069626559
360 2.3569525743316
361 2.35647518912149
362 2.3560497141832
363 2.35567703893636
364 2.35535777092133
365 2.35509223938934
366 2.35488050018476
367 2.35472234186494
368 2.35461729299858
369 2.35456463057888
370 2.35456338948376
371 2.35461237291203
372 2.35471016372086
373 2.35485513658761
374 2.35504547091648
375 2.35527916440875
376 2.35555404721404
377 2.35586779657898
378 2.3562179519092
379 2.35660193016061
380 2.35701704147598
381 2.35746050498396
382 2.35792946467848
383 2.35842100529816
384 2.35893216812731
385 2.35945996664209
386 2.36000140192813
387 2.36055347779881
388 2.36111321554631
389 2.3616776682612
390 2.36224393465979
391 2.36280917236237
392 2.36337061056969
393 2.36392556208878
394 2.36447143466418
395 2.36500574157461
396 2.36552611145992
397 2.36603029734774
398 2.36651618485394
399 2.36698179953563
400 2.11698179953563
401 2.08073486990728
402 2.01446264427715
403 1.94816376406755
404 1.8818370342788
405 1.81548142557129
406 1.74909607547969
407 1.68268028877374
408 1.61623353698352
409 1.54975545711145
410 1.48453952617072
411 1.42166790153646
412 1.36120616031215
413 1.30340688719696
414 1.24848785976726
415 1.2
416 1.2
417 1.2
418 1.2
419 1.2
420 1.2
421 1.2
422 1.2
423 1.2
424 1.2
425 1.2
426 1.2
427 1.2
428 1.2
429 1.2
430 1.20108916428126
431 1.2043904178501
432 1.20972516517468
433 1.21693909671069
434 1.2258975640883
435 1.2364819412244
436 1.24858675520051
437 1.26211741844255
438 1.27698843089482
439 1.29312194982762
440 1.31044102134542
441 1.32885898038387
442 1.34827741187341
443 1.36858999363893
444 1.38968510833156
445 1.41144781314978
446 1.4337613249332
447 1.45650813949609
448 1.47957087480792
449 1.50283290553103
450 1.52617886881533
451 1.54949514969353
452 1.57267040690529
453 1.59559612060621
454 1.61816712900077
455 1.64028213646671
456 1.66184418340986
457 1.68276107324212
458 1.70294575520223
459 1.72231666381219
460 1.74079801683322
461 1.75832007362346
462 1.77481935509997
463 1.79023882581363
464 1.80452803836057
465 1.81764324036888
466 1.82954744444815
467 1.84021046169272
468 1.84960889953847
469 1.85772612496338
470 1.86455219418161
471 1.87008375011132
472 1.87432388900411
473 1.87728199772087
474 1.87897356322765
475 1.87941995597067
476 1.87864818886784
477 1.87669065372617
478 1.87358483695769
479 1.86937301651983
480 1.86410194205022
481 1.85782250019819
482 1.85058936717876
483 1.84246065058666
484 1.83349752251083
485 1.82376384598245
486 1.81332579677283
487 1.8022514825313
488 1.79061056121851
489 1.7784738607467
490 1.76591300168682
491 1.75300002484264
492 1.73980702542501
493 1.72640579548531
494 1.71286747618716
495 1.699262221409
496 1.68565887407889
497 1.6721246565467
498 1.65872487619847
499 1.64552264741409
500 1.63257863086223
501 1.61995079101765
502 1.6076941726748
503 1.59586069711929
504 1.5844989785064
505 1.57365416088238
506 1.56336777617236
507 1.55367762334716
508 1.54461766887137
509 1.5362179684278
510 1.52850460980774
511 1.52149967675478
512 1.51522123345097
513 1.5096833292394
514 1.50489602308666
515 1.50086542720266
516 1.49759376915402
517 1.49507947173151
518 1.49331724976139
519 1.49229822298558
520 1.49201004407692
521 1.49243704080223
522 1.49356037129965
523 1.49535819139551
524 1.49780583285192
525 1.50087599140805
526 1.50453892345621
527 1.50876265017826
528 1.51351316795858
529 1.51875466388628
530 1.52444973516208
531 1.53055961123369
532 1.53704437749747
533 1.54386319942363
534 1.55097454598688
535 1.55833641131409
536 1.56590653349453
537 1.57364260953732
538 1.58150250550339
539 1.58944446088559
540 1.59742728636119
541 1.60541055409389
542 1.61335477981867
543 1.62122159600146
544 1.62897391542611
545 1.63657608462385
546 1.64399402662412
547 1.65119537257082
548 1.65814958181361
549 1.66482805015015
550 1.67120420596115
551 1.67725359404621
552 1.68295394703367
553 1.68828524430189
554 1.69322975841299
555 1.69777208912149
556 1.7018991850803
557 1.70560035342466
558 1.70886725747013
559 1.71169390281414
560 1.71407661218101
561 1.7160139893983
562 1.71750687293668
563 1.71855827948739
564 1.71917333808922
565 1.71935921535176
566 1.71912503235313
567 1.71848177381769
568 1.71744219020348
569 1.7160206933494
570 1.71423324634874
571 1.71209724832869
572 1.70963141482469
573 1.70685565444423
574 1.70379094251661
575 1.70045919242413
576 1.69688312530493
577 1.69308613881006
578 1.68909217558564
579 1.68492559213706
580 1.68061102871445
581 1.67617328083911
582 1.67163717306764
583 1.66702743556563
584 1.66236858403547
585 1.65768480351356
586 1.65299983652092
587 1.64833687601842
588 1.64371846358358
589 1.63916639319017
590 1.6347016209354
591 1.63034418102178
592 1.62611310826305
593 1.62202636734432
594 1.61810078902861
595 1.61435201346241
596 1.61079444069473
597 1.60744118848534
598 1.60430405744055
599 1.60139350347728
600 1.59871861758025
601 1.59628711278177
602 1.59410531825947
603 1.59217818041474
604 1.59050927076316
605 1.5891008004386
606 1.58795364108452
607 1.58706735187976
608 1.5864402124217
609 1.58606926116714
610 1.58595033911086
611 1.58607813836327
612 1.58644625527243
613 1.58704724772145
614 1.58787269622022
615 1.58891326840071
616 1.59015878651731
617 1.59159829754801
618 1.59322014548923
619 1.5950120454352
620 1.59696115903413
621 1.59905417091562
622 1.60127736568891
623 1.60361670511771
624 1.60605790508601
625 1.60858651197906
626 1.61118797811575
627 1.61384773588131
628 1.61655127022447
629 1.61928418919858
630 1.622032292244
631 1.6247816359266
632 1.62751859686709
633 1.63022993161571
634 1.63290283324751
635 1.63552498447535
636 1.63808460709922
637 1.64057050763329
638 1.64297211897434
639 1.64527953799823
640 1.64748355899373
641 1.64957570286588
642 1.65154824206318
643 1.65339422120579
644 1.65510747341291
645 1.65668263234949
646 1.65811514003277
647 1.65940125045918
648 1.66053802913152
649 1.66152334858467
650 1.66235588002546
651 1.6630350812191
652 1.66356118076972
653 1.66393515895722
654 1.66415872530569
655 1.66423429307071
656 1.66416495084397
657 1.66395443148274
658 1.66360707858073
659 1.66312781070336
660 1.6625220836168
661 1.66179585074432
662 1.66095552208705
663 1.66000792184809
664 1.65896024499998
665 1.65782001303488
666 1.65659502913536
667 1.65529333300118
668 1.65392315556327
669 1.65249287381163
670 1.65101096595772
671 1.64948596714532
672 1.6479264259159
673 1.64634086162629
674 1.64473772300672
675 1.64312534803762
676 1.64151192531263
677 1.63990545704413
678 1.63831372385584
679 1.63674425149464
680 1.63520427958143
681 1.63370073250782
682 1.63224019257224
683 1.63082887543613
684 1.62947260796708
685 1.62817680852275
686 1.62694646971594
687 1.62578614368797
688 1.62469992990455
689 1.62369146547538
690 1.62276391798644
691 1.62191998082148
692 1.62116187093778
693 1.62049132904962
694 1.61990962216225
695 1.61941754838894
696 1.6190154439738
697 1.61870319243401
698 1.61848023572681
699 1.61834558733849
700 1.61829784718584
701 1.61833521821395
702 1.61845552456853
703 1.61865623121614
704 1.61893446488144
705 1.61928703616706
706 1.61971046271914
707 1.62020099329945
708 1.62075463262392
709 1.62136716682681
710 1.62203418940995
711 1.62275112753742
712 1.6235132685376
713 1.62431578647663
714 1.62515376867028
715 1.62602224200451
716 1.62691619893915
717 1.62783062307345
718 1.62876051415735
719 1.62970091243782
720 1.63064692223537
721 1.63159373465225
722 1.63253664932026
723 1.6334710951032
724 1.63439264967602
725 1.63529705791012
726 1.63618024900181
727 1.63703835228869
728 1.63786771170642
729 1.63866489884614
730 1.63942672458086
731 1.64015024923659
732 1.64083279129222
733 1.64147193459931
734 1.64206553412089
735 1.64261172019547
736 1.64310890133965
737 1.64355576560971
738 1.64395128054914
739 1.64429469175548
740 1.64458552010575
741 1.64482355768573
742 1.64500886247339
743 1.64514175183203
744 1.645222794873
745 1.64525280375241
746 1.64523282396959
747 1.64516412373878
748 1.64504818250817
749 1.64488667870313
750 1.64468147677224
751 1.64443461361663
752 1.644148284484
753 1.64382482840972
754 1.64346671328758
755 1.64307652065257
756 1.64265693025778
757 1.64221070452647
758 1.64174067295904
759 1.64124971657318
760 1.64074075245322
761 1.64021671848269
762 1.63968055833107
763 1.63913520676328
764 1.63858357533677
765 1.63802853854801
766 1.6374729204863
767 1.63691948204903
768 1.63637090876849
769 1.63582979929612
770 1.63529865458576
771 1.63477986781291
772 1.63427571506291
773 1.63378834681576
774 1.63331978025132
775 1.63287189239354
776 1.6324464141082
777 1.63204492496364
778 1.63166884895986
779 1.63131945112682
780 1.63099783498825
781 1.63070494088344
782 1.63044154513516
783 1.63020826004802
784 1.63000553471789
785 1.62983365662934
786 1.62969275401491
787 1.6295827989465
788 1.62950361112665
789 1.62945486234457
790 1.62943608155921
791 1.62944666056972
792 1.62948586023141
793 1.62955281717381
794 1.62964655097577
795 1.62976597175148
796 1.62990988810029
797 1.63007701537253
798 1.63026598420297
799 1.63047534926361
800 1.79653693152056
801 1.80594916061378
802 1.82287708397844
803 1.83981904266135
804 1.85677334711967
805 1.87373828629061
806 1.89071213655535
807 1.90769317055538
808 1.92467966582098
809 1.94166991317382
810 1.9578056057359
811 1.97244656351592
812 1.98574362906802
813 1.99774332209456
814 2.00847885821119
815 2.01797165528851
816 2.02623416427389
817 2.0332720651122
818 2.03908596848503
819 2.04367273295717
820 2.04703090777321
821 2.04916786998113
822 2.0501005160743
823 2.04985296632877
824 2.04845539012999
825 2.04594312916791
826 2.04235606108941
827 2.03773813477392
828 2.03213702756389
829 2.0256038884671
830 2.01819311855238
831 2.00996212140309
832 2.00097099459794
833 1.99128218204875
834 1.98096010928786
835 1.97007081279636
836 1.95868157033393
837 1.94686053626662
838 1.93467638399841
839 1.92219795643635
840 1.90949392483768
841 1.8966324564484
842 1.88368089181986
843 1.87070543309052
844 1.85777084464255
845 1.84494016749457
846 1.83227444867198
847 1.81983248664677
848 1.80767059378635
849 1.79584237660823
850 1.78439853451014
851 1.77338667753225
852 1.7628511636033
853 1.75283295562053
854 1.74336949861088
855 1.73449461711765
856 1.7262384328539
857 1.71862730256178
858 1.71168377591743
859 1.70542657322453
860 1.69987058254693
861 1.69502687584188
862 1.69090274357183
863 1.68750174719274
864 1.68482378884295
865 1.6828651974867
866 1.68161883070289
867 1.68107419125061
868 1.68121755749038
869 1.68203212669287
870 1.68349817022565
871 1.68559319957339
872 1.6882921421175
873 1.69156752557843
874 1.69538967000612
875 1.69972688619308
876 1.7045456793791
877 1.70981095711683
878 1.71548624017314
879 1.72153387535269
880 1.72791524914665
881 1.73459100113081
882 1.74152123606402
883 1.74866573366872
884 1.75598415511054
885 1.76343624523327
886 1.77098202964877
887 1.77858200582748
888 1.78619732738523
889 1.79378998081424
890 1.80132295396132
891 1.80876039561321
892 1.81606776560815
893 1.82321197495297
894 1.83016151548687
895 1.83688657869509
896 1.84335916333908
897 1.8495531716324
898 1.85544449375493
899 1.86101108056019
900 1.86623300439257
901 1.87109250799194
902 1.87557404152237
903 1.87966428781985
904 1.88335217600969
905 1.88662888369837
906 1.88948782799633
907 1.89192464567728
908 1.89393716282635
909 1.89552535437312
910 1.89669129394606
911 1.89743909452293
912 1.89777484038584
913 1.89770651092086
914 1.89724389682969
915 1.89639850934535
916 1.89518348306421
917 1.89361347302443
918 1.89170454667404
919 1.88947407138259
920 1.88694059815673
921 1.88412374222354
922 1.8810440611453
923 1.87772293112618
924 1.8741824221648
925 1.87044517269677
926 1.86653426435928
927 1.86247309749384
928 1.85828526798576
929 1.85399444601776
930 1.84962425729281
931 1.84519816725536
932 1.84073936881362
933 1.83627067403596
934 1.83181441026402
935 1.82739232105294
936 1.82302547231549
937 1.81873416401256
938 1.81453784769679
939 1.81045505018027
940 1.80650330356031
941 1.80269908180068
942 1.79905774402844
943 1.7955934846697
944 1.79231929051086
945 1.78924690473557
946 1.78638679795214
947 1.78374814619109
948 1.78133881581856
949 1.77916535527832
950 1.77723299354367
951 1.77554564512971
952 1.77410592148778
953 1.7729151485765
954 1.77197339037799
955 1.7712794781038
956 1.7708310448133
957 1.77062456514644
958 1.77065539985497
959 1.77091784479963
960 1.77140518406651
961 1.77210974684367
962 1.77302296768877
963 1.77413544981031
964 1.77543703097928
965 1.77691685168355
966 1.77856342513572
967 1.78036470874481
968 1.78230817666416
969 1.78438089303168
970 1.78656958552409
971 1.78886071885411
972 1.7912405678485
973 1.79369528975546
974 1.7962109954419
975 1.79877381915435
976 1.80136998653248
977 1.80398588057944
978 1.80660810531096
979 1.80922354682257
980 1.81181943153344
981 1.814383381385
982 1.8169034657925
983 1.81936825016865
984 1.82176684085969
985 1.82408892635543
986 1.82632481465688
987 1.82846546670642
988 1.83050252580743
989 1.83242834298165
990 1.83423599823403
991 1.83591931771554
992 1.8374728867951
993 1.83889205907174
994 1.84017296137732
995 1.84131249483889
996 1.84230833208765
997 1.84315891071846
998 1.8438634231199
999 1.84442180281011
1000 1.84483470742768
1001 1.84510349854006
1002 1.84523021844361
1003 1.84521756414047
1004 1.84506885868702
1005 1.844788020117
1006 1.84437952814966
1007 1.84384838889954
1008 1.84320009780894
1009 1.84244060102806
1010 1.84157625546996
1011 1.84061378776909
1012 1.83956025237162
1013 1.83842298898548
1014 1.83720957961519
1015 1.8359278054038
1016 1.83458560349976
1017 1.83319102416153
1018 1.83175218830632
1019 1.83027724570259
1020 1.82877433399786
1021 1.82725153876508
1022 1.82571685474099
1023 1.82417814842053
1024 1.82264312216036
1025 1.82111927993372
1026 1.81961389486736
1027 1.81813397867935
1028 1.81668625312435
1029 1.81527712354071
1030 1.81391265458091
1031 1.81259854819429
1032 1.81134012391829
1033 1.81014230152164
1034 1.80900958603019
1035 1.80794605515387
1036 1.80695534912066
1037 1.80604066291148
1038 1.80520474087839
1039 1.80444987371677
1040 1.80377789775158
1041 1.80319019648689
1042 1.80268770435822
1043 1.80227091261753
1044 1.80193987727197
1045 1.80169422898887
1046 1.80153318487233
1047 1.80145556200902
1048 1.80145979267518
1049 1.80154394109044
1050 1.80170572159976
1051 1.80194251815985
1052 1.80225140500346
1053 1.8026291683517
1054 1.80307232904249
1055 1.80357716594185
1056 1.80413974000405
1057 1.80475591884625
1058 1.80542140170434
1059 1.80613174463743
1060 1.80688238585082
1061 1.80766867100912
1062 1.80848587841491
1063 1.80932924393143
1064 1.810193985532
1065 1.81107532736374
1066 1.81196852321767
1067 1.81286887930328
1068 1.8137717762311
1069 1.81467269011311
1070 1.81556721269738
1071 1.81645107045982
1072 1.81732014258323
1073 1.81817047776058
1074 1.81899830976715
1075 1.81980007175314
1076 1.82057240921611
1077 1.82131219162001
1078 1.82201652263496
1079 1.82268274897943
1080 1.82330846785377
1081 1.82389153296137
1082 1.82443005912062
1083 1.82492242547787
1084 1.82536727733829
1085 1.82576352663777
1086 1.82611035108546
1087 1.82640719201226
1088 1.82665375096604
1089 1.82684998509996
1090 1.82699610140473
1091 1.8270925498405
1092 1.82714001542805
1093 1.82713940936264
1094 1.82709185921753
1095 1.82699869830665
1096 1.82686145427889
1097 1.82668183701832
1098 1.82646172592632
1099 1.8262031566631
1100 1.82590830742672
1101 1.82557948484831
1102 1.82521910958226
1103 1.82482970166957
1104 1.82441386575238
1105 1.82397427621586
1106 1.82351366233304
1107 1.82303479348558
1108 1.82254046453209
1109 1.82203348139271
1110 1.82151664691624
1111 1.82099274709303
1112 1.8204645376739
1113 1.8199347312514
1114 1.81940598485692
1115 1.81888088812247
1116 1.81836195205281
1117 1.81785159844898
1118 1.81735215002025
1119 1.81686582121748
1120 1.81639470981614
1121 1.81594078927316
1122 1.81550590187727
1123 1.8150917527082
1124 1.8146999044156
1125 1.81433177282434
1126 1.81398862336865
1127 1.81367156835329
1128 1.8133815650359
1129 1.81311941452095
1130 1.81288576145158
1131 1.81268109448234
1132 1.81250574751215
1133 1.81235990165366
1134 1.8122435879119
1135 1.81215669054264
1136 1.81209895105762
1137 1.81206997284207
1138 1.81206922634705
1139 1.81209605481768
1140 1.81214968051639
1141 1.81222921139868
1142 1.81233364819803
1143 1.81246189187515
1144 1.81261275138634
1145 1.81278495172503
1146 1.81297714219038
1147 1.81318790483668
1148 1.8134157630576
1149 1.81365919025973
1150 1.81391661858029
1151 1.81418644760502
1152 1.81446705304305
1153 1.81475679531693
1154 1.81505402802723
1155 1.81535710625291
1156 1.81566439465019
1157 1.81597427531456
1158 1.81628515537273
1159 1.81659547427307
1160 1.81690371074584
1161 1.81720838940623
1162 1.81750808697612
1163 1.81780143810263
1164 1.81808714075412
1165 1.81836396117687
1166 1.8186307383982
1167 1.81888638826439
1168 1.81912990700427
1169 1.81936037431198
1170 1.81957695594497
1171 1.81977890583562
1172 1.81996556771747
1173 1.82013637626943
1174 1.82029085778349
1175 1.82042863036381
1176 1.82054940366726
1177 1.82065297819721
1178 1.8207392441648
1179 1.82080817993312
1180 1.82085985006203
1181 1.82089440297249
1182 1.82091206825081
1183 1.8209131536147
1184 1.82089804156398
1185 1.82086718573976
1186 1.82082110701721
1187 1.82076038935712
1188 1.82068567544269
1189 1.82059766212798
1190 1.82049709572498
1191 1.82038476715642
1192 1.8202615070014
1193 1.82012818046074
1194 1.81998568226908
1195 1.8198349315798
1196 1.81967686684902
1197 1.8195124407437
1198 1.81934261509869
1199 1.81916835594638
1200 1.81899062864189
