1 2
2 2
3 2
4 2
5 2
6 2
7 2
8 2
9 2
10 2
11 2
12 2
13 2
14 2
15 2
16 2
17 2
18 2
19 2
20 2
21 2
22 2
23 2
24 2
25 2
26 2
27 2
28 2
29 2
30 2.25
31 2.28571428571429
32 2.32142857142857
33 2.35714285714286
34 2.39285714285714
35 2.42857142857143
36 2.46428571428571
37 2.5
38 2.53571428571429
39 2.57142857142857
40 2.605126515625
41 2.63510094824299
42 2.66154559672393
43 2.68460432993411
44 2.70438252384905
45 2.72095589797289
46 2.73437738241759
47 2.74468245175381
48 2.75189326530322
49 2.75602187842091
50 2.75708899333493
51 2.7551510996195
52 2.75030456985881
53 2.74267554329433
54 2.73241260614715
55 2.71968151526252
56 2.70466140857508
57 2.68754209251114
58 2.66852210541803
59 2.64780733691993
60 2.62560991170726
61 2.60214692583732
62 2.57763883208596
63 2.55230759428581
64 2.52637478672895
65 2.5000597419432
66 2.47357780256748
67 2.44713870270924
68 2.4209450854851
69 2.39519115253061
70 2.37006143648256
71 2.34572968901342
72 2.32235788284249
73 2.30009533128168
74 2.27907793064838
75 2.25942753016313
76 2.24125143216803
77 2.22464202345705
78 2.2096765366228
79 2.19641693878228
80 2.18490994389214
81 2.1751871440417
82 2.16726525449381
83 2.16114646670342
84 2.15681890301423
85 2.15425716620581
86 2.15342297655755
87 2.15426588863587
88 2.15672407961975
89 2.16072520066909
90 2.16618728261566
91 2.17301968711637
92 2.18112409434824
93 2.19039551833772
94 2.20072334109868
95 2.21199235689991
96 2.22408381819015
97 2.23687647497379
98 2.2502475997503
99 2.26407399050098
100 2.27823294462349
101 2.29260319717407
102 2.30706581727266
103 2.32150505705406
104 2.33580914810218
105 2.34987104087963
106 2.36358908325619
107 2.37686763484206
108 2.38961761443946
109 2.40175697853583
110 2.41321112936638
111 2.42391325167132
112 2.43380457785672
113 2.44283458183558
114 2.45096110237205
115 2.45815039727394
116 2.4643771302735
117 2.46962429290025
118 2.47388306408079
119 2.47715261059609
120 2.47943983188468
121 2.4807590529999
122 2.48113166980802
123 2.48058575075271
124 2.47915559970776
125 2.47688128459516
126 2.4738081365591
127 2.46998622455912
128 2.46546981027762
129 2.46031678823049
130 2.45458811592444
131 2.44834723882371
132 2.44165951477362
133 2.43459164238025
134 2.4272110976676
135 2.41958558312768
136 2.41178249304789
137 2.40386839874585
138 2.3959085570685
139 2.38796644522062
140 2.38010332468327
141 2.37237783666517
142 2.36484563120487
143 2.35755903171019
144 2.35056673638674
145 2.34391355767291
146 2.33764020046586
147 2.33178307959556
148 2.32637417668317
149 2.32144093620898
150 2.31700620031552
151 2.31308818158545
152 2.30970047276275
153 2.30685209213217
154 2.30454756303604
155 2.30278702579165
156 2.30156638007687
157 2.30087745567778
158 2.30070820934001
159 2.30104294533643
160 2.301862557257
161 2.30314478844316
162 2.30486450842842
163 2.3069940027082
164 2.30950327314627
165 2.31236034633014
166 2.31553158721381
167 2.31898201543268
168 2.32267562173955
169 2.32657568209391
170 2.33064506703523
171 2.3348465440856
172 2.33914307105504
173 2.34349807826319
174 2.34787573784259
175 2.35224121844931
176 2.35656092387508
177 2.36080271423007
178 2.36493610854414
179 2.36893246781749
180 2.3727651577351
181 2.37640969044374
182 2.37984384497277
183 2.38304776606033
184 2.38600404132208
185 2.38869775687074
186 2.39111653165864
187 2.39325053097244
188 2.39509245965738
189 2.39663753578756
190 2.39788344562721
191 2.39883028084628
192 2.39948045906021
193 2.39983862885848
194 2.39991156056936
195 2.3997080240784
196 2.399238655076
197 2.39851581115424
198 2.3975534192061
199 2.39636681559998
200 2.39497258061057
201 2.39338836858363
202 2.3916327352966
203 2.38972496395147
204 2.38768489119948
205 2.38553273455151
206 2.3832889224728
207 2.38097392839706
208 2.37860810982435
209 2.3762115535893
210 2.37380392830234
211 2.37140434487857
212 2.36903122597522
213 2.36670218506299
214 2.36443391575752
215 2.36224209193686
216 2.36014127906966
217 2.35814485707763
218 2.35626495495523
219 2.35451239727097
220 2.3528966625778
221 2.35142585366673
222 2.3501066795075
223 2.34894444863436
224 2.34794307365384
225 2.34710508647522
226 2.34643166379411
227 2.34592266229509
228 2.34557666298096
229 2.34539102398481
230 2.34536194117583
231 2.34548451583172
232 2.34575282861964
233 2.34616001910266
234 2.34669836997216
235 2.34735939519513
236 2.34813393126204
237 2.34901223072318
238 2.34998405721
239 2.35103878115316
240 2.35216547542888
241 2.35335301019124
242 2.35459014617854
243 2.35586562581723
244 2.35716826148581
245 2.35848702034462
246 2.35981110518318
247 2.36113003078594
248 2.36243369536855
249 2.3637124466896
250 2.36495714249742
251 2.36615920502666
252 2.36731066931509
253 2.3684042251666
254 2.36943325264175
255 2.37039185101128
256 2.37127486116116
257 2.37207788148916
258 2.37279727738202
259 2.37343018440984
260 2.37397450541828
261 2.37442890174105
262 2.37479277879363
263 2.37506626634435
264 2.37525019379066
265 2.37534606079665
266 2.37535600367236
267 2.37528275789609
268 2.37512961719772
269 2.37490038963447
270 2.37459935109931
271 2.37423119670836
272 2.37380099051512
273 2.37331411399799
274 2.37277621376222
275 2.37219314888949
276 2.3715709383564
277 2.37091570892929
278 2.37023364392541
279 2.36953093321114
280 2.36881372478611
281 2.36808807827838
282 2.36735992065016
283 2.3666350043867
284 2.36591886841269
285 2.36521680195107
286 2.36453381150958
287 2.36387459114952
288 2.36324349616093
289 2.36264452023769
290 2.36208127621554
291 2.3615569804066
292 2.36107444053439
293 2.36063604724572
294 2.36024376914814
295 2.35989915129651
296 2.35960331702718
297 2.35935697301633
298 2.35916041741713
299 2.35901355091187
300 2.35891589049738
301 2.358866585807
302 2.35886443775892
303 2.35890791930955
304 2.35899519808135
305 2.35912416062758
306 2.35929243809144
307 2.3594974330141
308 2.35973634704531
309 2.36000620931117
310 2.36030390519672
311 2.36062620530559
312 2.36096979436548
313 2.36133129985595
314 2.36170732014501
315 2.36209445193109
316 2.36248931679981
317 2.36288858671749
318 2.36328900829773
319 2.36368742569232
320 2.36408080197323
321 2.36446623888851
322 2.36484099489164
323 2.36520250136027
324 2.36554837693745
325 2.36587643994515
326 2.36618471883639
327 2.36647146066892
328 2.36673513759918
329 2.36697445141081
330 2.36718833610669
331 2.36737595860788
332 2.36753671761589
333 2.36767024070725
334 2.36777637974092
335 2.36785520466956
336 2.36790699585505
337 2.36793223499704
338 2.36793159479074
339 2.36790592743582
340 2.36785625212381
341 2.36778374163462
342 2.36768970817593
343 2.36757558860032
344 2.36744292913578
345 2.36729336976435
346 2.36712862838211
347 2.36695048487095
348 2.36676076520911
349 2.36656132574295
350 2.36635403773714
351 2.36614077231441
352 2.3659233858895
353 2.36570370619443
354 2.36548351898467
355 2.36526455550739
356 2.36504848080436
357 2.3648368829134
358 2.364631263023
359 2.36443302662544
360 2.36424347570489
361 2.36406380198717
362 2.36389508126914
363 2.36373826883647
364 2.36359419596986
365 2.36346356753131
366 2.36334696061379
367 2.36324482423014
368 2.3631574800095
369 2.36308512386288
370 2.36302782857327
371 2.36298554725965
372 2.36295811765956
373 2.36294526716989
374 2.36294661858194
375 2.36296169644324
376 2.36298993397625
377 2.36303068048159
378 2.36308320915256
379 2.3631467252264
380 2.36322037439791
381 2.36330325142133
382 2.36339440882724
383 2.36349286568297
384 2.36359761632675
385 2.36370763900851
386 2.36382190437312
387 2.36393938372507
388 2.36405905701752
389 2.36417992051242
390 2.36430099406287
391 2.3644213279734
392 2.36454000939848
393 2.36465616824464
394 2.36476898254645
395 2.36487768329174
396 2.36498155867644
397 2.36507995777474
398 2.36517229361493
399 2.3652580456566
400 2.1152580456566
401 2.04390077157693
402 1.97253576649506
403 1.90116278850022
404 1.82978166568747
405 1.75839229520447
406 1.68699464179193
407 1.61558873584528
408 1.54417467102871
409 1.47275260147451
410 1.40333971499462
411 1.33793194245528
412 1.27682643641515
413 1.2202725135144
414 1.2
415 1.2
416 1.2
417 1.2
418 1.2
419 1.2
420 1.2
421 1.2
422 1.2
423 1.2
424 1.20146632738327
425 1.20726706746491
426 1.21667726315406
427 1.22912079742902
428 1.24413805055426
429 1.26136067939935
430 1.28049194584112
431 1.30129136888435
432 1.32356274594376
433 1.34714479967764
434 1.37189204461699
435 1.39763761949102
436 1.42418239993839
437 1.45131126302023
438 1.4788039689163
439 1.50644223691968
440 1.53401415884185
441 1.56131677374389
442 1.5881573939716
443 1.61435410169664
444 1.63973580644356
445 1.66414238980623
446 1.68742527618805
447 1.70944828995293
448 1.73008853415623
449 1.74923715016886
450 1.76679989509564
451 1.78269752045876
452 1.79686596188817
453 1.80925636284993
454 1.81983495992111
455 1.82858285370685
456 1.8354956803058
457 1.84058318963321
458 1.84386873325552
459 1.8453886645642
460 1.84519165580649
461 1.84333793844833
462 1.83989847496933
463 1.83495407125433
464 1.82859443923213
465 1.82091721943438
466 1.81202697289545
467 1.80203415147974
468 1.79105405541029
469 1.7792057865019
470 1.76661120534605
471 1.75339390042168
472 1.73967817678898
473 1.72558807164909
474 1.71124640362024
475 1.69677386209434
476 1.68228814251081
477 1.66790313282468
478 1.65372815586568
479 1.63986727168872
480 1.62641864341092
481 1.61347396941946
482 1.60111798422189
483 1.58942802960116
484 1.57847369713441
485 1.56831654254297
486 1.55900987176506
487 1.55059859808561
488 1.54311916912515
489 1.53659956198314
490 1.53105934435516
491 1.52650979899985
492 1.52295410852338
493 1.52038759707761
494 1.51879802523592
495 1.51816593401784
496 1.51846503378254
497 1.51966263350071
498 1.52172010574711
499 1.52459338262913
500 1.52823347778244
501 1.53258702952058
502 1.53759686022107
503 1.5432025470647
504 1.54934099931602
505 1.55594703743899
506 1.5629539694815
507 1.57029416033288
508 1.57789958965757
509 1.58570239453358
510 1.59363539307334
511 1.60163258557403
512 1.6096296300327
513 1.61756428916418
514 1.6253768463756
515 1.63301048847588
516 1.64041165323064
517 1.64753034020814
518 1.65432038369866
519 1.6607396868247
520 1.66675041629067
521 1.67231915754483
522 1.67741703044216
523 1.68201976580145
524 1.68610774354122
525 1.6896659933561
526 1.69268415915538
527 1.69515642872745
528 1.69708143031681
529 1.69846209800275
530 1.69930550794977
531 1.69962268775883
532 1.6994284012851
533 1.69874091140135
534 1.69758172327667
535 1.69597531080779
536 1.69394882888524
537 1.69153181419887
538 1.688755877288
539 1.68565438852113
540 1.68226216064956
541 1.678615130519
542 1.67475004244578
543 1.67070413566864
544 1.6665148381769
545 1.66221946909042
546 1.65785495162928
547 1.65345753856162
548 1.64906255185932
549 1.64470413812382
550 1.64041504117039
551 1.63622639298015
552 1.6321675240465
553 1.62826579395803
554 1.62454644287461
555 1.6210324643695
556 1.61774449992811
557 1.61470075521615
558 1.61191693805652
559 1.6094062178873
560 1.60717920631335
561 1.60524395821244
562 1.6036059927145
563 1.60226833323999
564 1.60123156566169
565 1.60049391354379
566 1.60005132931321
567 1.59989760013184
568 1.60002446716372
569 1.6004217568702
570 1.60107752291671
571 1.60197819723885
572 1.60310874879151
573 1.60445284849328
574 1.60599303887903
575 1.60771090698531
576 1.60958725901644
577 1.61160229537299
578 1.61373578466769
579 1.61596723540689
580 1.61827606407707
581 1.62064175844521
582 1.62304403495805
583 1.62546298920766
584 1.62787923851881
585 1.63027405580548
586 1.63262949394011
587 1.63492849997762
588 1.63715501867701
589 1.63929408486446
590 1.64133190428435
591 1.64325592268522
592 1.64505488298786
593 1.64671887048071
594 1.64823934608233
595 1.64960916780272
596 1.65082260062268
597 1.65187531509337
598 1.65276437503643
599 1.65348821479692
600 1.65404660656868
601 1.65444061837107
602 1.65467256331084
603 1.65474594080911
604 1.65466537051454
605 1.65443651965651
606 1.65406602461887
607 1.65356140753419
608 1.65293098871097
609 1.65218379571222
610 1.65132946990301
611 1.65037817127765
612 1.64934048236384
613 1.64822731198238
614 1.64704979961668
615 1.64581922111663
616 1.64454689642759
617 1.64324409999665
618 1.6419219744663
619 1.64059144821978
620 1.63926315729433
621 1.63794737212726
622 1.6366539295471
623 1.63539217036783
624 1.63417088288853
625 1.63299825254527
626 1.63188181790581
627 1.6308284331422
628 1.62984423706136
629 1.62893462872022
630 1.62810424959968
631 1.62735697226151
632 1.62669589536424
633 1.62612334486882
634 1.62564088122181
635 1.6252493122647
636 1.62494871158117
637 1.62473844196159
638 1.62461718363436
639 1.62458296688827
640 1.62463320868808
641 1.62476475286748
642 1.6249739134693
643 1.62525652079243
644 1.62560796969832
645 1.6260232697269
646 1.62649709657235
647 1.62702384447347
648 1.62759767908065
649 1.6282125903722
650 1.62886244520634
651 1.6295410391115
652 1.6302421469367
653 1.63095957200476
654 1.63168719343462
655 1.63241901132432
656 1.63314918951263
657 1.63387209566582
658 1.63458233846479
659 1.635274801698
660 1.63594467509602
661 1.6365874817742
662 1.63719910218084
663 1.63777579447875
664 1.63831421131825
665 1.63881141298916
666 1.63926487696785
667 1.63967250390306
668 1.64003262011046
669 1.6403439766708
670 1.64060574524987
671 1.64081751078015
672 1.64097926116385
673 1.64109137417507
674 1.64115460175478
675 1.64117005190613
676 1.64113916840991
677 1.64106370858915
678 1.64094571936014
679 1.64078751181234
680 1.64059163456327
681 1.6403608461361
682 1.64009808660684
683 1.63980644876602
684 1.63948914903524
685 1.63914949837302
686 1.63879087339698
687 1.63841668794016
688 1.63803036524857
689 1.63763531101571
690 1.6372348874365
691 1.63683238844939
692 1.63643101632041
693 1.63603385970773
694 1.63564387332897
695 1.6352638593372
696 1.63489645049461
697 1.63454409521615
698 1.63420904453835
699 1.63389334105168
700 1.63359880981856
701 1.63332705128249
702 1.63307943615855
703 1.63285710228003
704 1.63266095336182
705 1.63249165962742
706 1.63234966023358
707 1.63223516741503
708 1.63214817226047
709 1.6320884520217
710 1.63205557884856
711 1.63204892983509
712 1.63206769825581
713 1.63211090586548
714 1.63217741613192
715 1.63226594826824
716 1.63237509192898
717 1.63250332243407
718 1.63264901638475
719 1.63281046753699
720 1.63298590280038
721 1.63317349823381
722 1.63337139491355
723 1.63357771455414
724 1.63379057476878
725 1.63400810386205
726 1.63422845505505
727 1.63444982005093
728 1.63467044185651
729 1.63488862678482
730 1.63510275557157
731 1.6353112935483
732 1.6355127998236
733 1.63570593543365
734 1.63588947043205
735 1.63606228989876
736 1.6362233988565
737 1.63637192609222
738 1.63650712688971
739 1.63662838468766
740 1.63673521168552
741 1.63682724842684
742 1.63690426239678
743 1.63696614567706
744 1.6370129117074
745 1.63704469120793
746 1.63706172732191
747 1.63706437004184
748 1.63705306998615
749 1.63702837159591
750 1.63699090582375
751 1.63694138238836
752 1.63688058166924
753 1.63680934631656
754 1.63672857265069
755 1.63663920192547
756 1.63654221152746
757 1.63643860618209
758 1.6363294092346
759 1.63621565407161
760 1.63609837574522
761 1.63597860285839
762 1.63585734976612
763 1.63573560914304
764 1.63561434496293
765 1.63549448593179
766 1.63537691941037
767 1.63526248585767
768 1.6351519738216
769 1.63504611549786
770 1.63494558287299
771 1.6348509844626
772 1.63476286265061
773 1.63468169163056
774 1.63460787594541
775 1.63454174961735
776 1.63448357585547
777 1.63443354732424
778 1.63439178695267
779 1.63435834925998
780 1.63433322217056
781 1.63431632928813
782 1.63430753259634
783 1.6343066355508
784 1.63431338652557
785 1.6343274825759
786 1.63434857347728
787 1.63437626600054
788 1.63441012838179
789 1.63444969494619
790 1.63449447084434
791 1.63454393686087
792 1.63459755425531
793 1.63465476959654
794 1.63471501955339
795 1.63477773560546
796 1.63484234864019
797 1.63490829340398
798 1.63497501277762
799 1.63504196184834
800 1.88504196184834
801 1.9029649462256
802 1.92088663596364
803 1.93880657080839
804 1.9567243192388
805 1.97463948088653
806 1.99255168863379
807 2.01046061038365
808 2.02836595049965
809 2.04626745091435
810 2.06214908794709
811 2.07444791335418
812 2.08360272031516
813 2.08995362815294
814 2.0937639849999
815 2.09523742440595
816 2.09453114727112
817 2.09176626364862
818 2.0870358444823
819 2.0804111896404
820 2.07196296486911
821 2.06178904547897
822 2.05001728185372
823 2.03679395375932
824 2.0222759469276
825 2.00662556677907
826 1.99000720215986
827 1.97258527124581
828 1.95452304255787
829 1.93598204148013
830 1.91712170695266
831 1.89809886969867
832 1.87906686356521
833 1.86017441725253
834 1.84156451736278
835 1.82337334625215
836 1.80572934319593
837 1.78875240409239
838 1.77255321589297
839 1.75723271205735
840 1.74288163220632
841 1.72958017248273
842 1.71739772036989
843 1.70639267362889
844 1.69661234509129
845 1.68809295446131
846 1.68085970666305
847 1.67492695449227
848 1.67029844182044
849 1.66696762251353
850 1.66491804957675
851 1.66412382872632
852 1.66455013046792
853 1.66615375469176
854 1.66888374170623
855 1.67268202352065
856 1.67748410907585
857 1.68321979703617
858 1.68981390971864
859 1.69718704175576
860 1.70525631716971
861 1.71393614867462
862 1.72313899321123
863 1.73277609795005
864 1.74275823126594
865 1.75299639348718
866 1.76340250255039
867 1.77389005004715
868 1.78437472352536
869 1.7947749913059
870 1.80501264648848
871 1.81501330724713
872 1.82470687095083
873 1.83402792008525
874 1.84291607839301
875 1.85131631608974
876 1.85917920344673
877 1.86646111245678
878 1.87312436671274
879 1.87913734002775
880 1.88447450470763
881 1.88911643074817
882 1.89304973757053
883 1.89626700022479
884 1.89876661228277
885 1.90055260790626
886 1.90163444581264
887 1.90202675806819
888 1.90174906681659
889 1.90082547219878
890 1.89928431483735
891 1.89715781634689
892 1.89448170138916
893 1.8912948048204
894 1.88763866747836
895 1.88355712412862
896 1.87909588703577
897 1.87430212854565
898 1.86922406596147
899 1.86391055187162
900 1.85841067294086
901 1.85277336001222
902 1.84704701218561
903 1.84127913734289
904 1.83551601138062
905 1.82980235819139
906 1.82418105220676
907 1.81869284507964
908 1.81337611784412
909 1.80826665964877
910 1.80339747391662
911 1.79879861254334
912 1.79449703850693
913 1.79051651702876
914 1.78687753519876
915 1.78359724975892
916 1.78068946252988
917 1.77816462276708
918 1.77602985554643
919 1.7742890151065
920 1.77294276191477
921 1.77198866208113
922 1.77142130761306
923 1.77123245589357
924 1.77141118666666
925 1.77194407473453
926 1.7728153765075
927 1.77400722850044
928 1.77549985583878
929 1.77727178882294
930 1.77930008560078
931 1.78156055901431
932 1.78402800571734
933 1.78667643570566
934 1.7894793004589
935 1.79240971796282
936 1.79544069296199
937 1.79854533088382
938 1.80169704397525
939 1.80486974830184
940 1.80803805037434
941 1.81117742228904
942 1.814264364394
943 1.81727655462291
944 1.82019298377014
945 1.82299407611374
946 1.82566179492691
947 1.8281797325508
948 1.83053318483289
949 1.83270920986282
950 1.8346966710627
951 1.83648626480819
952 1.8380705328719
953 1.83944386008901
954 1.84060245774713
955 1.84154433329692
956 1.84226924706741
957 1.84277865674833
958 1.84307565047228
959 1.84316486939111
960 1.84305242069331
961 1.84274578205266
962 1.84225369853277
963 1.84158607299734
964 1.84075385109202
965 1.83976890187137
966 1.83864389514296
967 1.83739217659136
968 1.83602764172691
969 1.83456460967961
970 1.83301769782568
971 1.83140169819611
972 1.82973145657108
973 1.828021755114
974 1.82628719934308
975 1.82454211017873
976 1.82280042174124
977 1.82107558550624
978 1.8193804813564
979 1.81772733599602
980 1.8161276491229
981 1.81459212767846
982 1.81313062842369
983 1.81175210901536
984 1.81046458768541
985 1.80927511155578
986 1.80818973355262
987 1.80721349781831
988 1.80635043345655
989 1.80560355638653
990 1.80497487902614
991 1.80446542747272
992 1.80407526580192
993 1.8038035270625
994 1.80364845050656
995 1.80360742456102
996 1.80367703501791
997 1.80385311789727
998 1.80413081641806
999 1.80450464149899
1000 1.80496853520252
1001 1.80551593653164
1002 1.80613984899015
1003 1.80683290932242
1004 1.80758745685885
1005 1.80839560290722
1006 1.80924929964794
1007 1.81014040801308
1008 1.81106076405379
1009 1.81200224332878
1010 1.81295682287726
1011 1.81391664037284
1012 1.81487405009001
1013 1.81582167535174
1014 1.81675245716494
1015 1.81765969878994
1016 1.81853710602993
1017 1.81937882306679
1018 1.82017946371003
1019 1.82093413796568
1020 1.82163847387141
1021 1.82228863458285
1022 1.82288133073352
1023 1.82341382812679
1024 1.82388395085289
1025 1.82429007995638
1026 1.82463114781011
1027 1.8249066283802
1028 1.8251165235921
1029 1.82526134603177
1030 1.82534209823658
1031 1.82536024884879
1032 1.82531770592008
1033 1.82521678766832
1034 1.82506019099751
1035 1.82485095809959
1036 1.82459244146059
1037 1.82428826759624
1038 1.82394229984077
1039 1.82355860050975
1040 1.82314139275212
1041 1.82269502239872
1042 1.82222392010427
1043 1.82173256406835
1044 1.82122544360645
1045 1.82070702382703
1046 1.82018171165352
1047 1.81965382341173
1048 1.81912755418377
1049 1.81860694910954
1050 1.81809587679517
1051 1.81759800496685
1052 1.81711677848581
1053 1.81665539981868
1054 1.81621681203457
1055 1.81580368437893
1056 1.81541840045185
1057 1.81506304899779
1058 1.81473941729291
1059 1.8144489870965
1060 1.81419293311395
1061 1.81397212390123
1062 1.81378712512372
1063 1.81363820506706
1064 1.8135253422833
1065 1.81344823524293
1066 1.81340631385203
1067 1.81339875268367
1068 1.81342448576451
1069 1.81348222275047
1070 1.81357046632012
1071 1.81368753061035
1072 1.81383156051679
1073 1.81400055168025
1074 1.81419237098118
1075 1.81440477736578
1076 1.81463544283096
1077 1.8148819733993
1078 1.81514192992114
1079 1.81541284854745
1080 1.81569226072477
1081 1.81597771257225
1082 1.81626678351008
1083 1.81655710401871
1084 1.81684637241917
1085 1.81713237057565
1086 1.81741297843353
1087 1.81768618731773
1088 1.81795011192826
1089 1.81820300098248
1090 1.81844324646524
1091 1.81866939146063
1092 1.81888013655058
1093 1.81907434477773
1094 1.81925104518051
1095 1.81940943492001
1096 1.81954888002795
1097 1.81966891481514
1098 1.81976923998896
1099 1.81984971953662
1100 1.81991037643901
1101 1.81995138728677
1102 1.81997307587641
1103 1.81997590586978
1104 1.81996047260464
1105 1.81992749414803
1106 1.81987780168674
1107 1.81981232935153
1108 1.81973210357283
1109 1.8196382320661
1110 1.81953189254492
1111 1.81941432125832
1112 1.8192868014477
1113 1.81915065181561
1114 1.81900721509591
1115 1.81885784681098
1116 1.81870390429739
1117 1.81854673607671
1118 1.81838767164296
1119 1.8182280117325
1120 1.81806901913645
1121 1.81791191010936
1122 1.81775784642152
1123 1.8176079280957
1124 1.81746318686254
1125 1.817324580362
1126 1.81719298711159
1127 1.81706920225541
1128 1.81695393410168
1129 1.81684780144974
1130 1.81675133170169
1131 1.81666495974744
1132 1.81658902760677
1133 1.81652378480624
1134 1.81646938946406
1135 1.81642591005126
1136 1.81639332779323
1137 1.81637153967214
1138 1.816360361987
1139 1.81635953442552
1140 1.81636872459924
1141 1.8163875329914
1142 1.81641549826571
1143 1.81645210288256
1144 1.81649677896917
1145 1.81654891438944
1146 1.8166078589598
1147 1.81667293075789
1148 1.81674342247177
1149 1.81681860773911
1150 1.81689774742711
1151 1.81698009580633
1152 1.81706490657375
1153 1.81715143868311
1154 1.81723896194349
1155 1.81732676235004
1156 1.81741414711415
1157 1.81750044936379
1158 1.81758503248804
1159 1.81766729410391
1160 1.8177466696266
1161 1.81782263542861
1162 1.81789471157656
1163 1.81796246413799
1164 1.81802550705461
1165 1.81808350358127
1166 1.81813616729393
1167 1.81818326267269
1168 1.81822460526939
1169 1.81826006147199
1170 1.81828954788077
1171 1.81831303031405
1172 1.81833052246301
1173 1.81834208421796
1174 1.81834781968947
1175 1.81834787495001
1176 1.8183424355228
1177 1.81833172364553
1178 1.81831599533792
1179 1.81829553730206
1180 1.81827066368541
1181 1.81824171273596
1182 1.81820904337932
1183 1.81817303174671
1184 1.81813406768278
1185 1.81809255126082
1186 1.81804888933252
1187 1.81800349213784
1188 1.81795676999946
1189 1.81790913012484
1190 1.81786097353723
1191 1.81781269215525
1192 1.81776466603906
1193 1.81771726081896
1194 1.81767082532058
1195 1.8176256893986
1196 1.81758216198927
1197 1.81754052938939
1198 1.81750105376805
1199 1.817463971915
1200 1.81742949422749
