1 2
2 2
3 2
4 2
5 2
6 2
7 2
8 2
9 2
10 2
11 2
12 2
13 2
14 2
15 2
16 2
17 2
18 2
19 2
20 2
21 2
22 2
23 2
24 2
25 2
26 2
27 2
28 2
29 2
30 2.23
31 2.23
32 2.25
33 2.27
34 2.29
35 2.31
36 2.33
37 2.35
38 2.37
39 2.39
40 2.40917610895
41 2.4270052841835
42 2.44371682690512
43 2.45936304981703
44 2.47398800417561
45 2.48762350735836
46 2.50029196937659
47 2.51200858860027
48 2.52278305642491
49 2.53262087970824
50 2.54152735702352
51 2.54951211937903
52 2.55658903370115
53 2.56277467607958
54 2.56808785066033
55 2.57254919880208
56 2.57618093453859
57 2.57900666558608
58 2.58105127281554
59 2.58234082897678
60 2.58290253259827
61 2.58276462754684
62 2.58195629970652
63 2.5805075623158
64 2.57844913827493
65 2.57581234240376
66 2.57262896569364
67 2.56893116258743
68 2.56475134172659
69 2.56012206025326
70 2.5550759216005
71 2.54964547674485
72 2.54386312903643
73 2.53776104281191
74 2.53137105600387
75 2.5247245969363
76 2.51785260546369
77 2.51078545857563
78 2.50355290055615
79 2.49618397775831
80 2.48870697803062
81 2.48114937481223
82 2.47353777589644
83 2.46589787684604
84 2.45825441902886
85 2.45063115222767
86 2.44305080176437
87 2.43553504006605
88 2.42810446258822
89 2.42077856799934
90 2.41357574252087
91 2.40651324830749
92 2.39960721574384
93 2.39287263952643
94 2.38632337839257
95 2.37997215835213
96 2.3738305792726
97 2.36790912466324
98 2.36221717450039
99 2.3567630209327
100 2.35155388670236
101 2.34659594611683
102 2.34189434840384
103 2.33745324328208
104 2.33327580857956
105 2.32936427973224
106 2.32571998099622
107 2.32234335820832
108 2.31923401293157
109 2.31639073782469
110 2.31381155307688
111 2.31149374375288
112 2.3094338978962
113 2.30762794524256
114 2.30607119639937
115 2.30475838235172
116 2.30368369415978
117 2.30284082271743
118 2.30222299844695
119 2.30182303081005
120 2.30163334752054
121 2.30164603334993
122 2.30185286842255
123 2.30224536590266
124 2.30281480898193
125 2.30355228708131
126 2.30444873118747
127 2.30549494824958
128 2.30668165456842
129 2.30799950811543
130 2.30943913972521
131 2.31099118311082
132 2.31264630365668
133 2.31439522594987
134 2.31622876001556
135 2.31813782622825
136 2.32011347887528
137 2.32214692835453
138 2.32422956199282
139 2.32635296347668
140 2.32850893089157
141 2.33068949337005
142 2.33288692635387
143 2.3350937654788
144 2.33730281909512
145 2.33950717944017
146 2.3417002324831
147 2.34387566646496
148 2.34602747916065
149 2.34814998389189
150 2.35023781432322
151 2.35228592807532
152 2.35428960919243
153 2.35624446950248
154 2.35814644891052
155 2.35999181466774
156 2.36177715965961
157 2.36349939975817
158 2.36515577028453
159 2.36674382162826
160 2.3682614140715
161 2.36970671186584
162 2.37107817661033
163 2.37237455997955
164 2.37359489585024
165 2.3747384918752
166 2.37580492055289
167 2.37679400984049
168 2.37770583335798
169 2.37854070023004
170 2.37929914461166
171 2.37998191494257
172 2.3805899629748
173 2.38112443261614
174 2.38158664863161
175 2.38197810524342
176 2.38230045466872
177 2.38255549563315
178 2.3827451618964
179 2.38287151082496
180 2.38293671204523
181 2.38294303620889
182 2.38289284390055
183 2.38278857471633
184 2.38263273653993
185 2.38242789504159
186 2.38217666342311
187 2.38188169243071
188 2.38154566065582
189 2.38117126514192
190 2.38076121231424
191 2.38031820924706
192 2.37984495528217
193 2.37934413400987
194 2.37881840562283
195 2.3782703996513
196 2.37770270808654
197 2.37711787889821
198 2.37651840994958
199 2.37590674331344
200 2.37528525999001
201 2.3746562750268
202 2.37402203303936
203 2.37338470413049
204 2.37274638020442
205 2.37210907167128
206 2.3714747045364
207 2.37084511786775
208 2.3702220616341
209 2.36960719490555
210 2.36900208440744
211 2.36840820341764
212 2.36782693099692
213 2.36725955154119
214 2.36670725464404
215 2.36617113525746
216 2.36565219413811
217 2.36515133856639
218 2.36466938332486
219 2.36420705192263
220 2.36376497805201
221 2.36334370726343
222 2.36294369884475
223 2.36256532789083
224 2.3622088875493
225 2.36187459142847
226 2.3615625761534
227 2.36127290405627
228 2.36100556598727
229 2.36076048423251
230 2.36053751552556
231 2.36033645413962
232 2.36015703504747
233 2.35999893713666
234 2.3598617864679
235 2.35974515956473
236 2.35964858672312
237 2.35957155532998
238 2.3595135131799
239 2.35947387178008
240 2.35945200963365
241 2.35944727549204
242 2.35945899156784
243 2.35948645669959
244 2.35952894946081
245 2.35958573120591
246 2.35965604904608
247 2.3597391387489
248 2.35983422755566
249 2.35994053691119
250 2.36005728510119
251 2.36018368979267
252 2.36031897047366
253 2.36046235078864
254 2.36061306076674
255 2.36077033894013
256 2.36093343435058
257 2.36110160844245
258 2.36127413684083
259 2.3614503110141
260 2.36162943982034
261 2.36181085093756
262 2.36199389217801
263 2.36217793268726
264 2.36236236402892
265 2.36254660115631
266 2.36273008327271
267 2.36291227458195
268 2.36309266493146
269 2.36327077035026
270 2.36344613348433
271 2.36361832393224
272 2.36378693848401
273 2.36395160126645
274 2.36411196379813
275 2.36426770495774
276 2.36441853086915
277 2.36456417470705
278 2.36470439642704
279 2.36483898242386
280 2.36496774512191
281 2.36509052250193
282 2.36520717756798
283 2.36531759775867
284 2.36542169430688
285 2.3655194015518
286 2.36561067620754
287 2.36569549659224
288 2.3657738618216
289 2.36584579097095
290 2.36591132220942
291 2.36597051191033
292 2.36602343374124
293 2.36607017773749
294 2.36611084936264
295 2.36614556855923
296 2.36617446879331
297 2.3661976960958
298 2.36621540810381
299 2.36622777310493
300 2.36623496908727
301 2.36623718279794
302 2.36623460881257
303 2.36622744861832
304 2.36621590971255
305 2.36620020471944
306 2.36618055052646
307 2.36615716744262
308 2.36613027838016
309 2.36610010806129
310 2.36606688225144
311 2.36603082702024
312 2.36599216803145
313 2.36595112986291
314 2.3659079353572
315 2.36586280500406
316 2.36581595635491
317 2.36576760347018
318 2.36571795639973
319 2.36566722069667
320 2.36561559696469
321 2.36556328043897
322 2.36551046060062
323 2.36545732082448
324 2.36540403805991
325 2.36535078254447
326 2.36529771754973
327 2.36524499915899
328 2.36519277607607
329 2.3651411894647
330 2.36509037281759
331 2.3650404518545
332 2.36499154444845
333 2.36494376057911
334 2.36489720231242
335 2.36485196380549
336 2.36480813133568
337 2.36476578335287
338 2.36472499055372
339 2.36468581597692
340 2.36464831511818
341 2.36461253606385
342 2.36457851964205
343 2.36454629959007
344 2.36451590273686
345 2.36448734919952
346 2.3644606525925
347 2.36443582024851
348 2.36441285344974
349 2.36439174766859
350 2.36437249281643
351 2.36435507349958
352 2.36433946928126
353 2.36432565494856
354 2.36431360078331
355 2.36430327283594
356 2.36429463320133
357 2.36428764029569
358 2.36428224913362
359 2.36427841160449
360 2.36427607674724
361 2.36427519102291
362 2.36427569858412
363 2.36427754154073
364 2.36428066022112
365 2.36428499342836
366 2.36429047869079
367 2.36429705250632
368 2.36430465058014
369 2.36431320805517
370 2.36432265973498
371 2.36433294029875
372 2.36434398450791
373 2.36435572740415
374 2.36436810449861
375 2.36438105195194
376 2.36439450674508
377 2.36440840684061
378 2.36442269133455
379 2.36443730059851
380 2.36445217641219
381 2.36446726208611
382 2.36448250257476
383 2.36449784457999
384 2.3645132366449
385 2.36452862923822
386 2.36454397482935
387 2.36455922795421
388 2.36457434527197
389 2.36458928561303
390 2.36460401001832
391 2.36461848177017
392 2.36463266641503
393 2.36464653177829
394 2.36466004797148
395 2.36467318739206
396 2.36468592471623
397 2.364698236885
398 2.36471010308376
399 2.36472150471583
400 2.11472150471583
401 2.11473193012935
402 2.07474184814414
403 2.03475124865983
404 1.99476012358162
405 1.95476846676419
406 1.91477627395187
407 1.87478354271536
408 1.8347902723854
409 1.79479646398374
410 1.75569769302078
411 1.7180625131557
412 1.68170708821698
413 1.64668149549469
414 1.61302090159462
415 1.58076032083921
416 1.54993427622613
417 1.52057655356724
418 1.49272002731705
419 1.46639654139399
420 1.44163362396755
421 1.41845036903637
422 1.39685795284325
423 1.37686127339182
424 1.35845942521437
425 1.34164619897368
426 1.32641048615117
427 1.31273661527202
428 1.30060463539029
429 1.28999055879555
430 1.28086658352974
431 1.27320132451851
432 1.26696006171719
433 1.26210499447338
434 1.25859549557143
435 1.25638836315118
436 1.25543806883448
437 1.25569700112916
438 1.25711570361674
439 1.25964310771226
440 1.26322675992001
441 1.26781304346724
442 1.27334739406265
443 1.27977450944348
444 1.28703855236822
445 1.29508334673082
446 1.30385256650066
447 1.31328991722591
448 1.32333930987186
449 1.33394502679892
450 1.34505187971477
451 1.35660535946346
452 1.36855177754106
453 1.3808383992535
454 1.39341356845889
455 1.40622682386206
456 1.41922900685473
457 1.43237236091947
458 1.44561062263952
459 1.45889910437984
460 1.47219476872663
461 1.48545629479396
462 1.49864413652586
463 1.5117205731412
464 1.52464975188662
465 1.53739772327914
466 1.54993246903556
467 1.56222392290024
468 1.57424398459561
469 1.585966527132
470 1.59736739772375
471 1.60842441256853
472 1.61911734575479
473 1.62942791256989
474 1.6393397474874
475 1.64883837711718
476 1.6579111884059
477 1.6665473923785
478 1.67473798371329
479 1.68247569644396
480 1.68975495608232
481 1.69657182845426
482 1.70292396554002
483 1.70881054860721
484 1.71423222892164
485 1.71919106631702
486 1.72369046589976
487 1.72773511315981
488 1.73133090775223
489 1.73448489620769
490 1.73720520382304
491 1.73950096597523
492 1.74138225909402
493 1.74286003152036
494 1.74394603446845
495 1.74465275330043
496 1.74499333931323
497 1.74498154222742
498 1.74463164355798
499 1.7439583910372
500 1.74297693424939
501 1.74170276162723
502 1.74015163894911
503 1.73833954946664
504 1.73628263578122
505 1.73399714357846
506 1.73149936731877
507 1.72880559797306
508 1.72593207288177
509 1.72289492780648
510 1.7197101512333
511 1.71639354097811
512 1.71296066313452
513 1.70942681339654
514 1.70580698077937
515 1.70211581375338
516 1.69836758879814
517 1.69457618137581
518 1.69075503931572
519 1.6869171585947
520 1.68307506149116
521 1.67924077708433
522 1.67542582406413
523 1.67164119581122
524 1.66789734770154
525 1.66420418658466
526 1.66057106238049
527 1.65700676173458
528 1.65351950366856
529 1.65011693715829
530 1.64680614056943
531 1.64359362287693
532 1.64048532659274
533 1.63748663232349
534 1.63460236487827
535 1.63183680084498
536 1.62919367755244
537 1.62667620333471
538 1.62428706901315
539 1.62202846051167
540 1.61990207252032
541 1.61790912312276
542 1.61605036930346
543 1.61432612325119
544 1.61273626937634
545 1.61128028196056
546 1.60995724335889
547 1.60876586267568
548 1.60770449483759
549 1.60677115998876
550 1.60596356313516
551 1.60527911396762
552 1.60471494679486
553 1.6042679405208
554 1.60393473860255
555 1.6037117689283
556 1.60359526355704
557 1.60358127826466
558 1.60366571184409
559 1.60384432510967
560 1.60411275955918
561 1.60446655564974
562 1.60490117064675
563 1.60541199600806
564 1.60599437426851
565 1.6066436153929
566 1.60735501256843
567 1.60812385741048
568 1.60894545455865
569 1.6098151356424
570 1.61072827259899
571 1.61168029032847
572 1.61266667867377
573 1.61368300371595
574 1.61472491837759
575 1.61578817232944
576 1.61686862119804
577 1.61796223507407
578 1.61906510632342
579 1.62017345670519
580 1.62128364380245
581 1.62239216677388
582 1.62349567143599
583 1.62459095468708
584 1.62567496828619
585 1.62674482200122
586 1.62779778614215
587 1.62883129349629
588 1.62984294068387
589 1.6308304889531
590 1.631791864435
591 1.632725157879
592 1.63362862389118
593 1.63450067969749
594 1.63533990345509
595 1.63614503213522
596 1.63691495900149
597 1.63764873070768
598 1.63834554403951
599 1.63900474232458
600 1.63962581153533
601 1.64020837610913
602 1.64075219450998
603 1.64125715455606
604 1.64172326853678
605 1.6421506681431
606 1.64253959923432
607 1.6428904164639
608 1.64320357778688
609 1.64347963887041
610 1.6437192474287
611 1.6439231375028
612 1.64409212370526
613 1.64422709544874
614 1.64432901117698
615 1.64439889261608
616 1.64443781906264
617 1.64444692172534
618 1.64442737813482
619 1.64438040663675
620 1.64430726098139
621 1.64420922502271
622 1.64408760753881
623 1.64394373718482
624 1.64377895758849
625 1.64359462259781
626 1.64339209168918
627 1.64317272554391
628 1.64293788179973
629 1.64268891098348
630 1.64242715263018
631 1.6421539315929
632 1.64187055454711
633 1.64157830669247
634 1.64127844865419
635 1.64097221358557
636 1.64066080447241
637 1.6403453916395
638 1.64002711045876
639 1.63970705925786
640 1.63938629742777
641 1.63906584372694
642 1.6387466747795
643 1.63842972376414
644 1.63811587929021
645 1.63780598445668
646 1.63750083608968
647 1.63720118415372
648 1.63690773133124
649 1.63662113276521
650 1.6363419959588
651 1.63607088082614
652 1.63580829988795
653 1.63555471860552
654 1.63531055584645
655 1.63507618447533
656 1.63485193206262
657 1.63463808170456
658 1.63443487294731
659 1.63424250280806
660 1.63406112688622
661 1.63389086055743
662 1.63373178024352
663 1.63358392475134
664 1.63344729667356
665 1.63332186384463
666 1.63320756084518
667 1.63310429054817
668 1.6330119257005
669 1.63293031053362
670 1.63285926239703
671 1.63279857340873
672 1.63274801211685
673 1.63270732516681
674 1.63267623896875
675 1.63265446135995
676 1.63264168325741
677 1.63263758029584
678 1.63264181444656
679 1.63265403561324
680 1.63267388320025
681 1.63270098765009
682 1.6327349719463
683 1.63277545307868
684 1.63282204346773
685 1.6328743523456
686 1.63293198709115
687 1.63299455451661
688 1.63306166210416
689 1.63313291919024
690 1.63320793809647
691 1.63328633520551
692 1.63336773198089
693 1.63345175593003
694 1.63353804150958
695 1.63362623097276
696 1.63371597515834
697 1.63380693422129
698 1.63389877830511
699 1.63399118815609
700 1.63408385568014
701 1.63417648444255
702 1.63426879011161
703 1.63436050084694
704 1.63445135763359
705 1.63454111456296
706 1.63462953906205
707 1.63471641207215
708 1.63480152817864
709 1.63488469569352
710 1.63496573669204
711 1.6350444870056
712 1.63512079617228
713 1.6351945273472
714 1.63526555717437
715 1.63533377562222
716 1.63539908578449
717 1.63546140364879
718 1.63552065783465
719 1.6355767893032
720 1.6356297510405
721 1.63567950771648
722 1.63572603532175
723 1.63576932078401
724 1.63580936156627
725 1.63584616524881
726 1.63587974909679
727 1.63591013961544
728 1.63593737209472
729 1.63596149014529
730 1.63598254522753
731 1.63600059617538
732 1.6360157087167
733 1.63602795499166
734 1.63603741307092
735 1.6360441664749
736 1.63604830369566
737 1.63604991772285
738 1.63604910557484
739 1.63604596783642
740 1.63604060820417
741 1.63603313304062
742 1.63602365093819
743 1.63601227229386
744 1.63599910889548
745 1.63598427352054
746 1.63596787954805
747 1.63595004058427
748 1.63593087010292
749 1.63591048110026
750 1.63588898576564
751 1.63586649516786
752 1.63584311895765
753 1.63581896508653
754 1.63579413954235
755 1.63576874610152
756 1.63574288609811
757 1.63571665820978
758 1.63569015826065
759 1.63566347904085
760 1.63563671014281
761 1.63560993781395
762 1.63558324482577
763 1.6355567103588
764 1.63553040990345
765 1.63550441517615
766 1.63547879405058
767 1.63545361050347
768 1.63542892457475
769 1.63540479234129
770 1.63538126590411
771 1.63535839338825
772 1.63533621895495
773 1.63531478282562
774 1.63529412131694
775 1.63527426688662
776 1.63525524818922
777 1.63523709014146
778 1.63521981399639
779 1.63520343742592
780 1.63518797461105
781 1.63517343633919
782 1.63515983010808
783 1.6351471602356
784 1.63513542797504
785 1.63512463163506
786 1.63511476670398
787 1.63510582597772
788 1.63509779969087
789 1.63509067565036
790 1.63508443937123
791 1.63507907421403
792 1.63507456152321
793 1.63507088076626
794 1.63506800967291
795 1.63506592437415
796 1.63506459954053
797 1.63506400851935
798 1.63506412347044
799 1.63506491550009
800 1.75006635479279
801 1.75006841074059
802 1.76007105206952
803 1.7700742469631
804 1.78007796318244
805 1.79008216818286
806 1.80008682922665
807 1.81009191349195
808 1.82009738817746
809 1.83010322060284
810 1.83969743277967
811 1.84861847121966
812 1.85698095476523
813 1.86481100848478
814 1.87213062727826
815 1.8789556897331
816 1.88529737144806
817 1.89116324295842
818 1.89655812212716
819 1.90148473541632
820 1.9059457060618
821 1.90994582447645
822 1.91349200003028
823 1.9165924977071
824 1.91925669758047
825 1.92149489941681
826 1.92331819042733
827 1.92473835578799
828 1.92576781838796
829 1.92641959819987
830 1.92670727923409
831 1.92664496931928
832 1.92624724843884
833 1.92552911139324
834 1.92450590894406
835 1.9231932889302
836 1.92160713837822
837 1.9197635271239
838 1.91767865316484
839 1.91536878978799
840 1.91285023443916
841 1.91013925932145
842 1.90725206378062
843 1.90420472858013
844 1.90101317217279
845 1.89769310906405
846 1.89426001034583
847 1.89072906646205
848 1.88711515225057
849 1.88343279429197
850 1.87969614058363
851 1.8759189325477
852 1.87211447937291
853 1.86829563468204
854 1.8644747755095
855 1.86066378356608
856 1.85687402876105
857 1.85311635494546
858 1.84940106783446
859 1.84573792506078
860 1.84213612830656
861 1.83860431745595
862 1.8351505667068
863 1.8317823825758
864 1.82850670372803
865 1.82532990255899
866 1.82225778845434
867 1.81929561265032
868 1.81644807461596
869 1.8137193298764
870 1.81111299919563
871 1.80863217903564
872 1.80627945320867
873 1.80405690563854
874 1.80196613414733
875 1.80000826518346
876 1.7981839694081
877 1.796493478057
878 1.79493659999638
879 1.79351273939204
880 1.79222091391269
881 1.79105977338961
882 1.79002761885695
883 1.78912242189834
884 1.78834184422788
885 1.78768325743576
886 1.78714376283071
887 1.7867202113144
888 1.78640922322508
889 1.78620720809045
890 1.78611038423259
891 1.78611479817036
892 1.78621634376764
893 1.78641078107855
894 1.78669375484378
895 1.78706081259508
896 1.7875074223278
897 1.78802898970453
898 1.78862087475555
899 1.78927840804501
900 1.78999690627451
901 1.79077168729867
902 1.79159808453007
903 1.79247146071389
904 1.79338722105514
905 1.7943408256841
906 1.79532780144838
907 1.79634375302233
908 1.7973843733271
909 1.79844545325712
910 1.79952289071099
911 1.80061269892698
912 1.8017110141256
913 1.80281410246367
914 1.80391836630611
915 1.80502034982387
916 1.80611674392789
917 1.8072043905506
918 1.8082802862883
919 1.8093415854189
920 1.81038560231092
921 1.81140981324109
922 1.81241185763868
923 1.81338953877594
924 1.81434082392498
925 1.8152638440021
926 1.81615689272138
927 1.81701842528005
928 1.8178470565986
929 1.81864155913896
930 1.81940086032474
931 1.82012403958738
932 1.82081032506259
933 1.82145908996135
934 1.82206984863979
935 1.82264225239241
936 1.82317608499254
937 1.82367125800435
938 1.8241278058898
939 1.8245458809342
940 1.8249257480131
941 1.82526777922334
942 1.82557244840018
943 1.82584032554194
944 1.82607207116341
945 1.82626843059799
946 1.82643022826845
947 1.82655836194514
948 1.82665379700997
949 1.82671756074355
950 1.82675073665224
951 1.826754458851
952 1.82672990651704
953 1.82667829842871
954 1.82660088760284
955 1.8264989560432
956 1.82637380961181
957 1.82622677303395
958 1.82605918504682
959 1.8258723937011
960 1.8256677518237
961 1.8254466126492
962 1.82521032562658
963 1.82496023240719
964 1.82469766301896
965 1.82442393223118
966 1.82414033611323
967 1.82384814879028
968 1.82354861939772
969 1.82324296923599
970 1.8229323891262
971 1.82261803696685
972 1.82230103549082
973 1.82198247022163
974 1.82166338762721
975 1.82134479346874
976 1.82102765134196
977 1.82071288140759
978 1.82040135930707
979 1.82009391525964
980 1.81979133333599
981 1.81949435090386
982 1.81920365824006
983 1.8189198983036
984 1.81864366666404
985 1.81837551157894
986 1.81811593421429
987 1.81786538900131
988 1.81762428412312
989 1.81739298212445
990 1.81717180063758
991 1.81696101321756
992 1.81676085027968
993 1.81657150013225
994 1.81639311009754
995 1.81622578771394
996 1.8160696020123
997 1.81592458485952
998 1.81579073236258
999 1.8156680063261
1000 1.81555633575697
1001 1.81545561840926
1002 1.81536572236319
1003 1.81528648763194
1004 1.81521772778998
1005 1.81515923161729
1006 1.8151107647536
1007 1.81507207135722
1008 1.81504287576301
1009 1.81502288413466
1010 1.81501178610614
1011 1.81500925640787
1012 1.81501495647313
1013 1.8150285360206
1014 1.81504963460907
1015 1.81507788316062
1016 1.81511290544896
1017 1.8151543195496
1018 1.815201739249
1019 1.81525477541005
1020 1.81531303729127
1021 1.81537613381772
1022 1.81544367480153
1023 1.81551527211035
1024 1.81559054078223
1025 1.81566910008566
1026 1.81575057452362
1027 1.81583459478103
1028 1.81592079861467
1029 1.81600883168541
1030 1.81609834833232
1031 1.81618901228874
1032 1.81628049734045
1033 1.8163724879261
1034 1.81646467968056
1035 1.81655677992178
1036 1.81664850808182
1037 1.81673959608311
1038 1.81682978866098
1039 1.81691884363354
1040 1.81700653212034
1041 1.81709263871104
1042 1.81717696158582
1043 1.81725931258884
1044 1.81733951725665
1045 1.81741741480313
1046 1.81749285806288
1047 1.81756571339481
1048 1.8176358605479
1049 1.81770319249108
1050 1.81776761520916
1051 1.8178290474668
1052 1.8178874205427
1053 1.81794267793574
1054 1.81799477504545
1055 1.8180436788285
1056 1.81808936743359
1057 1.81813182981635
1058 1.81817106533666
1059 1.81820708333997
1060 1.81823990272478
1061 1.8182695514982
1062 1.81829606632121
1063 1.81831949204571
1064 1.81833988124498
1065 1.81835729373925
1066 1.81837179611812
1067 1.81838346126137
1068 1.81839236785974
1069 1.81839859993718
1070 1.81840224637582
1071 1.81840340044537
1072 1.81840215933776
1073 1.81839862370868
1074 1.81839289722683
1075 1.8183850861322
1076 1.81837529880417
1077 1.81836364534052
1078 1.81835023714818
1079 1.81833518654641
1080 1.81831860638325
1081 1.81830060966589
1082 1.81828130920535
1083 1.81826081727632
1084 1.8182392452922
1085 1.81821670349614
1086 1.81819330066802
1087 1.81816914384786
1088 1.8181443380758
1089 1.81811898614872
1090 1.81809318839364
1091 1.81806704245791
1092 1.81804064311616
1093 1.81801408209387
1094 1.81798744790757
1095 1.81796082572132
1096 1.81793429721938
1097 1.81790794049479
1098 1.81788182995346
1099 1.81785603623362
1100 1.81783062614006
1101 1.81780566259296
1102 1.81778120459066
1103 1.81775730718612
1104 1.81773402147653
1105 1.81771139460546
1106 1.8176894697772
1107 1.81766828628266
1108 1.81764787953628
1109 1.81762828112344
1110 1.81760951885777
1111 1.81759161684776
1112 1.81757459557213
1113 1.81755847196337
1114 1.81754325949883
1115 1.81752896829877
1116 1.81751560523088
1117 1.81750317402053
1118 1.81749167536633
1119 1.81748110706029
1120 1.81747146411218
1121 1.81746273887738
1122 1.81745492118777
1123 1.81744799848514
1124 1.81744195595659
1125 1.81743677667134
1126 1.81743244171867
1127 1.81742893034626
1128 1.81742622009876
1129 1.81742428695588
1130 1.81742310546981
1131 1.8174226489015
1132 1.81742288935536
1133 1.81742379791211
1134 1.81742534475945
1135 1.81742749932014
1136 1.81743023037734
1137 1.81743350619676
1138 1.81743729464559
1139 1.81744156330775
1140 1.8174462795954
1141 1.81745141085645
1142 1.81745692447799
1143 1.81746278798531
1144 1.81746896913656
1145 1.81747543601287
1146 1.81748215710379
1147 1.81748910138807
1148 1.81749623840958
1149 1.81750353834851
1150 1.81751097208767
1151 1.81751851127394
1152 1.81752612837494
1153 1.81753379673078
1154 1.81754149060111
1155 1.81754918520738
1156 1.81755685677044
1157 1.81756448254353
1158 1.81757204084076
1159 1.81757951106118
1160 1.81758687370843
1161 1.81759411040637
1162 1.81760120391043
1163 1.81760813811511
1164 1.81761489805767
1165 1.8176214699181
1166 1.81762784101556
1167 1.81763399980152
1168 1.81763993584955
1169 1.81764563984225
1170 1.81765110355505
1171 1.81765631983754
1172 1.81766128259201
1173 1.81766598674981
1174 1.8176704282453
1175 1.81767460398795
1176 1.81767851183237
1177 1.81768215054679
1178 1.81768551977988
1179 1.81768862002631
1180 1.81769145259092
1181 1.81769401955206
1182 1.81769632372381
1183 1.8176983686176
1184 1.81770015840318
1185 1.81770169786912
1186 1.81770299238303
1187 1.81770404785157
1188 1.81770487068045
1189 1.81770546773445
1190 1.81770584629772
1191 1.81770601403431
1192 1.81770597894916
1193 1.81770574934963
1194 1.81770533380763
1195 1.81770474112243
1196 1.81770398028438
1197 1.81770306043937
1198 1.81770199085437
1199 1.81770078088388
1200 1.81769943993757
