1 2
2 2
3 2
4 2
5 2
6 2
7 2
8 2
9 2
10 2
11 2
12 2
13 2
14 2
15 2
16 2
17 2
18 2
19 2
20 2
21 2
22 2
23 2
24 2
25 2
26 2
27 2
28 2
29 2
30 2.202
31 2.19
32 2.21
33 2.23
34 2.25
35 2.27
36 2.29
37 2.31
38 2.33
39 2.35
40 2.369364498102
41 2.38776555462446
42 2.40541041067639
43 2.42228627803327
44 2.43839456730027
45 2.45373276187685
46 2.46829546303958
47 2.48207519534486
48 2.49506302575762
49 2.50724903808531
50 2.51862469440593
51 2.52918529224478
52 2.53892933212702
53 2.54785761642365
54 2.55597321579503
55 2.56328130274128
56 2.56978903063025
57 2.57550543656739
58 2.58044136107078
59 2.58460937952063
60 2.58802373552644
61 2.59070026322179
62 2.59265629789829
63 2.5939105823178
64 2.59448317115331
65 2.59439533391824
66 2.59366945728857
67 2.5923289473372
68 2.59039813204225
69 2.58790216432099
70 2.58486692578809
71 2.58131893145316
72 2.57728523561319
73 2.57279333920232
74 2.56787109884235
75 2.5625466378195
76 2.55684825919547
77 2.55080436124245
78 2.54444335537471
79 2.53779358673298
80 2.53088325756324
81 2.52374035351713
82 2.51639257298813
83 2.50886725958419
84 2.50119133782471
85 2.49339125213711
86 2.485492909216
87 2.47752162379583
88 2.46950206787634
89 2.46145822342883
90 2.45341333860018
91 2.44538988742127
92 2.43740953301591
93 2.42949309429686
94 2.42166051612596
95 2.41393084290641
96 2.40632219556665
97 2.39885175188713
98 2.39153573011341
99 2.38438937579186
100 2.37742695175702
101 2.37066173119368
102 2.36410599369023
103 2.3577710241946
104 2.35166711477869
105 2.34580356911279
106 2.34018870954678
107 2.33482988669163
108 2.32973349139064
109 2.32490496896746
110 2.32034883563505
111 2.3160686969475
112 2.31206726817525
113 2.30834639648237
114 2.30490708478403
115 2.30174951716138
116 2.29887308571102
117 2.29627641870607
118 2.29395740994671
119 2.2919132491784
120 2.29014045345732
121 2.28863489934395
122 2.28739185580722
123 2.28640601772388
124 2.28567153985951
125 2.28518207122064
126 2.28493078966942
127 2.28491043669576
128 2.28511335224463
129 2.28553150949945
130 2.2861565495262
131 2.28697981568606
132 2.28799238772855
133 2.28918511548057
134 2.29054865205103
135 2.29207348647451
136 2.29374997572176
137 2.29556837600884
138 2.29751887334107
139 2.2995916132321
140 2.30177672954284
141 2.30406437238918
142 2.3064447350718
143 2.30890807998562
144 2.31144476347073
145 2.3140452595709
146 2.3167001826698
147 2.31940030897941
148 2.32213659685902
149 2.32490020594711
150 2.32768251509262
151 2.3304751390755
152 2.33326994411058
153 2.33605906213191
154 2.33883490385881
155 2.34159017064756
156 2.34431786513654
157 2.34701130069518
158 2.34966410969064
159 2.35227025058838
160 2.35482401390597
161 2.35732002704178
162 2.3597532580027
163 2.36211901805728
164 2.36441296334277
165 2.3666310954566
166 2.36876976106453
167 2.37082565055945
168 2.37279579580625
169 2.37467756700968
170 2.37646866874314
171 2.3781671351776
172 2.37977132455062
173 2.38127991291635
174 2.3826918872179
175 2.38400653772411
176 2.38522344987304
177 2.38634249556475
178 2.38736382394598
179 2.38828785172959
180 2.38911525309115
181 2.38984694918502
182 2.39048409732196
183 2.39102807984967
184 2.39148049277723
185 2.39184313418377
186 2.39211799245082
187 2.39230723435715
188 2.39241319307389
189 2.39243835609659
190 2.39238535315027
191 2.39225694410183
192 2.39205600691341
193 2.391785525669
194 2.39144857870504
195 2.39104832687487
196 2.39058800197513
197 2.39007089536109
198 2.38950034677624
199 2.38887973342021
200 2.38821245927756
201 2.38750194472841
202 2.38675161646057
203 2.38596489770113
204 2.38514519878413
205 2.38429590806945
206 2.38342038322635
207 2.38252194289397
208 2.38160385872935
209 2.38066934785215
210 2.37972156569404
211 2.37876359925909
212 2.37779846080015
213 2.37682908191515
214 2.37585830806553
215 2.3748888935182
216 2.37392349671076
217 2.37296467603903
218 2.37201488606422
219 2.37107647413661
220 2.37015167743093
221 2.36924262038823
222 2.36835131255763
223 2.36747964683058
224 2.36662939805962
225 2.36580222205242
226 2.36499965493154
227 2.36422311284935
228 2.36347389204717
229 2.36275316924681
230 2.36206200236241
231 2.36140133151993
232 2.36077198037097
233 2.36017465768768
234 2.35960995922475
235 2.35907836983437
236 2.35858026581987
237 2.35811591751349
238 2.35768549206354
239 2.35728905641626
240 2.35692658047749
241 2.35659794043933
242 2.35630292225709
243 2.35604122526167
244 2.35581246589286
245 2.35561618153911
246 2.3554518344694
247 2.35531881584334
248 2.35521644978553
249 2.35514399751078
250 2.35510066148692
251 2.35508558962237
252 2.35509787946596
253 2.35513658240685
254 2.35520070786287
255 2.35528922744594
256 2.35540107909377
257 2.35553517115743
258 2.35569038643476
259 2.3558655861404
260 2.35605961380326
261 2.3562712990831
262 2.35649946149828
263 2.35674291405722
264 2.35700046678663
265 2.35727093015022
266 2.35755311835188
267 2.3578458525181
268 2.35814796375474
269 2.35845829607374
270 2.35877570918615
271 2.35909908115794
272 2.35942731092592
273 2.35975932067137
274 2.36009405804947
275 2.36043049827329
276 2.36076764605114
277 2.36110453737699
278 2.36144024117383
279 2.36177386079017
280 2.36210453535063
281 2.36243144096151
282 2.36275379177298
283 2.36307084089968
284 2.36338188120182
285 2.36368624592937
286 2.36398330923205
287 2.36427248653823
288 2.36455323480597
289 2.36482505264989
290 2.36508748034765
291 2.36534009972987
292 2.36558253395802
293 2.36581444719427
294 2.36603554416815
295 2.36624556964449
296 2.36644430779742
297 2.36663158149551
298 2.3668072515027
299 2.3669712156004
300 2.36712340763553
301 2.3672637964999
302 2.36739238504588
303 2.36750920894361
304 2.36761433548483
305 2.36770786233855
306 2.36778991626348
307 2.36786065178246
308 2.36792024982364
309 2.36796891633352
310 2.36800688086644
311 2.36803439515548
312 2.36805173166917
313 2.36805918215864
314 2.36805705619948
315 2.36804567973272
316 2.36802539360877
317 2.36799655213858
318 2.36795952165556
319 2.36791467909209
320 2.36786241057399
321 2.36780311003635
322 2.36773717786383
323 2.36766501955838
324 2.36758704443723
325 2.36750366436374
326 2.36741529251357
327 2.3673223421784
328 2.36722522560933
329 2.36712435290179
330 2.36702013092376
331 2.3669129622888
332 2.36680324437527
333 2.3666913683929
334 2.36657771849778
335 2.36646267095658
336 2.36634659336075
337 2.3662298438911
338 2.36611277063327
339 2.36599571094419
340 2.36587899086968
341 2.36576292461298
342 2.36564781405416
343 2.36553394831993
344 2.36542160340336
345 2.36531104183297
346 2.36520251239047
347 2.36509624987618
348 2.3649924749214
349 2.36489139384647
350 2.36479319856352
351 2.36469806652273
352 2.36460616070058
353 2.36451762962901
354 2.36443260746377
355 2.36435121409068
356 2.36427355526807
357 2.36419972280391
358 2.36412979476592
359 2.36406383572294
360 2.36400189701599
361 2.36394401705702
362 2.36389022165387
363 2.36384052435946
364 2.3637949268435
365 2.36375341928493
366 2.36371598078328
367 2.36368257978724
368 2.36365317453853
369 2.36362771352948
370 2.36360613597247
371 2.3635883722796
372 2.36357434455083
373 2.36356396706903
374 2.36355714680029
375 2.3635537838979
376 2.3635537722085
377 2.36355699977889
378 2.36356334936213
379 2.36357269892143
380 2.3635849221306
381 2.36359988886976
382 2.36361746571497
383 2.36363751642085
384 2.36365990239486
385 2.36368448316224
386 2.36371111682081
387 2.36373966048435
388 2.3637699707141
389 2.36380190393727
390 2.36383531685196
391 2.3638700668178
392 2.36390601223171
393 2.36394301288819
394 2.36398093032365
395 2.36401962814443
396 2.36405897233802
397 2.36409883156734
398 2.36413907744756
399 2.36417958480561
400 2.11417958480561
401 2.1382202536384
402 2.09826083002967
403 2.05830120389409
404 2.0183412693899
405 1.97838092507224
406 1.93842007402928
407 1.89845862400094
408 1.85849648748083
409 1.81853358180149
410 1.779356469331
411 1.74134223512264
412 1.70426568223781
413 1.66822937916513
414 1.63329290474092
415 1.59951220767546
416 1.56693994275394
417 1.53562575557666
418 1.50561652609177
419 1.47695657896262
420 1.4496853922776
421 1.42383514853203
422 1.39943187126418
423 1.37649649611847
424 1.35504484483479
425 1.33508787402685
426 1.31663187740401
427 1.29967866942833
428 1.28422575381394
429 1.27026647957844
430 1.25779019458379
431 1.24678241096626
432 1.23722498236437
433 1.22909628480099
434 1.22237139971523
435 1.21702229939507
436 1.21301803390659
437 1.21032491899268
438 1.20890672449612
439 1.20872486293384
440 1.20973857787835
441 1.2119051317648
442 1.21517999268613
443 1.21951701972746
444 1.2248686464068
445 1.23118606180277
446 1.23841938896505
447 1.24651786022153
448 1.25542998901528
449 1.26510373792403
450 1.27548668253516
451 1.28652617086878
452 1.29816947806277
453 1.31036395605412
454 1.32305717801289
455 1.33619707730635
456 1.34973208079317
457 1.36361123626863
458 1.37778433390419
459 1.39220202154577
460 1.40681591375645
461 1.42157869451036
462 1.43644421346495
463 1.45136757575872
464 1.46630522530165
465 1.48121502154399
466 1.49605630972816
467 1.510789984646
468 1.52537854794114
469 1.53978615901282
470 1.55397867959314
471 1.56792371208532
472 1.58159063176462
473 1.59495061295741
474 1.6079766493268
475 1.62064356840529
476 1.63292804052626
477 1.64480858231665
478 1.65626555492298
479 1.66728115715155
480 1.67783941371219
481 1.68792615876179
482 1.69752901495077
483 1.70663736818116
484 1.71524233829002
485 1.72333674587624
486 1.73091507549202
487 1.73797343542322
488 1.74450951428489
489 1.75052253465924
490 1.7560132040044
491 1.76098366306206
492 1.76543743199135
493 1.76937935445541
494 1.77281553988477
495 1.77575330413973
496 1.7782011087906
497 1.78016849923138
498 1.78166604183851
499 1.78270526038187
500 1.78329857189031
501 1.78345922216891
502 1.78320122115943
503 1.78253927832949
504 1.78148873826963
505 1.78006551667117
506 1.77828603685041
507 1.77616716697826
508 1.77372615816654
509 1.7709805835552
510 1.76794827853682
511 1.76464728224715
512 1.76109578044248
513 1.75731204987704
514 1.75331440428515
515 1.74912114206541
516 1.74475049575584
517 1.74022058338109
518 1.73554936174486
519 1.73075458173275
520 1.72585374568315
521 1.72086406687581
522 1.71580243118045
523 1.71068536090008
524 1.70552898083668
525 1.70034898659948
526 1.69516061516935
527 1.68997861772609
528 1.68481723473862
529 1.67969017331212
530 1.67461058677972
531 1.66959105652077
532 1.66464357598194
533 1.65977953687209
534 1.65500971749691
535 1.65034427319414
536 1.64579272882601
537 1.64136397328113
538 1.63706625593385
539 1.6329071850057
540 1.62889372776984
541 1.62503221253644
542 1.62132833235384
543 1.61778715035788
544 1.61441310669948
545 1.61121002697824
546 1.60818113210836
547 1.60532904954144
548 1.60265582576949
549 1.60016294003061
550 1.5978513191387
551 1.59572135335859
552 1.59377291324703
553 1.59200536738061
554 1.5904176008913
555 1.58900803473104
556 1.58777464558725
557 1.5867149863719
558 1.58582620720802
559 1.58510507683822
560 1.58454800438166
561 1.58415106136692
562 1.58391000397031
563 1.58382029539057
564 1.58387712829304
565 1.58407544725841
566 1.58440997117329
567 1.58487521550196
568 1.58546551438142
569 1.58617504248367
570 1.58699783659237
571 1.58792781684295
572 1.58895880757836
573 1.5900845577751
574 1.59129876099684
575 1.59259507483581
576 1.59396713980495
577 1.59540859764626
578 1.59691310902402
579 1.59847437057394
580 1.60008613128227
581 1.60174220817154
582 1.60343650127244
583 1.60516300786377
584 1.60691583596539
585 1.60868921707133
586 1.61047751811311
587 1.6122752526454
588 1.61407709124907
589 1.61587787114856
590 1.61767260504306
591 1.61945648915321
592 1.621224910487
593 1.62297345333073
594 1.62469790497285
595 1.62639426067029
596 1.62805872786879
597 1.62968772969035
598 1.63127790770263
599 1.6328261239865
600 1.63432946251939
601 1.63578522989363
602 1.63719095538979
603 1.63854439042645
604 1.63984350740882
605 1.64108649799944
606 1.64227177083513
607 1.64339794871503
608 1.64446386528534
609 1.64546856124666
610 1.64641128011061
611 1.6472914635326
612 1.64810874624786
613 1.64886295063816
614 1.64955408095674
615 1.65018231723895
616 1.65074800892607
617 1.6512516682297
618 1.65169396326391
619 1.65207571097204
620 1.65239786987474
621 1.65266153266553
622 1.65286791867944
623 1.65301836626019
624 1.65311432505048
625 1.65315734822946
626 1.65314908472084
627 1.65309127139428
628 1.65298572528218
629 1.65283433583283
630 1.65263905722063
631 1.65240190073258
632 1.65212492724998
633 1.65181023984301
634 1.65145997649512
635 1.65107630297316
636 1.65066140585824
637 1.65021748575146
638 1.64974675066757
639 1.64925140962871
640 1.64873366646939
641 1.648195713863
642 1.64763972757901
643 1.64706786097928
644 1.64648223976075
645 1.64588495695096
646 1.64527806816196
647 1.64466358710714
648 1.64404348138476
649 1.64341966853098
650 1.64279401234445
651 1.64216831948356
652 1.6415443363368
653 1.64092374616581
654 1.64030816651991
655 1.63969914692042
656 1.639098166812
657 1.63850663377797
658 1.63792588201565
659 1.63735717106737
660 1.63680168480214
661 1.6362605306423
662 1.63573473902939
663 1.63522526312246
664 1.63473297872207
665 1.63425868441256
666 1.63380310191502
667 1.63336687664272
668 1.63295057845093
669 1.63255470257235
670 1.63217967072948
671 1.63182583241477
672 1.63149346632957
673 1.6311827819723
674 1.6308939213667
675 1.63062696092045
676 1.6303819134047
677 1.63015873004499
678 1.62995730271389
679 1.62977746621599
680 1.62961900065565
681 1.62948163387822
682 1.62936504397545
683 1.62926886184591
684 1.62919267380153
685 1.62913602421137
686 1.62909841817403
687 1.62907932421031
688 1.62907817696787
689 1.62909437993003
690 1.62912730812098
691 1.62917631079989
692 1.62924071413698
693 1.62931982386446
694 1.62941292789592
695 1.62951929890792
696 1.62963819687776
697 1.62976887157192
698 1.62991056497977
699 1.63006251368769
700 1.63022395118892
701 1.63039411012481
702 1.6305722244536
703 1.63075753154301
704 1.63094927418346
705 1.63114670251882
706 1.63134907589214
707 1.6315556646041
708 1.63176575158208
709 1.63197863395827
710 1.63219362455538
711 1.63241005327902
712 1.63262726841579
713 1.63284463783688
714 1.63306155010663
715 1.63327741549654
716 1.63349166690465
717 1.63370376068126
718 1.63391317736151
719 1.63411942230614
720 1.63432202625147
721 1.63452054577036
722 1.63471456364559
723 1.63490368915771
724 1.6350875582894
725 1.63526583384844
726 1.6354382055118
727 1.63560438979333
728 1.63576412993765
729 1.63591719574302
730 1.6360633833161
731 1.63620251476149
732 1.63633443780919
733 1.63645902538293
734 1.63657617511279
735 1.63668580879507
736 1.63678787180291
737 1.63688233245075
738 1.63696918131615
739 1.63704843052206
740 1.63712011298305
741 1.63718428161874
742 1.63724100853769
743 1.63729038419504
744 1.63733251652714
745 1.63736753006637
746 1.63739556503916
747 1.63741677645047
748 1.6374313331576
749 1.63743941693634
750 1.63744122154225
751 1.63743695176992
752 1.63742682251289
753 1.63741105782683
754 1.63738988999838
755 1.63736355862228
756 1.63733230968884
757 1.63729639468413
758 1.63725606970493
759 1.63721159459028
760 1.63716323207177
761 1.63711124694404
762 1.63705590525728
763 1.63699747353324
764 1.63693621800606
765 1.63687240388936
766 1.63680629467057
767 1.63673815143371
768 1.63666823221154
769 1.63659679136776
770 1.63652407901021
771 1.63645034043544
772 1.63637581560538
773 1.63630073865624
774 1.63622533744019
775 1.6361498330998
776 1.63607443967547
777 1.63599936374576
778 1.63592480410055
779 1.63585095144685
780 1.63577798814699
781 1.63570608798884
782 1.6356354159876
783 1.63556612821872
784 1.63549837168126
785 1.63543228419126
786 1.63536799430417
787 1.63530562126574
788 1.63524527499053
789 1.63518705606717
790 1.6351310557894
791 1.6350773562121
792 1.6350260302311
793 1.63497714168595
794 1.63493074548448
795 1.63488688774816
796 1.63484560597698
797 1.63480692923305
798 1.63477087834145
799 1.63473746610743
800 1.73570669754864
801 1.72967857014144
802 1.73965307407988
803 1.74963019254642
804 1.75960990199315
805 1.76959217243238
806 1.77957696773546
807 1.78956424593873
808 1.79955395955563
809 1.80954605589361
810 1.81922272642614
811 1.82841993917373
812 1.83724124831672
813 1.8456801894599
814 1.85373739404079
815 1.86141152663763
816 1.86869980783472
817 1.8755984172451
818 1.88210280339266
819 1.88820792124277
820 1.89390941322496
821 1.89920483812423
822 1.90409335515406
823 1.90857527366913
824 1.91265203666935
825 1.91632613784926
826 1.9196010613777
827 1.92248123358944
828 1.92497198306997
829 1.92707950661776
830 1.92881083615521
831 1.93017380009301
832 1.93117697885346
833 1.93182965822193
834 1.93214178175167
835 1.93212390240159
836 1.9317871338591
837 1.93114310180773
838 1.93020389532023
839 1.92898201850306
840 1.92749034249166
841 1.92574205790394
842 1.92375062788004
843 1.92152974183952
844 1.91909327007797
845 1.91645521931586
846 1.9136296893039
847 1.91063083058002
848 1.9074728034643
849 1.9041697383705
850 1.90073569750509
851 1.89718463801769
852 1.89353037666042
853 1.8897865560067
854 1.8859666122739
855 1.88208374478766
856 1.87815088711997
857 1.87418067992661
858 1.8701854455041
859 1.86617716408053
860 1.86216745184917
861 1.85816754074846
862 1.854188259987
863 1.85024001930707
864 1.84633279397577
865 1.84247611148794
866 1.83867903996131
867 1.83495017819962
868 1.83129764739602
869 1.82772908444514
870 1.8242516368289
871 1.82087195903779
872 1.81759621048631
873 1.81443005487874
874 1.81137866097827
875 1.80844670473086
876 1.80563837269232
877 1.8029573667058
878 1.80040690977482
879 1.79798975307538
880 1.79570818404978
881 1.79356403552326
882 1.79155869578398
883 1.78969311956597
884 1.78796783987428
885 1.78638298059126
886 1.78493826980256
887 1.78363305378187
888 1.78246631157317
889 1.78143667010994
890 1.78054241981129
891 1.77978153059543
892 1.77915166825199
893 1.77865021111544
894 1.77827426698321
895 1.7780206902229
896 1.77788609901473
897 1.77786689267665
898 1.7779592690208
899 1.77815924169214
900 1.77846265744125
901 1.77886521328554
902 1.7793624735145
903 1.77994988649698
904 1.78062280125013
905 1.78137648373176
906 1.78220613281993
907 1.78310689594568
908 1.78407388434683
909 1.78510218791301
910 1.7861868895942
911 1.78732307934708
912 1.78850586759585
913 1.78973039818611
914 1.79099186081269
915 1.79228550290429
916 1.79360664094991
917 1.79495067125422
918 1.79631308011087
919 1.79768945338489
920 1.7990754854971
921 1.80046698780556
922 1.80185989638076
923 1.80325027917315
924 1.80463434257335
925 1.80600843736693
926 1.80736906408756
927 1.80871287777354
928 1.81003669213445
929 1.81133748313603
930 1.81261239201266
931 1.81385872771828
932 1.81507396882756
933 1.81625576490041
934 1.81740193732409
935 1.81851047964782
936 1.81957955742607
937 1.82060750758733
938 1.82159283734597
939 1.82253422267553
940 1.82343050636228
941 1.82428069565864
942 1.82508395955617
943 1.82583962569869
944 1.826547176956
945 1.82720624767908
946 1.82781661965802
947 1.82837821780374
948 1.82889110557481
949 1.82935548017072
950 1.82977166751264
951 1.830140117033
952 1.83046139629461
953 1.83073618546013
954 1.83096527163228
955 1.83114954308494
956 1.8312899834048
957 1.83138766556295
958 1.83144374593527
959 1.83145945829004
960 1.83143610776049
961 1.8313750648199
962 1.8312777592756
963 1.83114567429829
964 1.83098034050202
965 1.83078333008966
966 1.83055625107796
967 1.83030074161582
968 1.83001846440825
969 1.82971110125826
970 1.8293803477378
971 1.82902790799845
972 1.82865548973156
973 1.82826479928686
974 1.82785753695808
975 1.82743539244286
976 1.82700004048399
977 1.82655313669802
978 1.82609631359659
979 1.82563117680516
980 1.82515930148312
981 1.82468222894844
982 1.82420146350953
983 1.82371846950625
984 1.82323466856118
985 1.82275143704195
986 1.82227010373459
987 1.82179194772732
988 1.82131819650369
989 1.82085002424337
990 1.82038855032838
991 1.81993483805212
992 1.81948989352792
993 1.81905466479357
994 1.81863004110782
995 1.81821685243421
996 1.81781586910765
997 1.81742780167836
998 1.81705330092787
999 1.81669295805109
1000 1.8163473049986
1001 1.81601681497264
1002 1.81570190307044
1003 1.81540292706814
1004 1.81512018833834
1005 1.81485393289431
1006 1.81460435255377
1007 1.81437158621489
1008 1.81415572123726
1009 1.81395679492046
1010 1.81377479607288
1011 1.81360966666331
1012 1.81346130354805
1013 1.81332956026606
1014 1.813214248895
1015 1.81311514196088
1016 1.81303197439416
1017 1.81296444552542
1018 1.8129122211136
1019 1.81287493540008
1020 1.81285219318206
1021 1.81284357189879
1022 1.81284862372432
1023 1.81286687766088
1024 1.8128978416269
1025 1.81294100453399
1026 1.81299583834767
1027 1.81306180012639
1028 1.81313833403403
1029 1.81322487332111
1030 1.81332084227024
1031 1.81342565810158
1032 1.81353873283428
1033 1.8136594751003
1034 1.81378729190699
1035 1.81392159034536
1036 1.814061779241
1037 1.81420727074497
1038 1.81435748186234
1039 1.81451183591602
1040 1.8146697639441
1041 1.81483070602896
1042 1.81499411255675
1043 1.81515944540606
1044 1.81532617906475
1045 1.81549380167439
1046 1.81566181600159
1047 1.81582974033624
1048 1.81599710931625
1049 1.81616347467931
1050 1.81632840594172
1051 1.81649149100496
1052 1.81665233669079
1053 1.81681056920559
1054 1.81696583453521
1055 1.81711779877136
1056 1.81726614837112
1057 1.81741059035092
1058 1.81755085241666
1059 1.81768668303185
1060 1.81781785142553
1061 1.81794414754202
1062 1.81806538193458
1063 1.8181813856051
1064 1.81829200979217
1065 1.81839712570974
1066 1.81849662423886
1067 1.81859041557476
1068 1.81867842883198
1069 1.81876061160984
1070 1.81883692952089
1071 1.81890736568489
1072 1.81897192019086
1073 1.8190306095298
1074 1.81908346600056
1075 1.81913053709154
1076 1.81917188484064
1077 1.81920758517604
1078 1.81923772724025
1079 1.81926241269991
1080 1.81928175504371
1081 1.8192958788708
1082 1.81930491917197
1083 1.81930902060593
1084 1.81930833677271
1085 1.8193030294865
1086 1.8192932680498
1087 1.81927922853102
1088 1.81926109304725
1089 1.8192390490542
1090 1.81921328864498
1091 1.81918400785932
1092 1.81915140600491
1093 1.8191156849923
1094 1.81907704868476
1095 1.81903570226441
1096 1.81899185161586
1097 1.8189457027285
1098 1.81889746111845
1099 1.81884733127117
1100 1.81879551610551
1101 1.81874221646016
1102 1.81868763060293
1103 1.81863195376367
1104 1.81857537769129
1105 1.81851809023521
1106 1.81846027495177
1107 1.81840211073568
1108 1.81834377147687
1109 1.81828542574268
1110 1.8182272364856
1111 1.81816936077637
1112 1.81811194956243
1113 1.81805514745155
1114 1.8179990925203
1115 1.81794391614723
1116 1.8178897428702
1117 1.81783669026769
1118 1.81778486886332
1119 1.81773438205343
1120 1.81768532605676
1121 1.817637789886
1122 1.81759185534031
1123 1.81754759701819
1124 1.81750508235003
1125 1.81746437164964
1126 1.81742551818373
1127 1.81738856825891
1128 1.81735356132508
1129 1.81732053009455
1130 1.8172895006759
1131 1.81726049272188
1132 1.81723351959031
1133 1.81720858851717
1134 1.81718570080098
1135 1.81716485199764
1136 1.81714603212464
1137 1.81712922587404
1138 1.81711441283312
1139 1.81710156771185
1140 1.81709066057648
1141 1.81708165708814
1142 1.81707451874587
1143 1.81706920313307
1144 1.81706566416665
1145 1.81706385234809
1146 1.81706371501563
1147 1.81706519659684
1148 1.81706823886095
1149 1.81707278116999
1150 1.81707876072846
1151 1.81708611283053
1152 1.81709477110435
1153 1.81710466775284
1154 1.81711573379045
1155 1.81712789927523
1156 1.81714109353594
1157 1.81715524539345
1158 1.81717028337634
1159 1.81718613592992
1160 1.81720273161864
1161 1.81721999932136
1162 1.81723786841919
1163 1.81725626897569
1164 1.8172751319091
1165 1.81729438915652
1166 1.81731397382963
1167 1.81733382036206
1168 1.81735386464806
1169 1.81737404417251
1170 1.81739429813211
1171 1.81741456754778
1172 1.81743479536823
1173 1.8174549265646
1174 1.81747490821644
1175 1.81749468958881
1176 1.81751422220075
1177 1.81753345988521
1178 1.8175523588405
1179 1.81757087767338
1180 1.81758897743405
1181 1.81760662164315
1182 1.81762377631095
1183 1.81764040994894
1184 1.81765649357408
1185 1.81767200070594
1186 1.81768690735688
1187 1.81770119201572
1188 1.81771483562492
1189 1.81772782155179
1190 1.81774013555382
1191 1.81775176573857
1192 1.81776270251825
1193 1.81777293855952
1194 1.81778246872854
1195 1.81779129003185
1196 1.81779940155315
1197 1.81780680438647
1198 1.81781350156592
1199 1.81781949799241
1200 1.81782480035762
