1 2
2 2
3 2
4 2
5 2
6 2
7 2
8 2
9 2
10 2
11 2
12 2
13 2
14 2
15 2
16 2
17 2
18 2
19 2
20 2
21 2
22 2
23 2
24 2
25 2
26 2
27 2
28 2
29 2
30 2.25
31 2.3
32 2.35
33 2.4
34 2.45
35 2.5
36 2.55
37 2.6
38 2.65
39 2.7
40 2.748345209375
41 2.79345945409375
42 2.8
43 2.8
44 2.8
45 2.8
46 2.8
47 2.8
48 2.8
49 2.8
50 2.8
51 2.8
52 2.8
53 2.79690027147618
54 2.7903039416958
55 2.78054295206077
56 2.76789745302007
57 2.75260619602107
58 2.73487468001214
59 2.71488154632669
60 2.69278360674059
61 2.66871980455351
62 2.64281434237401
63 2.61519967634654
64 2.58603654986842
65 2.55551000971393
66 2.5238221906092
67 2.49118691717395
68 2.45782566317981
69 2.42396452400143
70 2.38983194518171
71 2.35565701530884
72 2.32166818028632
73 2.28809213682501
74 2.25515260431196
75 2.22306889840494
76 2.19205440593831
77 2.16231505173425
78 2.13404781393976
79 2.10743932142387
80 2.08266455132233
81 2.05988563468328
82 2.03925077169762
83 2.02089325492108
84 2.00493059963911
85 1.99146378336282
86 1.98057659856543
87 1.97233512331548
88 1.96678731397648
89 1.96396272314395
90 1.96387234479775
91 1.96650858744585
92 1.97184537492459
93 1.97983837354117
94 1.99042534338684
95 2.00352661086988
96 2.01904565877239
97 2.03686982940279
98 2.05687113569385
99 2.07890717439317
100 2.10282213481989
101 2.12844789602907
102 2.15560520464233
103 2.1841049250766
104 2.21374935343596
105 2.24433358592678
106 2.27564693231607
107 2.30747436467747
108 2.33959799146085
109 2.37179854678064
110 2.40385688474557
111 2.43555546864915
112 2.46667984490588
113 2.49702009175213
114 2.52637223293217
115 2.55453960685679
116 2.58133418205338
117 2.6065778101186
118 2.63010340783572
119 2.65175606062525
120 2.67139404005533
121 2.68888972874403
122 2.7041304466354
123 2.71701917331885
124 2.72747516178439
125 2.73543443975761
126 2.74085019553419
127 2.74369304602774
128 2.74395118555264
129 2.74163041467852
130 2.73675404931036
131 2.72936271096221
132 2.71951399999715
133 2.70728205439699
134 2.69275699739556
135 2.67604427805554
136 2.65726390958452
137 2.63654961086735
138 2.6140478573336
139 2.58991684787759
140 2.56432539509956
141 2.53745174663645
142 2.50948234579666
143 2.48061054010172
144 2.45103524666683
145 2.42095958361962
146 2.39058947696024
147 2.36013225240564
148 2.32979522183498
149 2.29978427396162
150 2.27030247880033
151 2.24154871537679
152 2.21371633194036
153 2.18699184769369
154 2.16155370474357
155 2.13757107861085
156 2.11520275521489
157 2.09459608177251
158 2.07588599852781
159 2.05919415765873
160 2.04462813509584
161 2.0322807403397
162 2.02222942868254
163 2.0145358195307
164 2.00924532379233
165 2.0063868825445
166 2.00597281843116
167 2.00799880047249
168 2.01244392219348
169 2.0192708922092
170 2.02842633564241
171 2.03984120400032
172 2.05343129040706
173 2.06909784638104
174 2.08672829566739
175 2.1061970399889
176 2.12736635096896
177 2.15008734191108
178 2.17420101259503
179 2.19953935977344
180 2.22592654562708
181 2.25318011606617
182 2.28111226044929
183 2.30953110403522
184 2.33824202428525
185 2.36704898199779
186 2.39575585818244
187 2.42416778756826
188 2.45209247969042
189 2.47934151861065
190 2.50573163249768
191 2.53108592452523
192 2.55523505683226
193 2.57801837963401
194 2.59928499796804
195 2.61889476900561
196 2.63671922335128
197 2.65264240428972
198 2.66656161951417
199 2.67838810048194
200 2.68804756518437
201 2.695480680788
202 2.70064342329414
203 2.7035073320732
204 2.70405965785032
205 2.70230340344815
206 2.69825725732292
207 2.6919554206593
208 2.68344732951062
209 2.67279727418021
210 2.66008391873184
211 2.64539972418779
212 2.62885027961729
213 2.61055354593212
214 2.59063901778547
215 2.56924680951109
216 2.54652667153889
217 2.52263694417694
218 2.49774345605541
219 2.47201837488304
220 2.44563901846827
221 2.41878663420448
222 2.39164515540869
223 2.36439994303634
224 2.33723652136903
225 2.31033931628799
226 2.28389040470341
227 2.25806828360862
228 2.23304666707022
229 2.20899331925081
230 2.18606893129247
231 2.16442604956815
232 2.14420806243661
233 2.12554825221856
234 2.10856891864794
235 2.09338057954871
236 2.0800812539452
237 2.06875583223888
238 2.05947553747849
239 2.05229748111994
240 2.04726431601958
241 2.04440398873586
242 2.04372959253281
243 2.04523932179037
244 2.04891652783501
245 2.05472987551466
246 2.06263359915888
247 2.07256785589374
248 2.08445917362478
249 2.09822099036582
250 2.11375428098009
251 2.13094826681731
252 2.14968120318004
253 2.16982123903844
254 2.19122734293757
255 2.21375028860911
256 2.23723369341249
257 2.26151510239145
258 2.28642711044279
259 2.31179851485713
260 2.33745549030765
261 2.36322277823309
262 2.38892488248737
263 2.41438726310885
264 2.4394375200995
265 2.46390655919508
266 2.48762973175412
267 2.51044794109176
268 2.53220870783555
269 2.5527671871803
270 2.57198713126705
271 2.58974179030397
272 2.60591474648236
273 2.62040067521474
274 2.63310602873269
275 2.6439496376238
276 2.65286322645842
277 2.65979184025198
278 2.66469417912408
279 2.66754283914797
280 2.668324458027
281 2.6670397648861
282 2.66370353412
283 2.6583444438925
284 2.65100484052743
285 2.64174041066822
286 2.63061976370441
287 2.61772392756626
288 2.60314576156843
289 2.58698929053686
290 2.56936896497593
291 2.55040885252146
292 2.53024176637737
293 2.5090083368454
294 2.48685603242598
295 2.46393813729295
296 2.44041269222065
297 2.41644140627052
298 2.39218854672102
299 2.36781981485135
300 2.34350121526286
301 2.31939792644385
302 2.29567318025236
303 2.27248715790837
304 2.24999590995273
305 2.22835030744495
306 2.20769503143879
307 2.18816760749349
308 2.16989749165266
309 2.15300521395429
310 2.1376015851261
311 2.12378697167491
312 2.11165064409811
313 2.10127020243449
314 2.09271108283368
315 2.08602614826186
316 2.08125536588008
317 2.07842557303544
318 2.07755033319658
319 2.07862988255017
320 2.08165116735629
321 2.08658797154347
322 2.09340113341221
323 2.10203884971309
324 2.11243706477703
325 2.12451994180351
326 2.13820041286262
327 2.15338080364186
328 2.16995352847176
329 2.1878018507001
330 2.20680070305429
331 2.22681756223956
332 2.24771337166853
333 2.26934350590857
334 2.29155877016838
335 2.31420642792642
336 2.337131249633
337 2.36017657529488
338 2.38318538367807
339 2.40600136084075
340 2.42846996073411
341 2.45043945068384
342 2.47176193468923
343 2.4922943476478
344 2.51189941383161
345 2.53044656320362
346 2.54781279946802
347 2.56388351409438
348 2.57855324093956
349 2.59172634651084
350 2.60331765136596
351 2.61325297862672
352 2.62146962609045
353 2.62791675895298
354 2.63255572070549
355 2.6353602603308
356 2.63631667449927
357 2.6354238640461
358 2.63269330459668
359 2.62814893179066
360 2.62182694213469
361 2.61377551108437
362 2.60405443051384
363 2.59273466827345
364 2.57989785305732
365 2.56563568830132
366 2.5500492993034
367 2.5332485181999
368 2.51535111184049
369 2.49648195797788
370 2.47677217552381
371 2.45635821491833
372 2.43538091491311
373 2.41398453227904
374 2.39231575111369
375 2.37052267854331
376 2.3487538336866
377 2.32715713677331
378 2.30587890528952
379 2.28506286395343
380 2.26484917521191
381 2.2453734967886
382 2.22676607261164
383 2.20915086320362
384 2.19264472133012
385 2.17735661837889
386 2.1633869265805
387 2.15082676178707
388 2.13975739109979
389 2.13024970918308
390 2.12236378662441
391 2.11614849319991
392 2.11164119838763
393 2.10886755093881
394 2.10784133877453
395 2.10856442992536
396 2.11102679467862
397 2.11520660854528
398 2.12107043511022
399 2.12857348728929
400 1.87857348728929
401 1.78917698894304
402 1.7012209939283
403 1.61461941235377
404 1.52927719830006
405 1.44509102215207
406 1.36194999728098
407 1.27973645597664
408 1.2
409 1.2
410 1.2
411 1.2
412 1.2
413 1.2
414 1.2
415 1.2
416 1.2
417 1.2
418 1.2
419 1.2
420 1.2
421 1.2
422 1.2
423 1.2
424 1.2
425 1.2
426 1.20302960183705
427 1.20908522586664
428 1.21796274580491
429 1.22948040790452
430 1.24347499901618
431 1.25979880720271
432 1.27831720237807
433 1.2989067024507
434 1.32145342006254
435 1.34585180808721
436 1.37198358660182
437 1.39970184199733
438 1.4288369192749
439 1.45920224776828
440 1.4905988686324
441 1.52281896445333
442 1.55564862050235
443 1.58886999308067
444 1.62226301912845
445 1.65560676977521
446 1.68868065921323
447 1.72126576881374
448 1.75314632979307
449 1.78411127132648
450 1.81395576473297
451 1.84248271912782
452 1.86950420114874
453 1.89484276317239
454 1.91833267242017
455 1.9398210386398
456 1.95916884057794
457 1.97625185070663
458 1.99096145528418
459 2.0032053652496
460 2.01290821318125
461 2.02001203207079
462 2.02447661258377
463 2.02627973655688
464 2.02541728557357
465 2.02190322448339
466 2.01576946065179
467 2.00706558055317
468 1.99585846608845
469 1.9822317937513
470 1.96628542050214
471 1.94813466093309
472 1.9279094610145
473 1.9057534743926
474 1.88182304784967
475 1.85628612313439
476 1.82932106291472
477 1.8011154090946
478 1.77186458216698
479 1.7417705306458
480 1.7110403399282
481 1.67988481018264
482 1.648517013038
483 1.61715083696189
484 1.58599953126219
485 1.55527425862486
486 1.52518266601221
487 1.49592748359159
488 1.46770516114399
489 1.44070455111927
490 1.41510564715941
491 1.39107838650806
492 1.36878152426474
493 1.34836158693017
494 1.3299519121276
495 1.31367178077893
496 1.29962564736707
497 1.2879024732324
498 1.27857516713605
499 1.27170013658104
500 1.2673169526187
501 1.26544813008835
502 1.26609902444765
503 1.2692578455548
504 1.2748957879676
505 1.28296727653354
506 1.29341032526451
507 1.30614700672594
508 1.32108402842622
509 1.33811341197563
510 1.35711327009748
511 1.37794867592304
512 1.40047261839119
513 1.42452703700598
514 1.44994392868571
515 1.47654651896811
516 1.50415048942156
517 1.53256525275365
518 1.5615952668092
519 1.59104137841121
520 1.62070218782163
521 1.65037542448583
522 1.67985932467497
523 1.70895400165526
524 1.73746279909105
525 1.76519361853007
526 1.79196021202186
527 1.81758343118387
528 1.84189242435087
529 1.86472577382108
530 1.88593256564261
531 1.90537338486493
532 1.92292122970703
533 1.93846233866473
534 1.95189692518861
535 1.96313981520827
536 1.97212098345288
537 1.97878598521772
538 1.98309628094729
539 1.98502945174146
540 1.9845793046387
541 1.98175586728272
542 1.97658527233223
543 1.96910953272195
544 1.95938620962176
545 1.94748797566506
546 1.93350207672176
547 1.91752969617155
548 1.89968522628432
549 1.88009545193268
550 1.85889865244225
551 1.83624362792489
552 1.81228865693492
553 1.78720039273531
554 1.76115270585671
555 1.73432548097512
556 1.70690337642075
557 1.67907455486066
558 1.6510293938686
559 1.6229591852068
560 1.59505483169536
561 1.56750555053533
562 1.54049759188188
563 1.51421298133446
564 1.48882829482291
565 1.46451347412362
566 1.44143069093924
567 1.41973326712256
568 1.39956465822078
569 1.38105750706545
570 1.36433277363717
571 1.34949894689748
572 1.33665134370668
573 1.32587149933892
574 1.31722665347049
575 1.31076933485636
576 1.3065370472302
577 1.30455205826708
578 1.30482129274246
579 1.30733633030901
580 1.3120735076007
581 1.31899412366487
582 1.32804474702377
583 1.33915762198092
584 1.35225117111986
585 1.36723059029817
586 1.38398853182119
587 1.40240587089336
588 1.4223525498931
589 1.44368849450421
590 1.46626459526541
591 1.48992374767403
592 1.51450194360175
593 1.53982940645254
594 1.56573176221783
595 1.59203123836283
596 1.61854788231212
597 1.64510079119374
598 1.67150934444863
599 1.69759443091738
600 1.72317966207837
601 1.7480925632298
602 1.7721657345822
603 1.79523797445569
604 1.8171553570572
605 1.83777225764325
606 1.85695231825274
607 1.87456934761821
608 1.89050814933011
609 1.90466527283363
610 1.91694968237836
611 1.92728333961275
612 1.93560169611528
613 1.94185409277718
614 1.94600406359399
615 1.94802954208003
616 1.94792296918722
617 1.94569130228268
618 1.94135592541303
619 1.93495246175425
620 1.9265304898081
621 1.91615316555556
622 1.90389675341136
623 1.88985006943459
624 1.87411384083723
625 1.85679998638959
626 1.83803082284588
627 1.81793820300115
628 1.79666259143917
629 1.77435208443682
630 1.7511613808512
631 1.72725071112891
632 1.70278473184093
633 1.6779313933591
634 1.65286078845062
635 1.6277439896739
636 1.60275188351232
637 1.57805400918127
638 1.5538174099889
639 1.53020550502279
640 1.50737698877367
641 1.48548476609512
642 1.46467492963659
643 1.44508578657706
644 1.42684694113203
645 1.41007843890789
646 1.39488997874007
647 1.38138019717566
648 1.36963603025248
649 1.35973215668753
650 1.35173052602202
651 1.34567997468265
652 1.34161593231203
653 1.33956022010095
654 1.33952094222457
655 1.34149247084813
656 1.345455524531
657 1.35137733922261
658 1.35921193041731
659 1.36890044441948
660 1.38037159607022
661 1.39354218970723
662 1.40831771957279
663 1.42459304535595
664 1.44225313805659
665 1.46117389089534
666 1.48122298956626
667 1.50226083574263
668 1.52414151740192
669 1.5467138192364
670 1.56982226616332
671 1.59330819274358
672 1.61701083116317
673 1.64076841032646
674 1.66441925855705
675 1.68780290239907
676 1.71076115406043
677 1.73313918013833
678 1.75478654441641
679 1.77555821771992
680 1.79531554806006
681 1.81392718458816
682 1.83126994921349
683 1.84722965011209
684 1.86170183176614
685 1.87459245662032
686 1.88581851392105
687 1.89530855181234
688 1.90300312929536
689 1.90885518521329
690 1.91283032199573
691 1.91490700248277
692 1.91507665874475
693 1.91334371241527
694 1.90972550665784
695 1.90425215048702
696 1.89696627675864
697 1.88792271572678
698 1.87718808663342
699 1.86484031034718
700 1.85096804659486
701 1.83567005983232
702 1.8190545182742
703 1.80123823104336
704 1.78234582880696
705 1.76250889363468
706 1.7418650441431
707 1.72055698227622
708 1.69873150831479
709 1.67653851090337
710 1.65412993903437
711 1.63165876303057
712 1.60927793162175
713 1.58713933221706
714 1.56539276143205
715 1.54418491283915
716 1.52365838877276
717 1.5039507428367
718 1.4851935595335
719 1.46751157716411
720 1.45102185983419
721 1.43583302405245
722 1.42204452501915
723 1.40974600728248
724 1.39901672398883
725 1.38992502847473
726 1.3825279414452
727 1.37687079645996
728 1.37298696590881
729 1.37089766910349
730 1.37061186355101
731 1.37212621990402
732 1.37542518051422
733 1.38048110094613
734 1.38725447324676
735 1.39569422921428
736 1.40573812137005
737 1.41731317881705
738 1.43033623466651
739 1.44471452123814
740 1.46034632878931
741 1.47712172310929
742 1.49492331692804
743 1.51362708973802
744 1.53310325031396
745 1.5532171359422
746 1.57383014213911
747 1.59480067644881
748 1.61598512976568
749 1.6372388585271
750 1.65841717106742
751 1.67937631141536
752 1.69997443385427
753 1.72007256164694
754 1.73953552345341
755 1.75823286114105
756 1.77603970289901
757 1.7928375958227
758 1.80851529242662
759 1.82296948587339
760 1.83610548907051
761 1.8478378531822
762 1.85809092152878
763 1.86679931529669
764 1.8739083479567
765 1.87937436578122
766 1.8831650123619
767 1.88525941555145
768 1.88564829578551
769 1.88433399527802
770 1.88133042812301
771 1.87666295187311
772 1.87036816169759
773 1.86249360874533
774 1.85309744484933
775 1.84224799620315
776 1.83002326911545
777 1.81651039140104
778 1.80180499339436
779 1.78601053296974
780 1.76923756932112
781 1.75160299058777
782 1.73322920071207
783 1.71424327117623
784 1.69477606348769
785 1.67496132846395
786 1.65493478850829
787 1.6348332091649
788 1.61479346629669
789 1.59495161524008
790 1.57544196825927
791 1.55639618654736
792 1.53794239290471
793 1.52020431106637
794 1.50330043745169
795 1.48734325087216
796 1.47243846545898
797 1.45868433176305
798 1.44617099063767
799 1.43497988414222
800 1.63768322730507
801 1.65434354415876
802 1.67251327101384
803 1.69223442947177
804 1.7135383711961
805 1.73644559596708
806 1.76096564404262
807 1.78709706333987
808 1.81482745144201
809 1.84413357192583
810 1.87357497197081
811 1.90188347528818
812 1.92908032460683
813 1.95514808705906
814 1.98003813583646
815 2.00367661198087
816 2.02596921349352
817 2.04680508092277
818 2.06605998776391
819 2.08359899658095
820 2.09928801511474
821 2.11301083404929
822 2.12467399128404
823 2.13420353967224
824 2.14154287807037
825 2.14665136084889
826 2.14950347336989
827 2.1500884149615
828 2.14840997119493
829 2.14448658725108
830 2.13835151482398
831 2.13005283681256
832 2.11965325244485
833 2.10722964919759
834 2.0928725238918
835 2.0766852932547
836 2.0587835191941
837 2.03929406394579
838 2.01835418363397
839 1.99611056456747
840 1.97271830443526
841 1.94833984080273
842 1.92314383145292
843 1.89730399345623
844 1.87099790927456
845 1.84440580879732
846 1.81770933633237
847 1.79109031146327
848 1.76472949247253
849 1.73880535079668
850 1.71349286476294
851 1.68896234066099
852 1.66537826900753
853 1.64289822363222
854 1.62167181093133
855 1.60183967629355
856 1.5835325743012
857 1.56687050885826
858 1.55196194889896
859 1.5389031247952
860 1.52777741001343
861 1.51865479197634
862 1.51159143546558
863 1.50662934126286
864 1.5037961020722
865 1.50310475709863
866 1.50455374598475
867 1.50812696212879
868 1.51379390473203
869 1.52150992825416
870 1.53121658729654
871 1.54284207429008
872 1.55630174674151
873 1.57149874019186
874 1.58832466246994
875 1.60666036428358
876 1.62637678068694
877 1.6473358374963
878 1.66939141630262
879 1.69239037134917
880 1.71617359120975
881 1.74057709791893
882 1.76543317597285
883 1.7905715234379
884 1.81582041727716
885 1.84100788493097
886 1.86596287416841
887 1.89051641326208
888 1.91450275362703
889 1.93776048720722
890 1.96013363108718
891 1.98147267205093
892 2.00163556410425
893 2.02048867231631
894 2.03790765672105
895 2.0537782904446
896 2.06799720668909
897 2.0804725697027
898 2.09112466539658
899 2.09988640782863
900 2.10670375835653
901 2.11153605486607
902 2.1143562490994
903 2.11515105073836
904 2.11392097753609
905 2.11068031143065
906 2.10545696121395
907 2.09829223296279
908 2.0892405100622
909 2.07836884526089
910 2.06575646778911
911 2.05149420913812
912 2.0356838516427
913 2.01843740452091
914 1.99987631250501
915 1.98013060264025
916 1.95933797523304
917 1.9376428452913
918 1.91519534111875
919 1.89215026699592
920 1.86866603710498
921 1.84490358803005
922 1.82102527728854
923 1.79719377542277
924 1.77357095920226
925 1.75031681345808
926 1.72758834898939
927 1.7055385438519
928 1.68431531515703
929 1.66406052828276
930 1.64490905012244
931 1.62698785267913
932 1.61041517295224
933 1.59529973466338
934 1.58174003693143
935 1.56982371453706
936 1.55962697391637
937 1.55121410849667
938 1.54463709643728
939 1.53993528326913
940 1.53713515134252
941 1.53625017739651
942 1.53728077896081
943 1.54021434969463
944 1.54502538316236
945 1.55167568394617
946 1.56011466440479
947 1.57027972481077
948 1.58209671403824
949 1.59548046743362
950 1.61033541798722
951 1.62655627643639
952 1.64402877547521
953 1.66263047282399
954 1.68223160752693
955 1.70269600350097
956 1.72388201405524
957 1.74564350084
958 1.7678308404694
959 1.79029195189378
960 1.8128733374764
961 1.8354211306572
962 1.8577821430617
963 1.8798049039384
964 1.90134068488048
965 1.92224450290861
966 1.94237609515879
967 1.96160085863203
968 1.97979074871934
969 1.99682513051408
970 2.01259157726225
971 2.02698661067704
972 2.03991637825494
973 2.05129726317278
974 2.06105642281658
975 2.06913225248986
976 2.0754747713676
977 2.0800459282994
978 2.0828198256172
979 2.0837828596657
980 2.08293377734368
981 2.08028364851722
982 2.07585575473846
983 2.06968539527098
984 2.06181961198228
985 2.05231683521084
986 2.04124645324621
987 2.02868830857234
988 2.01473212451282
989 1.9994768663795
990 1.98303004165879
991 1.96550694417176
992 1.94702984750989
993 1.92772715337833
994 1.90773250076801
995 1.88718384212754
996 1.86622249291159
997 1.84499216104507
998 1.82363796296
999 1.80230543293328
1000 1.78113953248011
1001 1.76028366653701
1002 1.7398787131031
1003 1.72006207289702
1004 1.70096674543159
1005 1.68272043771028
1006 1.66544471150925
1007 1.64925417492947
1008 1.63425572358521
1009 1.62054783644281
1010 1.60821993093669
1011 1.59735178157375
1012 1.58801300579277
1013 1.58026262037774
1014 1.57414867123423
1015 1.5697079388315
1016 1.56696572109135
1017 1.56593569497355
1018 1.56661985746862
1019 1.56900854616696
1020 1.57308053903197
1021 1.57880323246721
1022 1.58613289623825
1023 1.59501500329145
1024 1.60538463200852
1025 1.61716693795041
1026 1.6302776916805
1027 1.64462387881737
1028 1.6601043580561
1029 1.67661057251516
1030 1.69402730941695
1031 1.71223350279635
1032 1.7311030736542
1033 1.75050580173489
1034 1.77030822290877
1035 1.79037454598404
1036 1.81056758265846
1037 1.83074968425035
1038 1.85078367882104
1039 1.87053380231661
1040 1.88986661741637
1041 1.90865191387724
1042 1.9267635843076
1043 1.94408046948831
1044 1.96048716758352
1045 1.97587480184536
1046 1.9901417417148
1047 2.00319427255283
1048 2.0149472095988
1049 2.02532445214544
1050 2.03425947433757
1051 2.04169574944342
1052 2.04758710490861
1053 2.05189800598135
1054 2.05460376618963
1055 2.05569068345319
1056 2.05515610112253
1057 2.05300839374928
1058 2.04926687790484
1059 2.04396164887264
1060 2.03713334454092
1061 2.02883283831401
1062 2.01912086333727
1063 2.00806757079116
1064 1.99575202544998
1065 1.98226164211801
1066 1.9676915669473
1067 1.95214400800403
1068 1.93572751978296
1069 1.91855624666858
1070 1.90074913060632
1071 1.88242908847466
1072 1.86372216483951
1073 1.8447566659223
1074 1.82566228072465
1075 1.80656919532158
1076 1.78760720636493
1077 1.76890483982563
1078 1.75058848095085
1079 1.73278152131785
1080 1.71560352873311
1081 1.6991694455535
1082 1.68358882079609
1083 1.66896508115838
1084 1.65539484579106
1085 1.64296728935358
1086 1.63176355754166
1087 1.62185623890678
1088 1.61330889639364
1089 1.60617566160602
1090 1.60050089437571
1091 1.59631890975808
1092 1.59365377411315
1093 1.59251917145645
1094 1.59291834078281
1095 1.59484408458181
1096 1.5982788482787
1097 1.6031948698535
1098 1.60955439841598
1099 1.61730998004891
1100 1.62640480877974
1101 1.6367731401043
1102 1.64834076406838
1103 1.66102553451694
1104 1.67473795074872
1105 1.68938178746893
1106 1.70485476861595
1107 1.72104928035321
1108 1.73785311826439
1109 1.75515026357242
1110 1.77282168302048
1111 1.79074614690781
1112 1.8088010596663
1113 1.82686329729446
1114 1.84481004593567
1115 1.8625196358965
1116 1.87987236544847
1117 1.89675130884271
1118 1.91304310309055
1119 1.92863870822327
1120 1.9434341359402
1121 1.95733114178388
1122 1.97023787624347
1123 1.98206949047984
1124 1.99274869268735
1125 2.00220625145415
1126 2.01038144285401
1127 2.01722243839475
1128 2.02268663135872
1129 2.02674089949683
1130 2.02936180247656
1131 2.03053571293199
1132 2.03025888041949
1133 2.02853742804001
1134 2.02538728194807
1135 2.02083403442275
1136 2.01491274162573
1137 2.00766765761239
1138 1.99915190659043
1139 1.9894270958347
1140 1.97856287206323
1141 1.96663642445566
1142 1.95373193784865
1143 1.93993999997124
1144 1.9253569668844
1145 1.91008429106078
1146 1.89422781678186
1147 1.87789704773814
1148 1.86120439189263
1149 1.84426438880788
1150 1.82719292474055
1151 1.81010644087536
1152 1.79312114010115
1153 1.77635219772584
1154 1.75991298148458
1155 1.74391428611661
1156 1.72846358767168
1157 1.71366432255788
1158 1.69961519615985
1159 1.68640952564101
1160 1.67413462129779
1161 1.66287121055889
1162 1.65269290842071
1163 1.6436657377833
1164 1.63584770280192
1165 1.62928841799966
1166 1.62402879549953
1167 1.62010079233233
1168 1.61752721936274
1169 1.61632161295219
1170 1.61648817004785
1171 1.61802174695344
1172 1.62090792160408
1173 1.62512311873623
1174 1.63063479691782
1175 1.63740169598631
1176 1.6453741430359
1177 1.65449441470251
1178 1.66469715311909
1179 1.67590983255652
1180 1.68805327342957
1181 1.70104220003513
1182 1.71478583810311
1183 1.72918854798139
1184 1.74415048904599
1185 1.75956831072836
1186 1.77533586538419
1187 1.79134493809348
1188 1.80748598838119
1189 1.82364889878091
1190 1.83972372513286
1191 1.85560144351016
1192 1.87117468870565
1193 1.8863384792832
1194 1.90099092430389
1195 1.91503390697608
1196 1.928373740649
1197 1.94092179277129
1198 1.95259507266616
1199 1.96331677923307
1200 1.97301680496977
