1 2
2 2
3 2
4 2
5 2
6 2
7 2
8 2
9 2
10 2
11 2
12 2
13 2
14 2
15 2
16 2
17 2
18 2
19 2
20 2
21 2
22 2
23 2
24 2
25 2
26 2
27 2
28 2
29 2
30 2.25
31 2.2747
32 2.3007
33 2.3267
34 2.3527
35 2.3787
36 2.4047
37 2.4307
38 2.4567
39 2.4827
40 2.5076319786625
41 2.53061621551548
42 2.55178584568815
43 2.57123042734973
44 2.58901494093233
45 2.6051854322843
46 2.61977342191956
47 2.63279932864178
48 2.64427512595423
49 2.65420640135941
50 2.66259851370428
51 2.66946489207287
52 2.67482877336148
53 2.67872094666563
54 2.68117820663676
55 2.68224225819143
56 2.68195894392711
57 2.68037770030641
58 2.67755117458706
59 2.67353495351805
60 2.66838734927573
61 2.66216917346008
62 2.65494346228474
63 2.64677516476194
64 2.63773081550824
65 2.62787820508337
66 2.6172860553637
67 2.60602370395721
68 2.59416079947341
69 2.58176700813708
70 2.56891173156425
71 2.55566383546388
72 2.54209138939758
73 2.52826141811516
74 2.51423966515834
75 2.50009036942884
76 2.48587605533705
77 2.47165733703525
78 2.45749273712208
79 2.4434385200969
80 2.42954854075046
81 2.41587410760072
82 2.40246386141566
83 2.38936366880425
84 2.37661653079746
85 2.3642625062842
86 2.35233865011031
87 2.34087896559501
88 2.32991437116687
89 2.31947268077286
90 2.3095785976681
91 2.30025372115225
92 2.29151656577924
93 2.28338259253225
94 2.27586425142371
95 2.26897103495183
96 2.26270954181998
97 2.25708355030349
98 2.25209410063
99 2.2477395857242
100 2.24401584965607
101 2.24091629312252
102 2.23843198528687
103 2.23655178129782
104 2.23526244480944
105 2.23454877482698
106 2.23439373620866
107 2.23477859316176
108 2.23568304508221
109 2.23708536409932
110 2.23896253370295
111 2.24129038784695
112 2.24404374994228
113 2.24719657117356
114 2.25072206759547
115 2.25459285548903
116 2.25878108448321
117 2.26325856797327
118 2.26799691039497
119 2.27296763094149
120 2.2781422833393
121 2.28349257132825
122 2.28899045952136
123 2.29460827934983
124 2.30031882982926
125 2.30609547291332
126 2.31191222323157
127 2.31774383203814
128 2.32356586522767
129 2.32935477530433
130 2.33508796721841
131 2.3407438580132
132 2.34630193025206
133 2.35174277922234
134 2.35704815393835
135 2.36220099199021
136 2.36718544830909
137 2.37198691794181
138 2.37659205294924
139 2.38098877356283
140 2.3851662737527
141 2.38911502137831
142 2.39282675310886
143 2.3962944643157
144 2.39951239415257
145 2.40247600605173
146 2.40518196387495
147 2.40762810396784
148 2.40981340337433
149 2.41173794447461
150 2.41340287631583
151 2.41481037290872
152 2.41596358876644
153 2.41686661196366
154 2.4175244149944
155 2.41794280370646
156 2.41812836458878
157 2.41808841068476
158 2.41783092640135
159 2.41736451147833
160 2.41669832437681
161 2.41584202533935
162 2.41480571936652
163 2.41359989934674
164 2.41223538956734
165 2.41072328982533
166 2.40907492034629
167 2.40730176770927
168 2.40541543196464
169 2.4034275751204
170 2.4013498711608
171 2.39919395774909
172 2.39697138975413
173 2.39469359472827
174 2.39237183045131
175 2.3900171446432
176 2.38764033693534
177 2.38525192317828
178 2.38286210215113
179 2.38048072472589
180 2.37811726552813
181 2.37578079712366
182 2.37347996674938
183 2.37122297559571
184 2.36901756063685
185 2.36687097899529
186 2.36478999481659
187 2.36278086862135
188 2.36084934909216
189 2.35900066724461
190 2.35723953292378
191 2.35557013355984
192 2.35399613510949
193 2.3525206851037
194 2.35114641771608
195 2.34987546076107
196 2.34870944452631
197 2.34764951233944
198 2.34669633276567
199 2.3458501133297
200 2.34511061565276
201 2.34447717189366
202 2.34394870238112
203 2.34352373432384
204 2.34320042148413
205 2.34297656470101
206 2.34284963314913
207 2.34281678622085
208 2.34287489592008
209 2.34302056965821
210 2.34325017334486
211 2.34355985466837
212 2.34394556646398
213 2.3444030900709
214 2.34492805858279
215 2.34551597989993
216 2.34616225949551
217 2.34686222281258
218 2.34761113721245
219 2.34840423340024
220 2.3492367262578
221 2.350103835019
222 2.35100080272757
223 2.35192291492251
224 2.35286551750121
225 2.35382403371551
226 2.35479398026113
227 2.35577098242586
228 2.35675078826699
229 2.35772928179362
230 2.35870249513412
231 2.35966661967416
232 2.36061801615529
233 2.36155322372866
234 2.36246896796301
235 2.36336216781037
236 2.36422994153699
237 2.36506961163112
238 2.36587870870291
239 2.3666549743955
240 2.36739636332953
241 2.36810104410671
242 2.36876739940089
243 2.369394025168
244 2.36997972900848
245 2.37052352771852
246 2.37102464406819
247 2.37148250284634
248 2.37189672621425
249 2.37226712841075
250 2.37259370985313
251 2.37287665067905
252 2.37311630377524
253 2.37331318733941
254 2.37346797702206
255 2.37358149769503
256 2.37365471489335
257 2.37368872597712
258 2.37368475105898
259 2.37364412374289
260 2.37356828171849
261 2.37345875725473
262 2.37331716763527
263 2.37314520557686
264 2.37294462967057
265 2.37271725488436
266 2.37246494316374
267 2.37218959416572
268 2.37189313615943
269 2.37157751712488
270 2.37124469607964
271 2.37089663466094
272 2.37053528898904
273 2.37016260183528
274 2.36978049511662
275 2.36939086273586
276 2.36899556378514
277 2.36859641612791
278 2.36819519037249
279 2.36779360424856
280 2.36739331739547
281 2.36699592656954
282 2.36660296127555
283 2.3662158798255
284 2.36583606582608
285 2.36546482509436
286 2.36510338299948
287 2.36475288222655
288 2.3644143809571
289 2.36408885145941
290 2.36377717907996
291 2.36348016162642
292 2.36319850913113
293 2.36293284398271
294 2.36268370141268
295 2.36245153032262
296 2.36223669443675
297 2.36203947376395
298 2.36186006635235
299 2.36169859031935
300 2.36155508613901
301 2.36142951916861
302 2.36132178239568
303 2.3612316993866
304 2.36115902741768
305 2.36110346076958
306 2.36106463416582
307 2.36104212633638
308 2.3610354636873
309 2.36104412405778
310 2.36106754054599
311 2.36110510538592
312 2.36115617385724
313 2.36122006821123
314 2.36129608159599
315 2.36138348196492
316 2.36148151595301
317 2.36158941270611
318 2.36170638764915
319 2.36183164617998
320 2.36196438727624
321 2.36210380700344
322 2.36224910191339
323 2.36239947232274
324 2.36255412546239
325 2.36271227848932
326 2.36287316135331
327 2.36303601951168
328 2.36320011648639
329 2.36336473625828
330 2.36352918549441
331 2.36369279560511
332 2.3638549246282
333 2.36401495893866
334 2.36417231478275
335 2.36432643963647
336 2.36447681338875
337 2.36462294935073
338 2.36476439509292
339 2.36490073311279
340 2.36503158133599
341 2.3651565934549
342 2.36527545910864
343 2.36538790390951
344 2.36549368932089
345 2.36559261239237
346 2.36568450535809
347 2.3657692351047
348 2.36584670251561
349 2.36591684169862
350 2.36597961910393
351 2.36603503254025
352 2.36608311009625
353 2.36612390897532
354 2.36615751425127
355 2.36618403755289
356 2.36620361568522
357 2.36621640919535
358 2.36622260089055
359 2.36622239431656
360 2.36621601220353
361 2.36620369488719
362 2.36618569871254
363 2.36616229442725
364 2.36613376557172
365 2.36610040687247
366 2.36606252264536
367 2.36602042521488
368 2.36597443335539
369 2.36592487075998
370 2.3658720645422
371 2.36581634377579
372 2.36575803807699
373 2.36569747623374
374 2.36563498488585
375 2.36557088725978
376 2.36550550196127
377 2.36543914182875
378 2.36537211285024
379 2.36530471314587
380 2.36523723201792
381 2.3651699490701
382 2.36510313339696
383 2.36503704284469
384 2.36497192334359
385 2.36490800831258
386 2.3648455181357
387 2.36478465971023
388 2.36472562606577
389 2.36466859605339
390 2.36461373410382
391 2.36456119005304
392 2.36451109903385
393 2.36446358143151
394 2.36441874290139
395 2.36437667444641
396 2.36433745255194
397 2.3643011393755
398 2.36426778298872
399 2.36423741766861
400 2.11423741766861
401 2.06481308386692
402 2.01279176478758
403 1.96077344332645
404 1.90875809067755
405 1.856745666857
406 1.80473612125465
407 1.75272939321014
408 1.70072541261027
409 1.64872410050436
410 1.59779327421587
411 1.54891799529393
412 1.50215262723673
413 1.45756743710038
414 1.41523094382748
415 1.37520967556161
416 1.33756796388376
417 1.30236781526415
418 1.2696688411107
419 1.23952823198676
420 1.21199620265201
421 1.2
422 1.2
423 1.2
424 1.2
425 1.2
426 1.2
427 1.2
428 1.2
429 1.2
430 1.2
431 1.20057173328836
432 1.20319282206189
433 1.20763928801198
434 1.21372567272045
435 1.22129684096093
436 1.23022180009725
437 1.24038886014717
438 1.25170183940616
439 1.26407708569802
440 1.27744113408831
441 1.29172641895216
442 1.3068617335064
443 1.32276819002637
444 1.33936225473489
445 1.35655789470613
446 1.3742681071126
447 1.39240599775909
448 1.41088553209523
449 1.42962204934251
450 1.44853260620427
451 1.4675362091629
452 1.4865540128086
453 1.50550954403661
454 1.52432894982099
455 1.54294124355348
456 1.56127853563503
457 1.57927624076638
458 1.59687325871737
459 1.61401212804072
460 1.63063915377619
461 1.64670451100128
462 1.66216232621496
463 1.67697073811871
464 1.6910919388123
465 1.70449219610343
466 1.71714185753627
467 1.72901533676122
468 1.74009108293225
469 1.75035153389195
470 1.75978305396897
471 1.76837585725988
472 1.77612391729711
473 1.78302486401991
474 1.78907986897326
475 1.79429351966382
476 1.79867368400491
477 1.80223136578361
478 1.80498055208268
479 1.80693805358672
480 1.80812333869619
481 1.80855836236358
482 1.80826739055396
483 1.80727682121633
484 1.80561500263423
485 1.80331205000265
486 1.80039966105492
487 1.796910931537
488 1.79288017129881
489 1.78834272174165
490 1.78333477532902
491 1.77789319783434
492 1.77205535396379
493 1.76585893695619
494 1.75934180272392
495 1.75254180906041
496 1.74549666040048
497 1.73824375857963
498 1.73082005999815
499 1.72326193955544
500 1.71560506167908
501 1.7078842587328
502 1.70013341704721
503 1.69238537077728
504 1.68467180375123
505 1.67702315943693
506 1.66946855911429
507 1.66203572830495
508 1.65475093147538
509 1.64763891499448
510 1.64072285829378
511 1.63402433314643
512 1.62756327095068
513 1.62135793787455
514 1.61542491769148
515 1.6097791021105
516 1.60443368838103
517 1.5994001839299
518 1.59468841776787
519 1.59030655838411
520 1.58626113783036
521 1.58255708168153
522 1.5791977445459
523 1.57618495078708
524 1.57351904010987
525 1.57119891765455
526 1.56922210823765
527 1.56758481437311
528 1.56628197770472
529 1.5653073434796
530 1.5646535276928
531 1.56431208653507
532 1.56427358777908
533 1.56452768374402
534 1.56506318548471
535 1.56586813785831
536 1.56692989513044
537 1.56823519679192
538 1.5697702432677
539 1.57152077121137
540 1.57347212809073
541 1.57560934578305
542 1.57791721291264
543 1.58038034567745
544 1.58298325692678
545 1.58571042326734
546 1.58854634999079
547 1.59147563363203
548 1.59448302198381
549 1.59755347140972
550 1.60067220131411
551 1.60382474564426
552 1.60699700131635
553 1.61017527347333
554 1.61334631749896
555 1.61649737772807
556 1.61961622280907
557 1.62269117768946
558 1.62571115221052
559 1.62866566631133
560 1.63154487185638
561 1.63433957111436
562 1.6370412319284
563 1.63964199963032
564 1.64213470576295
565 1.6445128736854
566 1.64677072114637
567 1.6489031599202
568 1.65090579260882
569 1.65277490672118
570 1.65450746614881
571 1.65610110016268
572 1.65755409006255
573 1.65886535361498
574 1.66003442742041
575 1.6610614473536
576 1.66194712722431
577 1.66269273580761
578 1.66330007239446
579 1.66377144101423
580 1.66410962348088
581 1.66431785141427
582 1.66439977738664
583 1.66435944534334
584 1.66420126044387
585 1.66392995846735
586 1.6635505749229
587 1.66306841400177
588 1.66248901750426
589 1.66181813386952
590 1.66106168743191
591 1.66022574802198
592 1.6593165010249
593 1.65834021800325
594 1.65730322798518
595 1.65621188951245
596 1.65507256353678
597 1.65389158724633
598 1.65267524889713
599 1.6514297637182
600 1.65016125095163
601 1.6488757120827
602 1.64757901030782
603 1.64627685128177
604 1.64497476517879
605 1.64367809009542
606 1.64239195681684
607 1.64112127496171
608 1.6398707205147
609 1.63864472474957
610 1.63744746454011
611 1.63628285405059
612 1.6351545377918
613 1.634065885024
614 1.63301998548281
615 1.6320196464
616 1.6310673907861
617 1.6301654569385
618 1.62931579913428
619 1.628520089464
620 1.62777972075927
621 1.62709581056428
622 1.62646920609858
623 1.62590049015669
624 1.62538998788755
625 1.6249377743957
626 1.62454368310437
627 1.62420731481995
628 1.62392804743606
629 1.62370504621552
630 1.62353727458783
631 1.62342350540005
632 1.62336233255919
633 1.62335218300482
634 1.62339132895136
635 1.62347790034031
636 1.62360989744439
637 1.62378520356626
638 1.62400159777671
639 1.62425676763866
640 1.62454832186517
641 1.62487380286191
642 1.62523069910666
643 1.62561645732071
644 1.62602849438942
645 1.62646420899173
646 1.62692099290114
647 1.62739624192303
648 1.6278873664362
649 1.62839180150903
650 1.6289070165636
651 1.62943052456377
652 1.62995989070597
653 1.63049274059444
654 1.63102676788522
655 1.6315597413858
656 1.63208951160051
657 1.63261401671366
658 1.63313128800573
659 1.63363945469975
660 1.63413674823796
661 1.63462150599094
662 1.63509217440353
663 1.63554731158441
664 1.63598558934772
665 1.63640579471769
666 1.63680683090836
667 1.63718771779291
668 1.63754759187814
669 1.6378857058015
670 1.63820142736918
671 1.63849423815528
672 1.63876373168281
673 1.63900961120872
674 1.63923168713557
675 1.63942987407352
676 1.63960418757682
677 1.6397547405794
678 1.63988173955465
679 1.63998548042478
680 1.64006634424508
681 1.64012479268871
682 1.64016136335735
683 1.64017666494317
684 1.64017137226681
685 1.64014622121635
686 1.64010200361128
687 1.64003956201513
688 1.63995978451987
689 1.63986359952452
690 1.63975197052939
691 1.63962589096695
692 1.63948637908918
693 1.63933447293039
694 1.63917122536362
695 1.63899769926761
696 1.63881496282029
697 1.63862408493381
698 1.63842613084483
699 1.63822215787279
700 1.63801321135784
701 1.63780032078861
702 1.63758449612947
703 1.6373667243551
704 1.63714796619954
705 1.63692915312572
706 1.63671118451998
707 1.63649492511557
708 1.63628120264759
709 1.63607080574096
710 1.63586448203215
711 1.63566293652403
712 1.63546683017278
713 1.63527677870434
714 1.63509335165751
715 1.6349170716496
716 1.63474841386008
717 1.63458780572665
718 1.63443562684766
719 1.63429220908418
720 1.63415783685429
721 1.63403274761177
722 1.63391713250083
723 1.63381113717804
724 1.63371486279237
725 1.63362836711377
726 1.63355166580054
727 1.63348473379552
728 1.63342750684073
729 1.63337988310047
730 1.63334172488205
731 1.63331286044408
732 1.63329308588162
733 1.63328216707791
734 1.63327984171232
735 1.63328582131436
736 1.63329979335367
737 1.63332142335632
738 1.63335035703761
739 1.63338622244221
740 1.63342863208259
741 1.63347718506694
742 1.63353146920833
743 1.63359106310701
744 1.63365553819832
745 1.63372446075897
746 1.63379739386485
747 1.63387389929414
748 1.63395353936974
749 1.63403587873551
750 1.63412048606145
751 1.63420693567324
752 1.63429480910203
753 1.63438369655095
754 1.63447319827522
755 1.63456292587311
756 1.6346525034857
757 1.63474156890348
758 1.63482977457866
759 1.63491678854224
760 1.63500229522533
761 1.63508599618479
762 1.63516761073339
763 1.63524687647533
764 1.6353235497482
765 1.63539740597267
766 1.63546823991189
767 1.63553586584254
768 1.63560011763983
769 1.63566084877927
770 1.63571793225793
771 1.63577126043838
772 1.63582074481859
773 1.63586631573137
774 1.63590792197692
775 1.63594553039243
776 1.63597912536259
777 1.63600870827513
778 1.63603429692547
779 1.63605592487473
780 1.63607364076539
781 1.6360875075987
782 1.63609760197842
783 1.63610401332485
784 1.6361068430636
785 1.6361062037933
786 1.63610221843627
787 1.63609501937634
788 1.63608474758776
789 1.63607155175906
790 1.63605558741569
791 1.63603701604501
792 1.6360160042272
793 1.63599272277539
794 1.63596734588826
795 1.63594005031814
796 1.63591101455752
797 1.63588041804655
798 1.63584844040423
799 1.63581526068545
800 1.77293105666618
801 1.7852460041586
802 1.79821027635817
803 1.81117404322392
804 1.82413747089362
805 1.83710072113487
806 1.85006395083315
807 1.86302731151761
808 1.87599094892536
809 1.88895500260451
810 1.90133368905075
811 1.91264964804606
812 1.92298515218161
813 1.93239721609912
814 1.94092808461365
815 1.94860859075589
816 1.95546077877195
817 1.96149994230746
818 1.96673620730306
819 1.97117576048363
820 1.97482430509713
821 1.97769165325193
822 1.97979267303292
823 1.98114603495022
824 1.98177335938427
825 1.98169862016578
826 1.98094773046522
827 1.97954825722969
828 1.97752922534228
829 1.97492098363695
830 1.97175510221744
831 1.96806426283228
832 1.96388212216294
833 1.95924315476958
834 1.95418248775347
835 1.94873573428753
836 1.94293883012271
837 1.93682787522164
838 1.93043898145109
839 1.92380812653483
840 1.91697101410448
841 1.90996293966324
842 1.90281866248636
843 1.89557228369815
844 1.88825713086343
845 1.88090564943366
846 1.87354930134556
847 1.86621847100893
848 1.85894237885772
849 1.85174900258128
850 1.84466500610402
851 1.83771567634208
852 1.8309248677313
853 1.8243149544903
854 1.81790679055288
855 1.81171967707525
856 1.80577133739547
857 1.80007789929578
858 1.79465388439244
859 1.7895122044541
860 1.78466416442712
861 1.78011947192606
862 1.77588625292873
863 1.77197107339872
864 1.76837896654308
865 1.76511346539962
866 1.76217664043712
867 1.75956914184142
868 1.75729024615291
869 1.75533790691411
870 1.75370880898139
871 1.75239842615193
872 1.75140108175505
873 1.75071001185731
874 1.75031743073196
875 1.75021459824608
876 1.75039188882294
877 1.7508388616424
878 1.7515443317488
879 1.75249644174338
880 1.75368273374723
881 1.75509022133038
882 1.75670546111321
883 1.75851462375828
884 1.76050356408235
885 1.76265789003188
886 1.76496303027847
887 1.76740430020499
888 1.7699669660676
889 1.77263630713379
890 1.77539767561195
891 1.77823655420305
892 1.78113861112115
893 1.78408975244466
894 1.7870761716764
895 1.79008439640582
896 1.79310133198268
897 1.79611430212661
898 1.79911108641233
899 1.80207995458504
900 1.80500969767529
901 1.80788965589666
902 1.81070974332338
903 1.81346046935835
904 1.81613295701488
905 1.81871895804762
906 1.82121086497984
907 1.82360172008546
908 1.82588522139461
909 1.82805572580112
910 1.83010824935999
911 1.83203846487077
912 1.8338426968512
913 1.83551791401187
914 1.83706171934978
915 1.83847233798376
916 1.83974860286009
917 1.84088993846071
918 1.84189634265019
919 1.84276836680045
920 1.84350709433446
921 1.84411411783168
922 1.84459151483921
923 1.84494182253255
924 1.8451680113699
925 1.84527345788295
926 1.84526191674568
927 1.84513749226083
928 1.84490460940104
929 1.84456798453914
930 1.84413259599812
931 1.84360365454803
932 1.84298657397265
933 1.84228694182408
934 1.84151049047889
935 1.84066306860394
936 1.83975061313475
937 1.83877912186359
938 1.83775462672858
939 1.83668316788898
940 1.83557076866587
941 1.83442341142084
942 1.83324701443922
943 1.83204740987777
944 1.83083032283034
945 1.82960135155872
946 1.82836594892916
947 1.82712940508908
948 1.82589683141187
949 1.82467314573182
950 1.82346305888476
951 1.82227106256458
952 1.82110141849968
953 1.81995814894796
954 1.81884502850364
955 1.81776557720408
956 1.81672305491967
957 1.8157204570054
958 1.81476051118812
959 1.81384567565956
960 1.81297813834085
961 1.8121598172812
962 1.81139236214959
963 1.81067715677559
964 1.81001532269235
965 1.80940772363262
966 1.80885497092619
967 1.80835742974549
968 1.80791522614412
969 1.80752825483222
970 1.80719618763089
971 1.8069184825478
972 1.80669439341492
973 1.80652298002954
974 1.80640311873943
975 1.8063335134134
976 1.80631270673877
977 1.80633909178829
978 1.80641092379944
979 1.80652633211072
980 1.80668333220034
981 1.80687983777439
982 1.8071136728533
983 1.80738258380699
984 1.80768425129117
985 1.80801630203917
986 1.8083763204661
987 1.80876186004412
988 1.80917045441015
989 1.80959962816975
990 1.81004690736337
991 1.81050982956374
992 1.81098595357586
993 1.81147286871344
994 1.81196820362858
995 1.81246963467386
996 1.81297489377879
997 1.81348177582522
998 1.81398814550871
999 1.81449194367563
1000 1.81499119312819
1001 1.81548400389196
1002 1.81596857794302
1003 1.81644321339398
1004 1.81690630814056
1005 1.81735636297245
1006 1.81779198415419
1007 1.81821188548404
1008 1.81861488984032
1009 1.81899993022674
1010 1.81936605032978
1011 1.81971240460279
1012 1.82003825789284
1013 1.8203429846277
1014 1.82062606758163
1015 1.82088709623947
1016 1.82112576477984
1017 1.82134186969892
1018 1.82153530709683
1019 1.82170606964974
1020 1.82185424329074
1021 1.82198000362337
1022 1.82208361209172
1023 1.82216541193129
1024 1.82222582392474
1025 1.8222653419868
1026 1.82228452860231
1027 1.82228401014123
1028 1.82226447207407
1029 1.82222665411087
1030 1.82217134528623
1031 1.82209937901254
1032 1.82201162812268
1033 1.82190899992298
1034 1.82179243127632
1035 1.82166288373453
1036 1.82152133873833
1037 1.82136879290213
1038 1.82120625340011
1039 1.82103473346904
1040 1.82085524804211
1041 1.82066880952729
1042 1.82047642374243
1043 1.8202790860183
1044 1.82007777747985
1045 1.81987346151469
1046 1.81966708043672
1047 1.81945955235203
1048 1.81925176823262
1049 1.81904458920301
1050 1.81883884404331
1051 1.81863532691158
1052 1.81843479528713
1053 1.81823796813565
1054 1.81804552429588
1055 1.81785810108685
1056 1.81767629313369
1057 1.8175006514093
1058 1.81733168248826
1059 1.81716984800876
1060 1.81701556433746
1061 1.81686920243171
1062 1.8167310878927
1063 1.81660150120295
1064 1.81648067814044
1065 1.81636881036194
1066 1.81626604614687
1067 1.81617249129347
1068 1.81608821015797
1069 1.81601322682785
1070 1.81594752641945
1071 1.8158910564905
1072 1.81584372855771
1073 1.81580541970951
1074 1.81577597430414
1075 1.81575520574305
1076 1.8157428983098
1077 1.81573880906457
1078 1.81574266978473
1079 1.81575418894169
1080 1.81577305370489
1081 1.81579893196361
1082 1.81583147435777
1083 1.81587031630902
1084 1.81591508004388
1085 1.81596537660076
1086 1.81602080781333
1087 1.81608096826285
1088 1.81614544719252
1089 1.81621383037736
1090 1.81628570194347
1091 1.81636064613094
1092 1.81643824899517
1093 1.81651810004181
1094 1.81659979379068
1095 1.81668293126512
1096 1.81676712140281
1097 1.81685198238531
1098 1.81693714288361
1099 1.81702224321733
1100 1.81710693642608
1101 1.81719088925142
1102 1.81727378302859
1103 1.81735531448745
1104 1.81743519646252
1105 1.8175131585123
1106 1.81758894744859
1107 1.8176623277766
1108 1.8177330820473
1109 1.8178010111235
1110 1.81786593436159
1111 1.81792768971115
1112 1.81798613373483
1113 1.81804114155116
1114 1.81809260670334
1115 1.81814044095687
1116 1.81818457402958
1117 1.81822495325731
1118 1.81826154319896
1119 1.81829432518458
1120 1.81832329681034
1121 1.81834847138432
1122 1.81836987732706
1123 1.81838755753088
1124 1.81840156868212
1125 1.81841198055029
1126 1.81841887524817
1127 1.81842234646698
1128 1.81842249869058
1129 1.81841944639264
1130 1.81841331322068
1131 1.8184042311708
1132 1.81839233975673
1133 1.81837778517697
1134 1.81836071948323
1135 1.81834129975389
1136 1.81831968727535
1137 1.81829604673459
1138 1.81827054542576
1139 1.81824335247361
1140 1.81821463807629
1141 1.8181845727701
1142 1.81815332671823
1143 1.81812106902582
1144 1.81808796708298
1145 1.81805418593779
1146 1.81801988770046
1147 1.81798523098038
1148 1.81795037035693
1149 1.81791545588524
1150 1.81788063263758
1151 1.81784604028118
1152 1.81781181269277
1153 1.81777807761031
1154 1.81774495632193
1155 1.81771256339212
1156 1.817681006425
1157 1.81765038586438
1158 1.81762079483004
1159 1.81759231898982
1160 1.81756503646664
1161 1.81753901777973
1162 1.81751432581907
1163 1.81749101585203
1164 1.81746913556101
1165 1.81744872511088
1166 1.81742981724499
1167 1.81741243740821
1168 1.81739660389565
1169 1.81738232802559
1170 1.817369614335
1171 1.81735846079608
1172 1.81734885905225
1173 1.81734079467191
1174 1.81733424741826
1175 1.81732919153369
1176 1.8173255960368
1177 1.81732342503069
1178 1.81732263802062
1179 1.81732319023959
1180 1.81732503298005
1181 1.81732811393039
1182 1.81733237751445
1183 1.8173377652327
1184 1.81734421600355
1185 1.81735166650342
1186 1.81736005150422
1187 1.81736930420693
1188 1.8173793565701
1189 1.81739013963194
1190 1.81740158382514
1191 1.81741361928321
1192 1.81742617613738
1193 1.8174391848033
1194 1.81745257625655
1195 1.81746628229632
1196 1.81748023579664
1197 1.81749437094435
1198 1.81750862346359
1199 1.81752293082607
1200 1.81753723244694
