1 2
2 2
3 2
4 2
5 2
6 2
7 2
8 2
9 2
10 2
11 2
12 2
13 2
14 2
15 2
16 2
17 2
18 2
19 2
20 2
21 2
22 2
23 2
24 2
25 2
26 2
27 2
28 2
29 2
30 2.25
31 2.2872
32 2.3247
33 2.3622
34 2.3997
35 2.4372
36 2.4747
37 2.5122
38 2.5497
39 2.5872
40 2.62228965144375
41 2.65293525519502
42 2.67937807662408
43 2.70179724791703
44 2.72032729172399
45 2.7350682262553
46 2.74609342594514
47 2.75345573307408
48 2.75719220753917
49 2.75732781634401
50 2.75390153681255
51 2.74700433563128
52 2.73678397538599
53 2.72342965921388
54 2.70716095621898
55 2.68821981677746
56 2.66686484319355
57 2.64336719953003
58 2.61800770704978
59 2.5910747925164
60 2.56286282209171
61 2.53367014336952
62 2.50379651722644
63 2.47354017107625
64 2.44319479000062
65 2.41304662825973
66 2.38337183692968
67 2.35443404836984
68 2.3264822245975
69 2.29974875726173
70 2.27444779896053
71 2.25077380990469
72 2.2289003162015
73 2.20897888621124
74 2.19113833437354
75 2.17548415969745
76 2.16209822184933
77 2.15103865316824
78 2.14234000085901
79 2.13601359042017
80 2.13204809911164
81 2.1304103267824
82 2.13104615034286
83 2.13388164728084
84 2.13882437273574
85 2.1457647737585
86 2.15457772355669
87 2.16512415782469
88 2.17725279474062
89 2.19080191990475
90 2.20560121740404
91 2.22147362830464
92 2.23823721817989
93 2.25570703575547
94 2.27369694537925
95 2.29202141678792
96 2.31049725653526
97 2.32894526645684
98 2.34719181566342
99 2.3650703137672
100 2.38242257433875
101 2.3991000589523
102 2.41496499358943
103 2.42989135061895
104 2.44376569104094
105 2.45648786315865
106 2.46797155531094
107 2.47814470174534
108 2.48694974212541
109 2.4943437365329
110 2.50029833913486
111 2.50479963492633
112 2.50784784512186
113 2.50945690784505
114 2.50965394174628
115 2.50847860105935
116 2.50598233138156
117 2.5022275361255
118 2.49728666414073
119 2.49124122943835
120 2.48418077427032
121 2.47620178701834
122 2.46740658643635
123 2.45790218376786
124 2.4477991341291
125 2.43721038831426
126 2.42625015584659
127 2.41503278967404
128 2.40367170239738
129 2.3922783233298
130 2.3809611050275
131 2.36982458720938
132 2.35896852520897
133 2.34848708928197
134 2.33846814023792
135 2.32899258598286
136 2.32013382266098
137 2.31195726317627
138 2.30451995496823
139 2.29787028801844
140 2.29204779318394
141 2.2870830300985
142 2.28299756305928
143 2.27980402253328
144 2.27750624917889
145 2.27609951659104
146 2.2755708283471
147 2.27589928435941
148 2.27705651103396
149 2.27900714929399
150 2.28170939415687
151 2.28511557925146
152 2.28917279943438
153 2.29382356450543
154 2.29900647693511
155 2.30465692649973
156 2.31070779476916
157 2.31709016250721
158 2.32373401322192
159 2.33056892633855
160 2.33752475375824
161 2.34453227390634
162 2.35152381776034
163 2.35843386177422
164 2.36519958307864
165 2.37176137282811
166 2.37806330408359
167 2.38405355115404
168 2.3896847578696
169 2.39491435281548
170 2.39970481011435
171 2.4040238549005
172 2.40784461317663
173 2.41114570627773
174 2.41391129068328
175 2.41613104441237
176 2.41780010170482
177 2.41891893812866
178 2.41949320865961
179 2.41953354164685
180 2.41905529190987
181 2.41807825650132
182 2.41662635691904
183 2.41472729175549
184 2.41241216393447
185 2.4097150868023
186 2.40667277341481
187 2.40332411339182
188 2.3997097416995
189 2.39587160366849
190 2.39185252046456
191 2.38769575909951
192 2.38344461090726
193 2.37914198221409
194 2.37483000070713
195 2.37054964075378
196 2.36634037064998
197 2.36223982448051
198 2.35828350096308
199 2.35450449132336
200 2.35093323791398
201 2.34759732494942
202 2.34452130238559
203 2.34172654362958
204 2.33923113742528
205 2.33704981392841
206 2.33519390466066
207 2.33367133572274
208 2.33248665334989
209 2.33164108061557
210 2.33113260383
211 2.33095608694296
212 2.33110341204555
213 2.33156364387569
214 2.33232321606705
215 2.33336613674275
216 2.3346742109431
217 2.33622727729179
218 2.33800345624717
219 2.33997940725395
220 2.34213059210577
221 2.34443154185004
222 2.34685612461115
223 2.34937781177729
224 2.35196994008665
225 2.35460596725998
226 2.35725971895715
227 2.35990562498223
228 2.36251894282467
229 2.3650759667999
230 2.36755422123967
231 2.36993263637894
232 2.372191705789
233 2.3743136244149
234 2.37628240648588
235 2.37808398277911
236 2.37970627692721
237 2.38113926066698
238 2.38237498812852
239 2.38340760945882
240 2.38423336426034
241 2.3848505555014
242 2.38525950472019
243 2.38546248949655
244 2.38546366430429
245 2.38526896598102
246 2.3848860051609
247 2.38432394510897
248 2.38359336947186
249 2.38270614051984
250 2.38167524949849
251 2.38051466073493
252 2.37923915115424
253 2.37786414685595
254 2.37640555837979
255 2.37487961625429
256 2.37330270837188
257 2.37169122067186
258 2.37006138253724
259 2.36842911822596
260 2.36680990556078
261 2.36521864299776
262 2.36366952608106
263 2.36217593417347
264 2.36075032822899
265 2.35940416024681
266 2.35814779491722
267 2.35699044383937
268 2.35594011256156
269 2.35500356056581
270 2.35418627419291
271 2.35349245238227
272 2.35292500498317
273 2.35248556328321
274 2.35217450229414
275 2.35199097423852
276 2.35193295259071
277 2.35199728594578
278 2.35217976091788
279 2.35247517320856
280 2.3528774059333
281 2.35337951425303
282 2.35397381532616
283 2.35465198257511
284 2.35540514325048
285 2.35622397827489
286 2.35709882335683
287 2.35801977038265
288 2.35897676812169
289 2.35995972131411
290 2.3609585872538
291 2.3619634690288
292 2.36296470463749
293 2.36395295126101
294 2.36491926403931
295 2.36585516876925
296 2.36675272801773
297 2.36760460021983
298 2.36840409141111
299 2.36914519932262
300 2.36982264964771
301 2.37043192436901
302 2.37096928211216
303 2.37143177056924
304 2.37181723110832
305 2.372124295756
306 2.37235237680611
307 2.37250164937007
308 2.37257302724152
309 2.37256813250027
310 2.37248925932674
311 2.3723393325393
312 2.37212186140125
313 2.37184088927284
314 2.37150093970615
315 2.37110695959629
316 2.3706642600124
317 2.37017845533514
318 2.36965540132524
319 2.369101132739
320 2.36852180109299
321 2.36792361316095
322 2.36731277076183
323 2.3666954123692
324 2.36607755703954
325 2.3654650511202
326 2.36486351815823
327 2.36427831238844
328 2.36371447613426
329 2.36317670140809
330 2.36266929594994
331 2.36219615389394
332 2.36176073120328
333 2.3613660259649
334 2.36101456358666
335 2.36070838689224
336 2.36044905106293
337 2.36023762333105
338 2.36007468728818
339 2.35996035163107
340 2.35989426313238
341 2.35987562358882
342 2.35990321046994
343 2.35997540096327
344 2.36009019908896
345 2.36024526553739
346 2.360437949868
347 2.36066532469576
348 2.36092422148397
349 2.36121126755839
350 2.36152292395712
351 2.36185552373451
352 2.36220531034419
353 2.36256847573638
354 2.36294119781865
355 2.36331967694508
356 2.36370017111805
357 2.36407902960851
358 2.36445272472385
359 2.36481788147819
360 2.36517130494688
361 2.36551000511523
362 2.36583121906081
363 2.36613243033854
364 2.36641138546804
365 2.36666610745299
366 2.3668949062925
367 2.36709638647373
368 2.36726945146415
369 2.3674133052495
370 2.36752745098985
371 2.36761168689158
372 2.36766609941608
373 2.36769105396798
374 2.36768718322493
375 2.36765537328867
376 2.36759674785229
377 2.3675126505916
378 2.36740462599912
379 2.36727439888757
380 2.36712385279542
381 2.36695500753077
382 2.36676999609087
383 2.3665710411936
384 2.36636043165368
385 2.36614049883138
386 2.36591359337377
387 2.36568206245939
388 2.36544822774637
389 2.36521436421133
390 2.36498268005261
391 2.36475529781605
392 2.36453423688556
393 2.36432139746337
394 2.36411854614743
395 2.36392730319482
396 2.36374913154193
397 2.36358532763304
398 2.36343701409065
399 2.36330513424262
400 2.11330513424262
401 2.03880821832428
402 1.96372946325041
403 1.88866907710601
404 1.81362708846586
405 1.73860335141552
406 1.66359755207125
407 1.58860921649326
408 1.51363771987632
409 1.43868229689352
410 1.36615129588733
411 1.29843529605619
412 1.23590310572902
413 1.2
414 1.2
415 1.2
416 1.2
417 1.2
418 1.2
419 1.2
420 1.2
421 1.2
422 1.2
423 1.20556185097679
424 1.21635603686315
425 1.23139375621656
426 1.24989672190964
427 1.27125086930728
428 1.29497043726043
429 1.32066997034428
430 1.34804249224827
431 1.37684248704301
432 1.40687262636099
433 1.43791979123937
434 1.46971290391329
435 1.5019473175474
436 1.5343076934378
437 1.56648262003482
438 1.59817350241875
439 1.62909953223702
440 1.65900002821445
441 1.68763505884207
442 1.71478498462997
443 1.74024987677728
444 1.7638497986843
445 1.78542589808033
446 1.80484170468237
447 1.82198424974186
448 1.83676483180798
449 1.8491193771893
450 1.85900841323604
451 1.8664167075361
452 1.87135263975587
453 1.87384736899718
454 1.87395383879487
455 1.8717456375217
456 1.86731571909452
457 1.86077498771218
458 1.85225075448542
459 1.8418850791204
460 1.82983301430036
461 1.81626077330996
462 1.80134384266645
463 1.78526506133498
464 1.76821268703963
465 1.7503784688356
466 1.73195574387104
467 1.71313757523636
468 1.69411494689765
469 1.67507503082087
470 1.65619954042139
471 1.63766318336531
472 1.61963222549518
473 1.60226317627094
474 1.58570160464401
475 1.57008109275595
476 1.5555223333063
477 1.54213237488758
478 1.53000401805565
479 1.51921536339986
480 1.50982951140946
481 1.50189441251045
482 1.49544286427974
483 1.49049265154334
484 1.48704682384197
485 1.48509410361175
486 1.48460941738777
487 1.48555454140258
488 1.48787885212457
489 1.49152017156927
490 1.49640569662047
491 1.50245300112249
492 1.50957109914867
493 1.517661557615
494 1.52661964629032
495 1.53633551325326
496 1.54669537395754
497 1.55758270228727
498 1.56887941230727
499 1.5804670198335
500 1.59222777345973
501 1.60404574526954
502 1.61580787213143
503 1.62740493920889
504 1.63873249810928
505 1.64969171293512
506 1.66019012838055
507 1.67014235492355
508 1.67947066709293
509 1.68810551172787
510 1.6959859240878
511 1.70305985060349
512 1.70928437797651
513 1.71462586922703
514 1.71906000815003
515 1.72257175446168
516 1.72515521269293
517 1.72681341861154
518 1.72755804762041
519 1.72740905018549
520 1.72639421988619
521 1.72454870015223
522 1.72191443615087
523 1.71853957861549
524 1.71447784665994
525 1.70978785680244
526 1.70453242552893
527 1.69877785275925
528 1.69259319354286
529 1.68604952520583
530 1.67921921700092
531 1.67217520908106
532 1.66499030732739
533 1.65773650022112
534 1.65048430355754
535 1.64330213836719
536 1.63625574693744
537 1.62940765132377
538 1.62281665820982
539 1.61653741342394
540 1.61062000885371
541 1.60510964392468
542 1.6000463432305
543 1.59546473132498
544 1.59139386511732
545 1.58785712375476
546 1.58487215533811
547 1.58245087929801
548 1.58059954276947
549 1.57931882884101
550 1.57860401412808
551 1.5784451727299
552 1.57882742327762
553 1.57973121547226
554 1.58113265224401
555 1.5830038434425
556 1.58531328679042
557 1.58802627170137
558 1.59110530147677
559 1.59451052935514
560 1.59820020388996
561 1.60213111917746
562 1.60625906554192
563 1.61053927641118
564 1.61492686727699
565 1.61937726283011
566 1.62384660858738
567 1.62829216358257
568 1.63267267097275
569 1.63694870371313
570 1.6410829827724
571 1.64504066569464
572 1.64878960365789
573 1.65230056553191
574 1.65554742779279
575 1.65850732950833
576 1.6611607919608
577 1.66349180282023
578 1.66548786511867
579 1.66714001160051
580 1.66844278533401
581 1.66939418776128
582 1.66999559563701
583 1.67025164855657
584 1.67017010900219
585 1.66976169703796
586 1.66903990196127
587 1.6680207733674
588 1.66672269420634
589 1.66516613850441
590 1.66337341648958
591 1.66136840989731
592 1.65917630024478
593 1.65682329284538
594 1.65433633929398
595 1.65174286108748
596 1.64907047695566
597 1.64634673636679
598 1.64359886154121
599 1.6408535001573
600 1.63813649076865
601 1.63547264277211
602 1.63288553257462
603 1.63039731740513
604 1.62802856800923
605 1.62579812124885
606 1.62372295341163
607 1.62181807481563
608 1.62009644607615
609 1.61856891618688
610 1.61724418235669
611 1.61612877133995
612 1.61522704180323
613 1.61454120708596
614 1.61407137753911
615 1.61381562146536
616 1.61377004353724
617 1.61392887943802
618 1.61428460535387
619 1.61482806084618
620 1.61554858354996
621 1.61643415407828
622 1.61747154946445
623 1.61864650344184
624 1.61994387184711
625 1.62134780143461
626 1.62284190040811
627 1.62440940900953
628 1.62603336855302
629 1.62769678735472
630 1.62938280208342
631 1.63107483314434
632 1.63275673280518
633 1.63441292488025
634 1.63602853490307
635 1.63758950983915
636 1.63908272651727
637 1.64049608808835
638 1.6418186079543
639 1.64304048074399
640 1.64415314004826
641 1.64514930275912
642 1.6460229999896
643 1.64676959467782
644 1.64738578610171
645 1.64786960164737
646 1.64822037628456
647 1.64843872030534
648 1.64852647597624
649 1.64848666383991
650 1.64832341947805
651 1.6480419216138
652 1.64764831248725
653 1.6471496114835
654 1.64655362302732
655 1.6458688397827
656 1.64510434220941
657 1.64426969553192
658 1.64337484516946
659 1.64243001165953
660 1.6414455860816
661 1.64043202695332
662 1.63939975952894
663 1.63835907837971
664 1.63732005407898
665 1.63629244475177
666 1.63528561318032
667 1.63430845008437
668 1.63336930411803
669 1.63247591904641
670 1.631635378483
671 1.63085405848681
672 1.63013758823488
673 1.62949081890353
674 1.6289178008099
675 1.62842176878628
676 1.62800513568256
677 1.62766949381848
678 1.62741562413784
679 1.62724351275113
680 1.62715237449274
681 1.62714068306362
682 1.62720620728089
683 1.62734605291214
684 1.627556709535
685 1.62783410183171
686 1.62817364470356
687 1.62857030157273
688 1.62901864522701
689 1.62951292055838
690 1.63004710854736
691 1.63061499085248
692 1.63121021437745
693 1.63182635520727
694 1.63245698132834
695 1.63309571357647
696 1.63373628428978
697 1.63437259318044
698 1.63499875997998
699 1.63560917345628
700 1.63619853644651
701 1.63676190659854
702 1.63729473256255
703 1.6377928854255
704 1.6382526852319
705 1.6386709224854
706 1.63904487457614
707 1.63937231712848
708 1.63965153031157
709 1.63988130020172
710 1.64006091532962
711 1.64019015858676
712 1.64026929470436
713 1.64029905355344
714 1.64028060954678
715 1.6402155574521
716 1.64010588495057
717 1.6399539422955
718 1.63976240944312
719 1.63953426104015
720 1.63927272966186
721 1.6389812676991
722 1.63866350829386
723 1.63832322572014
724 1.6379642956005
725 1.63759065533841
726 1.63720626513377
727 1.63681506993223
728 1.63642096263989
729 1.63602774891345
730 1.63563911381154
731 1.63525859056724
732 1.63488953171399
733 1.63453508276808
734 1.63419815864069
735 1.63388142292182
736 1.63358727014682
737 1.63331781112515
738 1.63307486137951
739 1.63285993271275
740 1.63267422789011
741 1.63251863839501
742 1.63239374518909
743 1.63229982238073
744 1.63223684368174
745 1.63220449150905
746 1.63220216856759
747 1.63222901173185
748 1.63228390802747
749 1.6323655124999
750 1.63247226774611
751 1.63260242487579
752 1.63275406566217
753 1.63292512563829
754 1.63311341789282
755 1.6333166573203
756 1.63353248508349
757 1.63375849305056
758 1.63399224797746
759 1.63423131521447
760 1.63447328172736
761 1.63471577823606
762 1.6349565002878
763 1.63519322809734
764 1.63542384500322
765 1.63564635440681
766 1.63585889507881
767 1.63605975473693
768 1.63624738181762
769 1.63642039538376
770 1.63657759312997
771 1.63671795746587
772 1.63684065967667
773 1.63694506217835
774 1.63703071890237
775 1.6370973738614
776 1.63714495796326
777 1.63717358415469
778 1.63718354099002
779 1.63717528473201
780 1.63714943010242
781 1.63710673980966
782 1.63704811298828
783 1.63697457269148
784 1.63688725258264
785 1.63678738297513
786 1.63667627637122
787 1.63655531265161
788 1.63642592406532
789 1.63628958016787
790 1.63614777285112
791 1.63600200160358
792 1.63585375913339
793 1.63570451747908
794 1.63555571472473
795 1.63540874242719
796 1.635264933853
797 1.63512555311219
798 1.63499178526508
799 1.63486472746675
800 1.88486472746675
801 1.90335399191818
802 1.92200265849278
803 1.9406614065296
804 1.95933080019046
805 1.97801128652968
806 1.99670319472597
807 2.0154067364496
808 2.03412200732787
809 2.05284898946262
810 2.06917605572448
811 2.08124780380139
812 2.08961097117368
813 2.09468759026695
814 2.09680492896449
815 2.096216489237
816 2.09311836372666
817 2.08766197593237
818 2.07996400355929
819 2.07011410782226
820 2.05820420401133
821 2.04436719456484
822 2.02877955787148
823 2.01164371554772
824 1.99317616479692
825 1.97359965711453
826 1.9531382117297
827 1.93201409018114
828 1.91044610621227
829 1.88864882609182
830 1.86683212181169
831 1.84520037487201
832 1.82395104213881
833 1.80327286511452
834 1.78334406441292
835 1.76433069968929
836 1.74638527502052
837 1.72964560977933
838 1.71423396141879
839 1.70025636974505
840 1.68780218794369
841 1.67694377358684
842 1.66773632795551
843 1.66021788368761
844 1.65440944420766
845 1.65031527638891
846 1.64792335396777
847 1.64720594522414
848 1.64812033521496
849 1.65060967068848
850 1.6546039146718
851 1.66002089735967
852 1.66676744996065
853 1.67474060825171
854 1.68382887260851
855 1.69391351122188
856 1.70486989315452
857 1.71656883790995
858 1.72887796832916
859 1.74166305392381
860 1.75478933219774
861 1.76812279608486
862 1.78153143631781
863 1.79488642831573
864 1.80806325402451
865 1.82094275004543
866 1.83341207434031
867 1.84536558479467
868 1.85670562394652
869 1.86734320523925
870 1.87719859722139
871 1.88620180318465
872 1.89429293479246
873 1.90142247929573
874 1.90755146094894
875 1.91265149822113
876 1.91670475933278
877 1.9197038195346
878 1.92165142437132
879 1.92256016393516
880 1.92245206380685
881 1.92135809900001
882 1.91931763776553
883 1.91637782257268
884 1.91259289596073
885 1.90802347924878
886 1.90273581230084
887 1.89680096266955
888 1.89029401248503
889 1.88329323141968
890 1.87587924394473
891 1.86813419890698
892 1.86014094919483
893 1.85198224893918
894 1.84373997530943
895 1.83549438152477
896 1.82732338721105
897 1.81930191170072
898 1.81150125530249
899 1.80398853296699
900 1.79682616414942
901 1.79007142202766
902 1.78377604458134
903 1.77798590937933
904 1.77274077326742
905 1.76807407750037
906 1.76401281822873
907 1.7605774816365
908 1.75778204243639
909 1.75563402386957
910 1.75413461683059
911 1.75327885525076
912 1.75305584442622
913 1.75344903857521
914 1.75443656355388
915 1.75599158035353
916 1.75808268474644
917 1.76067433824282
918 1.76372732536821
919 1.7671992321697
920 1.77104494080865
921 1.77521713509763
922 1.77966681188728
923 1.78434379330412
924 1.78919723497904
925 1.794176125588
926 1.79922977324575
927 1.80430827454924
928 1.80936296235502
929 1.81434682869086
930 1.81921491954277
931 1.82392469862021
932 1.82843637758014
933 1.83271321058179
934 1.83672175144305
935 1.8404320720737
936 1.84381794126489
937 1.84685696331581
938 1.84953067637289
939 1.85182461074059
940 1.85372830779326
941 1.85523530047078
942 1.85634305667415
943 1.85705288718901
944 1.8573698200513
945 1.85730244353026
946 1.85686272013546
947 1.85606577425747
948 1.85492965622377
949 1.85347508569172
950 1.85172517740994
951 1.84970515245581
952 1.84744203810305
953 1.84496435948701
954 1.84230182621987
955 1.83948501706234
956 1.83654506568562
957 1.8335133504572
958 1.83042119106011
959 1.82729955460761
960 1.82417877374734
961 1.8210882790623
962 1.818056347873
963 1.81510987132843
964 1.81227414144508
965 1.8095726595162
966 1.80702696706975
967 1.80465650030603
968 1.80247846869688
969 1.80050775818016
970 1.79875685913837
971 1.79723581911062
972 1.79595221995552
973 1.79491117895968
974 1.79411537317573
975 1.7935650860755
976 1.79325827542028
977 1.79319066108222
978 1.79335583140003
979 1.79374536651869
980 1.7943489770487
981 1.79515465628429
982 1.79614884414459
983 1.79731660094449
984 1.79864178906572
985 1.80010726058018
986 1.80169504887958
987 1.80338656238424
988 1.80516277844167
989 1.80700443557912
990 1.80889222234395
991 1.81080696105012
992 1.81272978484652
993 1.81464230663273
994 1.81652677846815
995 1.81836624025007
996 1.82014465657366
997 1.82184704083046
998 1.82345956575005
999 1.82496965974125
1000 1.82636608854193
1001 1.82763902183988
1002 1.82878008467875
1003 1.8297823936124
1004 1.83064057771585
1005 1.83135078470089
1006 1.83191067251761
1007 1.83231938694885
1008 1.832577525822
1009 1.83268709057021
1010 1.83265142597318
1011 1.83247514899464
1012 1.83216406770954
1013 1.83172509137817
1014 1.83116613277714
1015 1.83049600393704
1016 1.82972430646534
1017 1.82886131764928
1018 1.82791787353818
1019 1.82690525019768
1020 1.82583504431072
1021 1.82471905427122
1022 1.82356916287858
1023 1.82239722269274
1024 1.82121494505362
1025 1.82003379370444
1026 1.8188648838872
1027 1.8177188877015
1028 1.81660594643539
1029 1.81553559049021
1030 1.81451666743142
1031 1.81355727860496
1032 1.81266472466509
1033 1.81184546026502
1034 1.81110505806809
1035 1.81044818214436
1036 1.80987857072722
1037 1.80939902821675
1038 1.80901142623292
1039 1.80871671344188
1040 1.80851493380406
1041 1.80840525282363
1042 1.80838599131567
1043 1.8084546661509
1044 1.80860803738762
1045 1.80884216115776
1046 1.80915244763839
1047 1.80953372341154
1048 1.80998029749434
1049 1.81048603030831
1050 1.81104440484986
1051 1.8116485993257
1052 1.8122915605242
1053 1.81296607720855
1054 1.81366485283835
1055 1.81438057695304
1056 1.8151059945828
1057 1.81583397308999
1058 1.8165575658859
1059 1.81727007251352
1060 1.8179650946364
1061 1.81863658752572
1062 1.81927890669227
1063 1.81988684936642
1064 1.82045569058629
1065 1.82098121371243
1066 1.8214597352453
1067 1.82188812387922
1068 1.82226381378275
1069 1.82258481215039
1070 1.82284970112316
1071 1.82305763422581
1072 1.82320832751599
1073 1.82330204568482
1074 1.82333958338862
1075 1.82332224212886
1076 1.82325180302954
1077 1.8231304958899
1078 1.82296096491445
1079 1.82274623154152
1080 1.82248965480689
1081 1.82219488968911
1082 1.82186584388925
1083 1.82150663349908
1084 1.82112153800898
1085 1.82071495509962
1086 1.82029135565049
1087 1.81985523938358
1088 1.81941109154216
1089 1.818963340983
1090 1.81851632003596
1091 1.8180742264577
1092 1.81764108777693
1093 1.81722072829725
1094 1.81681673899061
1095 1.81643245048051
1096 1.81607090927873
1097 1.8157348574041
1098 1.81542671547594
1099 1.81514856933935
1100 1.8149021602445
1101 1.81468887856791
1102 1.81450976103043
1103 1.8143654913354
1104 1.81425640411986
1105 1.81418249208405
1106 1.81414341613826
1107 1.81413851838215
1108 1.81416683771075
1109 1.81422712782232
1110 1.81431787738726
1111 1.8144373321242
1112 1.81458351851846
1113 1.81475426891079
1114 1.81494724767908
1115 1.81515997823379
1116 1.81538987054825
1117 1.81563424894827
1118 1.8158903798911
1119 1.81615549947188
1120 1.81642684040588
1121 1.81670165824755
1122 1.81697725662109
1123 1.81725101125379
1124 1.81752039262045
1125 1.81778298702607
1126 1.818036515974
1127 1.81827885368705
1128 1.81850804267086
1129 1.81872230723005
1130 1.81892006487028
1131 1.81909993554053
1132 1.81926074869229
1133 1.81940154815327
1134 1.81952159483403
1135 1.81962036730588
1136 1.81969756030735
1137 1.81975308125435
1138 1.81978704484576
1139 1.81979976587164
1140 1.81979175034473
1141 1.81976368508849
1142 1.81971642592542
1143 1.81965098461834
1144 1.81956851472476
1145 1.81947029652975
1146 1.81935772122679
1147 1.81923227451804
1148 1.81909551980585
1149 1.81894908114642
1150 1.81879462613327
1151 1.81863384887425
1152 1.81846845322013
1153 1.81830013639535
1154 1.81813057317393
1155 1.81796140073358
1156 1.81779420431107
1157 1.81763050377064
1158 1.81747174118531
1159 1.81731926951843
1160 1.81717434247991
1161 1.81703810561822
1162 1.81691158869584
1163 1.81679569938228
1164 1.81669121828536
1165 1.81659879532825
1166 1.81651894746679
1167 1.81645205772901
1168 1.81639837554719
1169 1.81635801834101
1170 1.81633097430006
1171 1.81631710630413
1172 1.81631615691066
1173 1.81632775433094
1174 1.81635141930937
1175 1.81638657281437
1176 1.81643254444429
1177 1.81648858144807
1178 1.81655385825724
1179 1.81662748642426
1180 1.81670852486151
1181 1.81679599027533
1182 1.81688886769082
1183 1.81698612096563
1184 1.81708670319352
1185 1.81718956690298
1186 1.81729367396057
1187 1.81739800509423
1188 1.81750156895793
1189 1.81760341066553
1190 1.81770261972899
1191 1.8177983373436
1192 1.81788976297064
1193 1.81797616017606
1194 1.81805686169211
1195 1.81813127367684
1196 1.81819887915505
1197 1.81825924063241
1198 1.81831200188217
1199 1.81835688891235
1200 1.81839371012803
