1 2
2 2
3 2
4 2
5 2
6 2
7 2
8 2
9 2
10 2
11 2
12 2
13 2
14 2
15 2
16 2
17 2
18 2
19 2
20 2
21 2
22 2
23 2
24 2
25 2
26 2
27 2
28 2
29 2
30 2.25
31 2.26881
32 2.28781
33 2.30681
34 2.32581
35 2.34481
36 2.36381
37 2.38281
38 2.40181
39 2.42081
40 2.43829269327375
41 2.45310742481175
42 2.46562658786917
43 2.47613857606466
44 2.48486804551252
45 2.4919900030212
46 2.49764078062674
47 2.5019265842076
48 2.50493015243463
49 2.50671594376948
50 2.50734338576751
51 2.50688329667581
52 2.50541941415437
53 2.50304173706251
54 2.4998421920919
55 2.49591190991083
56 2.49133961101748
57 2.48621074380928
58 2.48060712119885
59 2.47460687749821
60 2.46828456585851
61 2.46171119279035
62 2.45495410429846
63 2.44807678851179
64 2.44113867612466
65 2.43419497942726
66 2.42729658612049
67 2.4204900098751
68 2.41381739200867
69 2.40731654521936
70 2.40102102970936
71 2.39496025377978
72 2.38915959397624
73 2.38364053227396
74 2.3784208088175
75 2.37351458883651
76 2.36893264211944
77 2.36468253314025
78 2.36076881973303
79 2.35719325813978
80 2.35395501231041
81 2.3510508654775
82 2.34847543221311
83 2.34622136936116
84 2.34427958440694
85 2.3426394399924
86 2.34128895341814
87 2.34021499009613
88 2.33940345003677
89 2.33883944657129
90 2.33850747662696
91 2.33839158198721
92 2.33847550107893
93 2.33874281093563
94 2.3391770590847
95 2.33976188520074
96 2.34048113245386
97 2.34131894856216
98 2.34225987663151
99 2.34328893593288
100 2.34439169282878
101 2.34555432211453
102 2.34676365908889
103 2.34800724271075
104 2.3492733502349
105 2.35055102375075
106 2.35183008907285
107 2.35310116745208
108 2.35435568059116
109 2.35558584945863
110 2.35678468740086
111 2.35794598805394
112 2.35906430855471
113 2.36013494854522
114 2.3611539254559
115 2.36211794654147
116 2.36302437812951
117 2.36387121252557
118 2.36465703300013
119 2.36538097726357
120 2.36604269981345
121 2.36664233351658
122 2.36718045076507
123 2.36765802452165
124 2.36807638954564
125 2.36843720406625
126 2.36874241214583
127 2.36899420695123
128 2.36919499512772
129 2.36934736244643
130 2.36945404087356
131 2.36951787718753
132 2.36954180324901
133 2.36952880800851
134 2.36948191131686
135 2.36940413958573
136 2.36929850332808
137 2.36916797659259
138 2.3690154782911
139 2.36884385540461
140 2.36865586804069
141 2.36845417630425
142 2.36824132893295
143 2.36801975364021
144 2.36779174910031
145 2.3675594785039
146 2.36732496460602
147 2.36709008618462
148 2.36685657582322
149 2.36662601892926
150 2.36639985389708
151 2.36617937332396
152 2.3659657261868
153 2.36575992088769
154 2.36556282907747
155 2.36537519016792
156 2.36519761644525
157 2.36503059870038
158 2.36487451229409
159 2.36472962357868
160 2.36459609660138
161 2.36447400001854
162 2.36436331415383
163 2.36426393813781
164 2.3641756970707
165 2.36409834915459
166 2.3640315927458
167 2.36397507328248
168 2.36392839004732
169 2.36389110272913
170 2.36386273775191
171 2.3638427943437
172 2.363830750322
173 2.36382606757618
174 2.36382819723111
175 2.36383658447987
176 2.36385067307668
177 2.36386990948442
178 2.36389374667398
179 2.36392164757549
180 2.36395308818395
181 2.36398756032426
182 2.36402457408228
183 2.36406365991112
184 2.36410437042275
185 2.36414628187719
186 2.36418899538212
187 2.36423213781744
188 2.36427536249967
189 2.364318349602
190 2.36436080634641
191 2.36440246698439
192 2.36444309258321
193 2.36448247063468
194 2.36452041450331
195 2.36455676273051
196 2.36459137821146
197 2.36462414726045
198 2.36465497858055
199 2.36468380215245
200 2.36471056805712
201 2.36473524524588
202 2.3647578202711
203 2.36477829598983
204 2.36479669025179
205 2.3648130345827
206 2.36482737287257
207 2.36483976007835
208 2.36485026094904
209 2.36485894878074
210 2.36486590420838
211 2.3648712140399
212 2.364874970138
213 2.36487726835381
214 2.36487820751612
215 2.36487788847902
216 2.3648764132303
217 2.36487388406227
218 2.36487040280601
219 2.3648660701296
220 2.3648609849004
221 2.36485524361089
222 2.36484893986712
223 2.36484216393874
224 2.36483500236872
225 2.36482753764109
226 2.36481984790438
227 2.36481200674842
228 2.36480408303185
229 2.3647961407576
230 2.36478823899348
231 2.36478043183471
232 2.36477276840567
233 2.36476529289736
234 2.36475804463777
235 2.36475105819193
236 2.36474436348851
237 2.36473798597008
238 2.36473194676395
239 2.36472626287075
240 2.36472094736808
241 2.36471600962635
242 2.36471145553453
243 2.36470728773316
244 2.3647035058525
245 2.36470010675369
246 2.36469708477077
247 2.36469443195197
248 2.36469213829843
249 2.36469019199878
250 2.36468857965841
251 2.36468728652194
252 2.36468629668804
253 2.36468559331544
254 2.36468515881955
255 2.3646849750588
256 2.3646850235103
257 2.36468528543437
258 2.36468574202758
259 2.36468637456415
260 2.36468716452557
261 2.36468809371845
262 2.36468914438074
263 2.36469029927627
264 2.36469154177819
265 2.36469285594116
266 2.36469422656308
267 2.36469563923639
268 2.36469708038965
269 2.3646985373197
270 2.36469999821503
271 2.36470145217078
272 2.36470288919598
273 2.36470430021367
274 2.3647056770543
275 2.36470701244308
276 2.36470829998188
277 2.36470953412621
278 2.36471071015778
279 2.3647118241533
280 2.36471287294994
281 2.36471385410808
282 2.36471476587167
283 2.36471560712686
284 2.3647163773592
285 2.36471707660991
286 2.36471770543156
287 2.36471826484357
288 2.36471875628787
289 2.36471918158492
290 2.36471954289061
291 2.36471984265401
292 2.36472008357642
293 2.3647202685718
294 2.36472040072878
295 2.36472048327447
296 2.36472051954009
297 2.36472051292853
298 2.36472046688405
299 2.36472038486402
300 2.36472027031278
301 2.36472012663776
302 2.36471995718765
303 2.36471976523278
304 2.36471955394764
305 2.36471932639543
306 2.36471908551467
307 2.36471883410779
308 2.36471857483155
309 2.36471831018934
310 2.3647180425252
311 2.36471777401939
312 2.3647175066856
313 2.36471724236952
314 2.36471698274876
315 2.36471672933403
316 2.36471648347137
317 2.36471624634545
318 2.36471601898376
319 2.36471580226162
320 2.36471559690784
321 2.36471540351112
322 2.36471522252678
323 2.36471505428413
324 2.36471489899397
325 2.36471475675649
326 2.36471462756932
327 2.36471451133563
328 2.36471440787235
329 2.36471431691829
330 2.36471423814228
331 2.36471417115103
332 2.36471411549699
333 2.36471407068582
334 2.36471403618374
335 2.36471401142448
336 2.36471399581597
337 2.3647139887467
338 2.36471398959165
339 2.36471399771794
340 2.36471401249001
341 2.36471403327444
342 2.36471405944439
343 2.36471409038362
344 2.36471412549011
345 2.36471416417931
346 2.36471420588697
347 2.36471425007167
348 2.36471429621688
349 2.36471434383278
350 2.36471439245768
351 2.36471444165913
352 2.36471449103476
353 2.3647145402128
354 2.36471458885235
355 2.36471463664342
356 2.36471468330671
357 2.36471472859324
358 2.36471477228371
359 2.36471481418776
360 2.36471485414308
361 2.36471489201432
362 2.36471492769198
363 2.36471496109111
364 2.36471499215003
365 2.36471502082891
366 2.36471504710833
367 2.36471507098779
368 2.36471509248425
369 2.36471511163059
370 2.36471512847413
371 2.36471514307515
372 2.36471515550539
373 2.36471516584668
374 2.36471517418947
375 2.36471518063158
376 2.36471518527685
377 2.3647151882339
378 2.36471518961502
379 2.36471518953501
380 2.36471518811019
381 2.36471518545739
382 2.36471518169313
383 2.36471517693272
384 2.36471517128959
385 2.36471516487456
386 2.3647151577953
387 2.36471515015574
388 2.36471514205565
389 2.36471513359025
390 2.36471512484984
391 2.3647151159196
392 2.3647151068793
393 2.36471509780321
394 2.36471508875998
395 2.36471507981258
396 2.36471507101829
397 2.36471506242876
398 2.36471505409005
399 2.36471504604276
400 2.11471504604276
401 2.07709503867894
402 2.03909503169706
403 2.00109502511748
404 1.96309501895606
405 1.92509501322434
406 1.88709500792986
407 1.84909500307637
408 1.81109499866414
409 1.77309499469022
410 1.73661229782809
411 1.70291172520477
412 1.67181418460492
413 1.64318280834005
414 1.61691093674662
415 1.59291544394486
416 1.57113153777431
417 1.55150870911133
418 1.53400757650008
419 1.5185974281907
420 1.50524509854729
421 1.49389950932866
422 1.48448978415246
423 1.47693144850727
424 1.47113083946665
425 1.46698823159864
426 1.46440003109399
427 1.46326029725346
428 1.46346178144122
429 1.46489662243484
430 1.46745685515253
431 1.47103492889747
432 1.47552432926561
433 1.48082025345402
434 1.48682026634838
435 1.49342489847371
436 1.5005381681981
437 1.50806802367075
438 1.51592670759491
439 1.52403105198559
440 1.5323027114991
441 1.54066834298993
442 1.54905973657646
443 1.5574139014369
444 1.5656731086695
445 1.57378489349389
446 1.58170201934664
447 1.58938240676261
448 1.59678903020368
449 1.60388978614531
450 1.61065733575696
451 1.61706892543753
452 1.62310618833538
453 1.62875492983084
454 1.63400489980933
455 1.63884955440983
456 1.64328580979359
457 1.64731379033768
458 1.65093657351327
459 1.65415993355866
460 1.65699208590182
461 1.65944343412784
462 1.6615263211263
463 1.66325478589277
464 1.66464432730018
465 1.66571167600066
466 1.66647457546722
467 1.66695157303831
468 1.66716182168781
469 1.6671248931078
470 1.66686060256321
471 1.66638884585573
472 1.66572944861991
473 1.66490202806726
474 1.6639258671948
475 1.66281980138266
476 1.66160211722174
477 1.6602904633361
478 1.65890177289658
479 1.65745219746136
480 1.65595705172592
481 1.65443076871894
482 1.65288686494136
483 1.65133791491396
484 1.6497955345726
485 1.64827037293075
486 1.64677211141483
487 1.64530947026949
488 1.64389022142626
489 1.64252120723035
490 1.64120836442574
491 1.63995675280815
492 1.63877058796832
493 1.63765327756426
494 1.6366074605798
495 1.63563504904834
496 1.63473727174385
497 1.63391471936663
498 1.63316739077757
499 1.63249473986282
500 1.63189572263892
501 1.63136884423781
502 1.63091220544062
503 1.63052354845844
504 1.63020030168767
505 1.62993962319687
506 1.62973844273
507 1.62959350203902
508 1.62950139338587
509 1.62945859607938
510 1.62946151093798
511 1.6295064925925
512 1.629589879566
513 1.62970802208837
514 1.62985730762364
515 1.63003418410587
516 1.63023518089677
517 1.63045692749333
518 1.63069617002814
519 1.6309497856176
520 1.63121479462423
521 1.63148837090954
522 1.63176785016224
523 1.63205073639367
524 1.63233470669873
525 1.63261761438495
526 1.63289749057636
527 1.63317254440129
528 1.63344116187488
529 1.63370190358773
530 1.6339535013121
531 1.63419485363585
532 1.6344250207329
533 1.63464321837641
534 1.63484881129812
535 1.63504130599378
536 1.63522034307059
537 1.63538568922854
538 1.63553722896276
539 1.63567495606898
540 1.63579896502952
541 1.63590944235149
542 1.63600665792397
543 1.63609095645518
544 1.63616274904549
545 1.63622250494656
546 1.63627074355161
547 1.63630802665662
548 1.63633495102706
549 1.63635214129989
550 1.63636024324569
551 1.63635991741135
552 1.63635183315906
553 1.6363366631137
554 1.63631507802634
555 1.63628774205818
556 1.63625530848591
557 1.63621841582609
558 1.63617768437365
559 1.63613371314663
560 1.63608707722725
561 1.63603832548714
562 1.63598797868285
563 1.63593652790606
564 1.63588443337166
565 1.63583212352573
566 1.63577999445452
567 1.63572840957498
568 1.63567769958658
569 1.63562816266429
570 1.63558006487208
571 1.63553364077653
572 1.63548909424026
573 1.63544659937511
574 1.63540630163563
575 1.6353683190337
576 1.63533274345599
577 1.63529964206654
578 1.63526905877741
579 1.63524101577162
580 1.63521551506291
581 1.6351925400783
582 1.63517205725003
583 1.63515401760468
584 1.63513835833816
585 1.6351250043662
586 1.63511386984118
587 1.63510485962675
588 1.63509787072316
589 1.63509279363661
590 1.63508951368727
591 1.63508791225142
592 1.63508786793362
593 1.63508925766633
594 1.63509195773446
595 1.63509584472353
596 1.63510079639056
597 1.63510669245742
598 1.63511341532726
599 1.63512085072459
600 1.63512888826075
601 1.63513742192625
602 1.63514635051255
603 1.63515557796549
604 1.6351650136734
605 1.63517457269298
606 1.63518417591615
607 1.63519375018138
608 1.63520322833311
609 1.63521254923293
610 1.63522165772619
611 1.63523050456796
612 1.63523904631194
613 1.63524724516616
614 1.6352550688191
615 1.63526249023988
616 1.63526948745591
617 1.6352760433116
618 1.63528214521113
619 1.63528778484862
620 1.63529295792857
621 1.63529766387927
622 1.63530190556202
623 1.63530568897846
624 1.63530902297828
625 1.63531191896944
626 1.63531439063284
627 1.63531645364305
628 1.63531812539674
629 1.63531942475013
630 1.63532037176661
631 1.63532098747571
632 1.635321293644
633 1.63532131255891
634 1.63532106682588
635 1.63532057917921
636 1.635319872307
637 1.63531896869033
638 1.63531789045659
639 1.63531665924708
640 1.63531529609854
641 1.63531382133852
642 1.63531225449413
643 1.63531061421385
644 1.6353089182019
645 1.6353071831646
646 1.63530542476834
647 1.63530365760828
648 1.63530189518737
649 1.63530014990497
650 1.63529843305431
651 1.63529675482822
652 1.63529512433237
653 1.63529354960533
654 1.63529203764481
655 1.63529059443936
656 1.63528922500484
657 1.6352879334251
658 1.6352867228962
659 1.63528559577348
660 1.63528455362116
661 1.63528359726355
662 1.63528272683774
663 1.63528194184701
664 1.63528124121459
665 1.63528062333747
666 1.63528008613963
667 1.63527962712461
668 1.63527924342686
669 1.63527893186178
670 1.63527868897402
671 1.63527851108407
672 1.63527839433259
673 1.63527833472268
674 1.63527832815977
675 1.63527837048899
676 1.63527845753011
677 1.63527858510984
678 1.63527874909153
679 1.63527894540227
680 1.63527917005736
681 1.63527941918224
682 1.63527968903182
683 1.63527997600739
684 1.63528027667114
685 1.63528058775832
686 1.6352809061872
687 1.63528122906693
688 1.63528155370337
689 1.63528187760306
690 1.63528219847538
691 1.63528251423311
692 1.63528282299145
693 1.63528312306564
694 1.63528341296735
695 1.63528369139991
696 1.63528395725251
697 1.63528420959355
698 1.63528444766321
699 1.63528467086533
700 1.63528487875878
701 1.63528507104839
702 1.63528524757551
703 1.63528540830835
704 1.63528555333218
705 1.63528568283944
706 1.63528579711981
707 1.63528589655046
708 1.63528598158638
709 1.63528605275089
710 1.63528611062645
711 1.63528615584575
712 1.63528618908314
713 1.63528621104646
714 1.63528622246922
715 1.63528622410328
716 1.63528621671194
717 1.63528620106347
718 1.63528617792518
719 1.63528614805793
720 1.63528611221109
721 1.63528607111806
722 1.63528602549219
723 1.6352859760232
724 1.63528592337407
725 1.6352858681783
726 1.63528581103771
727 1.63528575252056
728 1.63528569316009
729 1.6352856334534
730 1.63528557386076
731 1.63528551480516
732 1.63528545667218
733 1.63528539981019
734 1.63528534453076
735 1.63528529110929
736 1.63528523978593
737 1.63528519076658
738 1.63528514422412
739 1.63528510029981
740 1.63528505910471
741 1.63528502072132
742 1.63528498520522
743 1.63528495258679
744 1.63528492287299
745 1.6352848960492
746 1.63528487208097
747 1.63528485091589
748 1.63528483248538
749 1.63528481670648
750 1.63528480348354
751 1.63528479270999
752 1.63528478426991
753 1.63528477803968
754 1.63528477388942
755 1.63528477168447
756 1.63528477128672
757 1.63528477255591
758 1.63528477535079
759 1.63528477953026
760 1.63528478495432
761 1.63528479148507
762 1.63528479898748
763 1.6352848073302
764 1.63528481638615
765 1.6352848260332
766 1.63528483615455
767 1.63528484663925
768 1.63528485738249
769 1.63528486828588
770 1.63528487925769
771 1.63528489021292
772 1.63528490107346
773 1.63528491176804
774 1.63528492223227
775 1.6352849324085
776 1.63528494224576
777 1.63528495169956
778 1.63528496073173
779 1.63528496931015
780 1.63528497740856
781 1.63528498500626
782 1.63528499208781
783 1.63528499864273
784 1.63528500466522
785 1.63528501015376
786 1.63528501511084
787 1.63528501954262
788 1.63528502345856
789 1.63528502687111
790 1.6352850297954
791 1.6352850322489
792 1.6352850342511
793 1.63528503582322
794 1.63528503698793
795 1.63528503776904
796 1.63528503819127
797 1.63528503827998
798 1.63528503806094
799 1.63528503756011
800 1.83013003680343
801 1.83953503581666
802 1.84903503462517
803 1.85853503325381
804 1.86803503172677
805 1.87753503006745
806 1.88703502829836
807 1.89653502644101
808 1.90603502451586
809 1.91553502254224
810 1.92385246202199
811 1.93012244009447
812 1.93468919707325
813 1.93781983450551
814 1.9397224107364
815 1.94055899228039
816 1.94045582042402
817 1.93951123047757
818 1.93780182045776
819 1.93538725616878
820 1.93232119132489
821 1.92866433522442
822 1.92448554451759
823 1.91985650591573
824 1.91484838018167
825 1.90952979153679
826 1.9039657316627
827 1.89821707219669
828 1.89234047025797
829 1.88638851706546
830 1.88040998323118
831 1.87445000009621
832 1.86855011292329
833 1.86274826059709
834 1.85707874763709
835 1.851572240825
836 1.84625580267357
837 1.84115296254917
838 1.83628382035765
839 1.8316651751974
840 1.8273106711434
841 1.82323095391769
842 1.81943383471199
843 1.81592445940338
844 1.81270548224343
845 1.80977724319691
846 1.80713794793049
847 1.80478384924211
848 1.80270942858583
849 1.80090757631425
850 1.79936976932503
851 1.79808624492905
852 1.79704616991629
853 1.79623780395077
854 1.79564865656153
855 1.79526563711252
856 1.79507519723521
857 1.795063465299
858 1.79521637258031
859 1.79551977087402
860 1.79595954137099
861 1.79652169470142
862 1.79719246211683
863 1.79795837785013
864 1.79880635275506
865 1.79972373938177
866 1.80069838869536
867 1.80171869868829
868 1.80277365517628
869 1.80385286510135
870 1.80494658269359
871 1.80604572886795
872 1.80714190425084
873 1.80822739624674
874 1.80929518056555
875 1.81033891763841
876 1.81135294435262
877 1.81233226153654
878 1.81327251762173
879 1.8141699889035
880 1.81502155681251
881 1.81582468259892
882 1.81657737981748
883 1.81727818498739
884 1.81792612678402
885 1.81852069410237
886 1.81906180331299
887 1.81954976501188
888 1.81998525054537
889 1.82036925857077
890 1.82070308189207
891 1.82098827478972
892 1.82122662104194
893 1.82142010281487
894 1.82157087057816
895 1.82168121418304
896 1.82175353522037
897 1.82179032075787
898 1.82179411853752
899 1.82176751369754
900 1.82171310706679
901 1.82163349506457
902 1.82153125122427
903 1.82140890934641
904 1.82126894827394
905 1.82111377827196
906 1.82094572898327
907 1.82076703892254
908 1.82057984646321
909 1.8203861822643
910 1.82018796307812
911 1.8199869868742
912 1.81978492921067
913 1.81958334078068
914 1.81938364605835
915 1.81918714296723
916 1.81899500349254
917 1.81880827515804
918 1.81862788328836
919 1.8184546339782
920 1.81828921769078
921 1.81813221340974
922 1.81798409327049
923 1.81784522759942
924 1.81771589029225
925 1.81759626446553
926 1.81748644831874
927 1.81738646114783
928 1.81729624945458
929 1.81721569309982
930 1.81714461145262
931 1.81708276949093
932 1.81702988381351
933 1.81698562852643
934 1.81694964097143
935 1.81692152726724
936 1.81690086763832
937 1.81688722150933
938 1.81688013234693
939 1.81687913223384
940 1.8168837461631
941 1.81689349604366
942 1.81690790441114
943 1.81692649784003
944 1.81694881005644
945 1.81697438475248
946 1.81700277810541
947 1.81703356100677
948 1.81706632100831
949 1.81710066399297
950 1.81713621558061
951 1.81717262227927
952 1.8172095523939
953 1.81724669670492
954 1.81728376893022
955 1.8173205059842
956 1.81735666804807
957 1.81739203846596
958 1.81742642348126
959 1.8174596518278
960 1.81749157419041
961 1.81752206254896
962 1.81755100942002
963 1.81757832700962
964 1.81760394629042
965 1.81762781601582
966 1.81764990168331
967 1.81767018445846
968 1.81768866007055
969 1.81770533769011
970 1.81772023879783
971 1.81773339605383
972 1.81774485217548
973 1.81775465883108
974 1.81776287555633
975 1.81776956869956
976 1.81777481040108
977 1.81777867761144
978 1.81778125115244
979 1.81778261482457
980 1.81778285456349
981 1.81778205764783
982 1.81778031195999
983 1.81777770530115
984 1.81777432476106
985 1.81777025614299
986 1.81776558344341
987 1.81776038838617
988 1.81775475000985
989 1.81774874430743
990 1.8177424439165
991 1.8177359178583
992 1.81772923132375
993 1.81772244550413
994 1.81771561746415
995 1.81770880005508
996 1.8177020418652
997 1.81769538720518
998 1.81768887612559
999 1.8176825444639
1000 1.81767642391832
1001 1.81767054214581
1002 1.81766492288163
1003 1.81765958607783
1004 1.81765454805824
1005 1.81764982168746
1006 1.81764541655155
1007 1.81764133914821
1008 1.81763759308426
1009 1.81763417927846
1010 1.8176310961677
1011 1.81762833991499
1012 1.81762590461726
1013 1.81762378251191
1014 1.81762196418027
1015 1.81762043874715
1016 1.81761919407495
1017 1.81761821695174
1018 1.81761749327207
1019 1.81761700821006
1020 1.81761674638393
1021 1.81761669201158
1022 1.81761682905667
1023 1.8176171413651
1024 1.81761761279141
1025 1.8176182273152
1026 1.81761896914733
1027 1.81761982282616
1028 1.81762077330363
1029 1.81762180602168
1030 1.81762290697897
1031 1.8176240627883
1032 1.81762526072505
1033 1.81762648876694
1034 1.81762773562559
1035 1.81762899077026
1036 1.81763024444416
1037 1.81763148767391
1038 1.81763271227255
1039 1.81763391083666
1040 1.81763507673789
1041 1.81763620410974
1042 1.81763728782966
1043 1.81763832349734
1044 1.81763930740938
1045 1.81764023653095
1046 1.81764110846484
1047 1.81764192141835
1048 1.81764267416841
1049 1.81764336602532
1050 1.81764399679553
1051 1.81764456674371
1052 1.81764507655458
1053 1.81764552729467
1054 1.81764592037431
1055 1.81764625751022
1056 1.81764654068878
1057 1.81764677213026
1058 1.8176469542542
1059 1.81764708964612
1060 1.81764718102557
1061 1.81764723121582
1062 1.81764724311522
1063 1.81764721967015
1064 1.81764716384993
1065 1.81764707862345
1066 1.81764696693764
1067 1.81764683169791
1068 1.81764667575033
1069 1.81764650186569
1070 1.81764631272539
1071 1.81764611090908
1072 1.817645898884
1073 1.817645678996
1074 1.81764545346216
1075 1.81764522436488
1076 1.81764499364748
1077 1.81764476311111
1078 1.81764453441297
1079 1.81764430906566
1080 1.81764408843768
1081 1.81764387375496
1082 1.81764366610318
1083 1.8176434664311
1084 1.81764327555445
1085 1.81764309416059
1086 1.81764292281369
1087 1.81764276196039
1088 1.81764261193585
1089 1.8176424729702
1090 1.81764234519514
1091 1.81764222865081
1092 1.81764212329275
1093 1.81764202899889
1094 1.81764194557662
1095 1.81764187276976
1096 1.81764181026545
1097 1.81764175770092
1098 1.81764171467004
1099 1.81764168072975
1100 1.81764165540613
1101 1.81764163820036
1102 1.81764162859424
1103 1.81764162605552
1104 1.81764163004287
1105 1.8176416400105
1106 1.8176416554125
1107 1.81764167570678
1108 1.81764170035873
1109 1.81764172884447
1110 1.81764176065383
1111 1.81764179529293
1112 1.8176418322865
1113 1.81764187117984
1114 1.81764191154049
1115 1.8176419529596
1116 1.81764199505302
1117 1.81764203746214
1118 1.81764207985447
1119 1.81764212192398
1120 1.81764216339119
1121 1.81764220400316
1122 1.81764224353315
1123 1.81764228178025
1124 1.81764231856874
1125 1.81764235374742
1126 1.81764238718872
1127 1.81764241878776
1128 1.81764244846135
1129 1.81764247614684
1130 1.81764250180094
1131 1.81764252539855
1132 1.81764254693143
1133 1.81764256640699
1134 1.81764258384697
1135 1.81764259928613
1136 1.817642612771
1137 1.81764262435859
1138 1.81764263411515
1139 1.81764264211495
1140 1.81764264843913
1141 1.81764265317455
1142 1.81764265641271
1143 1.8176426582487
1144 1.81764265878028
1145 1.8176426581069
1146 1.81764265632887
1147 1.81764265354658
1148 1.81764264985973
1149 1.81764264536671
1150 1.81764264016394
1151 1.81764263434535
1152 1.81764262800191
1153 1.81764262122118
1154 1.81764261408695
1155 1.81764260667896
1156 1.81764259907259
1157 1.81764259133871
1158 1.8176425835435
1159 1.81764257574833
1160 1.81764256800971
1161 1.81764256037928
1162 1.8176425529038
1163 1.81764254562519
1164 1.81764253858063
1165 1.81764253180267
1166 1.81764252531933
1167 1.8176425191543
1168 1.81764251332705
1169 1.81764250785308
1170 1.81764250274412
1171 1.81764249800828
1172 1.81764249365036
1173 1.81764248967202
1174 1.81764248607204
1175 1.81764248284656
1176 1.81764247998931
1177 1.81764247749184
1178 1.81764247534375
1179 1.81764247353296
1180 1.81764247204588
1181 1.81764247086765
1182 1.81764246998236
1183 1.81764246937322
1184 1.81764246902277
1185 1.81764246891308
1186 1.81764246902586
1187 1.81764246934269
1188 1.81764246984509
1189 1.81764247051474
1190 1.81764247133352
1191 1.8176424722837
1192 1.81764247334797
1193 1.81764247450958
1194 1.8176424757524
1195 1.817642477061
1196 1.81764247842066
1197 1.81764247981749
1198 1.81764248123841
1199 1.81764248267122
1200 1.81764248410458
