1 2
2 2
3 2
4 2
5 2
6 2
7 2
8 2
9 2
10 2
11 2
12 2
13 2
14 2
15 2
16 2
17 2
18 2
19 2
20 2
21 2
22 2
23 2
24 2
25 2
26 2
27 2
28 2
29 2
30 2.25
31 2.27429538461538
32 2.29891076923077
33 2.32352615384615
34 2.34814153846154
35 2.37275692307692
36 2.39737230769231
37 2.42198769230769
38 2.44660307692308
39 2.47121846153846
40 2.49453871865538
41 2.51552118416024
42 2.53437903700467
43 2.55127281172923
44 2.5663247125562
45 2.57962722414873
46 2.5912498136421
47 2.60124414469222
48 2.60964813278063
49 2.61648909822082
50 2.62179292602907
51 2.62559612042441
52 2.62794777521584
53 2.6289055705384
54 2.62853302950173
55 2.62689765331104
56 2.62406967707035
57 2.62012125964023
58 2.61512597323384
59 2.60915849673454
60 2.60229440988499
61 2.59460996333042
62 2.58618176307677
63 2.57708639801645
64 2.56740005461488
65 2.55719814352521
66 2.54655495069304
67 2.53554331796565
68 2.52423435376062
69 2.51269717189955
70 2.50099865571843
71 2.48920324487997
72 2.47737274345166
73 2.46556614885159
74 2.45383950172642
75 2.44224575685782
76 2.43083467503514
77 2.41965273561709
78 2.40874306930317
79 2.39814541047592
80 2.38789606836715
81 2.37802791623596
82 2.36857039770958
83 2.35954954941191
84 2.3509880389818
85 2.34290521755887
86 2.33531718579217
87 2.32823687240608
88 2.32167412434217
89 2.31563580748467
90 2.31012591697264
91 2.30514569610264
92 2.30069376283212
93 2.29676624290438
94 2.29335690863169
95 2.29045732239197
96 2.28805698391729
97 2.28614348047857
98 2.28470263909985
99 2.28371867996738
100 2.28317437023311
101 2.28305117744892
102 2.28332942190621
103 2.28398842719591
104 2.28500666834543
105 2.28636191693189
106 2.28803138261445
107 2.28999185057271
108 2.29221981438279
109 2.29469160390727
110 2.29738350781961
111 2.3002718904282
112 2.30333330250866
113 2.30654458589613
114 2.30988297163151
115 2.31332617149672
116 2.31685246281402
117 2.32044076642295
118 2.32407071778593
119 2.32772273120884
120 2.33137805719718
121 2.33501883300054
122 2.33862812642859
123 2.34218997305038
124 2.3456894069153
125 2.34911248495906
126 2.3524463052803
127 2.35567901949472
128 2.35879983939184
129 2.36179903813668
130 2.36466794627305
131 2.3673989427982
132 2.36998544158943
133 2.37242187347203
134 2.3747036642255
135 2.37682720882994
136 2.3787898422585
137 2.38058980712366
138 2.38222621848545
139 2.38369902612876
140 2.38500897461429
141 2.38615756140384
142 2.38714699335547
143 2.38798014187759
144 2.38866049702407
145 2.38919212080326
146 2.3895795999653
147 2.38982799852124
148 2.38994281023693
149 2.389929911333
150 2.38979551361007
151 2.38954611820567
152 2.38918847017656
153 2.38872951408651
154 2.38817635076636
155 2.38753619539921
156 2.3868163370701
157 2.38602409990534
158 2.38516680591339
159 2.38425173962519
160 2.38328611461853
161 2.38227704199804
162 2.38123150088906
163 2.38015631099148
164 2.3790581072273
165 2.37794331650372
166 2.37681813660266
167 2.37568851719638
168 2.37456014297884
169 2.37343841889268
170 2.37232845742234
171 2.37123506791548
172 2.37016274788672
173 2.36911567625038
174 2.36809770842203
175 2.36711237322275
176 2.36616287151414
177 2.36525207648742
178 2.36438253552562
179 2.36355647355398
180 2.36277579779077
181 2.36204210380808
182 2.36135668281012
183 2.36072053003513
184 2.3601343541862
185 2.35959858779572
186 2.3591133984283
187 2.35867870062753
188 2.35829416851293
189 2.35795924893482
190 2.35767317509639
191 2.35743498055465
192 2.35724351351409
193 2.35709745132988
194 2.35699531514008
195 2.35693548454993
196 2.35691621229459
197 2.35693563881027
198 2.35699180664761
199 2.35708267466519
200 2.35720613194492
201 2.35736001137531
202 2.35754210285292
203 2.35775016605629
204 2.35798194275121
205 2.35823516859022
206 2.35850758437356
207 2.35879694674297
208 2.3591010382839
209 2.35941767701553
210 2.35974472525239
211 2.3600800978246
212 2.36042176964809
213 2.36076778263923
214 2.36111625197202
215 2.36146537167927
216 2.36181341960203
217 2.36215876169496
218 2.36249985569752
219 2.36283525418388
220 2.36316360700676
221 2.36348366315238
222 2.36379427202599
223 2.36409438418916
224 2.36438305157168
225 2.36465942718227
226 2.36492276434371
227 2.36517241547894
228 2.36540783047567
229 2.36562855465768
230 2.36583422639162
231 2.36602457435837
232 2.36619941451846
233 2.36635864680077
234 2.36650225154417
235 2.36663028572087
236 2.36674287897065
237 2.36684022947396
238 2.36692259969184
239 2.36699031199967
240 2.36704374424092
241 2.3670833252264
242 2.36710953020334
243 2.36712287631777
244 2.36712391809245
245 2.36711324294152
246 2.36709146674181
247 2.36705922947958
248 2.36701719099007
249 2.36696602680607
250 2.36690642413036
251 2.36683907794559
252 2.36676468727373
253 2.36668395159609
254 2.36659756744356
255 2.36650622516518
256 2.3664106058824
257 2.36631137863457
258 2.36620919772044
259 2.36610470023907
260 2.3659985038324
261 2.36589120463082
262 2.36578337540176
263 2.36567556390065
264 2.36556829142238
265 2.36546205155069
266 2.36535730910194
267 2.36525449925912
268 2.36515402689102
269 2.36505626605107
270 2.36496155964946
271 2.36487021929198
272 2.36478252527815
273 2.3646987267511
274 2.36461904199116
275 2.3645436588447
276 2.36447273527979
277 2.36440640005982
278 2.36434475352604
279 2.36428786848017
280 2.36423579115783
281 2.36418854228381
282 2.36414611820002
283 2.36410849205727
284 2.36407561506199
285 2.36404741776914
286 2.36402381141292
287 2.36400468926703
288 2.36398992802632
289 2.36397938920226
290 2.36397292052477
291 2.36397035734328
292 2.36397152402027
293 2.36397623531091
294 2.3639842977229
295 2.36399551085064
296 2.36400966867873
297 2.36402656084984
298 2.36404597389258
299 2.36406769240534
300 2.3640915001924
301 2.36411718134929
302 2.36414452129441
303 2.36417330774456
304 2.36420333163244
305 2.36423438796432
306 2.36426627661672
307 2.36429880307113
308 2.36433177908622
309 2.36436502330728
310 2.36439836181292
311 2.36443162859955
312 2.36446466600404
313 2.36449732506578
314 2.36452946582902
315 2.36456095758718
316 2.36459167907048
317 2.3646215185789
318 2.36465037406239
319 2.36467815315044
320 2.36470477313337
321 2.36473016089774
322 2.36475425281842
323 2.36477699460982
324 2.3647983411391
325 2.36481825620409
326 2.36483671227859
327 2.36485369022791
328 2.3648691789975
329 2.36488317527745
330 2.36489568314558
331 2.36490671369197
332 2.36491628462762
333 2.36492441987989
334 2.36493114917724
335 2.36493650762598
336 2.36494053528126
337 2.36494327671483
338 2.36494478058164
339 2.36494509918762
340 2.36494428806058
341 2.3649424055261
342 2.36493951229036
343 2.36493567103149
344 2.36493094600108
345 2.36492540263723
346 2.36491910719047
347 2.3649121263638
348 2.36490452696785
349 2.36489637559213
350 2.36488773829313
351 2.36487868030012
352 2.36486926573903
353 2.36485955737502
354 2.36484961637401
355 2.36483950208345
356 2.36482927183246
357 2.36481898075133
358 2.36480868161043
359 2.36479842467826
360 2.36478825759841
361 2.36477822528527
362 2.36476836983786
363 2.36475873047155
364 2.36474934346694
365 2.36474024213547
366 2.36473145680107
367 2.36472301479713
368 2.36471494047811
369 2.36470725524505
370 2.36469997758411
371 2.36469312311738
372 2.36468670466516
373 2.36468073231875
374 2.36467521352298
375 2.36467015316762
376 2.36466555368664
377 2.36466141516478
378 2.36465773545017
379 2.36465451027247
380 2.36465173336559
381 2.36464939659409
382 2.3646474900826
383 2.36464600234745
384 2.36464492042971
385 2.364644230029
386 2.36464391563729
387 2.36464396067224
388 2.36464434760918
389 2.36464505811138
390 2.36464607315793
391 2.36464737316885
392 2.36464893812682
393 2.36465074769517
394 2.36465278133176
395 2.36465501839838
396 2.3646574382653
397 2.3646600204108
398 2.36466274451533
399 2.36466559055024
400 2.11466559055024
401 2.06607785270174
402 2.01685017924363
403 1.96762255208214
404 1.91839495377053
405 1.86916736756238
406 1.81993977745903
407 1.77071216825099
408 1.72148452555367
409 1.67225683583728
410 1.62432422922344
411 1.57885523136816
412 1.53585326384937
413 1.49533380000491
414 1.45731738806133
415 1.42182811651982
416 1.38889243609684
417 1.35853826143929
418 1.33079428982096
419 1.30568948795355
420 1.28324599939239
421 1.26346805878729
422 1.24633971036961
423 1.23182832223631
424 1.21988727514076
425 1.21045805045099
426 1.20347186054723
427 1.2
428 1.2
429 1.2
430 1.20193243603687
431 1.2058469694103
432 1.21163343281747
433 1.21917743310973
434 1.22836115612871
435 1.23906415621904
436 1.25116411704941
437 1.26453162398023
438 1.279026412589
439 1.29451733797175
440 1.31088647181333
441 1.32801689035555
442 1.34579259581745
443 1.36409923498122
444 1.38282473260174
445 1.40185985048282
446 1.42109867999731
447 1.44043910512481
448 1.45978328592523
449 1.47903807263395
450 1.49811524939775
451 1.51693168510732
452 1.53540946641241
453 1.55347601198525
454 1.57106416405756
455 1.58811225482817
456 1.60456414649134
457 1.62036924432656
458 1.63548248241036
459 1.64986428183887
460 1.66348048255651
461 1.67630225093013
462 1.68830596529965
463 1.69947308147329
464 1.70978997995791
465 1.7192477966103
466 1.72784223833471
467 1.73557338541705
468 1.74244548206763
469 1.7484667167357
470 1.75364899375107
471 1.7580076978285
472 1.76156145293633
473 1.76433187698557
474 1.76634333374321
475 1.76762268331607
476 1.76819903249127
477 1.76810348615595
478 1.76736890095371
479 1.76602964226812
480 1.76412134555457
481 1.76168068297143
482 1.75874513618964
483 1.7553527761873
484 1.75154205076294
485 1.74735158042792
486 1.74281996326581
487 1.73798558927453
488 1.732886464636
489 1.72756004628829
490 1.72204308710731
491 1.71637149193843
492 1.71058018465434
493 1.70470298635346
494 1.69877250475349
495 1.69282003477776
496 1.68687547027797
497 1.68096722678537
498 1.67512217513433
499 1.66936558575695
500 1.66372108340523
501 1.65821061201871
502 1.65285440941954
503 1.64767099148492
504 1.64267714541763
505 1.63788793170949
506 1.63331669436996
507 1.62897507897285
508 1.62487305805731
509 1.62101896340641
510 1.61741952471599
511 1.61407991415889
512 1.61100379634523
513 1.60819338317692
514 1.60564949309536
515 1.60337161422395
516 1.60135797091203
517 1.59960559319456
518 1.59811038869064
519 1.59686721647527
520 1.59586996247188
521 1.59511161592707
522 1.59458434654529
523 1.59427958187811
524 1.5941880845811
525 1.59430002917048
526 1.59460507793208
527 1.59509245565564
528 1.59575102288927
529 1.59656934743041
530 1.59753577379211
531 1.59863849040566
532 1.59986559434309
533 1.60120515336557
534 1.60264526512592
535 1.60417411337562
536 1.60578002104828
537 1.6074515001129
538 1.60917729811109
539 1.61094644131244
540 1.61274827444199
541 1.61457249695231
542 1.61640919583108
543 1.61824887495196
544 1.62008248099312
545 1.62190142596313
546 1.62369760638856
547 1.62546341923099
548 1.62719177461391
549 1.62887610545145
550 1.63051037408151
551 1.63208907601536
552 1.63360724092444
553 1.63506043099263
554 1.63644473676872
555 1.6377567706597
556 1.63899365820985
557 1.64015302731447
558 1.64123299552013
559 1.6422321555648
560 1.64314955931291
561 1.64398470024019
562 1.64473749462323
563 1.64540826158688
564 1.64599770216148
565 1.64650687749877
566 1.64693718639258
567 1.64729034224669
568 1.64756834962795
569 1.64777348053827
570 1.64790825053382
571 1.64797539481459
572 1.64797784440144
573 1.64791870251186
574 1.64780122123926
575 1.64762877863413
576 1.64740485627872
577 1.64713301744008
578 1.64681688587947
579 1.64646012538905
580 1.64606642012006
581 1.64563945575962
582 1.64518290160636
583 1.64470039358857
584 1.6441955182616
585 1.64367179781494
586 1.64313267611296
587 1.64258150578705
588 1.64202153639128
589 1.64145590362744
590 1.64088761964045
591 1.64031956437928
592 1.63975447801429
593 1.63919495439648
594 1.63864343554045
595 1.63810220710828
596 1.63757339486816
597 1.63705896209795
598 1.63656070790065
599 1.63608026639616
600 1.63561910675101
601 1.63517853400552
602 1.63475969065602
603 1.63436355894814
604 1.63399096383577
605 1.63364257655935
606 1.63331891879634
607 1.63302036733613
608 1.63274715923167
609 1.63249939737971
610 1.63227705648218
611 1.63207998934133
612 1.63190793344215
613 1.63176051777638
614 1.63163726986333
615 1.63153762292417
616 1.63146092316737
617 1.63140643714487
618 1.63137335913977
619 1.63136081854832
620 1.63136788722072
621 1.6313935867272
622 1.63143689551768
623 1.63149675594557
624 1.63157208112822
625 1.63166176161856
626 1.63176467186485
627 1.6318796764373
628 1.63200563600286
629 1.63214141303107
630 1.63228587721651
631 1.63243791060522
632 1.63259641241432
633 1.63276030353655
634 1.63292853072286
635 1.63310007043835
636 1.63327393238867
637 1.63344916271567
638 1.63362484686262
639 1.6338001121112
640 1.63397412979366
641 1.63414611718517
642 1.63431533908247
643 1.63448110907641
644 1.63464279052688
645 1.63479979724978
646 1.63495159392648
647 1.63509769624729
648 1.63523767080094
649 1.63537113472289
650 1.63549775511572
651 1.63561724825551
652 1.63572937859821
653 1.63583395760053
654 1.63593084237
655 1.63601993415888
656 1.63610117671687
657 1.63617455451721
658 1.63624009087107
659 1.63629784594458
660 1.6363479146928
661 1.63639042472482
662 1.63642553411334
663 1.63645342916231
664 1.63647432214529
665 1.63648844902687
666 1.63649606717919
667 1.63649745310461
668 1.63649290017547
669 1.6364827164009
670 1.63646722223039
671 1.63644674840269
672 1.63642163384865
673 1.63639222365522
674 1.63635886709771
675 1.63632191574658
676 1.63628172165415
677 1.63623863562637
678 1.63619300558386
679 1.63614517501575
680 1.63609548152953
681 1.63604425549914
682 1.63599181881322
683 1.63593848372472
684 1.63588455180259
685 1.63583031298564
686 1.63577604473835
687 1.63572201130768
688 1.63566846307973
689 1.63561563603449
690 1.63556375129657
691 1.63551301477962
692 1.63546361692139
693 1.63541573250667
694 1.63536952057441
695 1.63532512440564
696 1.63528267158834
697 1.63524227415508
698 1.63520402878947
699 1.63516801709694
700 1.63513430593555
701 1.63510294780225
702 1.63507398127017
703 1.6350474314722
704 1.63502331062644
705 1.63500161859886
706 1.63498234349876
707 1.63496546230237
708 1.6349509415005
709 1.63493873776565
710 1.63492879863463
711 1.63492106320255
712 1.63491546282424
713 1.6349119218194
714 1.63491035817792
715 1.63491068426181
716 1.63491280750065
717 1.6349166310774
718 1.63492205460183
719 1.63492897476871
720 1.63493728599852
721 1.63494688105833
722 1.63495765166071
723 1.63496948903897
724 1.63498228449702
725 1.63499592993243
726 1.63501031833134
727 1.63502534423437
728 1.63504090417254
729 1.63505689707252
730 1.63507322463081
731 1.63508979165644
732 1.63510650638217
733 1.63512328074407
734 1.63514003062969
735 1.63515667609516
736 1.63517314155169
737 1.63518935592192
738 1.63520525276697
739 1.63522077038484
740 1.63523585188115
741 1.63525044521325
742 1.63526450320859
743 1.63527798355875
744 1.6352908487901
745 1.6353030662125
746 1.63531460784729
747 1.63532545033597
748 1.63533557483082
749 1.635344966869
750 1.63535361623149
751 1.63536151678821
752 1.63536866633082
753 1.6353750663946
754 1.63538072207078
755 1.63538564181059
756 1.63538983722263
757 1.63539332286454
758 1.63539611603057
759 1.63539823653598
760 1.63539970649975
761 1.63540055012649
762 1.63540079348878
763 1.635400464311
764 1.63539959175548
765 1.63539820621203
766 1.63539633909166
767 1.63539402262529
768 1.63539128966817
769 1.63538817351065
770 1.63538470769608
771 1.6353809258461
772 1.63537686149406
773 1.63537254792689
774 1.63536801803572
775 1.63536330417563
776 1.6353584380348
777 1.63535345051312
778 1.63534837161051
779 1.63534323032495
780 1.63533805456029
781 1.63533287104376
782 1.63532770525323
783 1.63532258135396
784 1.63531752214471
785 1.63531254901322
786 1.63530768190046
787 1.63530293927381
788 1.6352983381085
789 1.6352938938773
790 1.63528962054789
791 1.63528553058768
792 1.63528163497571
793 1.63527794322109
794 1.63527446338777
795 1.63527120212502
796 1.63526816470341
797 1.63526535505559
798 1.63526277582174
799 1.63526042839895
800 1.80157215914823
801 1.81371796714301
802 1.82602400422833
803 1.83833026738988
804 1.85063675266357
805 1.86294345520045
806 1.87525036933282
807 1.8875574886411
808 1.8998648060211
809 1.9121723137514
810 1.92361841301838
811 1.93353025660404
812 1.94208545081383
813 1.94941987113393
814 1.95563839737867
815 1.96082181150776
816 1.96503216913912
817 1.96831698150365
818 1.97071247090277
819 1.9722461045739
820 1.97294303004823
821 1.97283425464006
822 1.97195790489499
823 1.97035648262875
824 1.9680750309204
825 1.96515993039534
826 1.96165813537589
827 1.95761671291212
828 1.95308258682895
829 1.94810241744416
830 1.94272254517949
831 1.93698891354483
832 1.9309469314366
833 1.92464129556121
834 1.91811580344849
835 1.91141317383646
836 1.90457488265143
837 1.89764101759152
838 1.8906501513044
839 1.88363923154735
840 1.87664348612163
841 1.86969634065719
842 1.86282934814339
843 1.85607212983117
844 1.8494523274567
845 1.84299556676632
846 1.83672543222377
847 1.83066345264634
848 1.8248290973934
849 1.81923978263809
850 1.81391088719583
851 1.80885577735497
852 1.80408584014498
853 1.7996105244741
854 1.79543738956595
855 1.79157216012067
856 1.78801878762191
857 1.78477951720821
858 1.78185495952603
859 1.77924416698371
860 1.77694471383094
861 1.77495277949623
862 1.77326323462612
863 1.77186972928303
864 1.77076478277412
865 1.76993987460104
866 1.76938553603896
867 1.76909144187388
868 1.76904650184885
869 1.76923895139238
870 1.76965644122619
871 1.77028612547407
872 1.77111474791892
873 1.77212872608075
874 1.77331423281472
875 1.77465727515453
876 1.77614377015311
877 1.77775961749868
878 1.77949076871076
879 1.78132329274638
880 1.78324343787221
881 1.78523768968359
882 1.78729282517533
883 1.78939596279313
884 1.7915346084172
885 1.79369669725165
886 1.79587063161422
887 1.79804531464116
888 1.80021017994094
889 1.80235521724847
890 1.80447099414858
891 1.80654867395274
892 1.8085800298282
893 1.81055745529147
894 1.81247397119065
895 1.81432322931206
896 1.81609951275619
897 1.8177977332371
898 1.81941342546624
899 1.82094273878874
900 1.82238242624475
901 1.82372983123308
902 1.8249828719571
903 1.82614002383522
904 1.82720030005905
905 1.82816323048279
906 1.82902883902635
907 1.82979761977334
908 1.83047051194257
909 1.83104887390847
910 1.83153445644218
911 1.83192937534038
912 1.83223608360396
913 1.83245734332299
914 1.83259619741829
915 1.83265594138335
916 1.83264009516358
917 1.83255237530229
918 1.83239666747569
919 1.83217699953103
920 1.83189751513434
921 1.83156244812603
922 1.83117609767446
923 1.83074280430942
924 1.83026692690927
925 1.82975282070714
926 1.82920481637385
927 1.82862720022687
928 1.82802419560696
929 1.82739994545657
930 1.82675849612639
931 1.82610378242944
932 1.82543961395499
933 1.82476966264785
934 1.82409745165243
935 1.82342634541456
936 1.82275954102849
937 1.82210006081106
938 1.82145074607987
939 1.82081425210762
940 1.82019304422047
941 1.81958939500417
942 1.81900538257815
943 1.81844288989462
944 1.81790360501657
945 1.81738902232626
946 1.81690044461358
947 1.81643898599172
948 1.81600557558627
949 1.8156009619426
950 1.81522571809556
951 1.81488024724516
952 1.81456478898143
953 1.814279426002
954 1.81402409126603
955 1.81379857552889
956 1.81360253520281
957 1.81343550048954
958 1.81329688373288
959 1.81318598793962
960 1.81310201541991
961 1.81304407649915
962 1.81301119825597
963 1.81300233324264
964 1.81301636814645
965 1.81305213235318
966 1.81310840637565
967 1.8131839301131
968 1.81327741090971
969 1.81338753138264
970 1.81351295699296
971 1.81365234333513
972 1.81380434312321
973 1.81396761285475
974 1.81414081913536
975 1.81432264464986
976 1.81451179376807
977 1.81470699777555
978 1.81490701972225
979 1.81511065888373
980 1.81531675483223
981 1.81552419111651
982 1.81573189855146
983 1.81593885812052
984 1.81614410349526
985 1.81634672317851
986 1.81654586227875
987 1.81674072392493
988 1.81693057033205
989 1.81711472352945
990 1.81729256576417
991 1.81746353959336
992 1.81762714768008
993 1.81778295230789
994 1.81793057462997
995 1.81806969366942
996 1.81820004508725
997 1.81832141973554
998 1.81843366201288
999 1.81853666803967
1000 1.81863038367084
1001 1.81871480236329
1002 1.81878996291555
1003 1.81885594709666
1004 1.81891287718107
1005 1.81896091340613
1006 1.81900025136806
1007 1.81903111937216
1008 1.81905377575207
1009 1.81906850617276
1010 1.81907562093102
1011 1.81907545226658
1012 1.81906835169648
1013 1.81905468738436
1014 1.81903484155589
1015 1.81900920797049
1016 1.81897818945891
1017 1.81894219553548
1018 1.81890164009296
1019 1.81885693918715
1020 1.81880850891771
1021 1.81875676341084
1022 1.81870211290858
1023 1.81864496196901
1024 1.81858570778055
1025 1.81852473859323
1026 1.81846243226862
1027 1.8183991549501
1028 1.81833525985375
1029 1.81827108618011
1030 1.81820695814627
1031 1.81814318413708
1032 1.8180800559739
1033 1.81801784829885
1034 1.8179568180718
1035 1.81789720417733
1036 1.8178392271381
1037 1.81778308893093
1038 1.81772897290162
1039 1.81767704377403
1040 1.81762744774898
1041 1.81758031268809
1042 1.81753574837749
1043 1.81749384686653
1044 1.81745468287596
1045 1.81741831427044
1046 1.81738478258994
1047 1.81735411363454
1048 1.81732631809741
1049 1.81730139224043
1050 1.81727931860711
1051 1.81726006676774
1052 1.81724359409143
1053 1.81722984654001
1054 1.81721875947908
1055 1.81721025850122
1056 1.81720426025696
1057 1.81720067328899
1058 1.8171993988655
1059 1.81720033180866
1060 1.81720336131435
1061 1.81720837175974
1062 1.81721524349527
1063 1.81722385361805
1064 1.81723407672371
1065 1.81724578563423
1066 1.81725885209928
1067 1.817273147469
1068 1.81728854333626
1069 1.81730491214694
1070 1.81732212777657
1071 1.81734006607235
1072 1.81735860535952
1073 1.81737762691131
1074 1.817397015382
1075 1.81741665920278
1076 1.81743645094024
1077 1.81745628761755
1078 1.81747607099859
1079 1.8174957078355
1080 1.81751511008007
1081 1.81753419505984
1082 1.81755288561961
1083 1.81757111022948
1084 1.81758880306043
1085 1.81760590402863
1086 1.81762235880978
1087 1.81763811882494
1088 1.81765314119909
1089 1.81766738869423
1090 1.8176808296182
1091 1.81769343771122
1092 1.81770519201144
1093 1.81771607670142
1094 1.81772608093697
1095 1.81773519866025
1096 1.81774342839863
1097 1.81775077305105
1098 1.81775723966345
1099 1.81776283919502
1100 1.81776758627667
1101 1.81777149896337
1102 1.81777459848185
1103 1.81777690897506
1104 1.81777845724484
1105 1.81777927249408
1106 1.81777938606967
1107 1.81777883120746
1108 1.81777764278032
1109 1.81777585705044
1110 1.81777351142679
1111 1.81777064422876
1112 1.81776729445669
1113 1.81776350157024
1114 1.81775930527512
1115 1.81775474531898
1116 1.81774986129688
1117 1.81774469246684
1118 1.81773927757597
1119 1.81773365469741
1120 1.81772786107838
1121 1.81772193299952
1122 1.8177159056458
1123 1.81770981298879
1124 1.81770368768058
1125 1.81769756095922
1126 1.81769146256544
1127 1.81768542067076
1128 1.8176794618166
1129 1.81767361086421
1130 1.81766789095517
1131 1.81766232348214
1132 1.81765692806941
1133 1.81765172256307
1134 1.81764672303014
1135 1.81764194376644
1136 1.81763739731267
1137 1.81763309447811
1138 1.81762904437173
1139 1.81762525443986
1140 1.81762173051023
1141 1.81761847684167
1142 1.81761549617903
1143 1.81761278981277
1144 1.81761035764277
1145 1.81760819824575
1146 1.81760630894586
1147 1.817604685888
1148 1.81760332411321
1149 1.8176022176359
1150 1.81760135952221
1151 1.81760074196932
1152 1.81760035638501
1153 1.81760019346733
1154 1.81760024328383
1155 1.81760049534999
1156 1.81760093870659
1157 1.81760156199567
1158 1.8176023535347
1159 1.81760330138882
1160 1.81760439344077
1161 1.81760561745839
1162 1.81760696115934
1163 1.81760841227306
1164 1.8176099585996
1165 1.8176115880653
1166 1.81761328877522
1167 1.81761504906209
1168 1.81761685753191
1169 1.81761870310594
1170 1.81762057505917
1171 1.81762246305527
1172 1.81762435717788
1173 1.81762624795849
1174 1.81762812640065
1175 1.81762998400086
1176 1.81763181276601
1177 1.81763360522753
1178 1.81763535445226
1179 1.81763705405031
1180 1.81763869817978
1181 1.81764028154875
1182 1.81764179941433
1183 1.81764324757928
1184 1.81764462238602
1185 1.81764592070837
1186 1.8176471399411
1187 1.81764827798748
1188 1.81764933324492
1189 1.81765030458897
1190 1.81765119135572
1191 1.81765199332284
1192 1.81765271068944
1193 1.81765334405473
1194 1.81765389439592
1195 1.81765436304528
1196 1.81765475166656
1197 1.817655062231
1198 1.81765529699295
1199 1.81765545846534
1200 1.81765554939507
