1 2
2 2
3 2
4 2
5 2
6 2
7 2
8 2
9 2
10 2
11 2
12 2
13 2
14 2
15 2
16 2
17 2
18 2
19 2
20 2
21 2
22 2
23 2
24 2
25 2
26 2
27 2
28 2
29 2
30 2.25
31 2.27369115384615
32 2.29753730769231
33 2.32138346153846
34 2.34522961538462
35 2.36907576923077
36 2.39292192307692
37 2.41676807692308
38 2.44061423076923
39 2.46446038461539
40 2.48705248720928
41 2.50738332691078
42 2.52566480852032
43 2.54205807419202
44 2.55668606227675
45 2.56964207845226
46 2.58099646635204
47 2.59080179774978
48 2.59909690984343
49 2.60591004476406
50 2.61126758060359
51 2.61520543621756
52 2.61777097453854
53 2.61901927322792
54 2.61901057195321
55 2.61780854745982
56 2.61547917208052
57 2.61208997902682
58 2.60770960751638
59 2.60240753715133
60 2.59625391589187
61 2.58931936667124
62 2.5816747160973
63 2.57339067101105
64 2.5645374829326
65 2.55518462287944
66 2.54540047792173
67 2.53525207397627
68 2.52480482529923
69 2.51412230892731
70 2.5032660614248
71 2.49229539557388
72 2.48126723565935
73 2.47023597092822
74 2.4592533272252
75 2.44836825684411
76 2.43762684650531
77 2.42707224318822
78 2.41674459737695
79 2.40668102314319
80 2.39691557440074
81 2.38747923661323
82 2.37839993320895
83 2.36970254593749
84 2.3614089483873
85 2.35353805186581
86 2.34610586282783
87 2.33912555102328
88 2.33260752752439
89 2.3265595317859
90 2.32098672688975
91 2.31589180212875
92 2.31127508209036
93 2.30713464141283
94 2.30346642440004
95 2.30026436869875
96 2.29752053226213
97 2.29522522284607
98 2.29336712931008
99 2.29193345402155
100 2.29091004569165
101 2.29028153200178
102 2.29003145141217
103 2.29014238357751
104 2.29059607782967
105 2.29137357922272
106 2.29245535167168
107 2.29382139775316
108 2.29545137477265
109 2.29732470674004
110 2.2994206919318
111 2.30171860575449
112 2.30419779866023
113 2.30683778890012
114 2.3096183499363
115 2.31251959236683
116 2.31552204025066
117 2.31860670175133
118 2.32175513404879
119 2.32494950249789
120 2.32817263403996
121 2.33140806490042
122 2.33464008263056
123 2.33785376257495
124 2.34103499886815
125 2.34417053008478
126 2.3472479596858
127 2.35025577142128
128 2.35318333986546
129 2.35602093627412
130 2.35875972996673
131 2.36139178544673
132 2.36391005548286
133 2.36630837038225
134 2.36858142369245
135 2.37072475457463
136 2.37273472709379
137 2.37460850667424
138 2.37634403396942
139 2.37793999639524
140 2.37939579757458
141 2.38071152493839
142 2.381887915725
143 2.38292632161546
144 2.38382867223668
145 2.38459743775883
146 2.38523559080572
147 2.38574656789024
148 2.38613423057789
149 2.38640282657338
150 2.38655695091564
151 2.38660150745726
152 2.38654167079412
153 2.38638284880101
154 2.38613064591832
155 2.38579082732445
156 2.38536928411761
157 2.38487199962009
158 2.38430501690728
159 2.38367440765269
160 2.38298624237005
161 2.38224656212266
162 2.38146135176009
163 2.38063651473212
164 2.37977784952012
165 2.37889102771647
166 2.37798157377325
167 2.37705484643308
168 2.37611602184588
169 2.37517007836773
170 2.37422178303017
171 2.37327567966103
172 2.37233607863108
173 2.37140704819467
174 2.3704924073863
175 2.36959572043
176 2.3687202926132
177 2.36786916757253
178 2.36704512593472
179 2.36625068525253
180 2.36548810117227
181 2.36475936976696
182 2.36406623096713
183 2.36341017301902
184 2.36279243789924
185 2.36221402761332
186 2.36167571130548
187 2.36117803310653
188 2.36072132064699
189 2.36030569416295
190 2.35993107612311
191 2.35959720130641
192 2.35930362726099
193 2.35904974507704
194 2.35883479040764
195 2.35865785467416
196 2.35851789639457
197 2.35841375257596
198 2.35834415011476
199 2.35830771715114
200 2.35830299432672
201 2.35832844589787
202 2.35838247065973
203 2.35846341263932
204 2.35856957151897
205 2.35869921275489
206 2.35885057735844
207 2.35902189131098
208 2.35921137458645
209 2.35941724975877
210 2.35963775017416
211 2.35987112767183
212 2.36011565983886
213 2.36036965678855
214 2.36063146745385
215 2.36089948539036
216 2.36117215408584
217 2.36144797177574
218 2.36172549576648
219 2.36200334627055
220 2.36228020975941
221 2.36255484184223
222 2.36282606968045
223 2.3630927939495
224 2.36335399036089
225 2.36360871075916
226 2.36385608380936
227 2.36409531529207
228 2.3643256880238
229 2.36454656142156
230 2.36475737073114
231 2.36495762593916
232 2.36514691038958
233 2.36532487912562
234 2.3654912569783
235 2.36564583642298
236 2.36578847522536
237 2.3659190938982
238 2.36603767298998
239 2.36614425022642
240 2.3662389175254
241 2.36632181790547
242 2.36639314230763
243 2.36645312634941
244 2.36650204702983
245 2.366540219403
246 2.36656799323732
247 2.36658574967687
248 2.36659389792014
249 2.36659287193098
250 2.36658312719549
251 2.36656513753773
252 2.36653939200617
253 2.36650639184209
254 2.3664666475399
255 2.36642067600872
256 2.36636899784338
257 2.36631213471238
258 2.36625060686902
259 2.36618493079153
260 2.3661156169567
261 2.36604316775088
262 2.36596807552147
263 2.36589082077093
264 2.36581187049489
265 2.36573167666489
266 2.36565067485592
267 2.3655692830179
268 2.36548790038975
269 2.36540690655435
270 2.36532666063154
271 2.36524750060641
272 2.3651697427893
273 2.36509368140348
274 2.36501958829626
275 2.36494771276881
276 2.36487828151958
277 2.36481149869602
278 2.36474754604919
279 2.36468658318523
280 2.36462874790793
281 2.36457415664632
282 2.36452290496102
283 2.36447506812319
284 2.36443070175976
285 2.36438984255874
286 2.36435250902826
287 2.36431870230329
288 2.36428840699379
289 2.36426159206839
290 2.3642382117677
291 2.36421820654154
292 2.36420150400448
293 2.36418801990444
294 2.36417765909908
295 2.36417031653506
296 2.36416587822555
297 2.36416422222133
298 2.36416521957148
299 2.36416873526946
300 2.36417462918109
301 2.3641827569508
302 2.36419297088315
303 2.36420512079657
304 2.36421905484684
305 2.3642346203178
306 2.36425166437735
307 2.36427003479685
308 2.3642895806323
309 2.36431015286615
310 2.36433160500846
311 2.36435379365689
312 2.36437657901459
313 2.36439982536593
314 2.36442340150975
315 2.36444718115028
316 2.36447104324586
317 2.36449487231615
318 2.3645185587081
319 2.36454199882177
320 2.36456509529678
321 2.36458775716035
322 2.36460989993838
323 2.36463144573067
324 2.3646523232517
325 2.36467246783861
326 2.36469182142775
327 2.36471033250171
328 2.36472795600822
329 2.36474465325298
330 2.36476039176798
331 2.36477514515727
332 2.36478889292189
333 2.36480162026592
334 2.36481331788541
335 2.36482398174201
336 2.36483361282315
337 2.36484221689057
338 2.3648498042188
339 2.36485638932554
340 2.36486199069542
341 2.36486663049874
342 2.36487033430696
343 2.36487313080614
344 2.36487505150998
345 2.36487613047381
346 2.36487640401061
347 2.36487591041059
348 2.36487468966524
349 2.36487278319699
350 2.36487023359549
351 2.36486708436138
352 2.36486337965841
353 2.36485916407463
354 2.36485448239332
355 2.36484937937427
356 2.36484389954596
357 2.36483808700893
358 2.36483198525089
359 2.36482563697376
360 2.36481908393286
361 2.3648123667884
362 2.36480552496946
363 2.3647985965503
364 2.36479161813914
365 2.36478462477922
366 2.36477764986205
367 2.36477072505264
368 2.36476388022639
369 2.36475714341758
370 2.36475054077882
371 2.36474409655142
372 2.36473783304608
373 2.36473177063352
374 2.36472592774468
375 2.36472032087994
376 2.36471496462691
377 2.36470987168627
378 2.36470505290518
379 2.36470051731766
380 2.36469627219147
381 2.36469232308097
382 2.36468867388535
383 2.36468532691171
384 2.36468228294251
385 2.36467954130684
386 2.36467709995491
387 2.3646749555354
388 2.36467310347502
389 2.36467153805991
390 2.36467025251837
391 2.3646692391044
392 2.3646684891818
393 2.36466799330818
394 2.36466774131869
395 2.36466772240894
396 2.36466792521694
397 2.36466833790346
398 2.36466894823085
399 2.36466974363969
400 2.11466974363969
401 2.06728856292373
402 2.01959752841237
403 1.97190662697773
404 1.92421584551541
405 1.87652517100453
406 1.82883459056446
407 1.78114409150805
408 1.73345366139137
409 1.6857632880599
410 1.63932701579741
411 1.59527088791552
412 1.55358679038208
413 1.51427852895654
414 1.47735695327204
415 1.44283801452382
416 1.41074127069803
417 1.38108874019742
418 1.35390402596957
419 1.32921164950507
420 1.30703025691471
421 1.28736213677738
422 1.27019106469114
423 1.25548561638881
424 1.24320169605156
425 1.23328448361304
426 1.22566994260747
427 1.22028599561792
428 1.21705344822299
429 1.21588672252526
430 1.21669447790271
431 1.21938022676922
432 1.22384300637396
433 1.22997809035512
434 1.23767770619478
435 1.24683173786621
436 1.25732840175798
437 1.26905488978182
438 1.28189797733101
439 1.2957445960981
440 1.3104823729848
441 1.32600013644368
442 1.34218839090004
443 1.35893975916997
444 1.37614939245869
445 1.39371534752376
446 1.41153893074993
447 1.4295250091048
448 1.44758228816981
449 1.46562355764067
450 1.48356590485361
451 1.50133089702002
452 1.51884473295241
453 1.5360383651506
454 1.55284759319664
455 1.56921312948239
456 1.58508063836449
457 1.60040074990698
458 1.6151290494304
459 1.6292260441365
460 1.64265710812041
461 1.65539240711583
462 1.66740680434506
463 1.67867974886376
464 1.68919514780175
465 1.69894122390522
466 1.70791035978348
467 1.71609893025491
468 1.72350712417246
469 1.73013875708895
470 1.73600107609735
471 1.74110455815113
472 1.74546270313504
473 1.74909182291812
474 1.7520108275782
475 1.75424100994107
476 1.75580582952883
477 1.75673069696028
478 1.75704275979228
479 1.75677069073539
480 1.75594447911971
481 1.7545952264282
482 1.75275494665547
483 1.7504563721897
484 1.74773276585535
485 1.74461773969366
486 1.74114508099822
487 1.73734858606317
488 1.73326190204297
489 1.72891837726529
490 1.72435092028181
491 1.71959186788699
492 1.7146728622817
493 1.70962473750679
494 1.70447741522249
495 1.69925980986183
496 1.69399974314117
497 1.68872386786794
498 1.6834576009452
499 1.67822506543456
500 1.67304904150339
501 1.66795092604932
502 1.66295070076468
503 1.65806690837567
504 1.65331663676588
505 1.64871551067132
506 1.64427769061383
507 1.64001587872265
508 1.63594133107864
509 1.63206387620329
510 1.62839193930441
511 1.62493257188271
512 1.62169148629758
513 1.6186730948874
514 1.61588055323784
515 1.61331580719245
516 1.61097964320234
517 1.6088717416158
518 1.60699073251456
519 1.60533425371114
520 1.60389901053001
521 1.60268083700617
522 1.60167475814543
523 1.60087505290387
524 1.60027531755676
525 1.5998685291422
526 1.59964710867935
527 1.59960298387735
528 1.59972765106687
529 1.6000122361036
530 1.60044755400954
531 1.60102416713577
532 1.60173244164767
533 1.60256260215119
534 1.60350478429663
535 1.60454908521336
536 1.60568561164674
537 1.60690452568528
538 1.60819608798287
539 1.60955069839735
540 1.61095893398255
541 1.61241158428644
542 1.61389968392286
543 1.61541454239869
544 1.61694777119205
545 1.61849130809001
546 1.620037438807
547 1.62157881591632
548 1.62310847513853
549 1.62461984904039
550 1.62610677820771
551 1.62756351996385
552 1.62898475471396
553 1.63036559000179
554 1.63170156237258
555 1.63298863714111
556 1.63422320616889
557 1.63540208375868
558 1.63652250077798
559 1.63758209712602
560 1.63857891266064
561 1.63951137670328
562 1.64037829624081
563 1.64117884294338
564 1.64191253911701
565 1.64257924270898
566 1.64317913148238
567 1.64371268647473
568 1.64418067485298
569 1.64458413227459
570 1.64492434486142
571 1.64520283088954
572 1.64542132229441
573 1.64558174608699
574 1.64568620577181
575 1.64573696285366
576 1.64573641851509
577 1.64568709554167
578 1.64559162056736
579 1.64545270670718
580 1.64527313663916
581 1.64505574619269
582 1.64480340849474
583 1.64451901872091
584 1.64420547949252
585 1.64386568695639
586 1.64350251757865
587 1.64311881567927
588 1.64271738172904
589 1.64230096142628
590 1.64187223556588
591 1.64143381070923
592 1.64098821065899
593 1.64053786873931
594 1.64008512087766
595 1.6396321994814
596 1.63918122809861
597 1.63873421684949
598 1.63829305861193
599 1.63785952594195
600 1.63743526870726
601 1.63702181241003
602 1.63662055717284
603 1.63623277735985
604 1.63585962180392
605 1.63550211460872
606 1.63516115649393
607 1.63483752665048
608 1.63453188507218
609 1.63424477532945
610 1.6339766277504
611 1.63372776297447
612 1.63349839584375
613 1.63328863959709
614 1.63309851033276
615 1.63292793170532
616 1.63277673982364
617 1.63264468831696
618 1.63253145353729
619 1.63243663986709
620 1.63235978510233
621 1.63230036588193
622 1.63225780313621
623 1.63223146752767
624 1.63222068485934
625 1.63222474142688
626 1.63224288929219
627 1.63227435145791
628 1.63231832692332
629 1.63237399560404
630 1.63244052309905
631 1.63251706529052
632 1.63260277276289
633 1.63269679502975
634 1.63279828455793
635 1.63290640058018
636 1.63302031268901
637 1.63313920420544
638 1.63326227531833
639 1.63338874599058
640 1.63351785863032
641 1.63364888052595
642 1.6337811060455
643 1.6339138586014
644 1.63404649238311
645 1.63417839386094
646 1.63430898306525
647 1.63443771464605
648 1.63456407871893
649 1.63468760150379
650 1.63480784576359
651 1.63492441105092
652 1.63503693377065
653 1.63514508706743
654 1.63524858054707
655 1.6353471598415
656 1.63544060602667
657 1.63552873490374
658 1.63561139615324
659 1.63568847237272
660 1.63575987800785
661 1.63582555818741
662 1.63588548747212
663 1.63593966852763
664 1.63598813073131
665 1.63603092872286
666 1.63606814090813
667 1.6360998679254
668 1.63612623108327
669 1.63614737077872
670 1.63616344490372
671 1.63617462724851
672 1.63618110590899
673 1.63618308170557
674 1.63618076662033
675 1.63617438225872
676 1.63616415834205
677 1.63615033123596
678 1.63613314252032
679 1.63611283760492
680 1.63608966439531
681 1.6360638720126
682 1.63603570957035
683 1.63600542501166
684 1.63597326400889
685 1.63593946892791
686 1.63590427785884
687 1.63586792371419
688 1.63583063339565
689 1.63579262702977
690 1.63575411727287
691 1.635715308685
692 1.6356763971724
693 1.63563756949782
694 1.63559900285756
695 1.63556086452399
696 1.63552331155196
697 1.6354864905473
698 1.6354505374956
699 1.63541557764886
700 1.63538172546792
701 1.63534908461812
702 1.6353177480155
703 1.63528779792099
704 1.63525930607976
705 1.63523233390274
706 1.63520693268754
707 1.63518314387575
708 1.6351609993436
709 1.635140521723
710 1.63512172475002
711 1.63510461363773
712 1.63508918547059
713 1.6350754296174
714 1.63506332815993
715 1.63505285633464
716 1.63504398298458
717 1.63503667101896
718 1.63503087787785
719 1.63502655599965
720 1.63502365328886
721 1.63502211358207
722 1.63502187711015
723 1.63502288095439
724 1.63502505949512
725 1.63502834485076
726 1.635032667306
727 1.63503795572737
728 1.63504413796511
729 1.63505114124003
730 1.63505889251427
731 1.63506731884508
732 1.63507634772077
733 1.63508590737818
734 1.63509592710093
735 1.63510633749835
736 1.63511707076426
737 1.63512806091588
738 1.63513924401229
739 1.63515055835275
740 1.63516194465478
741 1.63517334621216
742 1.6351847090332
743 1.63519598195952
744 1.63520711676571
745 1.63521806824051
746 1.63522879424978
747 1.63523925578219
748 1.63524941697787
749 1.63525924514114
750 1.63526871073769
751 1.63527778737721
752 1.63528645178217
753 1.63529468374361
754 1.63530246606475
755 1.63530978449332
756 1.63531662764347
757 1.63532298690812
758 1.63532885636264
759 1.63533423266072
760 1.63533911492338
761 1.63534350462182
762 1.6353474054551
763 1.63535082322345
764 1.63535376569793
765 1.63535624248734
766 1.63535826490305
767 1.63535984582257
768 1.63536099955244
769 1.63536174169125
770 1.63536208899331
771 1.63536205923362
772 1.63536167107475
773 1.6353609439361
774 1.63535989786599
775 1.63535855341717
776 1.63535693152607
777 1.63535505339618
778 1.63535294038588
779 1.63535061390117
780 1.63534809529328
781 1.63534540576173
782 1.63534256626275
783 1.63533959742336
784 1.63533651946127
785 1.63533335211052
786 1.63533011455312
787 1.6353268253566
788 1.63532350241745
789 1.63532016291058
790 1.63531682324451
791 1.6353134990224
792 1.6353102050088
793 1.63530695510185
794 1.63530376231095
795 1.63530063873971
796 1.63529759557387
797 1.6352946430742
798 1.63529179057402
799 1.63528904648114
800 1.79632545674565
801 1.80816852794703
802 1.82008922730803
803 1.83201005963526
804 1.84393102887825
805 1.85585213815317
806 1.86777338976918
807 1.8796947852573
808 1.89161632540151
809 1.90353801027174
810 1.9146520344273
811 1.92432672651146
812 1.93272796396506
813 1.93998332504113
814 1.94619128624824
815 1.95142769912651
816 1.95575083334949
817 1.95920530299641
818 1.96182512297267
819 1.96363608795641
820 1.96466167583366
821 1.96493052722297
822 1.96447763519835
823 1.96334188303917
824 1.96156439639466
825 1.95918746425273
826 1.95625385648909
827 1.95280641416932
828 1.94888782419263
829 1.94454051567345
830 1.9398066138465
831 1.93472787641364
832 1.92934557654753
833 1.92370035051959
834 1.91783203662848
835 1.91177952016911
836 1.90558059168322
837 1.89927182116192
838 1.8928884482266
839 1.88646428690949
840 1.88003164312867
841 1.87362124318801
842 1.8672621723322
843 1.86098182301425
844 1.85480585281608
845 1.84875815199409
846 1.84286082054238
847 1.83713415455551
848 1.83159664157059
849 1.82626496449169
850 1.82115401365179
851 1.81627690654487
852 1.81164501475242
853 1.80726799758684
854 1.80315384197251
855 1.79930890808329
856 1.79573798025208
857 1.7924443226665
858 1.78942973936427
859 1.78669463804411
860 1.78423809721249
861 1.78205793619353
862 1.78015078753891
863 1.77851217138536
864 1.77713657132069
865 1.77601751133302
866 1.7751476334339
867 1.77451877556238
868 1.77412204939498
869 1.77394791770496
870 1.77398627093393
871 1.77422650265853
872 1.77465758365575
873 1.77526813429129
874 1.77604649497648
875 1.77698079446102
876 1.77805901574971
877 1.77926905945327
878 1.78059880440413
879 1.78203616538934
880 1.78356914787336
881 1.78518589960353
882 1.78687475901106
883 1.7886243003394
884 1.79042337545043
885 1.79226115227692
886 1.79412714990678
887 1.79601127030105
888 1.79790382666318
889 1.7997955684919
890 1.80167770336391
891 1.80354191550537
892 1.80538038122362
893 1.8071857812813
894 1.80895131030558
895 1.81067068333428
896 1.81233813960912
897 1.81394844373369
898 1.81549688432042
899 1.81697927025615
900 1.8183919247209
901 1.81973167709824
902 1.82099585291862
903 1.82218226197935
904 1.82328918478633
905 1.82431535746333
906 1.82525995527463
907 1.8261225749061
908 1.82690321564851
909 1.82760225962488
910 1.82822045120126
911 1.82875887571711
912 1.82921893766816
913 1.82960233847046
914 1.82991105393017
915 1.83014731153861
916 1.83031356770735
917 1.83041248505247
918 1.83044690983182
919 1.83041984963293
920 1.83033445140371
921 1.83019397991143
922 1.83000179670977
923 1.82976133968704
924 1.82947610326267
925 1.82914961929248
926 1.82878543873712
927 1.82838711414191
928 1.82795818296983
929 1.82750215182373
930 1.8270224815878
931 1.8265225735123
932 1.82600575626048
933 1.82547527393072
934 1.82493427506195
935 1.82438580262544
936 1.82383278500123
937 1.82327802793293
938 1.82272420745036
939 1.82217386374573
940 1.82162939598481
941 1.82109305803171
942 1.82056695506206
943 1.82005304103701
944 1.81955311700735
945 1.81906883021509
946 1.81860167395733
947 1.81815298817574
948 1.81772396073319
949 1.81731562933783
950 1.81692888407382
951 1.81656447049714
952 1.81622299325414
953 1.81590492018041
954 1.81561058683709
955 1.81534020144208
956 1.81509385015361
957 1.81487150266423
958 1.81467301806389
959 1.81449815093143
960 1.81434655761488
961 1.81421780266193
962 1.8141113653632
963 1.81402664637219
964 1.81396297436718
965 1.81391961272201
966 1.81389576615412
967 1.81389058731986
968 1.81390318332891
969 1.81393262215141
970 1.81397793889306
971 1.81403814191542
972 1.81411221878045
973 1.81419914200013
974 1.81429787457392
975 1.81440737529857
976 1.81452660383675
977 1.81465452553259
978 1.81479011596417
979 1.81493236522453
980 1.81508028192459
981 1.81523289691299
982 1.81538926670932
983 1.81554847664876
984 1.81570964373777
985 1.81587191922155
986 1.81603449086545
987 1.81619658495381
988 1.81635746801073
989 1.81651644824836
990 1.81667287674941
991 1.81682614839136
992 1.81697570252071
993 1.81712102338655
994 1.81726164034305
995 1.81739712783141
996 1.81752710515217
997 1.81765123603921
998 1.81776922804716
999 1.81788083176432
1000 1.81798583986326
1001 1.81808408600154
1002 1.81817544358504
1003 1.81825982440647
1004 1.81833717717144
1005 1.81840748592462
1006 1.81847076838819
1007 1.81852707422459
1008 1.81857648323555
1009 1.81861910350879
1010 1.81865506952369
1011 1.8186845402268
1012 1.81870769708761
1013 1.8187247421447
1014 1.81873589605175
1015 1.81874139613266
1016 1.81874149445442
1017 1.81873645592569
1018 1.81872655642892
1019 1.81871208099293
1020 1.81869332201258
1021 1.81867057752154
1022 1.81864414952346
1023 1.81861434238673
1024 1.81858146130696
1025 1.81854581084115
1026 1.8185076935169
1027 1.81846740851935
1028 1.81842525045826
1029 1.81838150821707
1030 1.81833646388517
1031 1.81829039177441
1032 1.81824355752017
1033 1.8181962172672
1034 1.81814861693974
1035 1.81810099159516
1036 1.81805356486019
1037 1.81800654844818
1038 1.81796014175571
1039 1.81791453153656
1040 1.81786989165065
1041 1.81782638288566
1042 1.81778415284833
1043 1.81774333592275
1044 1.81770405329235
1045 1.81766641302254
1046 1.81763051020051
1047 1.81759642712873
1048 1.81756423356874
1049 1.81753398703143
1050 1.81750573311033
1051 1.81747950585413
1052 1.81745532817487
1053 1.817433212288
1054 1.81741316018087
1055 1.81739516410589
1056 1.81737920709495
1057 1.81736526349163
1058 1.81735329949783
1059 1.81734327373158
1060 1.81733513779284
1061 1.81732883683426
1062 1.81732431013409
1063 1.81732149166828
1064 1.81732031067928
1065 1.81732069223902
1066 1.81732255780366
1067 1.81732582575802
1068 1.81733041194756
1069 1.81733623019613
1070 1.81734319280769
1071 1.81735121105052
1072 1.81736019562241
1073 1.81737005709574
1074 1.81738070634122
1075 1.81739205492945
1076 1.8174040155095
1077 1.81741650216381
1078 1.817429430739
1079 1.81744271915215
1080 1.81745628767244
1081 1.81747005917788
1082 1.8174839593873
1083 1.81749791706768
1084 1.81751186421701
1085 1.81752573622316
1086 1.81753947199903
1087 1.81755301409467
1088 1.81756630878684
1089 1.81757930614684
1090 1.81759196008725
1091 1.81760422838841
1092 1.81761607270558
1093 1.81762745855766
1094 1.81763835529838
1095 1.81764873607102
1096 1.81765857774766
1097 1.81766786085401
1098 1.81767656948085
1099 1.81768469118319
1100 1.81769221686818
1101 1.81769914067293
1102 1.81770545983319
1103 1.81771117454402
1104 1.81771628781354
1105 1.81772080531064
1106 1.81772473520783
1107 1.81772808802008
1108 1.81773087644062
1109 1.81773311517468
1110 1.81773482077195
1111 1.81773601145873
1112 1.81773670697042
1113 1.8177369283852
1114 1.81773669795972
1115 1.81773603896718
1116 1.81773497553877
1117 1.8177335325088
1118 1.81773173526421
1119 1.81772960959888
1120 1.81772718157316
1121 1.81772447737909
1122 1.81772152321163
1123 1.81771834514622
1124 1.81771496902281
1125 1.81771142033685
1126 1.8177077241371
1127 1.81770390493061
1128 1.81769998659493
1129 1.81769599229749
1130 1.81769194442229
1131 1.81768786450392
1132 1.81768377316868
1133 1.81767969008287
1134 1.81767563390818
1135 1.81767162226381
1136 1.81766767169548
1137 1.81766379765087
1138 1.81766001446141
1139 1.81765633533023
1140 1.81765277232592
1141 1.81764933638189
1142 1.8176460373011
1143 1.81764288376582
1144 1.81763988335212
1145 1.81763704254887
1146 1.8176343667808
1147 1.81763186043551
1148 1.81762952689385
1149 1.81762736856368
1150 1.81762538691635
1151 1.81762358252587
1152 1.81762195511033
1153 1.8176205035752
1154 1.81761922605845
1155 1.81761811997688
1156 1.81761718207365
1157 1.81761640846655
1158 1.81761579469688
1159 1.81761533577858
1160 1.81761502624742
1161 1.81761486021001
1162 1.81761483139241
1163 1.81761493318809
1164 1.81761515870516
1165 1.81761550081257
1166 1.81761595218512
1167 1.81761650534724
1168 1.81761715271528
1169 1.81761788663822
1170 1.81761869943673
1171 1.8176195834404
1172 1.81762053102313
1173 1.81762153463656
1174 1.81762258684151
1175 1.81762368033734
1176 1.81762480798926
1177 1.81762596285347
1178 1.81762713820023
1179 1.81762832753474
1180 1.81762952461597
1181 1.8176307234733
1182 1.81763191842113
1183 1.81763310407142
1184 1.81763427534427
1185 1.81763542747643
1186 1.81763655602808
1187 1.81763765688759
1188 1.81763872627465
1189 1.81763976074163
1190 1.81764075717333
1191 1.81764171278521
1192 1.81764262512013
1193 1.81764349204377
1194 1.8176443117387
1195 1.81764508269733
1196 1.81764580371372
1197 1.81764647387438
1198 1.8176470925482
1199 1.81764765937547
1200 1.81764817425629
