1 2
2 2
3 2
4 2
5 2
6 2
7 2
8 2
9 2
10 2
11 2
12 2
13 2
14 2
15 2
16 2
17 2
18 2
19 2
20 2
21 2
22 2
23 2
24 2
25 2
26 2
27 2
28 2
29 2
30 2.25
31 2.26568
32 2.28168
33 2.29768
34 2.31368
35 2.32968
36 2.34568
37 2.36168
38 2.37768
39 2.39368
40 2.40840164504
41 2.42089214809611
42 2.43149201580153
43 2.44046390066984
44 2.44801240240154
45 2.45429689880027
46 2.45944154191624
47 2.4635430445318
48 2.46667674543858
49 2.4689013339827
50 2.47026906701492
51 2.47083796958659
52 2.47067321307806
53 2.46984261094269
54 2.46841377356025
55 2.46645239168501
56 2.46402128858302
57 2.46117998490179
58 2.45798459591345
59 2.45448793545553
60 2.45073970678878
61 2.44678665154945
62 2.44267260266757
63 2.43843847920505
64 2.43412227132558
65 2.42975903947851
66 2.42538093741337
67 2.42101726034516
68 2.41669451523246
69 2.4124365082115
70 2.40826444392748
71 2.40419703248099
72 2.40025060133989
73 2.39643921089408
74 2.39277477294136
75 2.38926717152339
76 2.38592438547161
77 2.38275261192619
78 2.37975639002536
79 2.3769387239501
80 2.37430120455012
81 2.37184412885438
82 2.36956661686357
83 2.36746672511373
84 2.36554155658202
85 2.36378736657492
86 2.36219966429976
87 2.36077330987377
88 2.35950260657443
89 2.35838138818074
90 2.35740310129918
91 2.35656088260893
92 2.35584763099949
93 2.35525607460911
94 2.3547788328042
95 2.35440847316891
96 2.35413756359945
97 2.35395871962024
98 2.35386464705876
99 2.35384818023279
100 2.35390231581834
101 2.35402024257847
102 2.35419536714326
103 2.35442133603853
104 2.35469205416714
105 2.35500169995021
106 2.35534473733814
107 2.3557159249018
108 2.35611032221379
109 2.35652329372741
110 2.35695051035822
111 2.35738794896852
112 2.35783188995051
113 2.35827891309758
114 2.35872589194717
115 2.35916998677123
116 2.35960863638291
117 2.36003954892023
118 2.36046069175918
119 2.36087028070024
120 2.36126676856394
121 2.36164883332213
122 2.36201536588317
123 2.36236545764058
124 2.36269838788606
125 2.36301361117961
126 2.36331074476093
127 2.36358955607871
128 2.36384995050623
129 2.36409195930458
130 2.36431572788732
131 2.36452150443388
132 2.36470962889203
133 2.36488052240392
134 2.36503467718429
135 2.36517264687361
136 2.36529503738432
137 2.36540249825314
138 2.36549571450811
139 2.36557539905503
140 2.36564228558423
141 2.36569712199498
142 2.36574066433215
143 2.36577367122669
144 2.36579689882914
145 2.36581109622332
146 2.36581700130529
147 2.36581533711131
148 2.3658068085769
149 2.3657920997082
150 2.36577187114585
151 2.36574675810089
152 2.36571736864173
153 2.36568428231101
154 2.36564804905075
155 2.36560918841459
156 2.36556818904559
157 2.36552550839879
158 2.3654815726877
159 2.3654367770347
160 2.36539148580546
161 2.3653460331087
162 2.36530072344264
163 2.36525583247081
164 2.36521160791031
165 2.36516827051659
166 2.36512601514961
167 2.3650850119072
168 2.36504540731209
169 2.36500732554038
170 2.36497086967953
171 2.36493612300548
172 2.36490315026865
173 2.36487199898019
174 2.36484270069
175 2.3648152722492
176 2.36478971705056
177 2.36476602624081
178 2.36474417989987
179 2.3647241481824
180 2.36470589241792
181 2.36468936616628
182 2.36467451622583
183 2.36466128359225
184 2.36464960436638
185 2.36463941061006
186 2.36463063114915
187 2.36462319232366
188 2.36461701868478
189 2.36461203363954
190 2.36460816004361
191 2.36460532074319
192 2.36460343906742
193 2.36460243927247
194 2.36460224693902
195 2.3646027893249
196 2.36460399567472
197 2.36460579748842
198 2.36460812875085
199 2.36461092612453
200 2.36461412910758
201 2.36461768015923
202 2.36462152479487
203 2.36462561165294
204 2.36462989253586
205 2.36463432242697
206 2.36463885948571
207 2.36464346502301
208 2.36464810345882
209 2.36465274226379
210 2.36465735188683
211 2.36466190567035
212 2.36466637975483
213 2.36467075297435
214 2.3646750067445
215 2.36467912494416
216 2.36468309379237
217 2.36468690172166
218 2.36469053924886
219 2.36469399884442
220 2.36469727480137
221 2.36470036310461
222 2.36470326130141
223 2.36470596837391
224 2.364708484614
225 2.36471081150155
226 2.36471295158603
227 2.36471490837229
228 2.36471668621068
229 2.3647182901919
230 2.36471972604669
231 2.36472100005072
232 2.36472211893471
233 2.36472308979983
234 2.36472392003856
235 2.36472461726097
236 2.36472518922625
237 2.36472564377973
238 2.36472598879495
239 2.36472623212104
240 2.36472638153493
241 2.36472644469846
242 2.36472642912018
243 2.36472634212156
244 2.36472619080756
245 2.36472598204122
246 2.36472572242215
247 2.36472541826867
248 2.36472507560334
249 2.36472470014174
250 2.36472429728424
251 2.36472387211049
252 2.36472342937647
253 2.36472297351391
254 2.36472250863177
255 2.36472203851967
256 2.36472156665306
257 2.36472109619987
258 2.36472063002853
259 2.36472017071716
260 2.36471972056378
261 2.36471928159737
262 2.36471885558958
263 2.36471844406705
264 2.36471804832417
265 2.36471766943613
266 2.36471730827213
267 2.36471696550877
268 2.36471664164341
269 2.36471633700737
270 2.36471605177913
271 2.36471578599714
272 2.36471553957243
273 2.36471531230089
274 2.36471510387508
275 2.36471491389569
276 2.36471474188252
277 2.3647145872849
278 2.36471444949171
279 2.36471432784082
280 2.36471422162792
281 2.36471413011495
282 2.36471405253785
283 2.36471398811382
284 2.36471393604802
285 2.36471389553975
286 2.36471386578808
287 2.36471384599697
288 2.3647138353799
289 2.36471383316399
290 2.3647138385937
291 2.36471385093402
292 2.3647138694733
293 2.36471389352564
294 2.36471392243285
295 2.36471395556617
296 2.36471399232754
297 2.3647140321506
298 2.3647140745014
299 2.3647141188788
300 2.36471416481471
301 2.36471421187399
302 2.36471425965422
303 2.36471430778528
304 2.36471435592872
305 2.36471440377702
306 2.36471445105274
307 2.36471449750748
308 2.36471454292084
309 2.36471458709926
310 2.36471462987476
311 2.3647146711037
312 2.36471471066543
313 2.36471474846097
314 2.36471478441168
315 2.36471481845785
316 2.36471485055735
317 2.36471488068433
318 2.36471490882787
319 2.36471493499064
320 2.3647149591877
321 2.36471498144525
322 2.36471500179942
323 2.36471502029514
324 2.36471503698506
325 2.36471505192851
326 2.36471506519049
327 2.36471507684074
328 2.36471508695287
329 2.36471509560354
330 2.36471510287169
331 2.36471510883781
332 2.36471511358332
333 2.36471511718994
334 2.36471511973913
335 2.36471512131164
336 2.36471512198703
337 2.36471512184327
338 2.36471512095641
339 2.36471511940023
340 2.36471511724605
341 2.36471511456243
342 2.36471511141502
343 2.3647151078664
344 2.36471510397599
345 2.36471509979992
346 2.36471509539098
347 2.36471509079863
348 2.36471508606894
349 2.36471508124465
350 2.36471507636518
351 2.36471507146667
352 2.36471506658208
353 2.36471506174126
354 2.36471505697104
355 2.36471505229535
356 2.36471504773532
357 2.36471504330938
358 2.36471503903346
359 2.36471503492104
360 2.36471503098334
361 2.36471502722943
362 2.36471502366637
363 2.36471502029939
364 2.36471501713195
365 2.36471501416594
366 2.36471501140181
367 2.36471500883865
368 2.36471500647437
369 2.36471500430582
370 2.36471500232886
371 2.36471500053852
372 2.36471499892912
373 2.36471499749432
374 2.36471499622726
375 2.36471499512064
376 2.36471499416681
377 2.36471499335783
378 2.3647149926856
379 2.36471499214186
380 2.36471499171829
381 2.36471499140659
382 2.3647149911985
383 2.36471499108583
384 2.36471499106058
385 2.36471499111488
386 2.36471499124111
387 2.36471499143187
388 2.36471499168003
389 2.36471499197876
390 2.36471499232153
391 2.3647149927021
392 2.36471499311461
393 2.36471499355349
394 2.36471499401354
395 2.36471499448988
396 2.364714994978
397 2.36471499547371
398 2.36471499597316
399 2.36471499647282
400 2.11471499647282
401 2.08335499696363
402 2.05135499744599
403 2.01935499791759
404 1.98735499837642
405 1.95535499882074
406 1.92335499924904
407 1.89135499966006
408 1.85935500005279
409 1.82735500042638
410 1.79663335574276
411 1.7682230314502
412 1.74192006564316
413 1.71756954681367
414 1.69505077455982
415 1.67426970161586
416 1.65515304348376
417 1.63764369007739
418 1.62169713156957
419 1.60727867425333
420 1.59435473502016
421 1.58288140795747
422 1.57280302514899
423 1.56405650065471
424 1.55657430625505
425 1.55028649482749
426 1.54512204692665
427 1.54100974087885
428 1.53787869121656
429 1.53565865953456
430 1.53428024546777
431 1.53367508299126
432 1.53377610102471
433 1.5345178185013
434 1.53583663097654
435 1.53767106656788
436 1.5399620017852
437 1.54265283546115
438 1.54568962328275
439 1.54902117756752
440 1.55259913756467
441 1.55637801492016
442 1.56031521756504
443 1.56437105409263
444 1.56850872011755
445 1.57269426797612
446 1.57689656117356
447 1.58108721507254
448 1.58524052538177
449 1.58933338601852
450 1.59334519788165
451 1.59725776999528
452 1.60105521438477
453 1.60472383594504
454 1.6082520184644
455 1.61163010787816
456 1.61485029374322
457 1.61790648984617
458 1.62079421478136
459 1.62351047326068
460 1.62605363884358
461 1.62842333870433
462 1.63062034098395
463 1.63264644520757
464 1.63450437618385
465 1.63619768174297
466 1.63773063461204
467 1.63910813867335
468 1.64033563980036
469 1.6414190414193
470 1.64236462490083
471 1.64317897484568
472 1.64386890929135
473 1.64444141483304
474 1.64490358662141
475 1.64526257317204
476 1.64552552589684
477 1.64569955324589
478 1.6457916793289
479 1.64580880686916
480 1.64575768432852
481 1.6456448770304
482 1.64547674209806
483 1.64525940701805
484 1.64499875163264
485 1.64470039336196
486 1.64436967545334
487 1.64401165805544
488 1.64363111191492
489 1.64323251449522
490 1.64282004832016
491 1.64239760134897
492 1.6419687691939
493 1.64153685899752
494 1.64110489479269
495 1.64067562417523
496 1.64025152612624
497 1.63983481982901
498 1.63942747433308
499 1.63903121892616
500 1.63864755408298
501 1.63827776286849
502 1.63792292268096
503 1.63758391722912
504 1.63726144864555
505 1.6369560496466
506 1.63666809565724
507 1.63639781682668
508 1.63614530986827
509 1.6359105496644
510 1.63569340058396
511 1.63549362746667
512 1.63531090623479
513 1.63514483409877
514 1.63499493932911
515 1.63486069057186
516 1.63474150569032
517 1.63463676012004
518 1.63454579472841
519 1.63446792317438
520 1.63440243876703
521 1.6343486208254
522 1.6343057405447
523 1.63427306637681
524 1.63424986893527
525 1.6342354254372
526 1.63422902369616
527 1.6342299656818
528 1.63423757066325
529 1.63425117795441
530 1.63427014928019
531 1.6342938707832
532 1.63432175469131
533 1.6343532406663
534 1.63438779685439
535 1.63442492065923
536 1.63446413925785
537 1.63450500987985
538 1.63454711986973
539 1.63459008655193
540 1.63463355691733
541 1.63467720714975
542 1.63472074201006
543 1.63476389409482
544 1.63480642298575
545 1.63484811430536
546 1.63488877869348
547 1.6349282507183
548 1.63496638773497
549 1.63500306870375
550 1.63503819297906
551 1.63507167907963
552 1.63510346344945
553 1.63513349921825
554 1.63516175496933
555 1.635188213522
556 1.63521287073508
557 1.63523573433699
558 1.63525682278763
559 1.63527616417624
560 1.63529379515904
561 1.6353097599397
562 1.63532410929526
563 1.63533689964953
564 1.63534819219548
565 1.63535805206775
566 1.63536654756593
567 1.63537374942893
568 1.63537973016035
569 1.63538456340448
570 1.63538832337224
571 1.63539108431621
572 1.63539292005349
573 1.6353939035351
574 1.63539410646041
575 1.63539359893491
576 1.63539244916942
577 1.63539072321915
578 1.6353884847602
579 1.6353857949019
580 1.63538271203259
581 1.63537929169694
582 1.63537558650261
583 1.63537164605422
584 1.63536751691246
585 1.63536324257639
586 1.6353588634868
587 1.63535441704887
588 1.63534993767197
589 1.63534545682495
590 1.63534100310514
591 1.63533660231924
592 1.63533227757461
593 1.63532804937942
594 1.63532393575015
595 1.63531995232508
596 1.6353161124826
597 1.63531242746302
598 1.63530890649285
599 1.63530555691051
600 1.63530238429257
601 1.63529939257963
602 1.63529658420108
603 1.63529396019803
604 1.63529152034389
605 1.6352892632619
606 1.63528718653924
607 1.63528528683728
608 1.63528355999766
609 1.63528200114381
610 1.63528060477777
611 1.6352793648721
612 1.63527827495675
613 1.63527732820074
614 1.63527651748873
615 1.6352758354923
616 1.63527527473614
617 1.63527482765904
618 1.63527448666986
619 1.63527424419862
620 1.63527409274268
621 1.63527402490829
622 1.63527403344771
623 1.63527411129191
624 1.63527425157917
625 1.63527444767975
626 1.63527469321681
627 1.63527498208379
628 1.63527530845852
629 1.6352756668142
630 1.63527605192747
631 1.63527645888386
632 1.63527688308072
633 1.63527732022795
634 1.63527776634665
635 1.63527821776589
636 1.63527867111785
637 1.63527912333148
638 1.63527957162481
639 1.63528001349616
640 1.63528044671437
641 1.63528086930819
642 1.635281279555
643 1.63528167596896
644 1.63528205728878
645 1.63528242246513
646 1.63528277064791
647 1.63528310117336
648 1.63528341355123
649 1.63528370745194
650 1.63528398269399
651 1.63528423923151
652 1.63528447714212
653 1.63528469661508
654 1.63528489793989
655 1.6352850814952
656 1.63528524773828
657 1.63528539719483
658 1.6352855304494
659 1.63528564813624
660 1.63528575093073
661 1.63528583954127
662 1.63528591470174
663 1.63528597716452
664 1.63528602769397
665 1.63528606706044
666 1.63528609603489
667 1.6352861153838
668 1.63528612586482
669 1.63528612822266
670 1.63528612318558
671 1.63528611146223
672 1.63528609373895
673 1.63528607067743
674 1.63528604291276
675 1.63528601105181
676 1.63528597567198
677 1.63528593732016
678 1.63528589651212
679 1.63528585373202
680 1.63528580943225
681 1.63528576403342
682 1.63528571792466
683 1.63528567146396
684 1.63528562497878
685 1.63528557876675
686 1.63528553309652
687 1.63528548820868
688 1.63528544431681
689 1.6352854016086
690 1.63528536024703
691 1.63528532037159
692 1.63528528209953
693 1.63528524552718
694 1.63528521073121
695 1.63528517777001
696 1.63528514668491
697 1.63528511750155
698 1.63528509023111
699 1.63528506487161
700 1.63528504140905
701 1.63528501981868
702 1.63528500006612
703 1.63528498210842
704 1.63528496589516
705 1.63528495136946
706 1.63528493846891
707 1.63528492712648
708 1.63528491727137
709 1.63528490882981
710 1.63528490172581
711 1.63528489588182
712 1.6352848912194
713 1.63528488765976
714 1.63528488512435
715 1.63528488353528
716 1.63528488281579
717 1.63528488289062
718 1.63528488368636
719 1.63528488513175
720 1.63528488715792
721 1.63528488969862
722 1.63528489269042
723 1.63528489607281
724 1.63528489978836
725 1.63528490378279
726 1.63528490800501
727 1.63528491240718
728 1.63528491694468
729 1.63528492157616
730 1.63528492626344
731 1.63528493097149
732 1.63528493566835
733 1.6352849403251
734 1.6352849449157
735 1.63528494941692
736 1.63528495380824
737 1.63528495807173
738 1.6352849621919
739 1.63528496615562
740 1.63528496995194
741 1.63528497357199
742 1.63528497700885
743 1.63528498025738
744 1.63528498331412
745 1.63528498617715
746 1.63528498884598
747 1.63528499132138
748 1.63528499360528
749 1.63528499570067
750 1.63528499761147
751 1.6352849993424
752 1.63528500089889
753 1.63528500228702
754 1.63528500351335
755 1.63528500458489
756 1.63528500550897
757 1.63528500629322
758 1.63528500694545
759 1.63528500747358
760 1.63528500788561
761 1.63528500818954
762 1.63528500839334
763 1.63528500850488
764 1.63528500853188
765 1.63528500848191
766 1.63528500836234
767 1.6352850081803
768 1.63528500794265
769 1.63528500765601
770 1.63528500732668
771 1.63528500696066
772 1.63528500656363
773 1.63528500614097
774 1.63528500569769
775 1.63528500523852
776 1.63528500476782
777 1.63528500428963
778 1.6352850038077
779 1.63528500332541
780 1.63528500284587
781 1.63528500237188
782 1.63528500190595
783 1.63528500145028
784 1.63528500100685
785 1.63528500057734
786 1.63528500016322
787 1.63528499976571
788 1.63528499938581
789 1.63528499902432
790 1.63528499868185
791 1.63528499835884
792 1.63528499805556
793 1.63528499777213
794 1.63528499750852
795 1.63528499726461
796 1.63528499704013
797 1.63528499683473
798 1.63528499664797
799 1.63528499647933
800 1.79944499632821
801 1.80728499619397
802 1.81528499607592
803 1.82328499597332
804 1.83128499588542
805 1.83928499581141
806 1.84728499575049
807 1.85528499570186
808 1.86328499566469
809 1.87128499563817
810 1.87844557662056
811 1.88415365968787
812 1.8886542234813
813 1.89213661269785
814 1.89474831767033
815 1.8966042256145
816 1.89779382762532
817 1.89838683254985
818 1.89843753990055
819 1.8979882461259
820 1.89707619021875
821 1.8957416853701
822 1.89402901433716
823 1.89198344666308
824 1.88964939089667
825 1.88706931549678
826 1.88428318888282
827 1.8813282618436
828 1.87823906830756
829 1.87504755856831
830 1.8717832844202
831 1.86847355104669
832 1.86514350087877
833 1.86181615561654
834 1.85851244889987
835 1.85525126573511
836 1.85204949501999
837 1.84892209595992
838 1.84588217629682
839 1.84294107904647
840 1.8401084742946
841 1.83739245329592
842 1.83479962323177
843 1.83233520187403
844 1.83000311181064
845 1.82780607397294
846 1.8257457001644
847 1.8238225842256
848 1.82203639142669
849 1.82038594567121
850 1.81886931412221
851 1.81748388891301
852 1.81622646566544
853 1.81509331859793
854 1.8140802720564
855 1.81318276834388
856 1.81239593176075
857 1.81171462879877
858 1.8111335244601
859 1.8106471346987
860 1.81024987500509
861 1.80993610517836
862 1.80970017034906
863 1.80953643833515
864 1.80943933342903
865 1.80940336672773
866 1.80942316312993
867 1.80949348513352
868 1.80960925357554
869 1.8097655654627
870 1.80995770904564
871 1.81018117629349
872 1.81043167292779
873 1.8107051261754
874 1.81099769040017
875 1.81130575077194
876 1.81162592512949
877 1.81195506419102
878 1.81229025026228
879 1.81262879458849
880 1.81296823349093
881 1.81330632342447
882 1.81364103508629
883 1.81397054670027
884 1.81429323659545
885 1.81460767519051
886 1.81491261648969
887 1.81520698918917
888 1.81548988748627
889 1.81576056167707
890 1.81601840862201
891 1.81626296215196
892 1.81649388348159
893 1.81671095169022
894 1.81691405432473
895 1.81710317817307
896 1.81727840025155
897 1.81743987904371
898 1.81758784602345
899 1.81772259749039
900 1.81784448674085
901 1.81795391659348
902 1.81805133228466
903 1.81813721474501
904 1.81821207426496
905 1.81827644455394
906 1.81833087719496
907 1.81837593649381
908 1.81841219471927
909 1.81844022772894
910 1.81846061097323
911 1.81847391586814
912 1.8184807065263
913 1.81848153683413
914 1.81847694786201
915 1.81846746559355
916 1.81845359895897
917 1.8184358381574
918 1.81841465325227
919 1.81839049302364
920 1.81836378406123
921 1.81833493008202
922 1.8183043114559
923 1.8182722849236
924 1.81823918349088
925 1.8182053164836
926 1.8181709697485
927 1.81813640598513
928 1.81810186519475
929 1.81806756523259
930 1.81803370245057
931 1.81800045241799
932 1.81796797070855
933 1.81793639374249
934 1.81790583967361
935 1.8178764093112
936 1.81784818706799
937 1.81782124192556
938 1.81779562840958
939 1.81777138756768
940 1.81774854794349
941 1.81772712654108
942 1.81770712977443
943 1.81768855439734
944 1.81767138840957
945 1.81765561193574
946 1.81764119807372
947 1.81762811371009
948 1.81761632030036
949 1.81760577461225
950 1.81759642943071
951 1.81758823422367
952 1.81758113576788
953 1.81757507873453
954 1.81757000623463
955 1.81756586032422
956 1.81756258247015
957 1.81756011397678
958 1.81755839637468
959 1.81755737177221
960 1.81755698317126
961 1.81755717474825
962 1.81755789210203
963 1.81755908246986
964 1.81756069491329
965 1.81756268047524
966 1.81756499231023
967 1.81756758578906
968 1.8175704185799
969 1.81757345070729
970 1.81757664459065
971 1.81757996506416
972 1.81758337937927
973 1.81758685719172
974 1.81759037053436
975 1.81759389377736
976 1.81759740357719
977 1.81760087881567
978 1.81760430053049
979 1.81760765183835
980 1.81761091785189
981 1.81761408559153
982 1.81761714389328
983 1.81762008331338
984 1.81762289603077
985 1.81762557574814
986 1.81762811759239
987 1.81763051801507
988 1.81763277469356
989 1.81763488643353
990 1.8176368530731
991 1.81763867538923
992 1.81764035500671
993 1.81764189431012
994 1.81764329635896
995 1.81764456480635
996 1.81764570382131
997 1.81764671801496
998 1.81764761237059
999 1.81764839217784
1000 1.81764906297094
1001 1.81764963047103
1002 1.81765010053257
1003 1.81765047909391
1004 1.81765077213172
1005 1.81765098561943
1006 1.81765112548952
1007 1.81765119759945
1008 1.81765120770127
1009 1.81765116141465
1010 1.8176510642032
1011 1.81765092135402
1012 1.81765073796017
1013 1.81765051890607
1014 1.8176502688555
1015 1.81764999224209
1016 1.81764969326226
1017 1.81764937587016
1018 1.81764904377476
1019 1.81764870043866
1020 1.81764834907866
1021 1.81764799266778
1022 1.81764763393867
1023 1.81764727538829
1024 1.81764691928354
1025 1.81764656766798
1026 1.81764622236923
1027 1.81764588500719
1028 1.8176455570027
1029 1.81764523958679
1030 1.8176449338102
1031 1.81764464055325
1032 1.81764436053583
1033 1.81764409432753
1034 1.8176438423578
1035 1.81764360492604
1036 1.81764338221164
1037 1.8176431742838
1038 1.81764298111125
1039 1.81764280257159
1040 1.81764263846046
1041 1.81764248850038
1042 1.81764235234916
1043 1.81764222960804
1044 1.81764211982944
1045 1.81764202252423
1046 1.8176419371687
1047 1.81764186321106
1048 1.81764180007748
1049 1.81764174717785
1050 1.81764170391094
1051 1.81764166966932
1052 1.81764164384373
1053 1.81764162582719
1054 1.81764161501864
1055 1.81764161082618
1056 1.81764161267006
1057 1.81764161998522
1058 1.81764163222356
1059 1.81764164885588
1060 1.81764166937348
1061 1.81764169328957
1062 1.81764172014033
1063 1.81764174948578
1064 1.81764178091037
1065 1.8176418140234
1066 1.81764184845925
1067 1.81764188387736
1068 1.81764191996216
1069 1.81764195642275
1070 1.8176419929925
1071 1.81764202942852
1072 1.81764206551106
1073 1.81764210104273
1074 1.81764213584776
1075 1.81764216977113
1076 1.81764220267763
1077 1.81764223445091
1078 1.81764226499252
1079 1.81764229422087
1080 1.81764232207021
1081 1.81764234848961
1082 1.81764237344189
1083 1.81764239690265
1084 1.8176424188592
1085 1.81764243930961
1086 1.81764245826171
1087 1.81764247573216
1088 1.8176424917455
1089 1.81764250633335
1090 1.81764251953346
1091 1.81764253138899
1092 1.81764254194769
1093 1.8176425512612
1094 1.81764255938434
1095 1.81764256637451
1096 1.81764257229104
1097 1.81764257719467
1098 1.81764258114702
1099 1.81764258421013
1100 1.81764258644599
1101 1.81764258791621
1102 1.81764258868159
1103 1.81764258880189
1104 1.81764258833545
1105 1.81764258733904
1106 1.81764258586757
1107 1.81764258397398
1108 1.817642581709
1109 1.81764257912111
1110 1.81764257625639
1111 1.81764257315845
1112 1.8176425698684
1113 1.8176425664248
1114 1.81764256286366
1115 1.81764255921843
1116 1.81764255552003
1117 1.81764255179688
1118 1.81764254807497
1119 1.81764254437788
1120 1.81764254072688
1121 1.81764253714099
1122 1.81764253363709
1123 1.81764253022997
1124 1.81764252693245
1125 1.81764252375549
1126 1.81764252070828
1127 1.81764251779831
1128 1.81764251503154
1129 1.81764251241247
1130 1.81764250994423
1131 1.81764250762871
1132 1.81764250546667
1133 1.8176425034578
1134 1.81764250160086
1135 1.81764249989374
1136 1.81764249833358
1137 1.81764249691684
1138 1.81764249563941
1139 1.81764249449664
1140 1.81764249348347
1141 1.81764249259448
1142 1.81764249182393
1143 1.81764249116589
1144 1.81764249061422
1145 1.8176424901627
1146 1.81764248980501
1147 1.81764248953483
1148 1.81764248934587
1149 1.81764248923187
1150 1.81764248918671
1151 1.81764248920434
1152 1.81764248927891
1153 1.81764248940472
1154 1.81764248957627
1155 1.81764248978828
1156 1.81764249003569
1157 1.81764249031367
1158 1.81764249061766
1159 1.81764249094334
1160 1.81764249128664
1161 1.81764249164377
1162 1.81764249201117
1163 1.81764249238557
1164 1.81764249276395
1165 1.81764249314353
1166 1.81764249352178
1167 1.81764249389641
1168 1.81764249426538
1169 1.81764249462685
1170 1.8176424949792
1171 1.81764249532103
1172 1.81764249565113
1173 1.81764249596847
1174 1.81764249627219
1175 1.81764249656162
1176 1.81764249683622
1177 1.81764249709559
1178 1.8176424973395
1179 1.81764249756779
1180 1.81764249778044
1181 1.81764249797754
1182 1.81764249815926
1183 1.81764249832585
1184 1.81764249847763
1185 1.81764249861499
1186 1.81764249873839
1187 1.81764249884832
1188 1.81764249894531
1189 1.81764249902992
1190 1.81764249910277
1191 1.81764249916445
1192 1.8176424992156
1193 1.81764249925686
1194 1.81764249928888
1195 1.8176424993123
1196 1.81764249932775
1197 1.81764249933587
1198 1.81764249933728
1199 1.81764249933258
1200 1.81764249932237
