1 2
2 2
3 2
4 2
5 2
6 2
7 2
8 2
9 2
10 2
11 2
12 2
13 2
14 2
15 2
16 2
17 2
18 2
19 2
20 2
21 2
22 2
23 2
24 2
25 2
26 2
27 2
28 2
29 2
30 2.25
31 2.27428333333333
32 2.30011666666667
33 2.32595
34 2.35178333333333
35 2.37761666666667
36 2.40345
37 2.42928333333333
38 2.45511666666667
39 2.48095
40 2.50551998180833
41 2.52780731663987
42 2.54800508314002
43 2.56624771220219
44 2.58263618276307
45 2.59724556543141
46 2.61013092514454
47 2.62133191043559
48 2.63087632006005
49 2.63878287343861
50 2.64506974552326
51 2.64976591670778
52 2.65291306990834
53 2.65456193924729
54 2.65476984505476
55 2.65359898871477
56 2.65111528788179
57 2.6473875922243
58 2.64248716427341
59 2.63648734254151
60 2.62946329562884
61 2.62149175380563
62 2.61265066163831
63 2.60301877690857
64 2.59267525492426
65 2.58169924031006
66 2.57016947798239
67 2.55816394849738
68 2.54575952903292
69 2.53303167903755
70 2.52005414860414
71 2.5068987078093
72 2.49363489618962
73 2.4803297923901
74 2.46704780439712
75 2.45385048077924
76 2.44079634320652
77 2.42794074031362
78 2.41533572277213
79 2.40302993927182
80 2.39106855298512
81 2.37949317800126
82 2.36834183515155
83 2.35764892659405
84 2.34744522847493
85 2.33775790093419
86 2.32861051467524
87 2.32002309327282
88 2.31201217035331
89 2.30459086074694
90 2.29776894468266
91 2.2915529640741
92 2.28594632992846
93 2.280949439899
94 2.27655980499615
95 2.2727721844708
96 2.2695787278876
97 2.26696912341341
98 2.26493075135884
99 2.26344884202682
100 2.2625066369422
101 2.26208555255986
102 2.26216534557568
103 2.26272427899432
104 2.26373928814055
105 2.26518614583539
106 2.2670396259958
107 2.26927366495547
108 2.27186151984497
109 2.27477592341158
110 2.27798923470232
111 2.28147358507758
112 2.28520101906767
113 2.28914362962941
114 2.29327368740535
115 2.29756376363317
116 2.30198684639779
117 2.30651644996324
118 2.31112671696499
119 2.31579251328632
120 2.32048951548459
121 2.3251942906736
122 2.32988436880799
123 2.33453830735375
124 2.33913574836514
125 2.34365746802342
126 2.34808541872578
127 2.35240276384427
128 2.35659390530364
129 2.36064450415481
130 2.36454149434583
131 2.36827308991559
132 2.37182878585716
133 2.37519935291657
134 2.37837682661015
135 2.3813544907588
136 2.38412685585051
137 2.38668963255347
138 2.38903970071131
139 2.39117507415904
140 2.39309486170348
141 2.3947992246155
142 2.39628933098261
143 2.39756730727099
144 2.39863618744352
145 2.3994998599778
146 2.40016301312279
147 2.40063107872701
148 2.40091017496336
149 2.40100704826728
150 2.40092901479496
151 2.40068390169746
152 2.40027998849515
153 2.39972594882379
154 2.39903079281073
155 2.39820381032544
156 2.39725451533403
157 2.39619259157269
158 2.3950278397393
159 2.39377012638696
160 2.39242933468747
161 2.39101531721649
162 2.38953785089647
163 2.38800659421736
164 2.38643104683908
165 2.38482051166446
166 2.3831840594556
167 2.38153049605179
168 2.37986833223221
169 2.3782057562524
170 2.37655060906981
171 2.37491036226018
172 2.373292098614
173 2.37170249539
174 2.37014781019113
175 2.36863386941772
176 2.36716605924213
177 2.36574931903987
178 2.36438813720337
179 2.36308654925636
180 2.36184813817978
181 2.36067603685315
182 2.35957293250989
183 2.35854107309959
184 2.35758227544602
185 2.35669793508589
186 2.35588903767037
187 2.35515617180908
188 2.35449954323454
189 2.35391899016424
190 2.35341399973676
191 2.35298372539897
192 2.35262700512185
193 2.35234238032389
194 2.35212811538278
195 2.35198221761863
196 2.35190245763444
197 2.35188638990289
198 2.35193137349218
199 2.35203459282732
200 2.35219307838771
201 2.35240372724645
202 2.35266332336125
203 2.35296855753229
204 2.35331604694717
205 2.35370235423862
206 2.35412400598612
207 2.3545775105981
208 2.35505937551683
209 2.35556612369418
210 2.35609430929159
211 2.35664053256367
212 2.35720145388997
213 2.35777380692545
214 2.35835441084528
215 2.35894018166488
216 2.35952814262154
217 2.36011543360865
218 2.36069931965869
219 2.36127719847549
220 2.36184660702095
221 2.36240522716559
222 2.36295089041616
223 2.36348158173751
224 2.36399544248937
225 2.36449077250189
226 2.36496603131701
227 2.36541983862534
228 2.36585097393077
229 2.36625837547747
230 2.36664113847557
231 2.36699851266396
232 2.36732989924994
233 2.36763484726657
234 2.36791304938978
235 2.36816433725806
236 2.36838867633775
237 2.36858616037765
238 2.36875700549652
239 2.3689015439469
240 2.36902021759846
241 2.36911357118345
242 2.36918224534622
243 2.36922696953789
244 2.36924855479616
245 2.36924788644915
246 2.36922591678085
247 2.36918365769436
248 2.36912217340749
249 2.36904257321369
250 2.36894600433972
251 2.36883364492931
252 2.36870669718078
253 2.36856638066396
254 2.36841392584055
255 2.36825056780952
256 2.36807754029747
257 2.36789606991179
258 2.36770737067239
259 2.36751263883589
260 2.36731304802423
261 2.3671097446674
262 2.36690384376867
263 2.36669642499821
264 2.36648852911959
265 2.36628115475186
266 2.36607525546789
267 2.3658717372286
268 2.36567145615056
269 2.36547521660337
270 2.36528376963173
271 2.36509781169567
272 2.36491798372142
273 2.36474487045406
274 2.36457900010211
275 2.36442084426337
276 2.36427081812029
277 2.36412928089246
278 2.36399653653316
279 2.36387283465621
280 2.36375837167909
281 2.3636532921675
282 2.36355769036668
283 2.36347161190411
284 2.36339505564842
285 2.36332797570902
286 2.36327028356108
287 2.36322185028048
288 2.36318250887355
289 2.36315205668653
290 2.36313025788019
291 2.36311684595493
292 2.36311152631253
293 2.3631139788408
294 2.36312386050818
295 2.36314080795532
296 2.36316444007199
297 2.36319436054746
298 2.36323016038374
299 2.3632714203612
300 2.36331771344727
301 2.36336860713909
302 2.36342366573197
303 2.36348245250621
304 2.36354453182544
305 2.36360947114027
306 2.36367684289208
307 2.36374622631204
308 2.36381720911148
309 2.36388938906027
310 2.36396237545053
311 2.36403579044368
312 2.36410927029954
313 2.3641824664866
314 2.36425504667339
315 2.36432669560137
316 2.36439711584019
317 2.36446602842692
318 2.36453317339104
319 2.36459831016772
320 2.36466121790216
321 2.36472169564817
322 2.36477956246459
323 2.36483465741354
324 2.36488683946454
325 2.36493598730905
326 2.36498199909016
327 2.36502479205225
328 2.36506430211571
329 2.3651004833819
330 2.36513330757376
331 2.36516276341719
332 2.36518885596899
333 2.36521160589651
334 2.36523104871458
335 2.36524723398514
336 2.3652602244849
337 2.36527009534633
338 2.3652769331771
339 2.36528083516314
340 2.36528190816015
341 2.36528026777833
342 2.365276037465
343 2.36526934758946
344 2.36526033453428
345 2.36524913979705
346 2.36523590910644
347 2.36522079155596
348 2.36520393875891
349 2.36518550402744
350 2.36516564157871
351 2.36514450577058
352 2.36512225036929
353 2.36509902785112
354 2.36507498873991
355 2.36505028098207
356 2.36502504936029
357 2.36499943494722
358 2.36497357459986
359 2.36494760049541
360 2.36492163970884
361 2.36489581383258
362 2.3648702386382
363 2.36484502377989
364 2.36482027253937
365 2.36479608161171
366 2.36477254093126
367 2.36474973353676
368 2.36472773547475
369 2.36470661573992
370 2.36468643625124
371 2.36466725186236
372 2.36464911040487
373 2.36463205276268
374 2.364616112976
375 2.36460131837301
376 2.36458768972759
377 2.36457524144109
378 2.36456398174635
379 2.36455391293207
380 2.36454503158554
381 2.36453732885191
382 2.36453079070792
383 2.36452539824837
384 2.36452112798327
385 2.36451795214394
386 2.36451583899616
387 2.36451475315861
388 2.36451465592497
389 2.36451550558779
390 2.36451725776283
391 2.36451986571201
392 2.3645232806638
393 2.36452745212939
394 2.36453232821355
395 2.36453785591878
396 2.36454398144175
397 2.36455065046079
398 2.36455780841368
399 2.36456540076459
400 2.11456540076459
401 2.06600703300834
402 2.01434893869438
403 1.96269106582226
404 1.9110333635674
405 1.85937578247006
406 1.80771827460992
407 1.75606079376588
408 1.70440329556108
409 1.65274573759308
410 1.60235147136243
411 1.55436249633528
412 1.50880331923591
413 1.46572276474277
414 1.42516970542491
415 1.38719258857364
416 1.3518390225815
417 1.3191554796221
418 1.28918708770236
419 1.26197749117082
420 1.23756237901447
421 1.21595913509834
422 1.2
423 1.2
424 1.2
425 1.2
426 1.2
427 1.2
428 1.2
429 1.2
430 1.2018803767072
431 1.20596705566939
432 1.21213587010488
433 1.22018033361843
434 1.22986052711873
435 1.24098136374748
436 1.25338273149966
437 1.26693216085296
438 1.28151909370932
439 1.29705040063064
440 1.3134373690321
441 1.33058456198825
442 1.34839020752308
443 1.36674891609396
444 1.38555439472233
445 1.404701562865
446 1.42408789122337
447 1.44361420360856
448 1.46318511059366
449 1.48270919537532
450 1.50209908508494
451 1.52127154373107
452 1.54014762968164
453 1.55865288850495
454 1.57671754761319
455 1.59427668883766
456 1.61127038629917
457 1.62764380551333
458 1.6433472646184
459 1.65833626124164
460 1.67257146944638
461 1.68601871068369
462 1.69864890144714
463 1.71043797931217
464 1.72136680853681
465 1.73142106627177
466 1.74059111050182
467 1.74887183098226
468 1.75626248456749
469 1.76276651641992
470 1.76839136862808
471 1.77314827776098
472 1.77705206285768
473 1.78012090531226
474 1.78237612207385
475 1.78384193354066
476 1.78454522748758
477 1.78451532032567
478 1.78378371694797
479 1.78238387036904
480 1.78035094231396
481 1.77772156585797
482 1.77453361115968
483 1.77082595527023
484 1.76663825693834
485 1.76201073726704
486 1.75698396701272
487 1.75159866125144
488 1.74589548207065
489 1.73991484987849
490 1.73369676385587
491 1.72728063201105
492 1.72070511123084
493 1.71400795765839
494 1.70722588766442
495 1.70039444961719
496 1.69354790659664
497 1.68671913014003
498 1.6799395050507
499 1.67323884524784
500 1.66664532058386
501 1.66018539450755
502 1.65388377240494
503 1.64776336040676
504 1.64184523441093
505 1.63614861903105
506 1.63069087614743
507 1.62548750270577
508 1.62055213737994
509 1.61589657569012
510 1.61153079314506
511 1.60746297595767
512 1.60369955886692
513 1.60024526958532
514 1.59710317938053
515 1.59427475929178
516 1.59175994147643
517 1.58955718517962
518 1.58766354681927
519 1.5860747536817
520 1.58478528072691
521 1.58378843000979
522 1.58307641223217
523 1.58264042995092
524 1.58247076198038
525 1.58255684854078
526 1.5828873767205
527 1.58345036583657
528 1.5842332522961
529 1.5852229735809
530 1.58640605099719
531 1.58776867085407
532 1.58929676375561
533 1.59097608171393
534 1.5927922728136
535 1.59473095318011
536 1.59677777602921
537 1.59891849759634
538 1.60113903976925
539 1.60342554926959
540 1.60576445325231
541 1.60814251121387
542 1.61054686312263
543 1.61296507370593
544 1.61538517284957
545 1.61779569208511
546 1.62018569716059
547 1.62254481670797
548 1.62486326703936
549 1.62713187312006
550 1.62934208578307
551 1.63148599526426
552 1.63355634115148
553 1.63554651885363
554 1.63745058270793
555 1.63926324585384
556 1.64097987701241
557 1.64259649431805
558 1.64410975635747
559 1.64551695057714
560 1.646815979226
561 1.64800534300477
562 1.64908412259649
563 1.65005195825566
564 1.65090902763487
565 1.65165602202829
566 1.65229412121145
567 1.65282496705555
568 1.6532506360927
569 1.65357361120592
570 1.65379675261453
571 1.6539232683214
572 1.65395668418418
573 1.65390081376726
574 1.65375972812581
575 1.6535377256669
576 1.65323930222624
577 1.65286912149216
578 1.6524319859012
579 1.65193280812213
580 1.65137658323752
581 1.65076836172399
582 1.65011322332416
583 1.64941625189535
584 1.6486825113116
585 1.64791702248757
586 1.64712474158446
587 1.64631053945025
588 1.64547918233827
589 1.64463531394027
590 1.64378343876259
591 1.64292790686624
592 1.64207289998462
593 1.64122241902541
594 1.64038027295639
595 1.63955006906848
596 1.63873520460312
597 1.63793885972506
598 1.63716399181646
599 1.63641333106256
600 1.63568937729479
601 1.63499439805247
602 1.63433042782017
603 1.63369926839438
604 1.63310249032935
605 1.6325414354095
606 1.63201722009275
607 1.63153073986743
608 1.63108267446299
609 1.63067349385389
610 1.6303034649943
611 1.62997265922102
612 1.62968096026102
613 1.62942807278035
614 1.62921353141099
615 1.62903671019279
616 1.6288968323684
617 1.62879298047002
618 1.62872410663805
619 1.62868904311322
620 1.62868651284542
621 1.62871514016431
622 1.62877346145891
623 1.62885993581548
624 1.62897295556545
625 1.6291108566976
626 1.62927192909125
627 1.62945442652997
628 1.62965657645809
629 1.62987658944495
630 1.63011266832498
631 1.63036301698426
632 1.63062584876743
633 1.63089939448154
634 1.6311819099763
635 1.63147168328324
636 1.63176704129888
637 1.63206635600009
638 1.63236805018207
639 1.63267060271262
640 1.63297255329832
641 1.63327250676131
642 1.63356913682706
643 1.63386118942653
644 1.63414748551762
645 1.63442692343326
646 1.63469848076528
647 1.63496121579496
648 1.63521426848286
649 1.63545686103207
650 1.63568829804054
651 1.63590796625904
652 1.63611533397299
653 1.63630995002695
654 1.63649144251161
655 1.63665951713396
656 1.63681395529163
657 1.63695461187329
658 1.63708141280702
659 1.63719435237894
660 1.63729349034459
661 1.63737894885534
662 1.63745090922243
663 1.63750960854052
664 1.63755533619282
665 1.6375884302592
666 1.63760927384838
667 1.63761829137467
668 1.63761594479908
669 1.63760272985419
670 1.63757917227101
671 1.63754582402563
672 1.63750325962253
673 1.63745207243031
674 1.63739287108497
675 1.63732627597478
676 1.63725291581974
677 1.63717342435773
678 1.63708843714837
679 1.63699858850472
680 1.63690450856153
681 1.6368068204884
682 1.63670613785442
683 1.63660306215047
684 1.63649818047399
685 1.63639206338029
686 1.63628526290321
687 1.63617831074754
688 1.63607171665402
689 1.63596596693755
690 1.63586152319793
691 1.63575882120186
692 1.63565826993427
693 1.63556025081601
694 1.63546511708474
695 1.63537319333477
696 1.6352847752113
697 1.63520012925399
698 1.63511949288408
699 1.63504307452913
700 1.63497105387888
701 1.63490358226536
702 1.63484078316032
703 1.63478275278245
704 1.63472956080701
705 1.63468125117008
706 1.63463784295959
707 1.63459933138532
708 1.63456568881988
709 1.6345368659027
710 1.63451279269928
711 1.63449337990776
712 1.63447852010517
713 1.6344680890258
714 1.63446194686431
715 1.63445993959637
716 1.63446190030989
717 1.63446765054012
718 1.63447700160214
719 1.63448975591465
720 1.63450570830916
721 1.63452464731899
722 1.63454635644298
723 1.63457061537899
724 1.63459720122268
725 1.63462588962732
726 1.63465645592107
727 1.63468867617802
728 1.63472232824008
729 1.63475719268696
730 1.63479305375189
731 1.63482970018112
732 1.63486692603551
733 1.63490453143288
734 1.63494232323029
735 1.6349801156454
736 1.63501773081678
737 1.635054999303
738 1.63509176052086
739 1.63512786312315
740 1.63516316531696
741 1.63519753512337
742 1.63523085057993
743 1.63526299988731
744 1.63529388150197
745 1.6353234041765
746 1.6353514869499
747 1.6353780590898
748 1.63540305998905
749 1.63542643901902
750 1.63544815534231
751 1.63546817768724
752 1.63548648408705
753 1.6355030615864
754 1.63551790591799
755 1.63553102115206
756 1.63554241932165
757 1.63555212002638
758 1.63556015001744
759 1.63556654276676
760 1.63557133802281
761 1.63557458135585
762 1.63557632369526
763 1.63557662086122
764 1.63557553309354
765 1.63557312457961
766 1.63556946298408
767 1.63556461898206
768 1.63555866579822
769 1.63555167875347
770 1.63554373482109
771 1.63553491219411
772 1.63552528986529
773 1.63551494722133
774 1.63550396365251
775 1.63549241817895
776 1.63548038909456
777 1.63546795362962
778 1.63545518763269
779 1.63544216527268
780 1.63542895876144
781 1.63541563809744
782 1.63540227083082
783 1.63538892184992
784 1.63537565318949
785 1.63536252386045
786 1.63534958970124
787 1.63533690325034
788 1.63532451363979
789 1.6353124665093
790 1.63530080394045
791 1.63528956441038
792 1.63527878276452
793 1.6352684902075
794 1.63525871431159
795 1.63524947904189
796 1.63524080479739
797 1.63523270846711
798 1.63522520350033
799 1.63521829998997
800 1.79744533810164
801 1.80958132151383
802 1.82249291753517
803 1.83540512389757
804 1.84831793555765
805 1.86123134483888
806 1.87414534157998
807 1.88705991328871
808 1.89997504530012
809 1.91289072093814
810 1.92498709076362
811 1.93562095591488
812 1.94495000284674
813 1.95308874454292
814 1.96012500906132
815 1.96612588810081
816 1.97114238514392
817 1.97521303299833
818 1.97836670870694
819 1.98062482339525
820 1.98200716830451
821 1.98253942928747
822 1.98225437858903
823 1.98118943106334
824 1.97938502877173
825 1.97688355970026
826 1.97372865173576
827 1.96996472700973
828 1.96563673424691
829 1.96079000051369
830 1.9554701401024
831 1.94972294558234
832 1.94359422496283
833 1.93712960279251
834 1.93037431155088
835 1.92337298795551
836 1.91616948168031
837 1.90880667957053
838 1.90132634583296
839 1.8937689772461
840 1.88617367184885
841 1.87857800974361
842 1.87101794530399
843 1.86352771066961
844 1.85613973067055
845 1.84888454933784
846 1.84179076806329
847 1.83488499534596
848 1.82819180794286
849 1.82173372314534
850 1.81553118183497
851 1.80960254192892
852 1.80396408179713
853 1.7986300132117
854 1.79361250336923
855 1.7889217055067
856 1.78456579761182
857 1.78055102871109
858 1.77688177220342
859 1.77356058569464
860 1.77058827678001
861 1.76796397421591
862 1.76568520392014
863 1.76374796924089
864 1.76214683493793
865 1.76087501432568
866 1.75992445903582
867 1.75928595086815
868 1.75894919521038
869 1.75890291552258
870 1.75913494839783
871 1.75963233872894
872 1.76038143453017
873 1.76136798098368
874 1.76257721330252
875 1.76399394802441
876 1.76560267237473
877 1.76738763136121
878 1.76933291228803
879 1.77142252640223
880 1.77364048741123
881 1.77597088663583
882 1.77839796458902
883 1.78090617879662
884 1.78348026770133
885 1.78610531051668
886 1.78876678292238
887 1.79145060851661
888 1.79414320596423
889 1.79683153180292
890 1.79950311889116
891 1.80214611050313
892 1.80474929009596
893 1.80730210679389
894 1.8097946966523
895 1.81221789978154
896 1.81456327342677
897 1.81682310111465
898 1.81899039799192
899 1.82105891249291
900 1.8230231244851
901 1.8248782400514
902 1.82662018307749
903 1.82824558381984
904 1.82975176463726
905 1.83113672307392
906 1.83239911248662
907 1.83353822041211
908 1.83455394487264
909 1.83544676881939
910 1.83621773291323
911 1.83686840684197
912 1.83740085937147
913 1.83781762732559
914 1.8381216836865
915 1.83831640500319
916 1.83840553829091
917 1.83839316759907
918 1.83828368041903
919 1.83808173409675
920 1.83779222240811
921 1.83742024244718
922 1.83697106197009
923 1.83645008732849
924 1.83586283211859
925 1.8352148866626
926 1.83451188843082
927 1.83375949350334
928 1.83296334916132
929 1.83212906768871
930 1.83126220145604
931 1.83036821934872
932 1.82945248459368
933 1.82852023402875
934 1.8275765588511
935 1.82662638687193
936 1.82567446629699
937 1.82472535104389
938 1.82378338759997
939 1.8228527034167
940 1.82193719682981
941 1.82104052848739
942 1.82016611426214
943 1.8193171196176
944 1.81849645539312
945 1.81770677496662
946 1.81695047275
947 1.81622968396718
948 1.8155462856613
949 1.81490189887386
950 1.81429789193552
951 1.81373538480568
952 1.81321525439577
953 1.81273814080907
954 1.81230445442883
955 1.81191438378495
956 1.81156790412912
957 1.81126478664781
958 1.81100460824259
959 1.81078676180747
960 1.81061046693381
961 1.81047478097417
962 1.8103786103976
963 1.81032072237071
964 1.81029975650024
965 1.81031423667507
966 1.81036258294766
967 1.81044312339731
968 1.81055410592032
969 1.81069370989448
970 1.81086005766856
971 1.81105122583008
972 1.81126525620786
973 1.8115001665688
974 1.81175396097172
975 1.81202463974409
976 1.81231020905074
977 1.81260869002708
978 1.81291812745228
979 1.81323659794126
980 1.81356221763751
981 1.8138931493918
982 1.8142276094149
983 1.81456387339545
984 1.8149002820771
985 1.81523524629157
986 1.81556725144727
987 1.8158948614756
988 1.81621672223933
989 1.81653156441016
990 1.81683820582451
991 1.81713555332852
992 1.8174226041257
993 1.81769844664176
994 1.81796226092343
995 1.81821331858905
996 1.81845098235041
997 1.81867470512632
998 1.81888402876955
999 1.81907858242952
1000 1.81925808057408
1001 1.81942232069421
1002 1.81957118071588
1003 1.81970461614388
1004 1.81982265696236
1005 1.81992540431712
1006 1.82001302700455
1007 1.82008575779198
1008 1.82014388959392
1009 1.82018777152844
1010 1.82021780487718
1011 1.82023443897229
1012 1.82023816703266
1013 1.82022952197121
1014 1.82020907219424
1015 1.82017741741293
1016 1.82013518448617
1017 1.82008302331293
1018 1.82002160279147
1019 1.8199516068614
1020 1.81987373064384
1021 1.81978867669358
1022 1.81969715137612
1023 1.81959986138123
1024 1.81949751038376
1025 1.81939079586108
1026 1.8192804060753
1027 1.81916701722768
1028 1.81905129079114
1029 1.81893387102579
1030 1.81881538268146
1031 1.81869642889008
1032 1.81857758924953
1033 1.81845941810016
1034 1.81834244299345
1035 1.81822716335222
1036 1.81811404932027
1037 1.81800354079881
1038 1.81789604666643
1039 1.81779194417814
1040 1.81769157853905
1041 1.81759526264686
1042 1.81750327699747
1043 1.81741586974708
1044 1.81733325692373
1045 1.81725562278115
1046 1.81718312028686
1047 1.81711587173681
1048 1.81705396948807
1049 1.81699747680116
1050 1.81694642878337
1051 1.81690083342432
1052 1.81686067271496
1053 1.81682590384119
1054 1.81679646044329
1055 1.81677225393242
1056 1.81675317485555
1057 1.81673909430042
1058 1.8167298653321
1059 1.81672532445305
1060 1.81672529307892
1061 1.81672957902234
1062 1.81673797797746
1063 1.81675027499821
1064 1.81676624596352
1065 1.81678565902332
1066 1.81680827601912
1067 1.81683385387377
1068 1.81686214594507
1069 1.81689290333841
1070 1.81692587617403
1071 1.81696081480486
1072 1.81699747098134
1073 1.81703559895996
1074 1.81707495655275
1075 1.81711530611526
1076 1.81715641547103
1077 1.81719805877089
1078 1.81724001728587
1079 1.81728208013275
1080 1.81732404493172
1081 1.81736571839608
1082 1.8174069168539
1083 1.8174474667022
1084 1.81748720479446
1085 1.81752597876228
1086 1.8175636472727
1087 1.81760008022257
1088 1.8176351588718
1089 1.81766877591743
1090 1.8177008355108
1091 1.81773125321998
1092 1.81775995594017
1093 1.81778688175457
1094 1.81781197974856
1095 1.81783520978004
1096 1.81785654220883
1097 1.81787595758827
1098 1.81789344632192
1099 1.81790900828865
1100 1.817922652439
1101 1.81793439636623
1102 1.81794426585484
1103 1.81795229440995
1104 1.81795852277026
1105 1.81796299840791
1106 1.81796577501786
1107 1.81796691199983
1108 1.81796647393547
1109 1.81796453006347
1110 1.81796115375511
1111 1.81795642199273
1112 1.81795041485351
1113 1.81794321500062
1114 1.81793490718397
1115 1.81792557775243
1116 1.81791531417926
1117 1.81790420460257
1118 1.81789233738226
1119 1.81787980067469
1120 1.81786668202662
1121 1.8178530679892
1122 1.81783904375318
1123 1.81782469280607
1124 1.81781009661189
1125 1.8177953343142
1126 1.81778048246258
1127 1.81776561476313
1128 1.81775080185286
1129 1.81773611109823
1130 1.81772160641764
1131 1.81770734812772
1132 1.81769339281313
1133 1.81767979321946
1134 1.81766659816875
1135 1.81765385249717
1136 1.81764159701395
1137 1.81762986848116
1138 1.81761869961335
1139 1.81760811909617
1140 1.81759815162331
1141 1.81758881795049
1142 1.8175801349658
1143 1.81757211577518
1144 1.81756476980203
1145 1.81755810289998
1146 1.81755211747757
1147 1.81754681263386
1148 1.8175421843038
1149 1.81753822541237
1150 1.81753492603617
1151 1.81753227357169
1152 1.81753025290884
1153 1.81752884660902
1154 1.81752803508647
1155 1.81752779679202
1156 1.8175281083982
1157 1.81752894498491
1158 1.81753028022457
1159 1.81753208656605
1160 1.8175343354165
1161 1.81753699732031
1162 1.81754004213456
1163 1.81754343920011
1164 1.81754715750793
1165 1.81755116585993
1166 1.81755543302382
1167 1.81755992788156
1168 1.81756461957086
1169 1.81756947761956
1170 1.81757447207235
1171 1.81757957360967
1172 1.81758475365858
1173 1.81758998449537
1174 1.81759523933979
1175 1.81760049244081
1176 1.81760571915393
1177 1.81761089600992
1178 1.81761600077515
1179 1.8176210125035
1180 1.81762591158003
1181 1.81763067975646
1182 1.81763530017881
1183 1.81763975740719
1184 1.81764403742816
1185 1.81764812765984
1186 1.81765201695003
1187 1.81765569556775
1188 1.81765915518838
1189 1.81766238887286
1190 1.81766539104124
1191 1.817668157441
1192 1.81767068511041
1193 1.81767297233741
1194 1.81767501861441
1195 1.81767682458924
1196 1.8176783920129
1197 1.81767972368421
1198 1.81768082339196
1199 1.81768169585488
1200 1.81768234665975
