1 2
2 2
3 2
4 2
5 2
6 2
7 2
8 2
9 2
10 2
11 2
12 2
13 2
14 2
15 2
16 2
17 2
18 2
19 2
20 2
21 2
22 2
23 2
24 2
25 2
26 2
27 2
28 2
29 2
30 2.25
31 2.27919368421053
32 2.30866736842105
33 2.33814105263158
34 2.3676147368421
35 2.39708842105263
36 2.42656210526316
37 2.45603578947368
38 2.48550947368421
39 2.51498315789474
40 2.54330815715342
41 2.56950742854377
42 2.59367966381367
43 2.61589221878389
44 2.6361904251739
45 2.65460280721438
46 2.67114512917998
47 2.6858235319453
48 2.69863696073342
49 2.70957904149757
50 2.71864480644513
51 2.7258401705411
52 2.731184099644
53 2.73470611296817
54 2.73644448234224
55 2.73644492326697
56 2.73475964110748
57 2.73144663233387
58 2.72656916781916
59 2.72019540520797
60 2.71239806784263
61 2.70325410656755
62 2.69284429763594
63 2.68125278962775
64 2.66856662588657
65 2.65487525906951
66 2.64027006786617
67 2.62484388164947
68 2.60869051606425
69 2.59190432084149
70 2.57457974021133
71 2.55681088616603
72 2.53869112527367
73 2.52031268023965
74 2.50176624764214
75 2.48314063326838
76 2.46452240636204
77 2.44599557392592
78 2.42764127604623
79 2.40953750303603
80 2.39175883504434
81 2.37437620464512
82 2.35745668280137
83 2.34106328848694
84 2.32525482213882
85 2.31008572300256
86 2.29560595032537
87 2.28186088824453
88 2.26889127411518
89 2.25673314992204
90 2.24541783632446
91 2.23497192879443
92 2.22541731522247
93 2.21677121428733
94 2.2090462338117
95 2.20225044825858
96 2.1963874944607
97 2.19145668461936
98 2.18745313555903
99 2.18436791317984
100 2.18218819101228
101 2.18089742174627
102 2.18047552058127
103 2.18089905922376
104 2.18214146934495
105 2.18417325430283
106 2.18696220793059
107 2.19047363919624
108 2.19467060154621
109 2.19951412575982
110 2.20496345515903
111 2.21097628204153
112 2.21750898423233
113 2.22451686068082
114 2.23195436506582
115 2.23977533641048
116 2.24793322575128
117 2.25638131795141
118 2.26507294779699
119 2.27396170956579
120 2.28300165931101
121 2.29214750915807
122 2.30135481296842
123 2.3105801427829
124 2.3197812555153
125 2.328917249427
126 2.33794870997281
127 2.34683784466865
128 2.35554860669122
129 2.3640468069794
130 2.37230021466567
131 2.38027864572385
132 2.38795403977572
133 2.39530052505468
134 2.40229447157798
135 2.40891453263078
136 2.4151416747156
137 2.42095919616773
138 2.42635273468317
139 2.43131026404837
140 2.43582208040124
141 2.43988077839116
142 2.44348121764001
143 2.44662047993898
144 2.44929781764473
145 2.45151459376497
146 2.45327421424664
147 2.45458205300035
148 2.45544537021197
149 2.45587322450638
150 2.45587637954001
151 2.45546720560694
152 2.45465957684895
153 2.45346876466246
154 2.45191132789542
155 2.45000500042418
156 2.44776857669512
157 2.44522179580807
158 2.44238522470815
159 2.43928014104024
160 2.43592841620575
161 2.43235239914441
162 2.4285748013458
163 2.42461858357439
164 2.42050684477064
165 2.41626271356691
166 2.41190924283269
167 2.40746930763745
168 2.4029655069931
169 2.39842006970999
170 2.39385476467233
171 2.38929081580987
172 2.38474882201337
173 2.38024868221183
174 2.37580952579987
175 2.3714496485737
176 2.36718645430488
177 2.36303640205159
178 2.35901495927841
179 2.35513656082722
180 2.35141457375405
181 2.34786126802001
182 2.34448779299792
183 2.34130415973147
184 2.33831922885925
185 2.33554070409313
186 2.33297513111856
187 2.33062790176352
188 2.32850326326374
189 2.3266043324337
190 2.32493311453613
191 2.32349052662784
192 2.32227642514567
193 2.32128963748417
194 2.32052799730588
195 2.31998838331563
196 2.31966676122251
197 2.31955822860685
198 2.31965706240454
199 2.31995676871767
200 2.32045013465847
201 2.32112928193263
202 2.32198572186923
203 2.32301041160603
204 2.32419381114245
205 2.32552594097698
206 2.32699644005117
207 2.32859462372951
208 2.33030954155167
209 2.33213003450277
210 2.33404479155672
211 2.33604240525807
212 2.33811142611914
213 2.34024041562095
214 2.34241799761901
215 2.34463290796799
216 2.34687404219286
217 2.34913050104784
218 2.35139163381878
219 2.35364707923892
220 2.35588680390262
221 2.3581011380763
222 2.36028080882059
223 2.36241697035225
224 2.36450123158908
225 2.36652568083548
226 2.3684829075803
227 2.37036602139263
228 2.37216866791482
229 2.37388504196489
230 2.37550989777357
231 2.377038556393
232 2.37846691032627
233 2.37979142543781
234 2.38100914021528
235 2.38211766246355
236 2.38311516352065
237 2.38400037009397
238 2.38477255382318
239 2.38543151868328
240 2.38597758634772
241 2.38641157963726
242 2.38673480418532
243 2.38694902845461
244 2.38705646224359
245 2.38705973382394
246 2.38696186585237
247 2.38676625020138
248 2.38647662185448
249 2.3860970320109
250 2.3856318205448
251 2.38508558796212
252 2.38446316699659
253 2.38376959398389
254 2.38301008014986
255 2.38218998294512
256 2.38131477755433
257 2.38039002870388
258 2.37942136288675
259 2.37841444111809
260 2.37737493232901
261 2.37630848750057
262 2.37522071463313
263 2.37411715464003
264 2.37300325824754
265 2.37188436397631
266 2.37076567727227
267 2.36965225084787
268 2.36854896628724
269 2.36746051696166
270 2.36639139229425
271 2.36534586340587
272 2.36432797016669
273 2.36334150967117
274 2.36239002614684
275 2.36147680230098
276 2.36060485210208
277 2.35977691498719
278 2.35899545147957
279 2.35826264019539
280 2.35758037621254
281 2.35695027076917
282 2.35637365225459
283 2.3558515684503
284 2.35538478997456
285 2.35497381487998
286 2.35461887434946
287 2.35431993943296
288 2.35407672876402
289 2.35388871719281
290 2.35375514526983
291 2.35367502951248
292 2.35364717338546
293 2.35367017892432
294 2.353742458931
295 2.35386224966936
296 2.35402762398899
297 2.35423650480507
298 2.35448667886335
299 2.35477581071939
300 2.35510145686273
301 2.35546107991787
302 2.35585206285563
303 2.35627172315024
304 2.35671732681983
305 2.35718610229012
306 2.35767525402391
307 2.35818197586139
308 2.35870346401954
309 2.35923692970169
310 2.35977961127159
311 2.3603287859497
312 2.36088178099261
313 2.36143598432031
314 2.36198885455912
315 2.3625379304721
316 2.36308083975205
317 2.36361530715597
318 2.36413916196334
319 2.36465034474433
320 2.3651469134273
321 2.36562704865872
322 2.36608905845183
323 2.36653138212377
324 2.36695259352421
325 2.36735140356135
326 2.36772666203454
327 2.36807735878542
328 2.36840262418214
329 2.36870172895402
330 2.36897408339633
331 2.3692192359671
332 2.36943687130012
333 2.36962680765999
334 2.36978899386722
335 2.36992350572252
336 2.37003054196121
337 2.37011041976963
338 2.37016356989671
339 2.37019053139448
340 2.3701919460223
341 2.37016855234974
342 2.37012117959364
343 2.37005074122503
344 2.36995822838144
345 2.36984470312008
346 2.36971129154712
347 2.36955917685763
348 2.36938959232035
349 2.36920381424061
350 2.36900315493379
351 2.3687889557409
352 2.36856258011656
353 2.3683254068185
354 2.36807882322648
355 2.36782421881712
356 2.36756297881938
357 2.3672964780744
358 2.36702607512126
359 2.36675310652901
360 2.36647888149327
361 2.36620467671421
362 2.36593173157083
363 2.36566124360471
364 2.36539436432473
365 2.36513219534215
366 2.36487578484418
367 2.36462612441188
368 2.36438414618683
369 2.36415072038927
370 2.36392665318859
371 2.36371268492552
372 2.36350948868392
373 2.36331766920829
374 2.36313776216194
375 2.36297023371912
376 2.36281548048333
377 2.3626738297226
378 2.36254553991141
379 2.36243080156794
380 2.36232973837422
381 2.36224240856578
382 2.36216880657685
383 2.36210886492591
384 2.36206245632649
385 2.36202939600661
386 2.36200944422073
387 2.36200230893692
388 2.36200764868218
389 2.36202507552833
390 2.36205415820092
391 2.36209442529347
392 2.36214536856952
393 2.36220644633485
394 2.36227708686271
395 2.36235669185502
396 2.36244463992268
397 2.36254029006896
398 2.3626429851598
399 2.36275205536609
400 2.11275205536609
401 2.05448446405331
402 1.99566119589111
403 1.93684156362459
404 1.87802488359799
405 1.81921047874133
406 1.76039768144002
407 1.7015858362782
408 1.64277430264681
409 1.5839624572087
410 1.52629890848637
411 1.47089464172339
412 1.41788410823343
413 1.3673952637259
414 1.31954701796576
415 1.27445029798965
416 1.23220892044501
417 1.2
418 1.2
419 1.2
420 1.2
421 1.2
422 1.2
423 1.2
424 1.2
425 1.2
426 1.2
427 1.2
428 1.2
429 1.2
430 1.20091256767739
431 1.2039164004813
432 1.20881759421373
433 1.21545197132145
434 1.22367915274538
435 1.23337790872825
436 1.24444250740456
437 1.25677984207577
438 1.27030716643401
439 1.28495030467105
440 1.30063803974744
441 1.31729249235275
442 1.33482635049136
443 1.35314608369769
444 1.37215430915463
445 1.39175153216771
446 1.41183742170533
447 1.4323117409832
448 1.45307502251961
449 1.47402905420461
450 1.49507724507688
451 1.51612496061547
452 1.53707988631407
453 1.55785241207018
454 1.57835601037617
455 1.59850759236647
456 1.61822783309745
457 1.63744146220942
458 1.65607751914042
459 1.6740695738925
460 1.69135591529728
461 1.70787970884386
462 1.72358912561727
463 1.73843744328746
464 1.75238311976223
465 1.76538984004887
466 1.77742653693042
467 1.78846738617852
468 1.79849177715117
469 1.80748425973763
470 1.8154344687041
471 1.822337026562
472 1.82819142613046
473 1.83300189400441
474 1.83677723617384
475 1.83953066707092
476 1.8412796233494
477 1.8420455637245
478 1.84185375622069
479 1.84073305418759
480 1.83871566245226
481 1.83583689497714
482 1.8321349253885
483 1.82765053172968
484 1.82242683677795
485 1.81650904524218
486 1.80994417913264
487 1.80278081256315
488 1.79506880721023
489 1.78685904961403
490 1.77820319146197
491 1.76915339394829
492 1.75976207725169
493 1.75008167611917
494 1.74016440248676
495 1.73006201600896
496 1.71982560330655
497 1.7095053666793
498 1.69915042296517
499 1.68880861316159
500 1.6785263233573
501 1.66834831745626
502 1.65831758210725
503 1.64847518418565
504 1.63886014110656
505 1.6295093041825
506 1.62045725517326
507 1.61173621611181
508 1.60337597242717
509 1.59540380932478
510 1.58784446132571
511 1.58072007480957
512 1.57405018335152
513 1.5678516955922
514 1.56213889533006
515 1.55692345347939
516 1.55221445149441
517 1.54801841581884
518 1.54433936288421
519 1.54117885414564
520 1.53853606061363
521 1.53640783631342
522 1.53478880007916
523 1.53367142507028
524 1.53304613538
525 1.53290140909233
526 1.5332238871336
527 1.53399848725733
528 1.53520852249725
529 1.53683582342266
530 1.53886086353237
531 1.54126288712867
532 1.54402003902079
533 1.54710949541799
534 1.55050759538568
535 1.55418997225376
536 1.55813168438425
537 1.56230734472566
538 1.56669124860358
539 1.57125749922108
540 1.57598013036815
541 1.58083322586672
542 1.58579103530631
543 1.59082808565506
544 1.59591928836183
545 1.60104004159635
546 1.60616632730708
547 1.61127480280885
548 1.61634288664566
549 1.62134883850737
550 1.62627183301216
551 1.63109202720017
552 1.63579062161636
553 1.64034991489327
554 1.64475335177664
555 1.64898556456765
556 1.65303240798651
557 1.65688098749158
558 1.66051968111672
559 1.66393815491722
560 1.66712737214081
561 1.67007959626521
562 1.67278838806744
563 1.67524859691211
564 1.67745634646666
565 1.67940901507071
566 1.68110521100416
567 1.68254474291462
568 1.68372858567902
569 1.68465884198707
570 1.68533869994485
571 1.68577238700643
572 1.68596512054891
573 1.68592305541218
574 1.68565322872929
575 1.68516350237571
576 1.68446250336744
577 1.68355956253697
578 1.68246465181495
579 1.68118832044161
580 1.67974163042767
581 1.67813609157856
582 1.67638359638833
583 1.67449635510165
584 1.67248683123251
585 1.67036767781797
586 1.66815167467379
587 1.66585166690637
588 1.66348050492251
589 1.66105098616464
590 1.65857579878445
591 1.6560674674534
592 1.65353830149264
593 1.65100034548933
594 1.64846533255017
595 1.64594464032666
596 1.64344924993003
597 1.64098970783747
598 1.6385760908746
599 1.63621797434291
600 1.63392440334456
601 1.63170386734087
602 1.62956427796545
603 1.62751295009725
604 1.62555658618409
605 1.62370126379273
606 1.62195242634785
607 1.6203148770086
608 1.61879277561909
609 1.61738963865692
610 1.61610834209253
611 1.61495112706155
612 1.6139196082426
613 1.61301478482351
614 1.61223705393122
615 1.61158622639241
616 1.61106154468603
617 1.61066170294222
618 1.61038486883787
619 1.61022870723424
620 1.61019040539912
621 1.61026669965313
622 1.61045390327824
623 1.61074793552547
624 1.61114435155852
625 1.61163837317063
626 1.61222492011323
627 1.61289864187696
628 1.61365394976789
629 1.61448504912565
630 1.6153859715333
631 1.61635060687378
632 1.61737273509224
633 1.61844605752939
634 1.61956422769655
635 1.62072088136961
636 1.62190966588552
637 1.62312426853237
638 1.62435844393071
639 1.62560604031216
640 1.62686102460821
641 1.62811750627075
642 1.62936975975345
643 1.63061224559143
644 1.63183963002479
645 1.63304680311958
646 1.63422889534838
647 1.63538129260004
648 1.63649964959689
649 1.6375799017049
650 1.63861827513043
651 1.63961129550438
652 1.64055579486206
653 1.64144891703388
654 1.64228812146899
655 1.64307118552003
656 1.64379620522381
657 1.64446159461804
658 1.64506608363999
659 1.64560871465794
660 1.64608883769085
661 1.64650610437634
662 1.64686046075054
663 1.64715213890724
664 1.64738164760667
665 1.64754976190707
666 1.64765751189436
667 1.64770617058722
668 1.64769724109634
669 1.6476324431176
670 1.6475136988397
671 1.64734311834707
672 1.64712298459878
673 1.64685573806368
674 1.64654396109139
675 1.64619036209737
676 1.64579775963916
677 1.64536906645887
678 1.6449072735651
679 1.64441543442511
680 1.64389664933553
681 1.64335405003703
682 1.64279078463553
683 1.64221000288903
684 1.64161484191605
685 1.64100841237796
686 1.64039378518396
687 1.6397739787634
688 1.63915194694663
689 1.63853056749139
690 1.63791263128777
691 1.63730083227073
692 1.63669775806528
693 1.63610588138521
694 1.63552755220216
695 1.63496499069825
696 1.63442028101099
697 1.6338953657759
698 1.63339204146809
699 1.63291195454064
700 1.63245659835404
701 1.63202731088737
702 1.63162527321899
703 1.63125150876092
704 1.63090688322863
705 1.63059210532478
706 1.63030772811299
707 1.63005415105548
708 1.62983162268577
709 1.62964024388599
710 1.62947997173636
711 1.62935062390261
712 1.62925188352595
713 1.62918330457877
714 1.62914431764825
715 1.62913423610933
716 1.62915226264761
717 1.62919749609267
718 1.62926893852174
719 1.6293655025937
720 1.62948601907368
721 1.62962924450842
722 1.62979386901353
723 1.62997852413407
724 1.63018179074068
725 1.63040220692475
726 1.63063827585668
727 1.63088847357296
728 1.63115125665886
729 1.63142506979508
730 1.6317083531381
731 1.63199954950587
732 1.63229711134178
733 1.6325995074322
734 1.63290522935408
735 1.63321279763158
736 1.63352076758219
737 1.63382773483507
738 1.6341323405062
739 1.63443327601685
740 1.63472928754417
741 1.63501918009428
742 1.63530182119062
743 1.63557614417201
744 1.63584115109693
745 1.63609591525236
746 1.63633958326733
747 1.63657137683323
748 1.63679059403445
749 1.63699661029484
750 1.63718887894678
751 1.63736693143139
752 1.63753037713962
753 1.63767890290558
754 1.6378122721644
755 1.63793032378816
756 1.63803297061484
757 1.63812019768546
758 1.63819206020629
759 1.63824868125311
760 1.63829024923556
761 1.63831701513988
762 1.63832928956924
763 1.63832743960063
764 1.63831188547815
765 1.6382830971622
766 1.63824159075458
767 1.63818792481906
768 1.63812269661736
769 1.63804653827982
770 1.63796011293005
771 1.63786411078248
772 1.63775924523118
773 1.63764624894792
774 1.63752587000683
775 1.63739886805239
776 1.63726601052693
777 1.63712806897279
778 1.63698581542379
779 1.63684001889973
780 1.63669144201676
781 1.63654083772545
782 1.63638894618784
783 1.63623649180324
784 1.63608418039217
785 1.63593269654631
786 1.63578270115184
787 1.63563482909211
788 1.63548968713495
789 1.63534785200867
790 1.63520986867008
791 1.63507624876659
792 1.63494746929389
793 1.63482397144941
794 1.63470615968107
795 1.63459440093003
796 1.63448902406507
797 1.63439031950564
798 1.63429853902979
799 1.63421389576242
800 1.7816449853913
801 1.79617194439453
802 1.81084645053599
803 1.82552856562207
804 1.84021831524875
805 1.85491568974175
806 1.86962064522886
807 1.8843331048355
808 1.89905295999477
809 1.91378007186254
810 1.92783651001412
811 1.9406576683204
812 1.95232261269579
813 1.96288848476921
814 1.97239660724761
815 1.98087612947348
816 1.98834686069222
817 1.9948214703709
818 2.00030719582673
819 2.00480716640078
820 2.00832454339093
821 2.01086819218855
822 2.01245393251736
823 2.01310301551692
824 2.01284104397569
825 2.01169720417589
826 2.00970372092182
827 2.006895471285
828 2.00330971029263
829 1.99898587480567
830 1.99396542707057
831 1.98829168779594
832 1.9820096313579
833 1.97516565143143
834 1.96780731315772
835 1.95998310177328
836 1.95174217357499
837 1.94313411246224
838 1.9342086936277
839 1.9250156549464
840 1.91560447608462
841 1.90602416529761
842 1.89632305416961
843 1.88654860085425
844 1.87674720251404
845 1.8669640176603
846 1.85724279902802
847 1.8476257375253
848 1.83815331769643
849 1.82886418504376
850 1.8197950254716
851 1.81098045704492
852 1.80245293419354
853 1.7942426644349
854 1.78637753763202
855 1.77888306774752
856 1.77178234699952
857 1.76509601227126
858 1.75884222357443
859 1.75303665431644
860 1.74769249307485
861 1.74282045653836
862 1.73842881323239
863 1.73452341760978
864 1.73110775405167
865 1.72818299029242
866 1.72574803975347
867 1.7237996322457
868 1.72233239247756
869 1.72133892578738
870 1.72080991050214
871 1.7207341963127
872 1.72109890804559
873 1.72188955420535
874 1.72309013965793
875 1.72468328182515
876 1.72665032976278
877 1.72897148549994
878 1.73162592702547
879 1.73459193231721
880 1.73784700382324
881 1.74136799281902
882 1.74513122308194
883 1.74911261334395
884 1.7532877980044
885 1.7576322456079
886 1.76212137461679
887 1.76673066603363
888 1.77143577245631
889 1.77621262317669
890 1.7810375249631
891 1.78588725819654
892 1.79073916806168
893 1.79557125052434
894 1.80036223285878
895 1.8050916485196
896 1.80973990618456
897 1.81428835282619
898 1.81871933070106
899 1.82301622817632
900 1.82716352434356
901 1.83114682739925
902 1.83495290680006
903 1.83856971922918
904 1.8419864284367
905 1.84519341904293
906 1.84818230441844
907 1.85094592877765
908 1.85347836364552
909 1.85577489887727
910 1.85783202843052
911 1.8596474311074
912 1.86121994650019
913 1.86254954638931
914 1.8636373018555
915 1.8644853463799
916 1.865096835216
917 1.86547590132574
918 1.8656276081793
919 1.86555789972352
920 1.86527354782766
921 1.86478209751775
922 1.86409181031179
923 1.86321160596715
924 1.86215100295026
925 1.86092005793467
926 1.85952930462973
927 1.85798969223578
928 1.85631252381523
929 1.85450939486059
930 1.8525921323315
931 1.85057273442276
932 1.84846331131451
933 1.84627602714366
934 1.84402304342363
935 1.84171646412573
936 1.83936828262232
937 1.83699033067723
938 1.8345942296545
939 1.83219134410129
940 1.82979273784578
941 1.82740913273509
942 1.82505087012287
943 1.82272787520065
944 1.82044962425113
945 1.81822511488643
946 1.8160628393188
947 1.81397076069616
948 1.81195629252026
949 1.81002628115049
950 1.80818699138256
951 1.8064440950776
952 1.8048026628041
953 1.80326715844267
954 1.80184143669164
955 1.80052874340005
956 1.79933171864434
957 1.7982524024545
958 1.79729224308682
959 1.79645210773131
960 1.79573229553464
961 1.79513255281187
962 1.79465209031472
963 1.79428960241799
964 1.79404328808163
965 1.79391087344182
966 1.79388963588146
967 1.79397642942794
968 1.79416771132484
969 1.79445956962294
970 1.79484775163629
971 1.7953276931092
972 1.79589454794171
973 1.7965432183227
974 1.79726838512263
975 1.79806453840068
976 1.79892600788531
977 1.79984699329088
978 1.80082159433817
979 1.80184384035171
980 1.80290771931229
981 1.80400720624929
982 1.80513629086362
983 1.80628900427878
984 1.80745944482457
985 1.80864180276498
986 1.80983038388927
987 1.81101963189272
988 1.81220414948112
989 1.81337871814075
990 1.81453831652344
991 1.81567813740388
992 1.81679360317419
993 1.81788037984828
994 1.81893438955623
995 1.81995182151602
996 1.82092914147772
997 1.82186309964159
998 1.82275073705912
999 1.82358939053211
1000 1.82437669603147
1001 1.82511059066352
1002 1.82578931321717
1003 1.8264114033309
1004 1.8269756993236
1005 1.82748133473801
1006 1.82792773364991
1007 1.82831460480036
1008 1.82864193461167
1009 1.82890997915147
1010 1.82911925511159
1011 1.82927052987165
1012 1.82936481071862
1013 1.82940333329591
1014 1.82938754935672
1015 1.82931911389716
1016 1.82919987174555
1017 1.82903184368437
1018 1.82881721218116
1019 1.82855830680446
1020 1.82825758939976
1021 1.8279176390996
1022 1.82754113724043
1023 1.82713085225705
1024 1.82668962462379
1025 1.82622035190899
1026 1.82572597400707
1027 1.82520945860997
1028 1.82467378697643
1029 1.82412194005495
1030 1.82355688501286
1031 1.82298156222046
1032 1.82239887273589
1033 1.8218116663328
1034 1.82122273010901
1035 1.82063477771072
1036 1.82005043920319
1037 1.81947225161472
1038 1.81890265017708
1039 1.81834396028171
1040 1.81779839016724
1041 1.81726802434991
1042 1.81675481780517
1043 1.81626059090465
1044 1.81578702510948
1045 1.81533565941739
1046 1.81490788755758
1047 1.8145049559244
1048 1.81412796223742
1049 1.81377785491298
1050 1.8134554331292
1051 1.81316134756394
1052 1.8128961017828
1053 1.81266005425184
1054 1.81245342094783
1055 1.81227627853667
1056 1.81212856808911
1057 1.81201009930132
1058 1.81192055518639
1059 1.81185949720198
1060 1.8118263707781
1061 1.8118205112083
1062 1.81184114986723
1063 1.81188742071675
1064 1.81195836706283
1065 1.81205294852537
1066 1.81217004818321
1067 1.81230847985693
1068 1.81246699549241
1069 1.81264429260895
1070 1.81283902177624
1071 1.81304979408572
1072 1.81327518858243
1073 1.81351375962523
1074 1.81376404414389
1075 1.81402456876342
1076 1.81429385676731
1077 1.81457043487268
1078 1.81485283979251
1079 1.81513962456114
1080 1.81542936460166
1081 1.81572066351499
1082 1.81601215857286
1083 1.81630252589819
1084 1.8165904853189
1085 1.81687480488239
1086 1.81715430502038
1087 1.81742786235545
1088 1.81769441314246
1089 1.81795295633987
1090 1.81820255630809
1091 1.8184423451333
1092 1.81867152457728
1093 1.81888936765528
1094 1.81909521984568
1095 1.81928849993669
1096 1.8194687005169
1097 1.81963538811765
1098 1.81978820301708
1099 1.81992685871623
1100 1.82005114109937
1101 1.82016090729152
1102 1.82025608422711
1103 1.82033666694465
1104 1.82040271662321
1105 1.8204543583771
1106 1.82049177882562
1107 1.82051522345569
1108 1.82052499379509
1109 1.82052144441472
1110 1.82050497977846
1111 1.82047605095925
1112 1.82043515224013
1113 1.82038281761903
1114 1.82031961723588
1115 1.82024615374051
1116 1.82016305861938
1117 1.82007098849907
1118 1.81997062144389
1119 1.81986265326446
1120 1.81974779385377
1121 1.81962676356631
1122 1.81950028965551
1123 1.81936910278393
1124 1.81923393361971
1125 1.81909550953228
1126 1.81895455139939
1127 1.8188117705365
1128 1.81866786575907
1129 1.81852352058695
1130 1.81837940059953
1131 1.81823615094907
1132 1.81809439403899
1133 1.81795472737266
1134 1.81781772157761
1135 1.81768391860881
1136 1.81755383013404
1137 1.81742793610328
1138 1.81730668350329
1139 1.81719048529755
1140 1.81707971955092
1141 1.81697472873771
1142 1.81687581923083
1143 1.81678326096912
1144 1.81669728729908
1145 1.81661809498676
1146 1.81654584439466
1147 1.81648065981812
1148 1.81642262997504
1149 1.81637180864208
1150 1.81632821543047
1151 1.81629183669357
1152 1.81626262655841
1153 1.81624050807289
1154 1.81622537446007
1155 1.81621709047067
1156 1.81621549382504
1157 1.81622039673515
1158 1.81623158749766
1159 1.81624883214865
1160 1.81627187617071
1161 1.8163004462433
1162 1.81633425202699
1163 1.81637298797267
1164 1.81641633514684
1165 1.81646396306408
1166 1.81651553151843
1167 1.81657069240527
1168 1.81662909152578
1169 1.8166903703664
1170 1.81675416784581
1171 1.81682012202271
1172 1.81688787175756
1173 1.81695705832232
1174 1.8170273269523
1175 1.81709832833488
1176 1.8171697200301
1177 1.81724116781883
1178 1.81731234697434
1179 1.81738294345397
1180 1.81745265500768
1181 1.81752119220098
1182 1.81758827935
1183 1.81765365536725
1184 1.81771707451656
1185 1.81777830707671
1186 1.8178371399132
1187 1.81789337695838
1188 1.81794683960041
1189 1.81799736698191
1190 1.81804481620966
1191 1.81808906247689
1192 1.81812999910026
1193 1.81816753747382
1194 1.81820160694249
1195 1.81823215459815
1196 1.81825914500136
1197 1.81828255983222
1198 1.81830239747399
1199 1.81831867253334
1200 1.8183314153012
