1 0.8
2 0.8
3 0.8
4 0.8
5 0.8
6 0.8
7 0.8
8 0.8
9 0.8
10 0.8
11 0.8
12 0.8
13 0.8
14 0.8
15 0.8
16 0.8
17 0.8
18 0.8
19 0.8
20 0.8
21 0.8
22 0.8
23 0.8
24 0.8
25 0.8
26 0.8
27 0.8
28 0.8
29 0.8
30 0.8
31 0.8
32 0.8
33 0.8
34 0.8
35 0.8
36 0.8
37 0.8
38 0.8
39 0.8
40 0.8
41 0.8
42 0.8
43 0.8
44 0.8
45 0.8
46 0.8
47 0.8
48 0.8
49 0.8
50 0.8
51 0.8
52 0.8
53 0.8
54 0.8
55 0.8
56 0.8
57 0.8
58 0.8
59 0.8
60 0.8
61 0.8
62 0.8
63 0.8
64 0.8
65 0.8
66 0.8
67 0.8
68 0.8
69 0.8
70 0.8
71 0.8
72 0.8
73 0.8
74 0.8
75 0.8
76 0.8
77 0.8
78 0.8
79 0.8
80 0.8
81 0.8
82 0.8
83 0.8
84 0.8
85 0.8
86 0.8
87 0.8
88 0.8
89 0.8
90 0.8
91 0.8
92 0.8
93 0.8
94 0.8
95 0.8
96 0.8
97 0.8
98 0.8
99 0.8
100 0.8
101 0.8
102 0.8
103 0.8
104 0.8
105 0.8
106 0.8
107 0.8
108 0.8
109 0.8
110 0.8
111 0.8
112 0.8
113 0.8
114 0.8
115 0.8
116 0.8
117 0.8
118 0.8
119 0.8
120 0.8
121 0.8
122 0.8
123 0.8
124 0.8
125 0.8
126 0.8
127 0.8
128 0.8
129 0.8
130 0.8
131 0.8
132 0.8
133 0.8
134 0.8
135 0.8
136 0.8
137 0.8
138 0.8
139 0.8
140 0.8
141 0.8
142 0.8
143 0.8
144 0.8
145 0.8
146 0.8
147 0.8
148 0.8
149 0.8
150 0.8
151 0.8
152 0.8
153 0.8
154 0.8
155 0.8
156 0.8
157 0.8
158 0.8
159 0.8
160 0.8
161 0.8
162 0.8
163 0.8
164 0.8
165 0.8
166 0.8
167 0.8
168 0.8
169 0.8
170 0.8
171 0.8
172 0.8
173 0.8
174 0.8
175 0.8
176 0.8
177 0.8
178 0.8
179 0.8
180 0.8
181 0.8
182 0.8
183 0.8
184 0.8
185 0.8
186 0.8
187 0.8
188 0.8
189 0.8
190 0.8
191 0.8
192 0.8
193 0.8
194 0.8
195 0.8
196 0.8
197 0.8
198 0.8
199 0.8
200 0.8
201 0.8
202 0.8
203 0.8
204 0.8
205 0.8
206 0.8
207 0.8
208 0.8
209 0.8
210 0.8
211 0.800778725
212 0.80360926925
213 0.809412565748
214 0.818215714898255
215 0.829286889816548
216 0.841918473471702
217 0.85556936539215
218 0.869827678611113
219 0.884381706727413
220 0.89899733176974
221 0.913500447983848
222 0.927763291690398
223 0.941574270667874
224 0.954584710589688
225 0.96642616603611
226 0.976800939967649
227 0.985523790717301
228 0.9925308936022
229 0.997868453503413
230 1.00167026768329
231 1.00413094458173
232 1.00547934973468
233 1.00595513767777
234 1.0057899012264
235 1.00519348507775
236 1.0043453231461
237 1.00339021966358
238 1.00243775383032
239 1.00156439977326
240 1.00081747497112
241 1.0002201238534
242 0.999776678041807
243 0.99947788629224
244 0.999305657551454
245 0.999237097333031
246 0.999247733422779
247 0.999313918312915
248 0.999414462347387
249 0.999531595097522
250 0.999651376098575
251 0.999763683586183
252 0.999861905285143
253 0.999942442436937
254 1.0000041204808
255 1.00004757991655
256 1.00007470103066
257 1.00008809789283
258 1.00009070129602
259 1.00008543761108
260 1.00007500096888
261 1.00006170960475
262 1.0000474332507
263 1.00003357668762
264 1.00002110447874
265 1.00001059301676
266 1.00000229789388
267 0.999996226876968
268 0.99999221114662
269 0.999989969722085
270 0.999989163999351
271 0.999989440994882
272 0.999990465180318
273 0.999991939720674
274 0.999993618523356
275 0.999995310817489
276 0.999996880069959
277 0.999998238964781
278 0.999999341980415
279 1.00000017684304
280 1.00000075585148
281 1.00000110779082
282 1.00000127089788
283 1.00000128712499
284 1.00000119777517
285 1.00000104045344
286 1.00000084719162
287 1.00000064355343
288 1.00000044850586
289 1.00000027484489
290 1.00000012998136
291 1.00000001692114
292 0.999999935306344
293 0.999999882418444
294 0.99999985407554
295 0.999999845384288
296 0.999999851329612
297 0.999999867203025
298 0.999999888882767
299 0.999999912986762
300 0.999999936923272
301 0.999999958864923
302 0.999999977670361
303 0.999999992774854
304 1.00000000406741
305 1.00000001176794
306 1.00000001631414
307 1.00000001826403
308 1.00000001821736
309 1.00000001675651
310 1.00000001440588
311 1.00000001160761
312 1.00000000871074
313 1.00000000597089
314 1.00000000355727
315 1.00000000156448
316 1.0000000000267
317 0.999999998932575
318 0.999999998239245
319 0.999999997884874
320 0.999999997798985
321 0.999999997910486
322 0.999999998153425
323 0.999999998470662
324 0.999999998815801
325 0.999999999153704
326 0.999999999459987
327 0.999999999719813
328 0.999999999926284
329 1.00000000007868
330 1.00000000018074
331 1.00000000023905
332 1.00000000026173
333 1.00000000025732
334 1.00000000023402
335 1.00000000019914
336 1.00000000015876
337 1.00000000011764
338 1.00000000007922
339 1.00000000004573
340 1.00000000001836
341 0.999999999997488
342 0.999999999982861
343 0.999999999973817
344 0.999999999969447
345 0.999999999968738
346 0.999999999970684
347 0.999999999974364
348 0.999999999978986
349 0.999999999983916
350 0.999999999988677
351 0.999999999992945
352 0.99999999999653
353 0.999999999999347
354 1.0000000000014
355 1.00000000000275
356 1.00000000000349
357 1.00000000000374
358 1.00000000000363
359 1.00000000000326
360 1.00000000000275
361 1.00000000000217
362 1.00000000000159
363 1.00000000000105
364 1.00000000000058
365 1.00000000000021
366 0.999999999999926
367 0.999999999999731
368 0.999999999999614
369 0.999999999999561
370 0.999999999999558
371 0.99999999999959
372 0.999999999999645
373 0.999999999999712
374 0.999999999999783
375 0.999999999999849
376 0.999999999505689
377 0.999999996710609
378 0.999999988201609
379 0.999999969922804
380 0.99999993937015
381 0.999999898122773
382 0.999999853987351
383 0.999999822352403
384 0.999999826562727
385 0.99999989725979
386 1.00000007071902
387 1.00000038627559
388 1.00000088306563
389 1.00000159634402
390 1.00000255360296
391 1.00000377085845
392 1.00000524977116
393 1.00000697637665
394 1.0000089217889
395 1.00001104457709
396 1.00001329407792
397 1.00001561393642
398 1.0000179454532
399 1.0000202305564
400 1.00002241436862
401 1.00002443485858
402 1.00002620989988
403 1.00002763759075
404 1.00002861378982
405 1.00002905682737
406 1.00002892174893
407 1.00002820398277
408 1.0000269361367
409 1.00002518079079
410 0.999244321200063
411 0.996411384503466
412 0.990605530420354
413 0.981176749020142
414 0.967948649156459
415 0.951585083831571
416 0.933075756760531
417 0.913177077391614
418 0.892464441764155
419 0.871372921778733
420 0.850228926929487
421 0.829274835675891
422 0.808688152071389
423 0.78859639931809
424 0.769088694002769
425 0.750224736081963
426 0.732041787130664
427 0.71456008275181
428 0.697787026418492
429 0.681720435199796
430 0.66641934608958
431 0.65209565096006
432 0.639056340168691
433 0.627580875829744
434 0.617857892978492
435 0.609962405824107
436 0.603858984043412
437 0.599419937057968
438 0.596450515733988
439 0.594715581842345
440 0.593964158423487
441 0.593949806263051
442 0.594445921313239
443 0.595255866117064
444 0.596218388094938
445 0.597209091972886
446 0.598138873537482
447 0.598950233994163
448 0.599612319506943
449 0.600115403443819
450 0.600465376957167
451 0.600678657552732
452 0.600777779802542
453 0.600787806502775
454 0.600733597093531
455 0.600637894320047
456 0.600520138703138
457 0.600395890536717
458 0.600276727062016
459 0.600170484063542
460 0.600081722368405
461 0.600012316976881
462 0.599962086744935
463 0.599929403263386
464 0.599911737070104
465 0.599906116430964
466 0.599909487992663
467 0.599918979427363
468 0.599932071853268
469 0.599946694642364
470 0.599961257662312
471 0.599974636547299
472 0.599986125757707
473 0.599995372437449
474 0.600002301814019
475 0.600007042435919
476 0.60000985715158
477 0.600011083573191
478 0.600011085940969
479 0.600010218854979
480 0.600008802276409
481 0.600007106490531
482 0.600005345322035
483 0.600003675742248
484 0.600002202046121
485 0.600000982946967
486 0.600000040187098
487 0.599999367550123
488 0.599998939452133
489 0.599998718560527
490 0.599998662125223
491 0.599998726899281
492 0.599998872672191
493 0.599999064541032
494 0.599999274107359
495 0.599999479817408
496 0.599999666667256
497 0.599999825480147
498 0.599999951936599
499 0.600000045504989
500 0.600000108385261
501 0.600000144544735
502 0.60000015889489
503 0.600000156632772
504 0.600000142750922
505 0.600000121705384
506 0.60000009722199
507 0.600000072216025
508 0.6000000487987
509 0.600000028344764
510 0.600000011598236
511 0.599999998796919
512 0.599999989800499
513 0.599999984211139
514 0.599999981479305
515 0.599999980990807
516 0.599999982133672
517 0.599999984345464
518 0.599999987143001
519 0.599999990137253
520 0.599999993036539
521 0.599999995641165
522 0.599999997832417
523 0.599999999558384
524 0.600000000818669
525 0.600000001649487
526 0.600000002110211
527 0.60000000227201
528 0.600000002208851
529 0.60000000199089
530 0.60000000168008
531 0.600000001327692
532 0.600000000973396
533 0.600000000645511
534 0.600000000362078
535 0.600000000132426
536 0.599999999958962
537 0.599999999838995
538 0.599999999766421
539 0.599999999733188
540 0.599999999730499
541 0.599999999749711
542 0.599999999782971
543 0.599999999823608
544 0.599999999866311
545 0.599999999907156
546 0.599999999943506
547 0.599999999973833
548 0.599999999997492
549 0.600000000014486
550 0.600000000025243
551 0.600000000030426
552 0.600000000030794
553 0.600000000027121
554 0.600000000020186
555 0.600000000010816
556 0.599999999999979
557 0.599999999988921
558 0.599999999979302
559 0.599999999973329
560 0.599999999973831
561 0.599999999984276
562 0.60000000000869
563 0.600000000051492
564 0.600000000117233
565 0.600000000210277
566 0.600000000334454
567 0.600000000492744
568 0.600000000687028
569 0.600000000917877
570 0.600000001184353
571 0.600000001483793
572 0.600000001811565
573 0.60000000216085
574 0.600000002522483
575 0.600000003379113
576 0.600000006523568
577 0.600000015353045
578 0.600000034301682
579 0.600000067231334
580 0.60000011469514
581 0.600000170759488
582 0.600000220384807
583 0.600000237924155
584 0.600000187002501
585 0.600000021846908
586 0.599999690009235
587 0.599999136322226
588 0.599998307823517
589 0.599997159240584
590 0.599995658427111
591 0.599993790855786
592 0.59999156218161
593 0.599988998281098
594 0.599986142759219
595 0.599983052403728
596 0.599979791485636
597 0.599976426019584
598 0.599973018894689
599 0.599969626379953
600 0.599966308719066
601 0.599963144451315
602 0.599960232353456
603 0.599957686663574
604 0.599955625099908
605 0.599954147310219
606 0.599953317286737
607 0.59995315876066
608 0.599953658345912
609 0.599954772616687
610 0.599956436490498
611 0.599958571281138
612 0.599961091587307
613 0.599963910750879
614 0.599966944940514
615 0.599970116054703
616 0.599973353671303
617 0.599976596250584
618 0.599979791758656
619 0.599982897836825
620 0.599985880507719
621 0.599988710539052
622 0.599991359504117
623 0.599993797908602
624 0.599995995762099
625 0.599997924974178
626 0.599999562601923
627 0.600000894008833
628 0.60000191522681
629 0.600002634115081
630 0.600003070200514
631 0.600003253317394
632 0.600003221322115
633 0.600003017238384
634 0.600002686201939
635 0.600002272536448
636 0.600001817222189
637 0.600001355933157
638 0.600000917730399
639 0.600000524420211
640 0.600000190521983
641 0.599999923745229
642 0.599999725849134
643 0.599999593749102
644 0.599999520740232
645 0.599999497723624
646 0.599999514344108
647 0.599999559973705
648 0.599999624500946
649 0.59999969890975
650 0.599999775651311
651 0.599999848827567
652 0.599999914215125
653 0.599999969164127
654 0.60000001240823
655 0.600000043820254
656 0.600000064144171
657 0.600000074728696
658 0.600000077281665
659 0.600000073658273
660 0.600000065690554
661 0.600000055060618
662 0.600000043216283
663 0.600000031324862
664 0.600000020259081
665 0.600000010608156
666 0.600000002706923
667 0.599999996676305
668 0.599999992469272
669 0.599999989917468
670 0.599999988774872
671 0.599999988756
672 0.599999989567192
673 0.599999990930429
674 0.599999992599818
675 0.599999994371417
676 0.599999996087376
677 0.599999997635569
678 0.599999998945913
679 0.599999999984513
680 0.600000000746642
681 0.600000001249387
682 0.600000001524604
683 0.600000001612623
684 0.600000001556982
685 0.600000001400323
686 0.600000001181437
687 0.600000000933382
688 0.600000000682544
689 0.600000000448433
690 0.600000000244067
691 0.600000000076731
692 0.599999999948969
693 0.599999999859669
694 0.599999999805126
695 0.599999999780023
696 0.599999999778268
697 0.599999999793656
698 0.599999999820373
699 0.599999999853329
700 0.599999999888343
701 0.599999999922216
702 0.599999999952702
703 0.599999999978425
704 0.599999999998743
705 0.600000000013596
706 0.600000000023355
707 0.600000000028675
708 0.600000000030369
709 0.600000000029301
710 0.600000000026309
711 0.600000000022147
712 0.600000000017451
713 0.600000000012725
714 0.600000000008334
715 0.60000000000452
716 0.600000000001414
717 0.599999999999056
718 0.599999999997421
719 0.599999999996432
720 0.599999999995987
721 0.59999999999597
722 0.599999999996265
723 0.599999999996762
724 0.599999999997368
725 0.599999999998006
726 0.59999999999862
727 0.599999999999169
728 0.599999999999628
729 0.599999999999989
730 0.60000000000025
731 0.600000000000419
732 0.600000000000509
733 0.600000000000534
734 0.600000000000512
735 0.600000000000456
736 0.600000000000382
737 0.6000000000003
738 0.60000000000022
739 0.600000000000148
740 0.60000000000009
741 0.600000000000046
742 0.600000000000013
743 0.599999999999978
744 0.599999999999927
745 0.599999999999842
746 0.599999999999718
747 0.599999999999581
748 0.599999999999513
749 0.599999999999672
750 0.600000000000304
751 0.600000000001734
752 0.600000000004325
753 0.6000000000084
754 0.600000000014126
755 0.600000000021353
756 0.600000000029433
757 0.600000000037024
758 0.600000000041921
759 0.600000000040933
760 0.600000000029847
761 0.600000000003497
762 0.599999999955965
763 0.599999999880887
764 0.599999999771878
765 0.599999999622984
766 0.599999999429134
767 0.599999999186519
768 0.599999998892892
769 0.599999998547813
770 0.599999998152852
771 0.599999997711815
772 0.599999997230974
773 0.599999996719288
774 0.599999996188555
775 0.599999995653447
776 0.599999995131363
777 0.599999994642045
778 0.599999994206935
779 0.599999993848252
780 0.599999993587814
781 0.599999993445666
782 0.599999993438644
783 0.599999993579025
784 0.59999999387345
785 0.599999994322266
786 0.599999994919392
787 0.59999999565272
788 0.599999996504999
789 0.599999997455065
790 0.599999998479065
791 0.599999999551349
792 0.600000000645049
793 0.600000001732479
794 0.600000002785544
795 0.600000003776461
796 0.600000004678884
797 0.600000005469232
798 0.600000006127991
799 0.600000006640748
800 0.600000006998835
801 0.600000007199533
802 0.600000007245868
803 0.600000007146069
804 0.600000006912784
805 0.600000006562144
806 0.60000000611276
807 0.60000000558472
808 0.600000004998635
809 0.60000000437477
810 0.60077872873006
811 0.603609272326883
812 0.609204360710042
813 0.617533104539046
814 0.627991115983662
815 0.639726258680967
816 0.651855233896944
817 0.663596074907345
818 0.674337775797661
819 0.683664851442467
820 0.69135146647683
821 0.697336847354196
822 0.70169102188393
823 0.704577551691067
824 0.70621786825254
825 0.706860111800277
826 0.70675400576889
827 0.706132261655086
828 0.705198270095155
829 0.704119353799047
830 0.703024591516833
831 0.702006122986268
832 0.701122868359752
833 0.70040570188625
834 0.699863274501615
835 0.699487855969163
836 0.699260743520342
837 0.699156946051194
838 0.699148991820993
839 0.699209818823251
840 0.699314789653416
841 0.699442928442401
842 0.699577509592382
843 0.699706140884989
844 0.699820481582283
845 0.699915723812202
846 0.699989946773859
847 0.700043431431051
848 0.700078000988722
849 0.700096431459419
850 0.700101958262573
851 0.700097889733789
852 0.700087326876126
853 0.700072980543198
854 0.700057072155183
855 0.70004130152643
856 0.700026864880428
857 0.700014507098093
858 0.700004594185347
859 0.699997194422339
860 0.699992159319867
861 0.699989198095454
862 0.699987941711548
863 0.699987994483245
864 0.699988972814461
865 0.699990531758028
866 0.699992380847692
867 0.699994291071052
868 0.699996095004926
869 0.699997682084543
870 0.699998990787862
871 0.699999999241763
872 0.700000715443757
873 0.700001167977002
874 0.700001397803339
875 0.700001451465034
876 0.700001375819723
877 0.700001214276745
878 0.700001004394663
879 0.700000776633679
880 0.700000554025985
881 0.700000352523795
882 0.700000181801361
883 0.700000046316527
884 0.699999946473387
885 0.699999879765639
886 0.699999841816611
887 0.699999827264408
888 0.699999830467706
889 0.69999984602886
890 0.69999986914629
891 0.699999895818009
892 0.699999922923491
893 0.69999994821273
894 0.699999970230247
895 0.699999988198852
896 0.700000001883951
897 0.700000011454646
898 0.700000017353475
899 0.700000020182468
900 0.700000020609737
901 0.700000019297958
902 0.700000016854016
903 0.700000013797613
904 0.700000010545809
905 0.700000007410089
906 0.700000004602553
907 0.700000002248103
908 0.700000000399928
909 0.699999999056121
910 0.699999998175801
911 0.699999997693615
912 0.699999997531948
913 0.699999997610564
914 0.699999997853654
915 0.699999998194493
916 0.699999998578036
917 0.699999998961845
918 0.699999999315764
919 0.69999999962072
920 0.699999999867006
921 0.700000000052327
922 0.70000000017983
923 0.700000000256281
924 0.700000000290487
925 0.700000000292013
926 0.700000000270211
927 0.700000000233553
928 0.700000000189216
929 0.700000000142903
930 0.700000000098815
931 0.700000000059763
932 0.700000000027347
933 0.700000000002185
934 0.699999999984146
935 0.699999999972577
936 0.69999999996651
937 0.699999999964824
938 0.69999999996638
939 0.699999999970114
940 0.6999999999751
941 0.69999999998058
942 0.699999999985978
943 0.69999999999089
944 0.699999999995067
945 0.699999999998389
946 0.700000000000837
947 0.700000000002467
948 0.700000000003381
949 0.70000000000371
950 0.700000000003591
951 0.700000000003158
952 0.700000000002533
953 0.700000000001818
954 0.700000000001095
955 0.700000000000423
956 0.699999999999845
957 0.699999999999385
958 0.699999999999053
959 0.699999999998849
960 0.699999999998765
961 0.699999999998788
962 0.699999999998903
963 0.699999999999092
964 0.699999999999338
965 0.699999999999625
966 0.699999999999938
967 0.700000000000263
968 0.700000000000589
969 0.700000000000903
970 0.700000000001198
971 0.700000000001465
972 0.700000000001696
973 0.700000000001886
974 0.700000000002029
975 0.699999999507903
976 0.699999996712815
977 0.699999988335906
978 0.699999970625119
979 0.69999994138962
980 0.699999902467211
981 0.699999861950354
982 0.699999835611862
983 0.69999984716997
984 0.699999927241099
985 0.700000111011624
986 0.700000434807246
987 0.700000931857152
988 0.700001627656476
989 0.70000253544526
990 0.700003652465718
991 0.700004957850004
992 0.700006412945259
993 0.700007964307578
994 0.700009548850561
995 0.700011100169183
996 0.700012554958022
997 0.700013858608078
998 0.70001496935737
999 0.70001586069024
1000 0.700016509409193
1001 0.700016879842036
1002 0.700016923718723
1003 0.700016592855328
1004 0.700015856084911
1005 0.70001471211644
1006 0.700013195123414
1007 0.700011373005286
1008 0.700009339952183
1009 0.700007205611576
1010 0.700005083157188
1011 0.700003078172959
1012 0.70000127969694
1013 0.699999754168707
1014 0.699998542484676
1015 0.699997659941238
1016 0.699997098556271
1017 0.699996831102365
1018 0.699996816142249
1019 0.699997003402581
1020 0.699997338928186
1021 0.699997769597931
1022 0.699998246732707
1023 0.699998728667369
1024 0.69999918227986
1025 0.699999583564845
1026 0.699999917403706
1027 0.700000176718672
1028 0.700000361209722
1029 0.700000475863786
1030 0.700000529402288
1031 0.700000532800793
1032 0.700000497978363
1033 0.700000436718377
1034 0.700000359849921
1035 0.700000276691545
1036 0.700000194738146
1037 0.700000119557285
1038 0.700000054852932
1039 0.700000002651683
1040 0.69999996356785
1041 0.699999937108269
1042 0.699999921984148
1043 0.699999916404749
1044 0.699999918335253
1045 0.699999925708296
1046 0.699999936584802
1047 0.699999949264695
1048 0.699999962351769
1049 0.699999974779402
1050 0.699999985805103
1051 0.699999994982238
1052 0.700000002116878
1053 0.700000007216849
1054 0.700000010438811
1055 0.700000012037883
1056 0.700000012322949
1057 0.700000011619551
1058 0.700000010241204
1059 0.700000008469103
1060 0.700000006539577
1061 0.700000004638202
1062 0.700000002899284
1063 0.70000000140934
1064 0.700000000213251
1065 0.699999999321941
1066 0.699999998720572
1067 0.699999998376513
1068 0.69999999824654
1069 0.699999998282915
1070 0.699999998438187
1071 0.699999998668696
1072 0.699999998936847
1073 0.699999999212324
1074 0.69999999947242
1075 0.699999999701711
1076 0.699999999891256
1077 0.700000000037534
1078 0.700000000141238
1079 0.700000000206095
1080 0.700000000237757
1081 0.700000000242852
1082 0.700000000228223
1083 0.700000000200345
1084 0.700000000164936
1085 0.700000000126729
1086 0.700000000089381
1087 0.700000000055485
1088 0.700000000026668
1089 0.700000000003724
1090 0.699999999986788
1091 0.699999999975498
1092 0.699999999969165
1093 0.69999999996691
1094 0.699999999967787
1095 0.699999999970868
1096 0.699999999975314
1097 0.699999999980412
1098 0.699999999985595
1099 0.699999999990445
1100 0.699999999994685
1101 0.69999999999816
1102 0.700000000000816
1103 0.700000000002676
1104 0.700000000003819
1105 0.700000000004355
1106 0.700000000004411
1107 0.700000000004116
1108 0.700000000003588
1109 0.700000000002933
1110 0.700000000002235
1111 0.70000000000156
1112 0.700000000000954
1113 0.700000000000442
1114 0.700000000000039
1115 0.699999999999744
1116 0.699999999999551
1117 0.699999999999446
1118 0.699999999999412
1119 0.699999999999433
1120 0.699999999999491
1121 0.699999999999572
1122 0.699999999999663
1123 0.699999999999755
1124 0.69999999999984
1125 0.699999999999913
1126 0.699999999999973
1127 0.700000000000018
1128 0.700000000000049
1129 0.700000000000067
1130 0.700000000000076
1131 0.700000000000076
1132 0.70000000000007
1133 0.70000000000006
1134 0.700000000000049
1135 0.700000000000037
1136 0.700000000000025
1137 0.700000000000015
1138 0.700000000000006
1139 0.7
1140 0.699999999999995
1141 0.699999999999994
1142 0.700000000000002
1143 0.700000000000029
1144 0.700000000000087
1145 0.700000000000186
1146 0.700000000000323
1147 0.700000000000458
1148 0.700000000000503
1149 0.700000000000308
1150 0.699999999999657
1151 0.699999999998292
1152 0.699999999995961
1153 0.699999999992497
1154 0.699999999987924
1155 0.699999999982585
1156 0.699999999977282
1157 0.699999999973392
1158 0.69999999997295
1159 0.699999999978662
1160 0.699999999993831
1161 0.700000000022179
1162 0.700000000067574
1163 0.70000000013368
1164 0.70000000022356
1165 0.700000000339287
1166 0.700000000481651
1167 0.700000000649969
1168 0.700000000842013
1169 0.700000001054007
1170 0.700000001280661
1171 0.700000001515209
1172 0.700000001749466
1173 0.700000001973912
1174 0.70000000217785
1175 0.700000002349669
1176 0.700000002477249
1177 0.700000002548538
1178 0.700000002552287
1179 0.700000002478934
1180 0.700000002321583
1181 0.700000002076968
1182 0.700000001746292
1183 0.700000001335759
1184 0.70000000085669
1185 0.700000000325124
1186 0.699999999760918
1187 0.699999999186417
1188 0.699999998624839
1189 0.699999998098567
1190 0.699999997627721
1191 0.699999997229338
1192 0.699999996917083
1193 0.699999996701182
1194 0.699999996588314
1195 0.699999996581357
1196 0.699999996679027
1197 0.699999996875569
1198 0.699999997160665
1199 0.699999997519688
1200 0.699999997934364
