1 2
2 2
3 2
4 2
5 2
6 2
7 2
8 2
9 2
10 2
11 2
12 2
13 2
14 2
15 2
16 2
17 2
18 2
19 2
20 2
21 2
22 2
23 2
24 2
25 2
26 2
27 2
28 2
29 2
30 2.25
31 2.28368571428571
32 2.31797142857143
33 2.35225714285714
34 2.38654285714286
35 2.42082857142857
36 2.45511428571429
37 2.4894
38 2.52368571428571
39 2.55797142857143
40 2.589851883825
41 2.61734486366809
42 2.64076804738688
43 2.6603591826225
44 2.67630099155913
45 2.68873345029456
46 2.69776335322954
47 2.70347175758453
48 2.70591977692304
49 2.70515308889983
50 2.70122858279156
51 2.69425211007437
52 2.68438231507876
53 2.67181446196922
54 2.65676902072409
55 2.63948361532867
56 2.62020740070381
57 2.59919718341005
58 2.57671478552739
59 2.55302528742439
60 2.52839566298999
61 2.50309312695393
62 2.47738289032047
63 2.4515255723677
64 2.42577459165418
65 2.40037371513867
66 2.37555485363637
67 2.35153613532768
68 2.32852025549122
69 2.30669308214744
70 2.28622249059929
71 2.26725740532308
72 2.24992704074723
73 2.23434034294415
74 2.22058563721129
75 2.20873048430255
76 2.19882174392155
77 2.19088583975156
78 2.18492921662003
79 2.18093897770397
80 2.17888368798545
81 2.17871432925466
82 2.18036539148878
83 2.18375608509913
84 2.18879165818913
85 2.19536480260108
86 2.20335713221364
87 2.21264071675256
88 2.22307965434293
89 2.23453166618541
90 2.24684969708188
91 2.25988350605134
92 2.27348123194204
93 2.28749091973652
94 2.30176199414396
95 2.3161466680633
96 2.33050127456996
97 2.34468751221693
98 2.35857359463687
99 2.37203529667321
100 2.38495689054252
101 2.39723196682386
102 2.40876413636995
103 2.41946761052647
104 2.42926765831738
105 2.43810094049332
106 2.44591572153698
107 2.45267196186298
108 2.45834129353155
109 2.46290688380675
110 2.46636319182404
111 2.46871562448226
112 2.46998009843598
113 2.47018251573204
114 2.46935816120528
115 2.46755103022085
116 2.46481309572311
117 2.46120352382405
118 2.45678784733763
119 2.45163710674309
120 2.44582696804232
121 2.43943682686682
122 2.43254890799467
123 2.42524736915928
124 2.41761741767868
125 2.40974444800908
126 2.40171320783941
127 2.39360699979888
128 2.38550692525596
129 2.37749117605163
130 2.36963437934022
131 2.36200700001428
132 2.35467480447546
133 2.34769838878613
134 2.34113277350688
135 2.33502706679753
136 2.32942419664291
137 2.32436071236496
138 2.31986665490553
139 2.31596549471696
140 2.31267413548299
141 2.31000298131797
142 2.30795606456003
143 2.30653123078846
144 2.30572037726005
145 2.30550974057529
146 2.30588022905632
147 2.30680779504395
148 2.30826384210341
149 2.31021566196648
150 2.31262689593156
151 2.31545801539226
152 2.31866681616695
153 2.32220892135591
154 2.32603828755527
155 2.33010770940654
156 2.33436931765318
157 2.33877506610857
158 2.34327720320866
159 2.34782872412412
160 2.3523837997369
161 2.35689817913991
162 2.36132956269278
163 2.36563794305597
164 2.36978591202666
165 2.37373893140734
166 2.37746556654878
167 2.38093768161851
168 2.38413059604957
169 2.3870232020202
170 2.38959804319703
171 2.391841355342
172 2.39374306973118
173 2.39529678066047
174 2.39649967861635
175 2.39735245096677
176 2.39785915227654
177 2.398027046572
178 2.39786642406924
179 2.39739039503964
180 2.3966146636132
181 2.39555728441644
182 2.39423840500585
183 2.39267999709116
184 2.39090557954611
185 2.38893993617843
186 2.386808831177
187 2.38453872507386
188 2.38215649395415
189 2.37968915451934
190 2.37716359746068
191 2.37460633143305
192 2.37204323973605
193 2.36949935161202
194 2.36699862986186
195 2.36456377626171
196 2.36221605603891
197 2.35997514243688
198 2.35785898216767
199 2.35588368232041
200 2.35406341906654
201 2.35241036827891
202 2.35093465796616
203 2.34964434221537
204 2.34854539613898
205 2.34764173113576
206 2.34693522960355
207 2.34642579808323
208 2.34611143767076
209 2.34598833040777
210 2.34605094025197
211 2.34629212713643
212 2.34670327255251
213 2.34727441503468
214 2.34799439388679
215 2.34885099946748
216 2.34983112834869
217 2.35092094167273
218 2.35210602506182
219 2.35337154847654
220 2.35470242447657
221 2.35608346340727
222 2.35749952411694
223 2.35893565890234
224 2.36037725148151
225 2.36181014690285
226 2.36322077241593
227 2.36459624845121
228 2.36592448898165
229 2.36719429066782
230 2.36839541031757
231 2.36951863032107
232 2.37055581185047
233 2.37149993573941
234 2.37234513107968
235 2.37308669169031
236 2.37372108072606
237 2.3742459237981
238 2.37465999107738
239 2.37496316894192
240 2.37515642181014
241 2.37524174487546
242 2.37522210851974
243 2.37510139523698
244 2.37488432994143
245 2.37457640456807
246 2.37418379789642
247 2.37371329154223
248 2.37317218306576
249 2.3725681971394
250 2.37190939570356
251 2.37120408801639
252 2.37046074147256
253 2.36968789402751
254 2.36889406901924
255 2.36808769312807
256 2.3672770181587
257 2.36647004726769
258 2.36567446619452
259 2.36489757998621
260 2.36414625563523
261 2.36342687097816
262 2.36274527012987
263 2.36210672565497
264 2.36151590760576
265 2.3609768594853
266 2.36049298112451
267 2.36006701839609
268 2.35970105962434
269 2.35939653849003
270 2.3591542431738
271 2.35897433143004
272 2.3588563512365
273 2.3587992666237
274 2.35880148825154
275 2.35886090827003
276 2.35897493897586
277 2.35914055475668
278 2.35935433680139
279 2.35961252004586
280 2.35991104182095
281 2.3602455916716
282 2.36061166182334
283 2.36100459778462
284 2.36141964859005
285 2.36185201621056
286 2.36229690368127
287 2.36274956152587
288 2.36320533208794
289 2.36365969141345
290 2.36410828836477
291 2.36454698068498
292 2.36497186777025
293 2.36537931994874
294 2.36576600410539
295 2.36612890553289
296 2.36646534592995
297 2.36677299750808
298 2.36704989320719
299 2.36729443305788
300 2.36750538676443
301 2.36768189261633
302 2.36782345286813
303 2.36792992575659
304 2.36800151435069
305 2.36803875245396
306 2.3680424877994
307 2.36801386279488
308 2.36795429309184
309 2.36786544426133
310 2.36774920686997
311 2.36760767025337
312 2.36744309528707
313 2.36725788645383
314 2.3670545635026
315 2.36683573298815
316 2.36660405997102
317 2.36636224014648
318 2.36611297265713
319 2.3658589338286
320 2.36560275205021
321 2.36534698400354
322 2.3650940924218
323 2.36484642554162
324 2.36460619838658
325 2.3643754759995
326 2.36415615871723
327 2.36394996955877
328 2.36375844377445
329 2.36358292058152
330 2.36342453708908
331 2.36328422439436
332 2.36316270581168
333 2.36306049717617
334 2.36297790914648
335 2.36291505141368
336 2.36287183870866
337 2.36284799848645
338 2.36284308015419
339 2.36285646569896
340 2.36288738156322
341 2.36293491160924
342 2.36299801100823
343 2.36307552088745
344 2.36316618356665
345 2.36326865821546
346 2.36338153676538
347 2.36350335991325
348 2.36363263305797
349 2.36376784201847
350 2.36390746838842
351 2.3640500043916
352 2.36419396711187
353 2.36433791198163
354 2.36448044542438
355 2.36462023655869
356 2.36475602788311
357 2.36488664487455
358 2.36501100444522
359 2.36512812221652
360 2.36523711858092
361 2.36533722353583
362 2.36542778028585
363 2.36550824762178
364 2.36557820109637
365 2.3656373330279
366 2.36568545137255
367 2.36572247751651
368 2.36574844304705
369 2.36576348556983
370 2.3657678436465
371 2.36576185093254
372 2.36574592960031
373 2.36572058313606
374 2.36568638860285
375 2.3656439884629
376 2.36559408205426
377 2.36553741681644
378 2.36547477935874
379 2.3654069864635
380 2.36533487611354
381 2.3652592986299
382 2.36518110800189
383 2.36510115348652
384 2.36502027154941
385 2.36493927821298
386 2.36485896187191
387 2.36478007662889
388 2.36470333619702
389 2.36462940840781
390 2.36455891035688
391 2.36449240421177
392 2.3644303936993
393 2.36437332128246
394 2.36432156603012
395 2.36427544217553
396 2.36423519835366
397 2.36420101750068
398 2.36417301739325
399 2.36415125180006
400 2.11415125180006
401 2.04677044113501
402 1.97819566222213
403 1.90962673532171
404 1.84106343033631
405 1.77250547081099
406 1.70395253824173
407 1.63540427663961
408 1.56686029729749
409 1.49832018370587
410 1.43218860609037
411 1.3707713122041
412 1.31430349176547
413 1.26298686977454
414 1.21698478510953
415 1.2
416 1.2
417 1.2
418 1.2
419 1.2
420 1.2
421 1.2
422 1.2
423 1.20491102233132
424 1.21507606397093
425 1.22998967189582
426 1.24884160695399
427 1.27084976396685
428 1.29540073706931
429 1.32201258965829
430 1.35030599474346
431 1.37998174490584
432 1.41080322433157
433 1.4425354973795
434 1.47489878551437
435 1.50757986020777
436 1.54025122115419
437 1.57258850780002
438 1.60428230299761
439 1.6350446894647
440 1.66461229897135
441 1.69274707899491
442 1.71923563174506
443 1.74388816885685
444 1.76653813868335
445 1.7870426734768
446 1.80528339466706
447 1.82116716429736
448 1.83462652884574
449 1.84561975528107
450 1.85413045969494
451 1.86016688078969
452 1.86376087246837
453 1.86496668964414
454 1.86385962215114
455 1.86053450602142
456 1.85510412450655
457 1.847697505972
458 1.83845812770115
459 1.82754203931955
460 1.81511592409549
461 1.80135511945117
462 1.78644161928529
463 1.77056208036534
464 1.75390585362711
465 1.73666305936416
466 1.71902272347594
467 1.70117099035597
468 1.68328942661645
469 1.66555342855575
470 1.64813074497314
471 1.63118012555387
472 1.61485010356183
473 1.59927792000155
474 1.58458859477873
475 1.57089414874062
476 1.55829297884945
477 1.54686938715814
478 1.53669326273509
479 1.52781991423279
480 1.52029004942146
481 1.51412989671994
482 1.50935146255979
483 1.50595291732125
484 1.50391910158997
485 1.5032221436071
486 1.50382217802788
487 1.50566815546914
488 1.50869873181585
489 1.51284322587197
490 1.51802263368019
491 1.524150687697
492 1.53113494899048
493 1.53887792072451
494 1.54727817139974
495 1.55623145663235
496 1.56563182866027
497 1.57537272326555
498 1.58534801438264
499 1.59545302731773
500 1.60558550222386
501 1.61564650025249
502 1.62554124562375
503 1.6351798977157
504 1.64447824815853
505 1.65335833882197
506 1.66174899749506
507 1.66958628896699
508 1.67681388011789
509 1.68338331850982
510 1.6892542248241
511 1.69439440031334
512 1.69877985121813
513 1.70239473283456
514 1.70523121660173
515 1.70728928420591
516 1.70857645326404
517 1.70910743965138
518 1.70890376197366
519 1.70799329405077
520 1.70640977157613
521 1.70419225934303
522 1.70138458558592
523 1.69803475007319
524 1.69419431260826
525 1.68991776855175
526 1.68526191787025
527 1.68028523405115
528 1.67504723900129
529 1.6696078897738
530 1.66402698264755
531 1.65836357972102
532 1.65267546278275
533 1.64701861878888
534 1.64144676081963
535 1.63601088790691
536 1.63075888662915
537 1.62573517686334
538 1.620980403572
539 1.61653117599146
540 1.61241985508001
541 1.6086743895873
542 1.60531820062252
543 1.60237011413339
544 1.59984434026477
545 1.59775049814777
546 1.59609368428124
547 1.59487458231001
548 1.59408961168029
549 1.59373111236516
550 1.59378756260186
551 1.59424382637105
552 1.59508142717461
553 1.59627884453545
554 1.59781182954805
555 1.59965373575352
556 1.60177586159533
557 1.6041478007315
558 1.60673779653389
559 1.60951309719391
560 1.61244030797385
561 1.61548573729251
562 1.61861573351013
563 1.62179700947774
564 1.62499695213804
565 1.62818391470495
566 1.63132748920486
567 1.63439875743071
568 1.63737051863766
569 1.64021749259321
570 1.64291649688221
571 1.64544659765507
572 1.64778923329333
573 1.64992831074773
574 1.65185027457683
575 1.65354414897805
576 1.65500155335415
577 1.65621669219528
578 1.65718632027825
579 1.65790968438854
580 1.65838844295509
581 1.65862656515374
582 1.65863021117848
583 1.65840759550285
584 1.65796883505437
585 1.65732578430303
586 1.65649185932182
587 1.65548185291111
588 1.65431174289195
589 1.65299849566555
590 1.65155986710796
591 1.65001420282233
592 1.64838023970595
593 1.64667691070785
594 1.64492315455573
595 1.64313773212038
596 1.64133905096275
597 1.63954499947516
598 1.63777279188556
599 1.63603882524411
600 1.63435854935551
601 1.63274635046167
602 1.6312154493175
603 1.62977781414069
604 1.6284440887555
605 1.62722353609187
606 1.62612399704701
607 1.62515186456755
608 1.62431207266769
609 1.62360809996442
610 1.62304198718483
611 1.62261436798444
612 1.62232451230974
613 1.62217038144373
614 1.62214869379027
615 1.62225500038226
616 1.62248376904036
617 1.62282847606263
618 1.62328170429223
619 1.6238352463889
620 1.62448021212086
621 1.62520713849658
622 1.62600610156981
623 1.62686682877599
624 1.62777881069349
625 1.6287314111672
626 1.62971397478568
627 1.63071593076383
628 1.63172689235141
629 1.63273675096192
630 1.63373576429605
631 1.6347146378171
632 1.63566459902345
633 1.63657746405183
634 1.63744569623624
635 1.63826245633825
636 1.63902164425519
637 1.63971793210204
638 1.64034678865008
639 1.64090449518967
640 1.64138815296511
641 1.64179568240621
642 1.64212581445248
643 1.64237807433218
644 1.64255275821873
645 1.64265090324126
646 1.64267425137343
647 1.64262520776569
648 1.64250679412008
649 1.64232259773347
650 1.64207671685527
651 1.64177370301843
652 1.64141850100881
653 1.64101638713747
654 1.64057290647331
655 1.64009380968085
656 1.63958499008849
657 1.63905242158893
658 1.63850209794382
659 1.63793997403117
660 1.63737190953622
661 1.63680361554518
662 1.63624060445705
663 1.6356881435819
664 1.63515121274535
665 1.63463446616895
666 1.63414219884528
667 1.63367831757531
668 1.6332463167845
669 1.63284925918384
670 1.63248976129265
671 1.63216998379229
672 1.63189162663442
673 1.6316559287837
674 1.63146367243464
675 1.63131519150414
676 1.63121038416718
677 1.63114872917199
678 1.6311293056437
679 1.63115081606191
680 1.63121161207804
681 1.63130972282247
682 1.63144288533965
683 1.63160857678168
684 1.63180404798649
685 1.63202635806684
686 1.63227240963954
687 1.63253898433101
688 1.63282277820582
689 1.63312043677745
690 1.63342858927718
691 1.63374388187507
692 1.63406300956819
693 1.63438274647419
694 1.63469997429279
695 1.63501170872405
696 1.63531512365936
697 1.63560757298931
698 1.63588660990081
699 1.63615000356524
700 1.63639575314739
701 1.63662209909407
702 1.63682753168851
703 1.63701079688411
704 1.63717089945653
705 1.63730710353802
706 1.63741893062101
707 1.63750615513908
708 1.63756879775361
709 1.63760711649161
710 1.63762159589633
711 1.63761293436554
712 1.63758202986392
713 1.63752996420513
714 1.63745798610611
715 1.63736749322096
716 1.63726001336421
717 1.63713718513409
718 1.63700073814427
719 1.63685247306958
720 1.63669424170542
721 1.63652792723346
722 1.6363554248776
723 1.63617862312387
724 1.63599938566609
725 1.63581953422696
726 1.63564083238988
727 1.63546497056274
728 1.63529355217939
729 1.63512808122892
730 1.63496995118688
731 1.63482043540624
732 1.63468067900985
733 1.63455169231017
734 1.63443434576614
735 1.63432936647213
736 1.63423733615885
737 1.63415869067272
738 1.63409372088634
739 1.63404257498127
740 1.63400526203249
741 1.63398165681406
742 1.63397150573664
743 1.6339744338193
744 1.63398995259191
745 1.63401746881871
746 1.63405629392976
747 1.63410565404393
748 1.63416470046562
749 1.63423252053686
750 1.63430814872715
751 1.63439057784526
752 1.63447877026013
753 1.63457166902192
754 1.63466820877886
755 1.6347673263915
756 1.63486797115211
757 1.63496911452416
758 1.63506975932446
759 1.6351689482786
760 1.63526577188879
761 1.63535937556233
762 1.63544896595737
763 1.63553381651225
764 1.63561327213352
765 1.63568675302674
766 1.63575375766332
767 1.63581386488481
768 1.63586673515482
769 1.63591211097627
770 1.63594981649937
771 1.63597975635263
772 1.6360019137354
773 1.63601634781662
774 1.63602319048918
775 1.63602264253411
776 1.63601496925247
777 1.636000495626
778 1.63597960106992
779 1.63595271384318
780 1.63592030518215
781 1.63588288322454
782 1.63584098678955
783 1.63579517907972
784 1.63574604136813
785 1.63569416673272
786 1.63564015389657
787 1.63558460123034
788 1.63552810096898
789 1.63547123369143
790 1.63541456310733
791 1.63535863119055
792 1.63530395369446
793 1.63525101607888
794 1.6352002698738
795 1.6351521294996
796 1.63510696955858
797 1.63506512260742
798 1.63502687741527
799 1.63499247770725
800 1.88499247770725
801 1.90180917370023
802 1.91893017066966
803 1.93605552904289
804 1.95318526487831
805 1.97031935127068
806 1.98745772012317
807 2.00460026425593
808 2.02174683981916
809 2.03889726897635
810 2.05364579173101
811 2.06417179924624
812 2.07106945732454
813 2.07479626704696
814 2.07570796844891
815 2.07408105897903
816 2.07013033634151
817 2.06402256295905
818 2.05588710940443
819 2.04582424462153
820 2.03393473701903
821 2.02035835252342
822 2.00527574575796
823 1.98889030149121
824 1.97141609302515
825 1.95307008104202
826 1.93406726544855
827 1.91461786471889
828 1.89492586214921
829 1.87518845145055
830 1.85559583139821
831 1.83633064734734
832 1.81756680338601
833 1.79946793900365
834 1.78218591559357
835 1.76585948954452
836 1.75061324559509
837 1.736556803421
838 1.72378427719896
839 1.71237395201968
840 1.7023881378714
841 1.69387317092097
842 1.68685954759841
843 1.68136218891261
844 1.67738083588809
845 1.67490057502416
846 1.67389248886898
847 1.67431442303943
848 1.67611185813574
849 1.67921887324696
850 1.68355918704196
851 1.68904726250614
852 1.69558946182092
853 1.70308523836156
854 1.71142835316371
855 1.72050810349448
856 1.73021055143177
857 1.74041974068265
858 1.75101889030408
859 1.76189155454912
860 1.77292273874338
861 1.78399996188121
862 1.79501425749226
863 1.80586110524408
864 1.81644128669602
865 1.82666165959281
866 1.83643584607292
867 1.84568483116059
868 1.8543374689032
869 1.86233089450034
870 1.86961084173762
871 1.87613186597971
872 1.88185747388308
873 1.88676016185229
874 1.8908213660773
875 1.89403132774579
876 1.89638887772034
877 1.89790114559886
878 1.89858319863635
879 1.89845761649244
880 1.89755400818067
881 1.8959084779313
882 1.89356304693794
883 1.89056503814033
884 1.8869664313024
885 1.88282319567665
886 1.87819460750696
887 1.8731425595133
888 1.86773086932851
889 1.86202459362196
890 1.85608935435322
891 1.84999068325442
892 1.84379339024915
893 1.83756096108287
894 1.83135498897163
895 1.82523464457691
896 1.81925618809201
897 1.81347252668425
898 1.8079328199836
899 1.8026821357488
900 1.79776115728063
901 1.79320594359578
902 1.78904774282812
903 1.78531285879215
904 1.7820225701307
905 1.77919310098023
906 1.77683564162536
907 1.77495641718397
908 1.77355680196794
909 1.77263347680496
910 1.77217862628631
911 1.77218017262549
912 1.7726220425747
913 1.77348446365085
914 1.77474428577101
915 1.77637532428788
916 1.77834872035006
917 1.78063331448731
918 1.78319602933697
919 1.78600225748302
920 1.78901625047154
921 1.79220150519303
922 1.7955211439821
923 1.79893828497378
924 1.80241639947211
925 1.80591965332662
926 1.80941322957265
927 1.81286362986966
928 1.81623895256387
929 1.81950914550412
930 1.82264623205051
931 1.82562450902983
932 1.82842071570718
933 1.83101417315696
934 1.83338689372449
935 1.83552366057026
936 1.83741207757883
937 1.83904259019153
938 1.84040847798397
939 1.84150582005428
940 1.84233343451382
941 1.84289279357735
942 1.84318791593365
943 1.84322523823809
944 1.84301346770642
945 1.84256341790229
946 1.84188782990024
947 1.84100118107083
948 1.83991948377525
949 1.83866007627439
950 1.83724140815123
951 1.83568282251796
952 1.83400433723046
953 1.8322264272641
954 1.83036981031785
955 1.82845523760964
956 1.82650329170675
957 1.82453419310185
958 1.82256761710036
959 1.82062252243015
960 1.81871699282108
961 1.81686809263256
962 1.81509173743337
963 1.81340258026112
964 1.81181391411148
965 1.81033759103072
966 1.80898395801105
967 1.80776180971865
968 1.80667835791994
969 1.80573921731496
970 1.80494840733782
971 1.80430836934497
972 1.80381999848373
973 1.80348268941572
974 1.80329439496505
975 1.80325169666863
976 1.80334988612631
977 1.8035830559833
978 1.80394419932452
979 1.80442531622247
980 1.80501752615483
981 1.80571118499654
982 1.80649600529221
983 1.80736117852865
984 1.80829549815279
985 1.8092874821172
986 1.81032549378307
987 1.81139786006721
988 1.81249298578579
989 1.81359946322111
990 1.81470617601822
991 1.81580239660448
992 1.81687787641647
993 1.81792292831322
994 1.81892850065255
995 1.81988624260618
996 1.82078856038939
997 1.82162866417996
998 1.82240060559974
999 1.82309930572767
1000 1.82372057370604
1001 1.82426111609073
1002 1.82471853718044
1003 1.82509133063911
1004 1.82537886279891
1005 1.82558134809825
1006 1.82569981716938
1007 1.82573607814324
1008 1.82569267178486
1009 1.82557282111118
1010 1.82538037617296
1011 1.82511975470612
1012 1.82479587937242
1013 1.82441411231734
1014 1.82398018777352
1015 1.82350014343119
1016 1.82298025128368
1017 1.82242694863639
1018 1.82184676994153
1019 1.82124628009001
1020 1.82063200975514
1021 1.82001039334234
1022 1.81938771005408
1023 1.81877002853139
1024 1.81816315548223
1025 1.81757258865399
1026 1.81700347445298
1027 1.8164605704577
1028 1.81594821301695
1029 1.81547029006771
1030 1.81503021925238
1031 1.81463093136101
1032 1.81427485907152
1033 1.81396393091051
1034 1.81369957030961
1035 1.81348269958729
1036 1.81331374864407
1037 1.81319266812139
1038 1.8131189467394
1039 1.81309163249897
1040 1.81310935740638
1041 1.81317036535753
1042 1.81327254280024
1043 1.81341345178007
1044 1.81359036496566
1045 1.81380030224475
1046 1.81404006848112
1047 1.81430629202599
1048 1.81459546358419
1049 1.8149039750464
1050 1.81522815791223
1051 1.81556432094672
1052 1.81590878673217
1053 1.81625792680043
1054 1.81660819505505
1055 1.81695615921995
1056 1.81729853007925
1057 1.81763218830289
1058 1.8179542086831
1059 1.81826188163801
1060 1.81855273187035
1061 1.81882453410052
1062 1.81907532582462
1063 1.8193034170785
1064 1.81950739721855
1065 1.81968613875861
1066 1.81983879832926
1067 1.81996481485158
1068 1.82006390504084
1069 1.82013605637794
1070 1.82018151770533
1071 1.8202007876225
1072 1.82019460087048
1073 1.82016391290819
1074 1.82010988289359
1075 1.82003385529054
1076 1.81993734032788
1077 1.81982199354044
1078 1.81968959462233
1079 1.81954202582163
1080 1.8193812501018
1081 1.81920928928953
1082 1.81902820242128
1083 1.81884006449106
1084 1.81864694579136
1085 1.81845089202633
1086 1.81825390536274
1087 1.81805792656918
1088 1.8178648183784
1089 1.81767635019056
1090 1.81749418421881
1091 1.81731986316029
1092 1.8171547994585
1093 1.817000266205
1094 1.81685738971086
1095 1.81672714376117
1096 1.81661034554894
1097 1.81650765326874
1098 1.81641956533505
1099 1.81634642117561
1100 1.81628840353686
1101 1.81624554222573
1102 1.81621771920117
1103 1.81620467491864
1104 1.81620601582185
1105 1.81622122286902
1106 1.81624966097457
1107 1.81629058924268
1108 1.81634317186562
1109 1.81640648955802
1110 1.81647955139745
1111 1.81656130694224
1112 1.81665065849957
1113 1.81674647341964
1114 1.81684759629585
1115 1.8169528609563
1116 1.81706110213766
1117 1.81717116673957
1118 1.81728192456535
1119 1.81739227846298
1120 1.81750117378928
1121 1.81760760712949
1122 1.81771063421381
1123 1.81780937698269
1124 1.81790302976223
1125 1.8179908645212
1126 1.8180722351912
1127 1.81814658104087
1128 1.81821342910493
1129 1.81827239567762
1130 1.81832318688916
1131 1.81836559839172
1132 1.81839951418939
1133 1.81842490465356
1134 1.81844182377161
1135 1.81845040568249
1136 1.81845086055782
1137 1.81844346989154
1138 1.81842858126437
1139 1.81840660265242
1140 1.81837799635103
1141 1.81834327258621
1142 1.81830298288662
1143 1.81825771328868
1144 1.81820807744642
1145 1.81815470971631
1146 1.81809825828475
1147 1.81803937840348
1148 1.81797872579441
1149 1.81791695028201
1150 1.81785468970674
1151 1.81779256416876
1152 1.81773117064589
1153 1.81767107802488
1154 1.81761282257959
1155 1.81755690392408
1156 1.81750378146317
1157 1.81745387135729
1158 1.81740754401296
1159 1.81736512210475
1160 1.8173268791291
1161 1.81729303848534
1162 1.81726377307426
1163 1.81723920539998
1164 1.81721940815625
1165 1.81720440527466
1166 1.81719417340827
1167 1.81718864382089
1168 1.81718770464961
1169 1.81719120350542
1170 1.81719895037485
1171 1.81721072078398
1172 1.81722625918487
1173 1.81724528252391
1174 1.81726748395097
1175 1.8172925366286
1176 1.81732009760081
1177 1.81734981168186
1178 1.8173813153267
1179 1.81741424044621
1180 1.8174482181323
1181 1.81748288225979
1182 1.8175178729347
1183 1.8175528397609
1184 1.81758744489976
1185 1.8176213659006
1186 1.81765429828255
1187 1.81768595785147
1188 1.81771608273889
1189 1.81774443515302
1190 1.81777080283492
1191 1.81779500021617
1192 1.81781686927726
1193 1.81783628010902
1194 1.81785313118194
1195 1.81786734933122
1196 1.81787888946759
1197 1.81788773402634
1198 1.81789389216917
1199 1.81789739875528
1200 1.81789831309967
