1 2
2 2
3 2
4 2
5 2
6 2
7 2
8 2
9 2
10 2
11 2
12 2
13 2
14 2
15 2
16 2
17 2
18 2
19 2
20 2
21 2
22 2
23 2
24 2
25 2
26 2
27 2
28 2
29 2
30 2.25
31 2.26962162162162
32 2.29124324324324
33 2.31286486486486
34 2.33448648648649
35 2.35610810810811
36 2.37772972972973
37 2.39935135135135
38 2.42097297297297
39 2.44259459459459
40 2.46260888572297
41 2.47979288854392
42 2.49451569813254
43 2.50704605186928
44 2.51759294536266
45 2.52631879861925
46 2.53334977012373
47 2.53878379006527
48 2.54269681694258
49 2.54514771031566
50 2.54619235969352
51 2.54590155427599
52 2.54436245633264
53 2.54167120773292
54 2.53792816227554
55 2.53323479817631
56 2.52769180119294
57 2.52139795116617
58 2.51444954993151
59 2.50694020517435
60 2.49896077390786
61 2.49059923451638
62 2.48194039067489
63 2.47306548338202
64 2.46405180458283
65 2.45497235922502
66 2.44589559524576
67 2.43688520489206
68 2.42799999198649
69 2.41929379556647
70 2.41081545937291
71 2.40260883852565
72 2.39471283812556
73 2.38716148124094
74 2.37998400481455
75 2.37320498203014
76 2.36684446928406
77 2.3609181754657
78 2.35543765091859
79 2.35041049328536
80 2.34584056742898
81 2.34172823672891
82 2.33807060321575
83 2.33486175418185
84 2.33209301306464
85 2.32975319254022
86 2.32782884789428
87 2.32630452886396
88 2.32516302827181
89 2.32438562590625
90 2.32395232624001
91 2.32384208871931
92 2.32403304949775
93 2.32450273362994
94 2.32522825687718
95 2.32618651641137
96 2.32735436983229
97 2.32870880203735
98 2.33022707960107
99 2.33188689243449
100 2.3336664826006
101 2.33554476026232
102 2.33750140683246
103 2.33951696548133
104 2.34157291923715
105 2.34365175698585
106 2.34573702774214
107 2.34781338362095
108 2.34986661198912
109 2.35188365732064
110 2.35385263331573
111 2.35576282587419
112 2.3576046875377
113 2.35936982403333
114 2.36105097356295
115 2.36264197949016
116 2.36413775707751
117 2.36553425492422
118 2.36682841174676
119 2.36801810913321
120 2.36910212088717
121 2.37008005955811
122 2.37095232073403
123 2.37172002564764
124 2.37238496262144
125 2.37294952784831
126 2.37341666597483
127 2.37378981092328
128 2.37407282735607
129 2.3742699531542
130 2.3743857432477
131 2.37442501510343
132 2.37439279614215
133 2.3742942733245
134 2.37413474511323
135 2.37391957598775
136 2.37365415365671
137 2.37334384908509
138 2.3729939794239
139 2.37260977390417
140 2.37219634273125
141 2.37175864899192
142 2.37130148356406
143 2.37082944299862
144 2.37034691032397
145 2.36985803870584
146 2.36936673788037
147 2.36887666326343
148 2.36839120762771
149 2.36791349522772
150 2.36744637824435
151 2.36699243541261
152 2.36655397269046
153 2.36613302582192
154 2.36573136464426
155 2.36535049898738
156 2.36499168601249
157 2.36465593883779
158 2.36434403630017
159 2.36405653370446
160 2.36379377441507
161 2.36355590214885
162 2.363342873833
163 2.36315447289731
164 2.36299032287576
165 2.36284990119945
166 2.36273255306923
167 2.36263750530395
168 2.36256388006742
169 2.362510708385
170 2.36247694336817
171 2.36246147307347
172 2.36246313292973
173 2.3624807176752
174 2.36251299275386
175 2.36255870512741
176 2.36261659346672
177 2.36268539769347
178 2.36276386784921
179 2.36285077227566
180 2.36294490509603
181 2.36304509299255
182 2.36315020128126
183 2.36325913928954
184 2.36337086504674
185 2.36348438930228
186 2.36359877888949
187 2.36371315945672
188 2.36382671759035
189 2.36393870235691
190 2.36404842629372
191 2.3641552658794
192 2.36425866151706
193 2.3643581170642
194 2.36445319894419
195 2.36454353487482
196 2.36462881224942
197 2.36470877620647
198 2.36478322742291
199 2.36485201966611
200 2.36491505713874
201 2.36497229164983
202 2.36502371964409
203 2.36506937912068
204 2.36510934647083
205 2.36514373326263
206 2.36517268299933
207 2.36519636787621
208 2.36521498555906
209 2.3652287560058
210 2.36523791835062
211 2.36524272786876
212 2.36524345303755
213 2.36524037270822
214 2.36523377340066
215 2.36522394673196
216 2.36521118698756
217 2.36519578884253
218 2.3651780452386
219 2.36515824542126
220 2.3651366731397
221 2.36511360501117
222 2.3650893090498
223 2.36506404335901
224 2.36503805498539
225 2.36501157893096
226 2.36498483731981
227 2.36495803871429
228 2.36493137757532
229 2.36490503386038
230 2.36487917275279
231 2.36485394451476
232 2.36482948445685
233 2.36480591301586
234 2.36478333593312
235 2.36476184452477
236 2.36474151603601
237 2.36472241407057
238 2.36470458908743
239 2.36468807895646
240 2.36467290956485
241 2.36465909546667
242 2.36464664056773
243 2.36463553883857
244 2.36462577504853
245 2.36461732551407
246 2.36461015885529
247 2.36460423675442
248 2.36459951471091
249 2.36459594278803
250 2.36459346634608
251 2.36459202675808
252 2.36459156210405
253 2.36459200784035
254 2.36459329744115
255 2.36459536300932
256 2.36459813585467
257 2.36460154703749
258 2.36460552787609
259 2.36461001041724
260 2.36461492786862
261 2.36462021499299
262 2.36462580846389
263 2.36463164718291
264 2.36463767255919
265 2.36464382875148
266 2.36465006287397
267 2.36465632516668
268 2.36466256913177
269 2.36466875163724
270 2.3646748329894
271 2.36468077697592
272 2.3646865508811
273 2.36469212547516
274 2.36469747497963
275 2.36470257701042
276 2.36470741250088
277 2.36471196560655
278 2.36471622359358
279 2.3647201767129
280 2.36472381806186
281 2.36472714343522
282 2.36473015116741
283 2.36473284196766
284 2.36473521874969
285 2.36473728645766
286 2.36473905188966
287 2.36474052352043
288 2.36474171132443
289 2.36474262660053
290 2.36474328179953
291 2.36474369035548
292 2.36474386652172
293 2.36474382521252
294 2.36474358185103
295 2.36474315222422
296 2.36474255234525
297 2.36474179832394
298 2.36474090624539
299 2.36473989205739
300 2.36473877146652
301 2.36473755984328
302 2.36473627213612
303 2.36473492279454
304 2.36473352570105
305 2.36473209411188
306 2.3647306406063
307 2.36472917704425
308 2.36472771453208
309 2.36472626339598
310 2.36472483316281
311 2.36472343254802
312 2.36472206945007
313 2.36472075095115
314 2.36471948332358
315 2.36471827204156
316 2.36471712179779
317 2.36471603652443
318 2.36471501941811
319 2.36471407296831
320 2.36471319898891
321 2.36471239865226
322 2.3647116725255
323 2.36471102060861
324 2.3647104423739
325 2.36470993680645
326 2.36470950244523
327 2.36470913742453
328 2.36470883951539
329 2.36470860616671
330 2.3647084345458
331 2.36470832157814
332 2.36470826398603
333 2.36470825832607
334 2.36470830102515
335 2.36470838841488
336 2.36470851676434
337 2.3647086823109
338 2.36470888128925
339 2.3647091099583
340 2.36470936462615
341 2.36470964167287
342 2.36470993757128
343 2.36471024890554
344 2.36471057238773
345 2.36471090487228
346 2.36471124336849
347 2.36471158505099
348 2.36471192726832
349 2.36471226754971
350 2.36471260361006
351 2.36471293335328
352 2.36471325487403
353 2.36471356645802
354 2.36471386658089
355 2.36471415390584
356 2.36471442728009
357 2.36471468573026
358 2.36471492845684
359 2.36471515482775
360 2.36471536437118
361 2.36471555676782
362 2.36471573184251
363 2.36471588955546
364 2.36471602999309
365 2.36471615335867
366 2.36471625996272
367 2.36471635021335
368 2.36471642460656
369 2.36471648371661
370 2.3647165281865
371 2.36471655871856
372 2.3647165760654
373 2.36471658102102
374 2.36471657441229
375 2.36471655709078
376 2.364716529925
377 2.36471649379303
378 2.36471644957561
379 2.36471639814972
380 2.36471634038257
381 2.36471627712611
382 2.36471620921208
383 2.36471613744746
384 2.36471606261045
385 2.36471598544698
386 2.3647159066676
387 2.36471582694495
388 2.36471574691154
389 2.36471566715811
390 2.36471558823229
391 2.36471551063774
392 2.3647154348336
393 2.36471536123433
394 2.3647152902099
395 2.3647152220862
396 2.36471515714583
397 2.36471509562909
398 2.36471503773524
399 2.36471498362387
400 2.11471498362387
401 2.07547169416286
402 2.03222840874241
403 1.98898512738134
404 1.94574185006824
405 1.90249857676376
406 1.85925530740275
407 1.81601204189657
408 1.77276878013532
409 1.72952552199012
410 1.6878895974858
411 1.64921011777914
412 1.61334308440827
413 1.58020699497854
414 1.54973954762874
415 1.52189345148067
416 1.49663304777798
417 1.4739316808989
418 1.45376965333645
419 1.43613263542021
420 1.42100009508369
421 1.40832861178993
422 1.39804995788114
423 1.39007781365562
424 1.38431248195313
425 1.38064436552131
426 1.37895652404097
427 1.37912654952218
428 1.38102793813327
429 1.384531091031
430 1.38950410912399
431 1.39581360121649
432 1.40332561147955
433 1.41190660807342
434 1.42142445080457
435 1.43174929335025
436 1.44275439822898
437 1.45431685704728
438 1.46631821725905
439 1.47864502161183
440 1.49118926850075
441 1.50384880069949
442 1.51652762741206
443 1.52913618238735
444 1.54159151998827
445 1.55381745120526
446 1.56574462207796
447 1.57731053753652
448 1.58845953413956
449 1.599142705507
450 1.6093177844116
451 1.61894898553118
452 1.62800681282143
453 1.63646783539387
454 1.64431443569935
455 1.65153453373079
456 1.65812129086637
457 1.66407279687065
458 1.66939174345269
459 1.67408508764466
460 1.67816370811337
461 1.68164205735161
462 1.68453781251974
463 1.68687152752347
464 1.68866628872359
465 1.68994737647993
466 1.69074193453612
467 1.69107864905637
468 1.69098743893028
469 1.69049915876913
470 1.68964531582761
471 1.68845780189985
472 1.68696864105887
473 1.68520975393532
474 1.68321273906491
475 1.68100867167557
476 1.67862792013542
477 1.67609998014126
478 1.67345332659555
479 1.67071528299755
480 1.66791190806143
481 1.665067899172
482 1.6622065121953
483 1.65934949707899
484 1.65651704860398
485 1.65372777158558
486 1.65099865976826
487 1.64834508761312
488 1.64578081414152
489 1.64331799797003
490 1.64096722265309
491 1.63873753143725
492 1.63663647052655
493 1.63467013996064
494 1.63284325121523
495 1.63115919064893
496 1.62962008793967
497 1.62822688867785
498 1.62697943031188
499 1.62587652067375
500 1.62491601834767
501 1.6240949141828
502 1.62340941329168
503 1.62285501691828
504 1.62242660360317
505 1.62211850911835
506 1.62192460468944
507 1.62183837306888
508 1.62185298206913
509 1.62196135521033
510 1.62215623918127
511 1.62243026785613
512 1.62277602265195
513 1.62318608905247
514 1.62365310916372
515 1.62416983020395
516 1.62472914886645
517 1.62532415152716
518 1.62594815030064
519 1.62659471497715
520 1.62725770090063
521 1.62793127287186
522 1.62860992518388
523 1.62928849791634
524 1.62996218963347
525 1.63062656664585
526 1.63127756900939
527 1.63191151344596
528 1.63252509337942
529 1.63311537628756
530 1.63367979857564
531 1.6342161581807
532 1.63472260511718
533 1.63519763017443
534 1.63564005197521
535 1.63604900260141
536 1.63642391198895
537 1.63676449128853
538 1.63707071538274
539 1.63734280474247
540 1.63758120679786
541 1.63778657698997
542 1.63795975966034
543 1.63810176892561
544 1.63821376967431
545 1.63829705881253
546 1.63835304687464
547 1.63838324010437
548 1.63838922310109
549 1.63837264211541
550 1.63833518906771
551 1.63827858635306
552 1.63820457248587
553 1.63811488862796
554 1.63801126603446
555 1.63789541444297
556 1.63776901142298
557 1.63763369269444
558 1.63749104341699
559 1.63734259044431
560 1.63718979553144
561 1.63703404947724
562 1.63687666717843
563 1.63671888356722
564 1.63656185039971
565 1.63640663385888
566 1.63625421293252
567 1.63610547852377
568 1.63596123324955
569 1.63582219188057
570 1.63568898237512
571 1.63556214745799
572 1.63544214669542
573 1.63532935901673
574 1.63522408563376
575 1.63512655330963
576 1.63503691792923
577 1.63495526832521
578 1.63488163031431
579 1.6348159709009
580 1.63475820260606
581 1.63470818788278
582 1.6346657435798
583 1.63463064541917
584 1.63460263245446
585 1.63458141147953
586 1.63456666135982
587 1.63455803726076
588 1.63455517475043
589 1.6345576937561
590 1.6345652023565
591 1.63457730039456
592 1.63459358289719
593 1.63461364329132
594 1.6346370764075
595 1.63466348126447
596 1.63469246363017
597 1.63472363835649
598 1.63475663148693
599 1.63479108213803
600 1.63482664415679
601 1.63486298755812
602 1.63489979974713
603 1.63493678653276
604 1.63497367293995
605 1.63501020382865
606 1.63504614432863
607 1.63508128009989
608 1.635115417429
609 1.63514838317189
610 1.63518002455447
611 1.63521020884216
612 1.63523882288992
613 1.63526577258422
614 1.63529098218859
615 1.63531439360385
616 1.63533596555451
617 1.63535567271204
618 1.63537350476576
619 1.63538946545157
620 1.63540357154833
621 1.63541585185132
622 1.63542634613166
623 1.63543510409007
624 1.63544218431281
625 1.63544765323703
626 1.6354515841323
627 1.63545405610439
628 1.63545515312687
629 1.63545496310544
630 1.63545357697942
631 1.63545108786412
632 1.63544759023744
633 1.63544317917342
634 1.6354379496247
635 1.63543199575598
636 1.63542541032926
637 1.63541828414195
638 1.63541070551798
639 1.63540275985189
640 1.63539452920552
641 1.63538609195639
642 1.6353775224968
643 1.63536889098214
644 1.6353602631269
645 1.6353517000464
646 1.63534325814222
647 1.6353349890292
648 1.63532693950145
649 1.63531915153509
650 1.63531166232499
651 1.63530450435298
652 1.63529770548487
653 1.63529128909342
654 1.63528527420485
655 1.63527967566596
656 1.63527450432937
657 1.63526976725428
658 1.63526546792025
659 1.63526160645149
660 1.63525817984952
661 1.63525518223172
662 1.63525260507387
663 1.63525043745459
664 1.63524866629979
665 1.63524727662546
666 1.63524625177706
667 1.63524557366429
668 1.63524522298955
669 1.63524517946922
670 1.63524542204654
671 1.63524592909508
672 1.63524667861224
673 1.63524764840185
674 1.63524881624551
675 1.63525016006214
676 1.63525165805543
677 1.63525328884907
678 1.63525503160951
679 1.63525686615635
680 1.63525877306045
681 1.63526073372979
682 1.63526273048344
683 1.63526474661393
684 1.63526676643832
685 1.63526877533844
686 1.63527075979077
687 1.63527270738647
688 1.63527460684203
689 1.63527644800124
690 1.63527822182897
691 1.63527992039746
692 1.63528153686559
693 1.63528306545198
694 1.63528450140236
695 1.6352858409519
696 1.63528708128317
697 1.63528822048024
698 1.63528925747961
699 1.63529019201843
700 1.63529102458071
701 1.63529175634188
702 1.63529238911235
703 1.63529292528046
704 1.63529336775527
705 1.63529371990966
706 1.63529398552409
707 1.63529416873132
708 1.63529427396257
709 1.63529430589519
710 1.63529426940231
711 1.63529416950456
712 1.6352940113241
713 1.63529380004115
714 1.6352935408531
715 1.63529323893635
716 1.635292899411
717 1.6352925273083
718 1.63529212754113
719 1.63529170487722
720 1.63529126391542
721 1.6352908090647
722 1.63529034452602
723 1.63528987427695
724 1.63528940205891
725 1.63528893136699
726 1.63528846544226
727 1.63528800726636
728 1.63528755955841
729 1.63528712477385
730 1.63528670510542
731 1.63528630248578
732 1.63528591859188
733 1.63528555485084
734 1.63528521244718
735 1.63528489233126
736 1.63528459522883
737 1.63528432165148
738 1.63528407190795
739 1.63528384611596
740 1.63528364421477
741 1.63528346597794
742 1.63528331102652
743 1.63528317884232
744 1.63528306878133
745 1.63528298008702
746 1.63528291190353
747 1.63528286328873
748 1.63528283322686
749 1.63528282064089
750 1.63528282440448
751 1.63528284335338
752 1.63528287629636
753 1.63528292202554
754 1.63528297932618
755 1.63528304698576
756 1.63528312380244
757 1.63528320859292
758 1.63528330019949
759 1.63528339749653
760 1.63528349939627
761 1.6352836048539
762 1.63528371287199
763 1.63528382250429
764 1.63528393285893
765 1.63528404310093
766 1.63528415245423
767 1.63528426020306
768 1.63528436569287
769 1.63528446833071
770 1.63528456758516
771 1.63528466298585
772 1.63528475412252
773 1.63528484064379
774 1.63528492225553
775 1.63528499871899
776 1.63528506984865
777 1.63528513550983
778 1.63528519561608
779 1.63528525012648
780 1.63528529904276
781 1.63528534240629
782 1.63528538029506
783 1.63528541282056
784 1.63528544012466
785 1.63528546237648
786 1.63528547976931
787 1.63528549251755
788 1.6352855008537
789 1.63528550502545
790 1.63528550529289
791 1.63528550192576
792 1.63528549520088
793 1.6352854853997
794 1.63528547280595
795 1.63528545770349
796 1.63528544037424
797 1.63528542109638
798 1.63528540014257
799 1.63528537777841
800 1.84169075966647
801 1.85150154605422
802 1.86231233177294
803 1.87312311704761
804 1.88393390209071
805 1.89474468710159
806 1.90555547226595
807 1.9163662577555
808 1.92717704372766
809 1.93798783032549
810 1.94747157086932
811 1.95465964343963
812 1.95993007735261
813 1.96356571587586
814 1.96578687707032
815 1.96676514704457
816 1.96663415373833
817 1.96549795906413
818 1.96343759587821
819 1.96051615987367
820 1.95679130784829
821 1.95233039677633
822 1.94721155527235
823 1.94151735848406
824 1.93533087451546
825 1.9287332422556
826 1.92180229721228
827 1.91461190032001
828 1.90723172602511
829 1.89972733934269
830 1.89216038957872
831 1.8845887261704
832 1.87706635983069
833 1.86964333782136
834 1.86236561422927
835 1.85527495469541
836 1.8484088909365
837 1.84180072654476
838 1.83547958826546
839 1.82947051374294
840 1.8237945662962
841 1.81846896918367
842 1.81350725491094
843 1.80891942754765
844 1.80471213698464
845 1.80088886409663
846 1.7974501154785
847 1.79439362609171
848 1.79171456792757
849 1.78940576270436
850 1.78745789665682
851 1.78585973561116
852 1.78459833871488
853 1.7836592693668
854 1.7830268020479
855 1.78268412388807
856 1.78261352992271
857 1.78279661110466
858 1.78321443424593
859 1.78384771317208
860 1.78467697048164
861 1.78568268941076
862 1.78684545540937
863 1.78814608713648
864 1.78956575667924
865 1.7910860988907
866 1.79268930982682
867 1.79435823434131
868 1.79607644297049
869 1.7978282983067
870 1.79959901111974
871 1.80137468654055
872 1.80314236067029
873 1.80489002802063
874 1.80660666022808
875 1.80828221651649
876 1.80990764640763
877 1.81147488519983
878 1.8129768427502
879 1.81440738610619
880 1.81576131653786
881 1.817034341524
882 1.81822304224229
883 1.81932483710763
884 1.82033794189286
885 1.82126132695338
886 1.82209467206123
887 1.8228383193363
888 1.82349322474176
889 1.82406090858855
890 1.82454340546987
891 1.82494321402142
892 1.82526324687676
893 1.82550678116006
894 1.82567740983105
895 1.82577899416882
896 1.82581561765305
897 1.82579154147365
898 1.82571116187165
899 1.82557896948746
900 1.82539951086591
901 1.82517735224168
902 1.82491704570411
903 1.82462309781641
904 1.82429994074162
905 1.82395190590634
906 1.82358320021294
907 1.82319788479199
908 1.82279985626948
909 1.82239283050683
910 1.82198032875756
911 1.82156566617071
912 1.82115194255955
913 1.82074203534372
914 1.82033859456365
915 1.81994403985865
916 1.8195605592934
917 1.81919010991282
918 1.81883441990085
919 1.81849499221643
920 1.81817310957794
921 1.81786984066688
922 1.81758604742179
923 1.81732239329484
924 1.81707935234523
925 1.81685721904662
926 1.81665611868916
927 1.81647601826081
928 1.81631673769717
929 1.81617796139418
930 1.81605924988369
931 1.81596005157733
932 1.81587971449054
933 1.81581749786483
934 1.81577258361257
935 1.81574408751533
936 1.81573107011338
937 1.81573254723026
938 1.81574750008303
939 1.81577488493525
940 1.8158136422556
941 1.81586270535172
942 1.81592100845413
943 1.81598749423117
944 1.81606112072107
945 1.81614086767233
946 1.81622574228864
947 1.81631478437878
948 1.81640707091638
949 1.8165017200181
950 1.81659789435245
951 1.81669480399462
952 1.81679170874561
953 1.81688791993624
954 1.8169828017394
955 1.81707577201507
956 1.81716630271485
957 1.81725391987367
958 1.81733820321743
959 1.81741878541626
960 1.81749535101305
961 1.81756763505783
962 1.81763542147793
963 1.8176985412139
964 1.81775687015092
965 1.81781032687445
966 1.81785887027839
967 1.81790249705307
968 1.81794123907913
969 1.81797516075262
970 1.81800435626484
971 1.81802894685969
972 1.81804907808933
973 1.81806491708807
974 1.8180766498823
975 1.81808447875338
976 1.81808861966831
977 1.81808929979187
978 1.81808675509226
979 1.81808122805069
980 1.818072965484
981 1.81806221648796
982 1.81804923050745
983 1.81803425553844
984 1.81801753646533
985 1.81799931353611
986 1.81797982097662
987 1.81795928574397
988 1.81793792641845
989 1.81791595223202
990 1.81789356223097
991 1.81787094456918
992 1.81784827592803
993 1.81782572105828
994 1.81780343243861
995 1.81778155004522
996 1.81776020122637
997 1.81773950067538
998 1.81771955049559
999 1.81770044035025
1000 1.81768224769049
1001 1.81766503805424
1002 1.81764886542905
1003 1.81763377267188
1004 1.8176197919787
1005 1.81760694539739
1006 1.81759524537695
1007 1.81758469534688
1008 1.81757529032033
1009 1.81756701751514
1010 1.8175598569871
1011 1.8175537822701
1012 1.8175487610181
1013 1.81754475564424
1014 1.81754172395275
1015 1.81753961975972
1016 1.81753839349894
1017 1.81753799280975
1018 1.81753836310377
1019 1.81753944810807
1020 1.81754119038259
1021 1.81754353180974
1022 1.81754641405485
1023 1.81754977899609
1024 1.81755356912296
1025 1.81755772790273
1026 1.8175622001144
1027 1.81756693215015
1028 1.81757187228426
1029 1.81757697091001
1030 1.81758218074503
1031 1.81758745700577
1032 1.81759275755211
1033 1.81759804300311
1034 1.81760327682508
1035 1.81760842539328
1036 1.81761345802859
1037 1.81761834701081
1038 1.81762306756983
1039 1.81762759785655
1040 1.81763191889505
1041 1.81763601451756
1042 1.81763987128413
1043 1.81764347838833
1044 1.81764682755095
1045 1.81764991290297
1046 1.81765273085966
1047 1.8176552799871
1048 1.81765756086276
1049 1.81765957593146
1050 1.81766132935803
1051 1.81766282687805
1052 1.81766407564778
1053 1.8176650840944
1054 1.81766586176771
1055 1.81766641919407
1056 1.81766676773362
1057 1.81766691944151
1058 1.81766688693378
1059 1.81766668325864
1060 1.81766632177366
1061 1.81766581602917
1062 1.81766517965858
1063 1.81766442627562
1064 1.81766356937889
1065 1.81766262226391
1066 1.81766159794266
1067 1.81766050907084
1068 1.81765936788264
1069 1.81765818613303
1070 1.81765697504758
1071 1.81765574527942
1072 1.81765450687335
1073 1.8176532692367
1074 1.81765204111681
1075 1.81765083058473
1076 1.81764964502493
1077 1.81764849113048
1078 1.81764737490362
1079 1.81764630166112
1080 1.81764527604418
1081 1.81764430203242
1082 1.81764338296159
1083 1.81764252154468
1084 1.81764171989595
1085 1.81764097955755
1086 1.81764030152834
1087 1.81763968629461
1088 1.81763913386228
1089 1.81763864379027
1090 1.81763821522477
1091 1.81763784693396
1092 1.81763753734315
1093 1.81763728456976
1094 1.8176370864582
1095 1.81763694061412
1096 1.8176368444381
1097 1.8176367951584
1098 1.81763678986263
1099 1.81763682552825
1100 1.81763689905176
1101 1.81763700727638
1102 1.81763714701819
1103 1.81763731509068
1104 1.81763750832758
1105 1.81763772360399
1106 1.81763795785568
1107 1.81763820809668
1108 1.8176384714351
1109 1.81763874508709
1110 1.81763902638915
1111 1.8176393128087
1112 1.81763960195299
1113 1.81763989157635
1114 1.81764017958594
1115 1.81764046404604
1116 1.8176407431808
1117 1.81764101537584
1118 1.81764127917843
1119 1.81764153329657
1120 1.81764177659706
1121 1.81764200810244
1122 1.81764222698713
1123 1.81764243257274
1124 1.81764262432266
1125 1.81764280183598
1126 1.81764296484094
1127 1.81764311318784
1128 1.81764324684164
1129 1.8176433658742
1130 1.81764347045638
1131 1.81764356084988
1132 1.81764363739911
1133 1.81764370052296
1134 1.81764375070662
1135 1.81764378849357
1136 1.81764381447762
1137 1.81764382929518
1138 1.8176438336178
1139 1.81764382814494
1140 1.81764381359705
1141 1.81764379070896
1142 1.81764376022372
1143 1.81764372288668
1144 1.81764367944007
1145 1.81764363061789
1146 1.81764357714135
1147 1.81764351971453
1148 1.81764345902065
1149 1.8176433957186
1150 1.81764333043999
1151 1.81764326378653
1152 1.81764319632785
1153 1.81764312859968
1154 1.81764306110237
1155 1.81764299429983
1156 1.81764292861877
1157 1.8176428644482
1158 1.81764280213935
1159 1.81764274200577
1160 1.81764268432372
1161 1.81764262933281
1162 1.81764257723684
1163 1.81764252820485
1164 1.81764248237232
1165 1.81764243984258
1166 1.81764240068824
1167 1.8176423649529
1168 1.81764233265279
1169 1.81764230377858
1170 1.81764227829724
1171 1.81764225615391
1172 1.8176422372738
1173 1.81764222156414
1174 1.81764220891604
1175 1.81764219920644
1176 1.81764219229994
1177 1.81764218805061
1178 1.81764218630381
1179 1.81764218689784
1180 1.81764218966562
1181 1.81764219443621
1182 1.81764220103636
1183 1.81764220929183
1184 1.81764221902875
1185 1.81764223007482
1186 1.81764224226039
1187 1.81764225541954
1188 1.81764226939095
1189 1.81764228401876
1190 1.81764229915328
1191 1.81764231465164
1192 1.81764233037832
1193 1.81764234620559
1194 1.81764236201392
1195 1.8176423776922
1196 1.817642393138
1197 1.81764240825765
1198 1.81764242296634
1199 1.81764243718807
1200 1.81764245085558
