1 0.8
2 0.8
3 0.8
4 0.8
5 0.8
6 0.8
7 0.8
8 0.8
9 0.8
10 0.8
11 0.8
12 0.8
13 0.8
14 0.8
15 0.8
16 0.8
17 0.8
18 0.8
19 0.8
20 0.8
21 0.8
22 0.8
23 0.8
24 0.8
25 0.8
26 0.8
27 0.8
28 0.8
29 0.8
30 0.8
31 0.8
32 0.8
33 0.8
34 0.8
35 0.8
36 0.8
37 0.8
38 0.8
39 0.8
40 0.8
41 0.8
42 0.8
43 0.8
44 0.8
45 0.8
46 0.8
47 0.8
48 0.8
49 0.8
50 0.8
51 0.8
52 0.8
53 0.8
54 0.8
55 0.8
56 0.8
57 0.8
58 0.8
59 0.8
60 0.8
61 0.8
62 0.8
63 0.8
64 0.8
65 0.8
66 0.8
67 0.8
68 0.8
69 0.8
70 0.8
71 0.8
72 0.8
73 0.8
74 0.8
75 0.8
76 0.8
77 0.8
78 0.8
79 0.8
80 0.8
81 0.8
82 0.8
83 0.8
84 0.8
85 0.8
86 0.8
87 0.8
88 0.8
89 0.8
90 0.8
91 0.8
92 0.8
93 0.8
94 0.8
95 0.8
96 0.8
97 0.8
98 0.8
99 0.8
100 0.8
101 0.8
102 0.8
103 0.8
104 0.8
105 0.8
106 0.8
107 0.8
108 0.8
109 0.8
110 0.8
111 0.8
112 0.8
113 0.8
114 0.8
115 0.8
116 0.8
117 0.8
118 0.8
119 0.8
120 0.8
121 0.8
122 0.8
123 0.8
124 0.8
125 0.8
126 0.8
127 0.8
128 0.8
129 0.8
130 0.8
131 0.8
132 0.8
133 0.8
134 0.8
135 0.8
136 0.8
137 0.8
138 0.8
139 0.8
140 0.8
141 0.8
142 0.8
143 0.8
144 0.8
145 0.8
146 0.8
147 0.8
148 0.8
149 0.8
150 0.8
151 0.8
152 0.8
153 0.8
154 0.8
155 0.8
156 0.8
157 0.8
158 0.8
159 0.8
160 0.8
161 0.8
162 0.8
163 0.8
164 0.8
165 0.8
166 0.8
167 0.8
168 0.8
169 0.8
170 0.8
171 0.8
172 0.8
173 0.8
174 0.8
175 0.8
176 0.8
177 0.8
178 0.8
179 0.8
180 0.8
181 0.8
182 0.8
183 0.8
184 0.8
185 0.8
186 0.8
187 0.8
188 0.8
189 0.8
190 0.8
191 0.8
192 0.8
193 0.8
194 0.8
195 0.8
196 0.8
197 0.8
198 0.8
199 0.8
200 0.8
201 0.8
202 0.8
203 0.8
204 0.8
205 0.8
206 0.8
207 0.8
208 0.8
209 0.8
210 0.8
211 0.800778725
212 0.80360926925
213 0.809412565748
214 0.818215714898255
215 0.829286889816548
216 0.841918473471702
217 0.85556936539215
218 0.869827678611113
219 0.884381706727413
220 0.89899733176974
221 0.913500447983848
222 0.927763291690398
223 0.941693812748994
224 0.955227414305679
225 0.968074105523655
226 0.979550440178313
227 0.988936733377628
228 0.995850681351018
229 1.00031652908637
230 1.00267736221713
231 1.00345197992819
232 1.00319798661573
233 1.00241141067015
234 1.00147110832453
235 1.00062283047991
236 0.999991539916323
237 0.999609344237604
238 0.999448252915748
239 0.99945019517785
240 0.999550138070986
241 0.999690992042566
242 0.999830966115714
243 0.999945114244581
244 1.00002315420532
245 1.0000654713836
246 1.00007877471059
247 1.00007234125983
248 1.00005529976448
249 1.00003503160988
250 1.00001653194898
251 1.00000246158466
252 0.999993602576664
253 0.99998947235175
254 0.999988920815865
255 0.999990608633538
256 0.999993327431655
257 0.999996167249055
258 0.999998562222562
259 1.00000025519946
260 1.00000122035406
261 1.00000157480683
262 1.0000014997713
263 1.00000118175798
264 1.00000077647367
265 1.00000039285842
266 1.00000009206423
267 0.999999895548472
268 0.999999797140088
269 0.999999775282146
270 0.999999803149952
271 0.999999855656784
272 0.999999913323767
273 0.999999963570979
274 1.00000000023242
275 1.00000002209793
276 1.00000003113927
277 1.00000003087047
278 1.00000002508714
279 1.00000001706185
280 1.00000000915855
281 1.00000000276762
282 0.999999998444496
283 0.999999996144431
284 0.999999995472222
285 0.99999999589521
286 0.999999996895616
287 0.999999998058858
288 0.999999999107535
289 0.999999999896748
290 1.00000000038717
291 1.00000000060971
292 1.00000000063164
293 1.0000000005297
294 1.00000000037231
295 1.00000000021044
296 1.00000000007539
297 0.999999999980949
298 0.999999999927986
299 0.999999999909454
300 0.999999999914871
301 0.999999999933614
302 0.999999999956906
303 0.999999999978674
304 0.999999999995566
305 1.00000000000647
306 1.00000000001181
307 1.00000000001284
308 1.00000000001113
309 1.00000000000807
310 1.00000000000478
311 1.00000000000194
312 0.999999999999889
313 0.999999999998684
314 0.999999999998203
315 0.999999999998243
316 0.999999999998586
317 0.999999999999049
318 0.999999999999498
319 0.999999999999857
320 1.0000000000001
321 1.00000000000022
322 1.00000000000026
323 1.00000000000023
324 1.00000000000017
325 1.00000000000011
326 1.00000000000005
327 1
328 0.999999999999977
329 0.999999999999965
330 0.999999999999965
331 0.999999999999971
332 0.99999999999998
333 0.999999999999989
334 0.999999999999997
335 1
336 1
337 1.00000000000001
338 1
339 1
340 1
341 1
342 0.999999999999999
343 0.999999999999999
344 0.999999999999998
345 0.999999999999999
346 0.999999999999999
347 0.999999999999999
348 1
349 1
350 1
351 1
352 1
353 1
354 1
355 1
356 1
357 1
358 1
359 1
360 1
361 1
362 1
363 1
364 1
365 1
366 1
367 1
368 1
369 1
370 1
371 1
372 1
373 1
374 1
375 1
376 1
377 1
378 1
379 1
380 0.999999998145359
381 0.999999987983466
382 0.999999958252587
383 0.999999897687532
384 0.999999804048308
385 0.999999693277981
386 0.999999605668416
387 0.999999607158872
388 0.999999784559647
389 1.00000023411624
390 1.00000104398961
391 1.00000227346258
392 1.00000393539962
393 1.00000599003063
394 1.00000835410605
395 1.00001092173629
396 1.00001358712796
397 1.00001626049463
398 1.00001887391315
399 1.00002137831844
400 1.00002373517857
401 1.00002586812437
402 1.00002762253349
403 1.00002878378557
404 1.00002915060792
405 1.00002861499984
406 1.000027189267
407 1.00002499220365
408 1.00002221523336
409 1.00001908220973
410 0.999237029464628
411 0.996403049222162
412 0.990596273717323
413 0.981166671337175
414 0.967937959008573
415 0.951574055624825
416 0.933064597438217
417 0.913165941680132
418 0.892453444032448
419 0.87136214526066
420 0.850218430892824
421 0.829264660992583
422 0.808678325543147
423 0.788586937033118
424 0.769079603938421
425 0.750216020120593
426 0.732033442618966
427 0.714552103705073
428 0.697779404448793
429 0.681713160229621
430 0.666344108793489
431 0.651657844851428
432 0.637724388162819
433 0.625050658795568
434 0.614412421490709
435 0.606319368804508
436 0.600859938193317
437 0.597754163987218
438 0.596493232982694
439 0.596488821654506
440 0.597191218345337
441 0.598161424877915
442 0.599099151023214
443 0.599837290783422
444 0.60031615119964
445 0.600549549208935
446 0.600591792882773
447 0.600510949154737
448 0.600370585216858
449 0.600219808956917
450 0.600090029165231
451 0.599996289610432
452 0.5999410744894
453 0.599918886390705
454 0.599920445423821
455 0.599935893200674
456 0.599956816234727
457 0.599977193927611
458 0.599993530428621
459 0.600004474292287
460 0.600010201042136
461 0.600011766339821
462 0.600010559299079
463 0.600007915155227
464 0.600004893672871
465 0.600002196933346
466 0.600000185373082
467 0.599998949605331
468 0.599998402490572
469 0.599998366534779
470 0.599998642575593
471 0.599999054775334
472 0.599999473260108
473 0.599999819277051
474 0.600000058965344
475 0.600000191457551
476 0.600000235760041
477 0.600000219293362
478 0.600000169511762
479 0.600000108889131
480 0.600000052829853
481 0.60000000970803
482 0.599999982171403
483 0.599999968963537
484 0.599999966723806
485 0.599999971446275
486 0.599999979469024
487 0.599999988002682
488 0.599999995287338
489 0.600000000498809
490 0.600000003522192
491 0.600000004687359
492 0.600000004529884
493 0.600000003610716
494 0.600000002403797
495 0.60000000124475
496 0.600000000325419
497 0.59999999971678
498 0.599999999404658
499 0.599999999326577
500 0.599999999402574
501 0.599999999556801
502 0.599999999729686
503 0.599999999882232
504 0.599999999994838
505 0.600000000063069
506 0.600000000092354
507 0.600000000093032
508 0.600000000076492
509 0.600000000052676
510 0.60000000002885
511 0.600000000009357
512 0.599999999996005
513 0.599999999988753
514 0.599999999986468
515 0.599999999987568
516 0.59999999999049
517 0.599999999993968
518 0.599999999997146
519 0.599999999999565
520 0.600000000001091
521 0.600000000001804
522 0.600000000001902
523 0.600000000001615
524 0.60000000000115
525 0.600000000000663
526 0.600000000000252
527 0.599999999999961
528 0.599999999999795
529 0.599999999999734
530 0.599999999999746
531 0.5999999999998
532 0.599999999999869
533 0.599999999999935
534 0.599999999999986
535 0.60000000000002
536 0.600000000000037
537 0.60000000000004
538 0.600000000000036
539 0.600000000000026
540 0.600000000000016
541 0.600000000000008
542 0.600000000000001
543 0.599999999999997
544 0.599999999999995
545 0.599999999999995
546 0.599999999999995
547 0.599999999999997
548 0.599999999999998
549 0.600000000000003
550 0.600000000000036
551 0.60000000000016
552 0.600000000000484
553 0.600000000001118
554 0.600000000002064
555 0.600000000003042
556 0.600000000003305
557 0.600000000001539
558 0.599999999995944
559 0.59999999998461
560 0.599999999966238
561 0.599999999941169
562 0.599999999912501
563 0.599999999886983
564 0.599999999875262
565 0.599999999891232
566 0.599999999950393
567 0.600000000067468
568 0.600000000253738
569 0.600000000514699
570 0.600000000848822
571 0.60000000124793
572 0.600000001698968
573 0.600000002186212
574 0.600000002692708
575 0.600000003200235
576 0.600000003687868
577 0.600000004129848
578 0.600000004493978
579 0.600000006596578
580 0.600000016848982
581 0.600000046474744
582 0.600000108195533
583 0.600000209141836
584 0.600000340258759
585 0.600000465646113
586 0.60000051641523
587 0.600000391806615
588 0.599999969041874
589 0.599999121929738
590 0.59999774583248
591 0.599995782545777
592 0.599993236333137
593 0.599990175549124
594 0.599986719530724
595 0.599983014928384
596 0.599979209325215
597 0.599975430075445
598 0.599971772271473
599 0.599968295636139
600 0.599965067021386
601 0.59996220121558
602 0.599959848655408
603 0.599958164811541
604 0.599957269188838
605 0.599957192964584
606 0.599957862018135
607 0.59995913113769
608 0.599960833401174
609 0.599962822999807
610 0.599965000865765
611 0.599967320410655
612 0.59996977603892
613 0.599972380775965
614 0.599975141907745
615 0.599978043481982
616 0.599981040570915
617 0.599984064862532
618 0.599987037501205
619 0.599989883903385
620 0.599992546057747
621 0.599994989658835
622 0.599997201031361
623 0.599999160611632
624 0.600000818673412
625 0.600002103865617
626 0.600002952923514
627 0.600003340950765
628 0.600003297796986
629 0.600002906042698
630 0.600002284126801
631 0.600001562184515
632 0.600000858462237
633 0.600000262041989
634 0.599999824525505
635 0.599999560468409
636 0.599999454392363
637 0.599999471335819
638 0.599999567987024
639 0.599999702152398
640 0.599999839289304
641 0.599999955775948
642 0.600000039311606
643 0.600000087258979
644 0.600000103869116
645 0.600000097236423
646 0.600000076607467
647 0.600000050399528
648 0.600000025039107
649 0.600000004546447
650 0.59999999068352
651 0.599999983444606
652 0.59999998168357
653 0.599999983719143
654 0.599999987819002
655 0.599999992520047
656 0.599999996786579
657 0.60000000003643
658 0.600000002077883
659 0.600000003000755
660 0.600000003057552
661 0.600000002559359
662 0.600000001799555
663 0.600000001008699
664 0.600000000337147
665 0.599999999858283
666 0.599999999584176
667 0.599999999486289
668 0.599999999515677
669 0.599999999619279
670 0.599999999750853
671 0.59999999987661
672 0.599999999976522
673 0.600000000042695
674 0.600000000076198
675 0.600000000083486
676 0.600000000073221
677 0.600000000053895
678 0.600000000032383
679 0.600000000013337
680 0.599999999999199
681 0.599999999990608
682 0.599999999986973
683 0.599999999987045
684 0.599999999989393
685 0.599999999992727
686 0.599999999996076
687 0.599999999998837
688 0.600000000000744
689 0.600000000001785
690 0.600000000002107
691 0.60000000000193
692 0.600000000001476
693 0.600000000000935
694 0.600000000000435
695 0.600000000000051
696 0.599999999999806
697 0.59999999999969
698 0.599999999999675
699 0.599999999999723
700 0.599999999999802
701 0.599999999999886
702 0.599999999999958
703 0.600000000000009
704 0.600000000000039
705 0.60000000000005
706 0.600000000000047
707 0.600000000000037
708 0.600000000000025
709 0.600000000000012
710 0.600000000000002
711 0.599999999999996
712 0.599999999999992
713 0.599999999999992
714 0.599999999999993
715 0.599999999999995
716 0.599999999999997
717 0.599999999999999
718 0.6
719 0.600000000000001
720 0.600000000000001
721 0.600000000000001
722 0.600000000000001
723 0.600000000000001
724 0.6
725 0.6
726 0.6
727 0.6
728 0.6
729 0.6
730 0.6
731 0.600000000000001
732 0.600000000000001
733 0.600000000000001
734 0.600000000000001
735 0.599999999999999
736 0.599999999999997
737 0.599999999999993
738 0.599999999999987
739 0.59999999999998
740 0.599999999999974
741 0.59999999999997
742 0.59999999999997
743 0.599999999999976
744 0.599999999999992
745 0.60000000000002
746 0.60000000000006
747 0.600000000000115
748 0.600000000000178
749 0.600000000000226
750 0.600000000000193
751 0.599999999999963
752 0.599999999999403
753 0.599999999998462
754 0.599999999997349
755 0.599999999996755
756 0.599999999998032
757 0.600000000003206
758 0.600000000014687
759 0.600000000034554
760 0.600000000063428
761 0.600000000099071
762 0.600000000135055
763 0.600000000159949
764 0.600000000157441
765 0.600000000107678
766 0.599999999989782
767 0.599999999785181
768 0.599999999481079
769 0.599999999073122
770 0.599999998566411
771 0.599999997974702
772 0.599999997318298
773 0.599999996621547
774 0.599999995911038
775 0.599999995215166
776 0.59999999456492
777 0.599999993995068
778 0.599999993544548
779 0.599999993254868
780 0.599999993165844
781 0.599999993309029
782 0.599999993700463
783 0.59999999433517
784 0.599999995185567
785 0.599999996204819
786 0.59999999733449
787 0.599999998514357
788 0.599999999691635
789 0.600000000827349
790 0.600000001896791
791 0.600000002884047
792 0.600000003774951
793 0.60000000455227
794 0.60000000519529
795 0.600000005684527
796 0.600000006008859
797 0.6000000061705
798 0.600000006185164
799 0.600000006077518
800 0.600000005874022
801 0.600000005596011
802 0.600000005255537
803 0.600000004855331
804 0.600000004392669
805 0.600000003865463
806 0.600000003278129
807 0.60000000264506
808 0.600000001990599
809 0.600000001345662
810 0.60077872572608
811 0.603609269381985
812 0.609412565311198
813 0.618838693917571
814 0.632064394546588
815 0.647979882106741
816 0.664533382338722
817 0.679897076245737
818 0.692729752663017
819 0.702065201144715
820 0.707546694639769
821 0.709613371472232
822 0.709195710471364
823 0.707329592605221
824 0.704914090970598
825 0.702596170100164
826 0.700750386640434
827 0.699517967235965
828 0.698873603858746
829 0.698696262198363
830 0.698829263217987
831 0.699122876159071
832 0.699458622720278
833 0.699758177934119
834 0.699981416961626
835 0.700118314740785
836 0.700178637682279
837 0.700182187571447
838 0.700151148898973
839 0.700105084901075
840 0.700058426570089
841 0.700019908007808
842 0.699993267267098
843 0.699978575505363
844 0.699973699356396
845 0.699975576464745
846 0.699981146993371
847 0.699987909855106
848 0.699994153359312
849 0.699998949277145
850 0.70000200660655
851 0.700003468128692
852 0.700003709830625
853 0.70000317857216
854 0.700002282172646
855 0.700001330841359
856 0.700000519956877
857 0.69999994069184
858 0.699999605342048
859 0.699999476829019
860 0.699999495322896
861 0.699999598295493
862 0.699999732994925
863 0.699999862119477
864 0.699999964394091
865 0.700000031995788
866 0.700000066565045
867 0.70000007509864
868 0.700000066519747
869 0.700000049277447
870 0.700000029998617
871 0.700000013014226
872 0.700000000494436
873 0.6999999929229
874 0.699999989687372
875 0.699999989632234
876 0.699999991487653
877 0.699999994146825
878 0.69999999680196
879 0.699999998971081
880 0.700000000454693
881 0.700000001258442
882 0.70000000150953
883 0.70000000138463
884 0.700000001057799
885 0.700000000669828
886 0.700000000315986
887 0.700000000046987
888 0.699999999877682
889 0.699999999798789
890 0.699999999788293
891 0.69999999982058
892 0.699999999872554
893 0.699999999926824
894 0.699999999972583
895 0.700000000004922
896 0.70000000002335
897 0.700000000030109
898 0.700000000028665
899 0.700000000022581
900 0.700000000014833
901 0.700000000007502
902 0.700000000001754
903 0.699999999998001
904 0.699999999996122
905 0.699999999995706
906 0.699999999996239
907 0.699999999997243
908 0.699999999998344
909 0.699999999999304
910 0.700000000000004
911 0.700000000000421
912 0.700000000000593
913 0.700000000000588
914 0.700000000000477
915 0.700000000000324
916 0.700000000000173
917 0.700000000000051
918 0.699999999999969
919 0.699999999999925
920 0.699999999999913
921 0.699999999999921
922 0.69999999999994
923 0.699999999999963
924 0.699999999999983
925 0.699999999999998
926 0.700000000000008
927 0.700000000000012
928 0.700000000000012
929 0.70000000000001
930 0.700000000000006
931 0.700000000000003
932 0.7
933 0.699999999999998
934 0.699999999999998
935 0.7
936 0.700000000000005
937 0.700000000000012
938 0.70000000000002
939 0.700000000000029
940 0.700000000000037
941 0.700000000000041
942 0.700000000000037
943 0.700000000000023
944 0.699999999999994
945 0.699999999999947
946 0.699999999999882
947 0.699999999999798
948 0.699999999999695
949 0.699999999999577
950 0.699999999999447
951 0.699999999999311
952 0.699999999999175
953 0.699999999999047
954 0.699999999998937
955 0.699999999998855
956 0.699999999998812
957 0.699999999998819
958 0.699999999998884
959 0.699999999999012
960 0.699999999999205
961 0.699999999999457
962 0.699999999999758
963 0.700000000000094
964 0.700000000000448
965 0.700000000000804
966 0.700000000001145
967 0.700000000001456
968 0.700000000001725
969 0.700000000001941
970 0.700000000002094
971 0.700000000002178
972 0.700000000002187
973 0.70000000000212
974 0.700000000001981
975 0.700000000001777
976 0.700000000001523
977 0.700000000001233
978 0.700000000000927
979 0.699999998145976
980 0.699999987983786
981 0.699999958252627
982 0.699999896203601
983 0.699999794696396
984 0.699999663859949
985 0.699999544116831
986 0.699999513615115
987 0.699999685290234
988 0.700000191882897
989 0.70000115896484
990 0.700002669316905
991 0.700004728264145
992 0.700007242916408
993 0.700010024472449
994 0.700012815811196
995 0.70001533938471
996 0.700017352711682
997 0.700018695091782
998 0.70001931357294
999 0.700019264197206
1000 0.70001865187213
1001 0.700017560038505
1002 0.700016028439631
1003 0.70001405352633
1004 0.700011611772084
1005 0.700008732362186
1006 0.700005561809254
1007 0.700002352957485
1008 0.699999407995048
1009 0.699997018225062
1010 0.699995404662968
1011 0.699994664549532
1012 0.699994750162394
1013 0.699995489343778
1014 0.699996635225009
1015 0.69999792540709
1016 0.699999133194632
1017 0.700000100378731
1018 0.700000748661897
1019 0.700001072756108
1020 0.700001121504979
1021 0.700000974163399
1022 0.700000717887953
1023 0.700000430423915
1024 0.700000169711601
1025 0.699999970234636
1026 0.69999984467888
1027 0.699999788909449
1028 0.699999788288068
1029 0.699999823747579
1030 0.699999876608405
1031 0.699999931692941
1032 0.699999978756066
1033 0.70000001255167
1034 0.700000031993865
1035 0.700000038877491
1036 0.700000036540687
1037 0.700000028728713
1038 0.700000018790529
1039 0.70000000923305
1040 0.700000001584679
1041 0.699999996481365
1042 0.699999993879576
1043 0.699999993312256
1044 0.699999994126486
1045 0.699999995667139
1046 0.699999997393499
1047 0.699999998932646
1048 0.700000000083323
1049 0.700000000787862
1050 0.700000001088993
1051 0.700000001084837
1052 0.700000000890812
1053 0.700000000612668
1054 0.700000000331322
1055 0.700000000097805
1056 0.699999999935424
1057 0.699999999846054
1058 0.699999999817893
1059 0.699999999832724
1060 0.699999999871588
1061 0.699999999918443
1062 0.699999999961919
1063 0.699999999995571
1064 0.700000000017155
1065 0.700000000027437
1066 0.700000000028902
1067 0.700000000024661
1068 0.700000000017654
1069 0.700000000010189
1070 0.700000000003774
1071 0.69999999999915
1072 0.699999999996455
1073 0.69999999999543
1074 0.699999999995614
1075 0.699999999996511
1076 0.699999999997685
1077 0.69999999999882
1078 0.699999999999727
1079 0.700000000000333
1080 0.700000000000645
1081 0.700000000000721
1082 0.700000000000639
1083 0.700000000000474
1084 0.700000000000288
1085 0.700000000000123
1086 0.7
1087 0.699999999999924
1088 0.699999999999892
1089 0.699999999999892
1090 0.699999999999911
1091 0.699999999999939
1092 0.699999999999967
1093 0.69999999999999
1094 0.700000000000006
1095 0.700000000000015
1096 0.700000000000017
1097 0.700000000000016
1098 0.700000000000012
1099 0.700000000000008
1100 0.700000000000004
1101 0.7
1102 0.699999999999998
1103 0.699999999999998
1104 0.699999999999997
1105 0.699999999999998
1106 0.699999999999999
1107 0.699999999999999
1108 0.7
1109 0.7
1110 0.7
1111 0.700000000000001
1112 0.700000000000001
1113 0.7
1114 0.7
1115 0.7
1116 0.7
1117 0.7
1118 0.7
1119 0.7
1120 0.7
1121 0.7
1122 0.7
1123 0.7
1124 0.7
1125 0.7
1126 0.7
1127 0.7
1128 0.7
1129 0.7
1130 0.7
1131 0.7
1132 0.7
1133 0.7
1134 0.7
1135 0.7
1136 0.7
1137 0.7
1138 0.7
1139 0.7
1140 0.7
1141 0.7
1142 0.7
1143 0.7
1144 0.7
1145 0.7
1146 0.7
1147 0.7
1148 0.700000000000004
1149 0.700000000000037
1150 0.700000000000161
1151 0.700000000000488
1152 0.700000000001148
1153 0.700000000002183
1154 0.700000000003364
1155 0.700000000003943
1156 0.70000000000247
1157 0.699999999996784
1158 0.699999999984381
1159 0.699999999963264
1160 0.699999999933279
1161 0.699999999897726
1162 0.699999999864804
1163 0.699999999848309
1164 0.699999999867002
1165 0.699999999942307
1166 0.70000000009444
1167 0.700000000337566
1168 0.700000000675066
1169 0.700000001096356
1170 0.700000001576531
1171 0.700000002079191
1172 0.700000002561838
1173 0.700000002982386
1174 0.70000000330479
1175 0.700000003502005
1176 0.70000000355573
1177 0.700000003453733
1178 0.700000003186559
1179 0.700000002745822
1180 0.70000000212595
1181 0.700000001329842
1182 0.700000000376824
1183 0.699999999309667
1184 0.699999998197032
1185 0.699999997128712
1186 0.699999996203381
1187 0.699999995511325
1188 0.699999995116686
1189 0.699999995044028
1190 0.699999995274809
1191 0.699999995755379
1192 0.699999996412319
1193 0.69999999716976
1194 0.699999997963596
1195 0.699999998747368
1196 0.699999999488863
1197 0.700000000162447
1198 0.700000000742738
1199 0.700000001202361
1200 0.700000001514415
