1 2
2 2
3 2
4 2
5 2
6 2
7 2
8 2
9 2
10 2
11 2
12 2
13 2
14 2
15 2
16 2
17 2
18 2
19 2
20 2
21 2
22 2
23 2
24 2
25 2
26 2
27 2
28 2
29 2
30 2.25
31 2.284685
32 2.319685
33 2.354685
34 2.389685
35 2.424685
36 2.459685
37 2.494685
38 2.529685
39 2.564685
40 2.59716265132062
41 2.62503165384453
42 2.64861664147744
43 2.66816444583797
44 2.68386526637215
45 2.69586528892358
46 2.7042765114481
47 2.70918439301265
48 2.71065380747738
49 2.70873367683438
50 2.70348602524836
51 2.69502735157679
52 2.68353275616373
53 2.66921800458645
54 2.65232679743922
55 2.63312177231315
56 2.61187820576673
57 2.58887965722162
58 2.56441500011951
59 2.53877643618649
60 2.51225794294948
61 2.48515337723401
62 2.45775388916061
63 2.43034493800732
64 2.40320328646013
65 2.3765941829507
66 2.35076883530729
67 2.32596221269775
68 2.30239117348466
69 2.28025289490165
70 2.25972357264962
71 2.24095736520699
72 2.22408557343035
73 2.20921605857002
74 2.19643290518582
75 2.18579633252547
76 2.1773428526795
77 2.1710856683909
78 2.16701529881226
79 2.1651004181581
80 2.16528889010178
81 2.16750897964591
82 2.17167072362205
83 2.17766744055953
84 2.18537736022399
85 2.19466535266739
86 2.20538473623788
87 2.21737914375925
88 2.23048442606819
89 2.24453057232333
90 2.25934362697178
91 2.27474758395511
92 2.29056623962571
93 2.30662498689645
94 2.3227525343344
95 2.33878253521517
96 2.35455511296161
97 2.36991827088524
98 2.3847291757154
99 2.39885530602418
100 2.41217545831687
101 2.42458060523951
102 2.43597460203984
103 2.44627473908602
104 2.455412139884
105 2.46333200562166
106 2.46999370879291
107 2.47537073990345
108 2.47945051261993
109 2.48223403398575
110 2.48373544747907
111 2.48398145772448
112 2.48301064658236
113 2.48087269112354
114 2.47762749464842
115 2.47334424242616
116 2.468100394211
117 2.46198062583869
118 2.45507573231929
119 2.4474815048263
120 2.43929759383959
121 2.43062637043843
122 2.42157179736563
123 2.41223832100337
124 2.40272979482311
125 2.39314844420619
126 2.38359388178624
127 2.3741621816519
128 2.36494501987657
129 2.35602888792364
130 2.34749438452085
131 2.33941559061698
132 2.33185953103945
133 2.3248857254719
134 2.3185458303786
135 2.31288337252521
136 2.3079335737946
137 2.30372326607905
138 2.30027089415599
139 2.29758660362947
140 2.29567241025207
141 2.29452244623642
142 2.29412327852797
143 2.29445429344532
144 2.29548814160401
145 2.29719123662736
146 2.29952430081519
147 2.30244295068869
148 2.30589831515712
149 2.30983767895917
150 2.31420514401625
151 2.31894230139489
152 2.32398890670738
153 2.32928355198018
154 2.33476432728464
155 2.34036946574816
156 2.34603796594257
157 2.35171018607294
158 2.35732840485969
159 2.36283734451245
160 2.36818465173016
161 2.37332133322153
162 2.37820214281678
163 2.38278591782927
164 2.38703586291763
165 2.39091978028977
166 2.3944102456725
167 2.3974847300405
168 2.40012566764906
169 2.40232047144243
170 2.40406149740848
171 2.40534595991771
172 2.4061758005147
173 2.40655751302232
174 2.40650192816826
175 2.40602396124927
176 2.40514232660831
177 2.40387922291284
178 2.40225999338814
179 2.40031276527722
180 2.39806807286991
181 2.39555846846776
182 2.39281812563057
183 2.38988243898622
184 2.38678762477962
185 2.38357032619226
186 2.38026722728277
187 2.3769146791853
188 2.37354834195845
189 2.37020284520741
190 2.36691147030864
191 2.36370585675449
192 2.36061573480739
193 2.35766868631439
194 2.35488993518608
195 2.35230216869354
196 2.34992539038587
197 2.3477768050839
198 2.3458707360646
199 2.34421857422058
200 2.34282875866104
201 2.34170678791922
202 2.34085526064784
203 2.34027394442134
204 2.33995987102385
205 2.33990745638591
206 2.34010864314327
207 2.34055306362764
208 2.3412282209639
209 2.34211968584083
210 2.34321130644291
211 2.34448542897984
212 2.34592312622674
213 2.34750443149192
214 2.34920857545831
215 2.35101422339975
216 2.3528997103513
217 2.35484327191307
218 2.35682326848748
219 2.35881840088889
220 2.36080791541964
221 2.3627717966762
222 2.3646909465305
223 2.3665473479232
224 2.36832421230432
225 2.3700061097611
226 2.37157908108014
227 2.37303073119913
228 2.37435030371021
229 2.37552873628046
230 2.37655869705326
231 2.3774346022853
232 2.37815261565601
233 2.37871062985808
234 2.37910823123759
235 2.37934664839921
236 2.37942868582449
237 2.37935864366934
238 2.37914222500851
239 2.37878643188098
240 2.37829945155924
241 2.37769053451815
242 2.37696986561477
243 2.37614843000991
244 2.37523787536536
245 2.37425037183816
246 2.3731984713656
247 2.37209496769307
248 2.37095275854139
249 2.36978471124288
250 2.36860353309643
251 2.3674216476031
252 2.3662510776456
253 2.36510333656999
254 2.3639893280159
255 2.36291925522529
256 2.36190254043922
257 2.36094775487
258 2.36006255961251
259 2.35925365773555
260 2.35852675767269
261 2.35788654791331
262 2.35733668287996
263 2.35687977976822
264 2.35651742602124
265 2.35625019701403
266 2.35607768343283
267 2.3559985277533
268 2.35601046914853
269 2.35611039609418
270 2.35629440588395
271 2.35655787022447
272 2.35689550604377
273 2.35730145062354
274 2.35776934015033
275 2.35829239077588
276 2.35886348128128
277 2.35947523645302
278 2.36012011030102
279 2.36079046827893
280 2.3614786677046
281 2.36217713562347
282 2.36287844340799
283 2.36357537744306
284 2.36426100530821
285 2.36492873693223
286 2.36557238026471
287 2.36618619107888
288 2.36676491659303
289 2.36730383267031
290 2.36779877443017
291 2.36824616017683
292 2.36864300862115
293 2.36898694944137
294 2.36927622729391
295 2.36950969944869
296 2.36968682728223
297 2.36980766191641
298 2.36987282434098
299 2.36988348040272
300 2.36984131108354
301 2.36974847852412
302 2.36960758827756
303 2.36942164830012
304 2.36919402520243
305 2.36892839829544
306 2.36862871196981
307 2.36829912694725
308 2.36794397093552
309 2.36756768920781
310 2.36717479561071
311 2.3667698244841
312 2.36635728395127
313 2.36594161100836
314 2.36552712881027
315 2.36511800651442
316 2.36471822200618
317 2.36433152778989
318 2.36396142028773
319 2.36361111274642
320 2.36328351190831
321 2.36298119856023
322 2.36270641203019
323 2.36246103865991
324 2.36224660423951
325 2.36206427035128
326 2.36191483453128
327 2.36179873412179
328 2.36171605365433
329 2.36166653557245
330 2.36164959407579
331 2.36166433184234
332 2.36170955936467
333 2.36178381661807
334 2.36188539676388
335 2.36201237158083
336 2.36216261830913
337 2.36233384758865
338 2.36252363217151
339 2.36272943609214
340 2.36294864398364
341 2.36317859023799
342 2.36341658771921
343 2.36365995575252
344 2.36390604712922
345 2.36415227388526
346 2.36439613163226
347 2.36463522224114
348 2.36486727470245
349 2.36509016401123
350 2.36530192794963
351 2.36550078166584
352 2.36568512997363
353 2.36585357732257
354 2.36600493541396
355 2.36613822846266
356 2.36625269612841
357 2.36634779416363
358 2.36642319284588
359 2.36647877328376
360 2.36651462170347
361 2.36653102184034
362 2.36652844557481
363 2.36650754196555
364 2.36646912484365
365 2.36641415914114
366 2.36634374613411
367 2.36625910778588
368 2.36616157037892
369 2.36605254762469
370 2.36593352344042
371 2.36580603457833
372 2.36567165328862
373 2.36553197019124
374 2.36538857752322
375 2.36524305291965
376 2.36509694387519
377 2.36495175302171
378 2.36480892434469
379 2.36466983044743
380 2.36453576095816
381 2.36440791216005
382 2.36428737790941
383 2.36417514189193
384 2.36407207125162
385 2.36397891161218
386 2.36389628349564
387 2.36382468012859
388 2.36376446661295
389 2.3637158804248
390 2.3636790331926
391 2.36365391369477
392 2.36364039200621
393 2.36363822471385
394 2.36364706111333
395 2.36366645029147
396 2.36369584899387
397 2.36373463017157
398 2.36378209209817
399 2.36383746794565
400 2.11383746794565
401 2.0445361605921
402 1.97461017635367
403 1.90468858901543
404 1.83477045812369
405 1.76485483900192
406 1.69494079248058
407 1.62502739425181
408 1.55511374376613
409 1.48519897259581
410 1.41780523113894
411 1.35536842247645
412 1.29815698491918
413 1.24639200120613
414 1.20025085035505
415 1.2
416 1.2
417 1.2
418 1.2
419 1.2
420 1.2
421 1.2
422 1.20189158321702
423 1.20955307427678
424 1.22272201192281
425 1.24068075792376
426 1.26244751242848
427 1.28725177439567
428 1.31448987652672
429 1.34368827586291
430 1.37447495189378
431 1.40655711923096
432 1.43968477445737
433 1.47358489225588
434 1.50793353712207
435 1.5423763677237
436 1.57655147665549
437 1.61010755802939
438 1.64271454354211
439 1.67406912699942
440 1.70389691244197
441 1.73195240388044
442 1.75801787391881
443 1.78190234811104
444 1.80344155912888
445 1.82249870628406
446 1.83896542748648
447 1.85276254557581
448 1.86384036440292
449 1.87217845864115
450 1.87778499371913
451 1.88069565658496
452 1.88097229124064
453 1.87870132150661
454 1.87399201467286
455 1.86697461105951
456 1.85779832959651
457 1.84662925769067
458 1.8336481384732
459 1.81904807492377
460 1.8030321755401
461 1.78581116914689
462 1.76760101706592
463 1.74862054969308
464 1.72908915233245
465 1.70922452269236
466 1.68924052021546
467 1.66934512550121
468 1.64973852638005
469 1.63061134555817
470 1.61214302304361
471 1.59450036472612
472 1.5778362665073
473 1.56228862129823
474 1.54797941407351
475 1.53501400804535
476 1.52348062294349
477 1.51345000438234
478 1.50497528138461
479 1.49809200732048
480 1.49281837782309
481 1.48915561766286
482 1.48708852711564
483 1.4865861770522
484 1.48760274081955
485 1.49007844998533
486 1.49394066018133
487 1.49910501261496
488 1.5054766763189
489 1.51295165587946
490 1.52141814922012
491 1.53075794001525
492 1.54084780946318
493 1.55156095245321
494 1.56276838360688
495 1.57434031925354
496 1.58614752210159
497 1.59806259618024
498 1.60996122053877
499 1.62172331119023
500 1.63323410185986
501 1.64438513523255
502 1.65507515757514
503 1.66521091082383
504 1.67470781746227
505 1.68349055475732
506 1.69149351615585
507 1.69866115886318
508 1.7049482378119
509 1.7103199273759
510 1.71475183327992
511 1.71822989818928
512 1.72075020542916
513 1.72231868617146
514 1.7229507362316
515 1.72267074933403
516 1.72151157432801
517 1.71951390436157
518 1.7167256064498
519 1.71320100020152
520 1.70900009469707
521 1.70418779263948
522 1.69883307093426
523 1.6930081467916
524 1.68678763829331
525 1.68024772812967
526 1.67346533889294
527 1.66651732792214
528 1.65947970923235
529 1.65242690953973
530 1.64543106481704
531 1.63856136319165
532 1.63188343933672
533 1.62545882481452
534 1.619344458116
535 1.61359225741218
536 1.60824875829675
537 1.60335481806501
538 1.59894538734757
539 1.59504934920697
540 1.59168942511635
541 1.5888821465798
542 1.58663789052786
543 1.58496097603563
544 1.58384981936875
545 1.58329714386862
546 1.58329024074593
547 1.5838112764637
548 1.58483764205982
549 1.58634233948598
550 1.58829439982528
551 1.59065932809637
552 1.59339956925508
553 1.59647498996684
554 1.59984337074061
555 1.60346090308772
556 1.60728268649323
557 1.6112632201601
558 1.6153568847052
559 1.6195184092465
560 1.62370331961856
561 1.62786836378516
562 1.63197191087842
563 1.6359743206788
564 1.63983828075477
565 1.64352910890106
566 1.64701501894373
567 1.65026734841598
568 1.65326074704474
569 1.65597332542071
570 1.65838676364948
571 1.66048638019421
572 1.66226116151762
573 1.66370375350932
574 1.66481041603965
575 1.66558094231212
576 1.66601854498862
577 1.66612971133436
578 1.6659240298702
579 1.66541399122757
580 1.66461476607494
581 1.66354396312295
582 1.6622213703193
583 1.66066868241281
584 1.65890921810011
585 1.65696762996883
586 1.65486961041858
587 1.65264159667772
588 1.65031047794038
589 1.64790330752786
590 1.64544702283158
591 1.64296817562594
592 1.64049267514858
593 1.6380455461376
594 1.63565070379141
595 1.63333074738053
596 1.63110677399469
597 1.62899821365509
598 1.62702268676489
599 1.62519588461178
600 1.62353147337931
601 1.62204102186991
602 1.620733952895
603 1.61961751804892
604 1.61869679535526
605 1.61797470905859
606 1.61745207063392
607 1.61712763990079
608 1.61699820496183
609 1.61705867953605
610 1.6173022161278
611 1.61772033336252
612 1.61830305573138
613 1.61903906391879
614 1.619915853839
615 1.6209199024812
616 1.62203683865602
617 1.62325161674856
618 1.62454869161562
619 1.62591219281343
620 1.62732609640912
621 1.62877439271088
622 1.63024124834768
623 1.63171116123849
624 1.63316910711101
625 1.63460067635975
626 1.63599220017088
627 1.63733086498579
628 1.63860481452393
629 1.63980323873745
630 1.64091644922347
631 1.64193594077279
632 1.64285443888536
633 1.64366593323048
634 1.64436569717369
635 1.64495029362908
636 1.64541756762691
637 1.64576662610759
638 1.64599780556693
639 1.64611262827962
640 1.64611374792042
641 1.64600488548326
642 1.64579075646728
643 1.64547699035569
644 1.64507004345813
645 1.6445771062191
646 1.6440060061154
647 1.64336510727309
648 1.64266320793093
649 1.64190943686208
650 1.64111314983978
651 1.64028382719682
652 1.63943097348299
653 1.63856402017039
654 1.63769223229439
655 1.63682461984896
656 1.63596985467987
657 1.63513619353909
658 1.63433140787943
659 1.63356272088087
660 1.63283675211065
661 1.6321594701284
662 1.63153615325666
663 1.63097135864712
664 1.63046889968433
665 1.6300318316826
666 1.62966244574908
667 1.6293622706073
668 1.62913208210141
669 1.62897192003232
670 1.6288811119143
671 1.62885830318372
672 1.62890149334114
673 1.62900807746541
674 1.62917489250165
675 1.62939826769664
676 1.62967407853326
677 1.62999780350169
678 1.63036458303765
679 1.63076927995837
680 1.63120654073335
681 1.63167085694048
682 1.6321566262775
683 1.63265821252387
684 1.63317000387888
685 1.63368646913671
686 1.63420221119935
687 1.63471201747138
688 1.63521090672719
689 1.63569417209076
690 1.6361574198191
691 1.6365966036334
692 1.63700805439541
693 1.63738850498065
694 1.63773511025342
695 1.63804546210172
696 1.6383175995415
697 1.63855001394959
698 1.63874164953201
699 1.63889189917926
700 1.63900059590228
701 1.63906800008089
702 1.63909478279171
703 1.6390820055136
704 1.63903109653546
705 1.63894382441418
706 1.63882226884922
707 1.63866878935402
708 1.63848599211496
709 1.63827669543366
710 1.63804389414998
711 1.63779072344052
712 1.63752042238052
713 1.63723629764703
714 1.63694168772713
715 1.63663992797803
716 1.63633431686588
717 1.63602808368733
718 1.63572435805296
719 1.63542614138445
720 1.63513628064896
721 1.63485744452375
722 1.63459210215346
723 1.63434250463054
724 1.63411066929743
725 1.63389836693731
726 1.63370711188863
727 1.63353815508787
728 1.63339248001487
729 1.63327080148693
730 1.63317356722003
731 1.63310096205085
732 1.63305291468914
733 1.63302910684889
734 1.63302898458759
735 1.63305177166582
736 1.63309648472538
737 1.633161950072
738 1.63324682183967
739 1.63334960130682
740 1.63346865713035
741 1.63360224626198
742 1.6337485353122
743 1.63390562213016
744 1.63407155737334
745 1.63424436584829
746 1.63442206741341
747 1.63460269724578
748 1.63478432528718
749 1.63496507469884
750 1.63514313917014
751 1.63531679894295
752 1.63548443543133
753 1.63564454433405
754 1.63579574715636
755 1.6359368010763
756 1.63606660710963
757 1.63618421654629
758 1.63628883564999
759 1.63637982862991
760 1.63645671891143
761 1.63651918874842
762 1.63656707723582
763 1.63660037679497
764 1.63661922821761
765 1.63662391436617
766 1.63661485263834
767 1.63659258631312
768 1.63655777490285
769 1.63651118364177
770 1.63645367224627
771 1.63638618308479
772 1.63630972889688
773 1.63622538020091
774 1.63613425252845
775 1.63603749362075
776 1.63593627071837
777 1.63583175807013
778 1.63572512478089
779 1.63561752311044
780 1.63551007732755
781 1.63540387321407
782 1.63529994830426
783 1.63519928293447
784 1.63510279216724
785 1.63501131864332
786 1.63492562640355
787 1.63484639571161
788 1.63477421889724
789 1.6347095972288
790 1.63465293881294
791 1.63460455750913
792 1.63456467283675
793 1.63453341084296
794 1.63451080589124
795 1.63449680332198
796 1.63449126292965
797 1.63449396319434
798 1.63450460620002
799 1.634522823167
800 1.884522823167
801 1.9018973290731
802 1.91943544033433
803 1.93697906959768
804 1.95452759276567
805 1.97208035653897
806 1.9896366860079
807 2.00719589221419
808 2.0247572796071
809 2.04232015332181
810 2.05736173337277
811 2.06797019838256
812 2.07476645213968
813 2.0782310096657
814 2.07873758243519
815 2.07657672235565
816 2.07197423933469
817 2.06510554691944
818 2.05610683602488
819 2.04508377781624
820 2.03214374822992
821 2.01743790600525
822 2.00116303817301
823 1.98354134753886
824 1.96480700545617
825 1.94519743255804
826 1.9249478729985
827 1.90428823092271
828 1.88344143292579
829 1.86262279525351
830 1.84203977368029
831 1.82189129517918
832 1.80236635988443
833 1.783642258411
834 1.76588280726196
835 1.74923680824885
836 1.73383681710136
837 1.71979823542418
838 1.7072187013685
839 1.69617773593988
840 1.68673659839369
841 1.67893831515262
842 1.67280786568826
843 1.66835252303119
844 1.6655623504911
845 1.66441085348297
846 1.66485578050965
847 1.66684006262811
848 1.67029287713379
849 1.67513081902747
850 1.68125916297523
851 1.68857319856978
852 1.69695962225387
853 1.70629796985846
854 1.71646207416482
855 1.72732153224122
856 1.73874316763194
857 1.75059247288369
858 1.76273501844607
859 1.77503781470196
860 1.78737061476443
861 1.79960714669137
862 1.81162626488395
863 1.82331301161766
864 1.83455958088319
865 1.8452661779706
866 1.85534176950455
867 1.86470471991988
868 1.87328331164598
869 1.88101614753507
870 1.88785243531072
871 1.89375215501804
872 1.89868611161352
873 1.9026358759292
874 1.90559361827445
875 1.90756183988869
876 1.90855300832512
877 1.90858910362078
878 1.9077010827891
879 1.90592827075286
880 1.90331768631544
881 1.89992331214599
882 1.89580531802766
883 1.89102924678908
884 1.88566517240904
885 1.87978683975531
886 1.8734707952946
887 1.86679551789569
888 1.85984055854744
889 1.85268569743346
890 1.84541012635161
891 1.83809166394732
892 1.83080601065098
893 1.82362604958081
894 1.81662119900006
895 1.80985682121076
896 1.80339369203273
897 1.79728753426558
898 1.79158861777005
899 1.78634142804207
900 1.78158440439634
901 1.77734974813252
902 1.77366330033444
903 1.77054448825728
904 1.76800633859557
905 1.76605555530185
906 1.76469265904698
907 1.76391218488267
908 1.76370293418875
909 1.76404827656537
910 1.76492649696532
911 1.76631118305711
912 1.76817164756519
913 1.77047338015118
914 1.77317852327833
915 1.77624636644065
916 1.77963385313562
917 1.78329609501522
918 1.78718688775905
919 1.79125922337562
920 1.79546579384746
921 1.79975948129064
922 1.80409383009483
923 1.80842349684167
924 1.81270467416281
925 1.81689548508961
926 1.82095634485925
927 1.82485028757209
928 1.82854325553738
929 1.83200434959439
930 1.83520603914848
931 1.8381243311117
932 1.84073889738201
933 1.84303316092737
934 1.84499434095973
935 1.84661345808312
936 1.84788530067724
937 1.84880835413048
938 1.84938469486025
939 1.84961985135247
940 1.84952263471372
941 1.84910494145714
942 1.84838153143589
943 1.84736978399456
944 1.84608943552922
945 1.84456230173116
946 1.84281198783689
947 1.84086359022006
948 1.83874339263919
949 1.8364785604007
950 1.83409683561066
951 1.83162623657395
952 1.82909476425624
953 1.82653011855775
954 1.82395942695695
955 1.82140898787348
956 1.81890403087281
957 1.81646849559417
958 1.81412483103207
959 1.81189381654087
960 1.80979440566692
961 1.80784359364435
962 1.80605630912322
963 1.80444533043377
964 1.80302122643152
965 1.80179232171711
966 1.80076468578373
967 1.79994214541696
968 1.79932631945789
969 1.79891667484244
970 1.7987106026496
971 1.79870351272949
972 1.79888894534089
973 1.79925869810613
974 1.79980296649182
975 1.80051049594491
976 1.80136874375713
977 1.80236404869472
978 1.80348180641658
979 1.80470664870972
980 1.80602262459682
981 1.80741338141586
982 1.80886234403405
983 1.81035289043782
984 1.81186852203508
985 1.81339302711417
986 1.81491063602463
987 1.81640616677579
988 1.8178651598897
989 1.8192740014917
990 1.82062003377524
991 1.82189165213362
992 1.82307838841027
993 1.82417097987793
994 1.82516142371486
995 1.826043016901
996 1.82681038160768
997 1.82745947629916
998 1.82798759290245
999 1.82839334053127
1000 1.82867661637093
1001 1.82883856444108
1002 1.82888152305294
1003 1.82880896186564
1004 1.82862540952202
1005 1.82833637290799
1006 1.82794824913004
1007 1.82746823134374
1008 1.82690420959104
1009 1.82626466781715
1010 1.82555857823798
1011 1.82479529421744
1012 1.82398444279141
1013 1.82313581794086
1014 1.82225927567343
1015 1.82136463191914
1016 1.8204615641846
1017 1.81955951784083
1018 1.81866761784414
1019 1.81779458660787
1020 1.81694866865705
1021 1.81613756260832
1022 1.8153683609252
1023 1.81464749780519
1024 1.81398070546085
1025 1.81337297896326
1026 1.81282854972367
1027 1.81235086759912
1028 1.8119425915205
1029 1.81160558845858
1030 1.81134094046482
1031 1.81114895945022
1032 1.81102920929846
1033 1.81098053484779
1034 1.81100109722216
1035 1.81108841494427
1036 1.81123941022354
1037 1.81145045977893
1038 1.81171744953197
1039 1.81203583248748
1040 1.81240068910988
1041 1.81280678949988
1042 1.81324865668153
1043 1.81372063032029
1044 1.81421693021127
1045 1.81473171890054
1046 1.81525916283202
1047 1.81579349144778
1048 1.81632905370866
1049 1.81686037154615
1050 1.81738218980357
1051 1.81788952227458
1052 1.81837769349997
1053 1.81884237603737
1054 1.81927962297412
1055 1.81968589550943
1056 1.82005808548762
1057 1.82039353281928
1058 1.82069003778138
1059 1.82094586823956
1060 1.82115976188585
1061 1.82133092363286
1062 1.82145901834972
1063 1.82154415916657
1064 1.82158689161176
1065 1.82158817387956
1066 1.82154935355583
1067 1.82147214115413
1068 1.82135858083573
1069 1.82121101870317
1070 1.82103206906902
1071 1.82082457910869
1072 1.82059159230928
1073 1.82033631112504
1074 1.8200620592447
1075 1.81977224386646
1076 1.81947031836347
1077 1.81915974570594
1078 1.81884396298654
1079 1.81852634737297
1080 1.81821018378658
1081 1.81789863457846
1082 1.81759471144543
1083 1.81730124979749
1084 1.81702088575646
1085 1.81675603593304
1086 1.8165088800964
1087 1.8162813468173
1088 1.81607510213283
1089 1.81589154124887
1090 1.81573178326454
1091 1.81559666887321
1092 1.81548676096564
1093 1.81540234803379
1094 1.81534345024895
1095 1.81530982806455
1096 1.8153009931736
1097 1.81531622163199
1098 1.81535456894357
1099 1.81541488688923
1100 1.81549584187203
1101 1.81559593454228
1102 1.81571352046129
1103 1.81584683155996
1104 1.81599399814816
1105 1.81615307123351
1106 1.81632204491254
1107 1.81649887860487
1108 1.81668151890945
1109 1.81686792087367
1110 1.81705606847843
1111 1.81724399415712
1112 1.81742979718187
1113 1.81761166076768
1114 1.81778786776287
1115 1.81795681481283
1116 1.81811702490355
1117 1.81826715821062
1118 1.81840602119922
1119 1.81853257394014
1120 1.81864593562605
1121 1.81874538829124
1122 1.81883037875577
1123 1.81890051883285
1124 1.81895558385419
1125 1.81899550958354
1126 1.8190203876027
1127 1.81903045926696
1128 1.81902610833826
1129 1.81900785241436
1130 1.81897633328048
1131 1.81893230631678
1132 1.81887662910025
1133 1.81881024934301
1134 1.81873419231159
1135 1.81864954787154
1136 1.81855745730164
1137 1.81845910001877
1138 1.81835568035139
1139 1.81824841449429
1140 1.81813851777098
1141 1.81802719232312
1142 1.81791561533784
1143 1.81780492791489
1144 1.81769622466556
1145 1.81759054412513
1146 1.81748886004924
1147 1.81739207365377
1148 1.81730100684588
1149 1.81721639648249
1150 1.81713888968076
1151 1.81706904019359
1152 1.81700730585206
1153 1.8169540470657
1154 1.81690952636111
1155 1.81687390892954
1156 1.81684726414475
1157 1.81682956800388
1158 1.8168207064362
1159 1.81682047941783
1160 1.81682860582394
1161 1.81684472894519
1162 1.81686842259046
1163 1.81689919769475
1164 1.81693650934847
1165 1.81697976416303
1166 1.81702832788685
1167 1.81708153318629
1168 1.81713868750696
1169 1.81719908093315
1170 1.81726199396551
1171 1.81732670514069
1172 1.81739249842087
1173 1.81745867028558
1174 1.8175245364637
1175 1.81758943824901
1176 1.81765274834884
1177 1.81771387622189
1178 1.81777227286759
1179 1.81782743503658
1180 1.81787890883835
1181 1.81792629272947
1182 1.81796923987213
1183 1.81800745985987
1184 1.81804071981375
1185 1.81806884485836
1186 1.81809171799347
1187 1.81810927938206
1188 1.81812152508156
1189 1.81812850524907
1190 1.81813032185633
1191 1.81812712595355
1192 1.81811911452482
1193 1.8181065269803
1194 1.81808964133291
1195 1.81806877010847
1196 1.81804425603973
1197 1.81801646759509
1198 1.81798579439274
1199 1.81795264255062
1200 1.81791743002147
