1 2
2 2
3 2
4 2
5 2
6 2
7 2
8 2
9 2
10 2
11 2
12 2
13 2
14 2
15 2
16 2
17 2
18 2
19 2
20 2
21 2
22 2
23 2
24 2
25 2
26 2
27 2
28 2
29 2
30 2.25
31 2.27286315789474
32 2.29812631578947
33 2.32338947368421
34 2.34865263157895
35 2.37391578947368
36 2.39917894736842
37 2.42444210526316
38 2.44970526315789
39 2.47496842105263
40 2.49923858161579
41 2.52170551321303
42 2.54249725977857
43 2.56169250629634
44 2.57934796519467
45 2.59550337639201
46 2.61018547624611
47 2.62341107852949
48 2.63518946424003
49 2.64552423352516
50 2.65441868326586
51 2.66188299068983
52 2.66793572257304
53 2.6726019657041
54 2.67591208936437
55 2.67790086495826
56 2.67860684163196
57 2.67807190326378
58 2.67634095282912
59 2.67346168528748
60 2.6694844055572
61 2.66446183640667
62 2.65844888699259
63 2.65150239129967
64 2.64368083317643
65 2.63504406785149
66 2.62565304581222
67 2.61556954231827
68 2.60485589416713
69 2.59357474431503
70 2.58178879442715
71 2.56956056536117
72 2.55695216583565
73 2.54402506979931
74 2.53083990313404
75 2.517456240321
76 2.5039324116388
77 2.49032532137776
78 2.47669027746614
79 2.46308083282056
80 2.44954863866069
81 2.43614330996501
82 2.42291230318923
83 2.40990080631791
84 2.39715164126987
85 2.38470517863006
86 2.3725992646331
87 2.3608691602778
88 2.34954749240829
89 2.33866421655513
90 2.32824659129072
91 2.31831916381575
92 2.30890376645955
93 2.30001952374467
94 2.29168286963691
95 2.28390757457485
96 2.27670478184876
97 2.27008305287655
98 2.2640484209054
99 2.25860445265047
100 2.25375231736793
101 2.24949086284749
102 2.24581669780014
103 2.24272428010948
104 2.24020601041023
105 2.23825233045501
106 2.23685182572973
107 2.23599133177993
108 2.23565604371374
109 2.23582962835308
110 2.23649433851207
111 2.23763112889068
112 2.23921977308299
113 2.2412389812115
114 2.24366651771309
115 2.24647931881758
116 2.24965360927626
117 2.25316501791557
118 2.25698869161005
119 2.26109940728796
120 2.26547168160404
121 2.27007987793473
122 2.27489831037329
123 2.27990134442443
124 2.28506349412122
125 2.29035951530971
126 2.29576449487025
127 2.30125393566807
128 2.30680383704858
129 2.31239077071695
130 2.31799195186394
131 2.32358530542359
132 2.32914952737049
133 2.33466414098686
134 2.3401095480513
135 2.34546707492221
136 2.35071901350965
137 2.35584865714915
138 2.36084033141024
139 2.3656794198909
140 2.37035238506686
141 2.37484678428114
142 2.37915128097549
143 2.38325565127991
144 2.38715078609077
145 2.39082868878091
146 2.39428246869707
147 2.3975063306112
148 2.40049556030199
149 2.40324650645228
150 2.40575655905561
151 2.4080241245324
152 2.41004859776217
153 2.41183033124305
154 2.41337060159405
155 2.41467157361821
156 2.41573626214731
157 2.41656849188949
158 2.41717285550177
159 2.41755467010865
160 2.41771993248657
161 2.41767527313187
162 2.41742790942679
163 2.41698559811432
164 2.41635658728844
165 2.41554956810104
166 2.41457362638128
167 2.41343819435687
168 2.41215300265998
169 2.41072803279331
170 2.40917347022414
171 2.40749965826617
172 2.40571705290046
173 2.40383617867825
174 2.40186758583933
175 2.39982180877048
176 2.39770932591924
177 2.39554052126872
178 2.39332564746952
179 2.39107479071547
180 2.38879783743988
181 2.38650444289984
182 2.38420400170616
183 2.38190562034735
184 2.37961809174672
185 2.37734987188233
186 2.37510905849083
187 2.3729033718673
188 2.37074013776483
189 2.36862627238924
190 2.36656826947655
191 2.36457218943304
192 2.36264365051065
193 2.36078782198341
194 2.35900941928398
195 2.35731270105336
196 2.35570146805088
197 2.35417906386632
198 2.35274837737079
199 2.35141184683871
200 2.35017146566886
201 2.34902878962872
202 2.34798494554313
203 2.34704064134528
204 2.34619617740544
205 2.34545145905108
206 2.34480601018989
207 2.34425898794638
208 2.3438091982214
209 2.34345511208372
210 2.34319488290263
211 2.34302636413037
212 2.34294712764435
213 2.34295448255931
214 2.34304549442144
215 2.34321700469735
216 2.343465650473
217 2.34378788427966
218 2.34417999396591
219 2.34463812253787
220 2.34515828789195
221 2.34573640236777
222 2.34636829205191
223 2.34704971576629
224 2.34777638367872
225 2.34854397547643
226 2.34934815804721
227 2.35018460261648
228 2.35104900129254
229 2.35193708297599
230 2.35284462859337
231 2.35376748561894
232 2.35470158185248
233 2.35564293842503
234 2.35658768200819
235 2.35753205620684
236 2.3584724321185
237 2.35940531804688
238 2.36032736836024
239 2.36123539148939
240 2.36212635706316
241 2.3629974021829
242 2.36384583684058
243 2.36466914848858
244 2.36546500577169
245 2.36623126143535
246 2.36696595442635
247 2.36766731120515
248 2.36833374629111
249 2.36896386206427
250 2.36955644784951
251 2.37011047831058
252 2.37062511118339
253 2.37109968437955
254 2.37153371249232
255 2.37192688273863
256 2.37227905037168
257 2.3725902335996
258 2.37286060804627
259 2.37309050079118
260 2.37328038402523
261 2.37343086835998
262 2.37354269582778
263 2.37361673261
264 2.37365396153065
265 2.37365547435221
266 2.37362246390993
267 2.37355621612045
268 2.37345810189962
269 2.37332956902395
270 2.37317213396874
271 2.3729873737553
272 2.37277691783834
273 2.37254244006338
274 2.37228565072302
275 2.37200828873919
276 2.37171211399745
277 2.37139889985768
278 2.37107042586417
279 2.37072847067658
280 2.37037480524143
281 2.37001118622268
282 2.36963934970767
283 2.36926100520376
284 2.36887782993889
285 2.3684914634779
286 2.36810350266473
287 2.36771549689907
288 2.36732894375455
289 2.3669452849437
290 2.36656590263383
291 2.36619211611607
292 2.36582517882863
293 2.36546627573399
294 2.36511652104797
295 2.36477695631795
296 2.36444854884568
297 2.36413219044937
298 2.36382869655832
299 2.36353880563247
300 2.36326317889828
301 2.36300240039118
302 2.3627569772943
303 2.36252734056207
304 2.36231384581692
305 2.3621167745063
306 2.3619363353068
307 2.36177266576188
308 2.36162583413878
309 2.36149584149032
310 2.36138262390658
311 2.36128605494157
312 2.36120594819952
313 2.36114206006561
314 2.36109409256555
315 2.36106169633895
316 2.36104447371085
317 2.36104198184664
318 2.36105373597508
319 2.36107921266493
320 2.36111785314065
321 2.3611690666231
322 2.36123223368155
323 2.36130670958361
324 2.36139182763036
325 2.36148690246418
326 2.36159123333759
327 2.36170410733161
328 2.36182480251318
329 2.36195259102125
330 2.36208674207221
331 2.36222652487571
332 2.36237121145269
333 2.36252007934791
334 2.36267241423021
335 2.36282751237418
336 2.3629846830176
337 2.36314325058984
338 2.36330255680684
339 2.36346196262918
340 2.36362085008018
341 2.36377862392181
342 2.36393471318666
343 2.36408857256494
344 2.36423968364593
345 2.36438755601415
346 2.36453172820071
347 2.36467176849119
348 2.3648072755916
349 2.36493787915477
350 2.36506324016974
351 2.3651830512172
352 2.36529703659458
353 2.3654049523147
354 2.36550658598209
355 2.36560175655169
356 2.36569031397479
357 2.36577213873731
358 2.36584714129583
359 2.36591526141703
360 2.36597646742624
361 2.36603075537113
362 2.36607814810652
363 2.36611869430666
364 2.36615246741093
365 2.36617956450962
366 2.36620010517574
367 2.36621423024952
368 2.36622210058153
369 2.36622389574094
370 2.36621981269496
371 2.36621006446541
372 2.36619487876861
373 2.36617449664418
374 2.36614917107845
375 2.36611916562812
376 2.36608475304929
377 2.36604621393696
378 2.36600383538013
379 2.36595790963683
380 2.36590873283379
381 2.36585660369481
382 2.36580182230178
383 2.36574468889202
384 2.36568550269546
385 2.36562456081469
386 2.36556215715072
387 2.36549858137729
388 2.3654341179658
389 2.36536904526302
390 2.36530363462343
391 2.36523814959757
392 2.36517284517779
393 2.36510796710227
394 2.36504375121806
395 2.36498042290369
396 2.36491819655148
397 2.3648572751096
398 2.36479784968365
399 2.3647400991972
400 2.1147400991972
401 2.06895986949522
402 2.01838177588731
403 1.96780594632789
404 1.91723249574743
405 1.86666152604637
406 1.81609312613956
407 1.76552737204924
408 1.71496432704454
409 1.6644040418256
410 1.61483933001115
411 1.56717110084744
412 1.52143752849097
413 1.47770612183805
414 1.43604295610652
415 1.39651248927702
416 1.35917728127837
417 1.32409780651708
418 1.29133233759538
419 1.26093688303352
420 1.23296122238875
421 1.20744247986678
422 1.2
423 1.2
424 1.2
425 1.2
426 1.2
427 1.2
428 1.2
429 1.2
430 1.2
431 1.2
432 1.20063624416648
433 1.2031670046546
434 1.20739986449186
435 1.2131741123413
436 1.220354012212
437 1.22882379901226
438 1.23848375507029
439 1.24924712990911
440 1.26103771804914
441 1.27378795049909
442 1.28743486029236
443 1.30191205995581
444 1.31714668497323
445 1.33306188196354
446 1.3495785658375
447 1.36661668922468
448 1.38409615325107
449 1.40193745536322
450 1.42006214496999
451 1.43839313910738
452 1.45685494656854
453 1.47537386306255
454 1.49387818304391
455 1.51229842608296
456 1.53056755950222
457 1.54862120692822
458 1.56639783725263
459 1.5838389316292
460 1.60088912809262
461 1.6174963445561
462 1.63361188155019
463 1.64919050616723
464 1.66419051837651
465 1.67857380049315
466 1.69230585036244
467 1.70535579875326
468 1.7176964114638
469 1.72930407668541
470 1.7401587782221
471 1.75024405520948
472 1.75954694901293
473 1.76805793800938
474 1.77577086097166
475 1.78268282978491
476 1.7887941322314
477 1.79410812558637
478 1.79863112177212
479 1.80237226482041
480 1.80534340139467
481 1.80755894512214
482 1.80903573548236
483 1.80979289199274
484 1.80985166442286
485 1.80923527975878
486 1.80796878662524
487 1.80607889785848
488 1.8035938319054
489 1.80054315370537
490 1.79695761569062
491 1.79286899951826
492 1.78830995912328
493 1.78331386565642
494 1.77791465484416
495 1.77214667728039
496 1.76604455213064
497 1.75964302469996
498 1.75297682828564
499 1.74608055070471
500 1.73898850585516
501 1.73173461063804
502 1.72435226753599
503 1.71687425311166
504 1.70933261265801
505 1.70175856120061
506 1.69418239102109
507 1.68663338583958
508 1.67913974176419
509 1.67172849508524
510 1.66442545696329
511 1.65725515503166
512 1.65024078190673
513 1.64340415057277
514 1.63676565658292
515 1.63034424699328
516 1.62415739592405
517 1.61822108661972
518 1.61254979985931
519 1.60715650854837
520 1.60205267830619
521 1.59724827384473
522 1.59275177092046
523 1.58857017362582
524 1.58470903677478
525 1.58117249312483
526 1.5779632851686
527 1.57508280121876
528 1.57253111550332
529 1.57030703198196
530 1.56840813158969
531 1.56683082261056
532 1.56557039388224
533 1.56462107053125
534 1.56397607193915
535 1.5636276716411
536 1.56356725886119
537 1.5637854013922
538 1.5642719095324
539 1.56501590079714
540 1.56600586512995
541 1.56722973034481
542 1.56867492753956
543 1.57032845622922
544 1.57217694895738
545 1.57420673515417
546 1.5764039040198
547 1.57875436622398
548 1.58124391422292
549 1.58385828100793
550 1.58658319711161
551 1.58940444571026
552 1.59230791567412
553 1.59527965242958
554 1.59830590651081
555 1.60137317969103
556 1.60446826859688
557 1.60757830572219
558 1.61069079777021
559 1.61379366126613
560 1.61687525539435
561 1.61992441202675
562 1.62293046292072
563 1.62588326407688
564 1.62877321725797
565 1.63159128868125
566 1.6343290249071
567 1.63697856595671
568 1.63953265570134
569 1.64198464957447
570 1.64432851966721
571 1.6465588572749
572 1.64867087297077
573 1.65066039428935
574 1.65252386110873
575 1.6542583188267
576 1.65586140943125
577 1.65733136057034
578 1.65866697273039
579 1.65986760463628
580 1.66093315698891
581 1.66186405465885
582 1.66266122745643
583 1.66332608960034
584 1.66386051800747
585 1.66426682952729
586 1.66454775724402
587 1.66470642596924
588 1.66474632704645
589 1.66467129258813
590 1.66448546926332
591 1.66419329175222
592 1.66379945598102
593 1.66330889224781
594 1.66272673834666
595 1.66205831279364
596 1.66130908825458
597 1.66048466527023
598 1.65959074637025
599 1.65863311066259
600 1.65761758898053
601 1.65655003966428
602 1.65543632504936
603 1.65428228872863
604 1.65309373364973
605 1.65187640110422
606 1.65063595065974
607 1.64937794108065
608 1.64810781227772
609 1.64683086832188
610 1.64555226155183
611 1.64427697780001
612 1.64300982275647
613 1.64175540948492
614 1.64051814710054
615 1.63930223061408
616 1.6381116319424
617 1.63695009208091
618 1.63582111442902
619 1.63472795925582
620 1.63367363928884
621 1.63266091640544
622 1.63169229940235
623 1.63077004281598
624 1.62989614676263
625 1.62907235776511
626 1.62830017052934
627 1.62758083063235
628 1.62691533808064
629 1.62630445169593
630 1.62574869428375
631 1.62524835853854
632 1.62480351363786
633 1.62441401247708
634 1.62407949949527
635 1.62379941904214
636 1.62357302423571
637 1.62339938626008
638 1.62327740405259
639 1.62320581433006
640 1.62318320190403
641 1.6232080102355
642 1.62327855218047
643 1.62339302087844
644 1.62354950073705
645 1.62374597846738
646 1.62398035412548
647 1.6242504521176
648 1.62455403212761
649 1.62488879992737
650 1.62525241803208
651 1.62564251616485
652 1.62605670149654
653 1.62649256862878
654 1.62694770929057
655 1.62741972172043
656 1.62790621970857
657 1.62840484127569
658 1.62891325696705
659 1.62942917774277
660 1.6299503624475
661 1.63047462484478
662 1.63099984020355
663 1.63152395142645
664 1.6320449747117
665 1.63256100474233
666 1.63307021939859
667 1.63357088399154
668 1.63406135501728
669 1.63454008343374
670 1.63500561746318
671 1.63545660492564
672 1.63589179511006
673 1.63631004019134
674 1.63671029620313
675 1.63709162357755
676 1.63745318726424
677 1.63779425644241
678 1.63811420384066
679 1.63841250468041
680 1.63868873525955
681 1.6389425711939
682 1.6391737853348
683 1.63938224538155
684 1.63956791120842
685 1.63973083192583
686 1.63987114269614
687 1.63998906132452
688 1.64008488464556
689 1.64015898472642
690 1.64021180490736
691 1.64024385570031
692 1.64025571056609
693 1.64024800159067
694 1.64022141508043
695 1.64017668709625
696 1.6401145989456
697 1.64003597265147
698 1.63994166641637
699 1.63983257009908
700 1.63970960072113
701 1.63957369801933
702 1.63942582006005
703 1.63926693892995
704 1.63909803651728
705 1.63892010039698
706 1.63873411983199
707 1.63854108190219
708 1.6383419677717
709 1.63813774910429
710 1.63792938463568
711 1.63771781691073
712 1.63750396919263
713 1.63728874255006
714 1.63707301312774
715 1.63685762960472
716 1.63664341084381
717 1.63643114373487
718 1.63622158123381
719 1.63601544059822
720 1.63581340181982
721 1.63561610625328
722 1.63542415543995
723 1.63523811012468
724 1.63505848946283
725 1.63488577041435
726 1.63472038732081
727 1.63456273166102
728 1.63441315198008
729 1.63427195398635
730 1.63413940081037
731 1.63401571341926
732 1.63390107117971
733 1.63379561256258
734 1.63369943598148
735 1.63361260075766
736 1.63353512820328
737 1.63346700281484
738 1.63340817356853
739 1.63335855530908
740 1.63331803022356
741 1.63328644939171
742 1.63326363440407
743 1.63324937903965
744 1.63324345099439
745 1.63324559365228
746 1.63325552789077
747 1.63327295391229
748 1.63329755309413
749 1.63332898984874
750 1.63336691348705
751 1.63341096007749
752 1.63346075429361
753 1.63351591124375
754 1.63357603827604
755 1.6336407367529
756 1.6337096037889
757 1.63378223394685
758 1.63385822088664
759 1.63393715896234
760 1.63401864476297
761 1.63410227859298
762 1.63418766588865
763 1.63427441856726
764 1.63436215630591
765 1.63445050774756
766 1.63453911163197
767 1.6346276178498
768 1.63471568841832
769 1.63480299837759
770 1.63488923660641
771 1.63497410655748
772 1.63505732691172
773 1.63513863215184
774 1.63521777305589
775 1.63529451711122
776 1.6353686488503
777 1.6354399701094
778 1.63550830021196
779 1.63557347607836
780 1.63563535226414
781 1.63569380092894
782 1.6357487117386
783 1.63579999170313
784 1.63584756495306
785 1.63589137245748
786 1.63593137168652
787 1.6359675362215
788 1.63599985531614
789 1.63602833341195
790 1.63605298961148
791 1.63607385711252
792 1.63609098260714
793 1.63610442564869
794 1.63611425799063
795 1.63612056290031
796 1.63612343445158
797 1.63612297679935
798 1.63611930343966
799 1.63611253645857
800 1.76361859524681
801 1.77503761678868
802 1.78765395489667
803 1.80026775839486
804 1.81287918088554
805 1.8254883799966
806 1.83809551663863
807 1.85070075427433
808 1.86330425820259
809 1.87590619485948
810 1.88800023978364
811 1.89917420421855
812 1.90949523638276
813 1.91900510562821
814 1.9277341365543
815 1.93570380723218
816 1.94292881018305
817 1.94941865247085
818 1.95517889705152
819 1.96021212493055
820 1.96452069186128
821 1.96811039966585
822 1.97099126531914
823 1.97317656457404
824 1.97468219979353
825 1.97552625139083
826 1.97572866074288
827 1.97531100615429
828 1.97429634408325
829 1.97270909564808
830 1.97057495615439
831 1.96792079945105
832 1.9647745621952
833 1.96116511278794
834 1.9571221135273
835 1.95267588103226
836 1.94785724793721
837 1.94269742751909
838 1.9372278820718
839 1.9314801953246
840 1.92548594893103
841 1.91927660302058
842 1.91288338093195
843 1.90633715838246
844 1.89966835738793
845 1.89290684524567
846 1.88608183886233
847 1.87922181466544
848 1.87235442429232
849 1.86550641620809
850 1.85870356336755
851 1.85197059700433
852 1.84533114660248
853 1.83880768608043
854 1.8324214861921
855 1.82619257312582
856 1.82013969325831
857 1.81428028399775
858 1.80863045062834
859 1.80320494904753
860 1.798017174268
861 1.79307915453737
862 1.78840155091211
863 1.78399366210597
864 1.77986343441879
865 1.7760174765382
866 1.77246107899485
867 1.7691982380409
868 1.76623168371224
869 1.76356291182639
870 1.76119221966155
871 1.75911874505589
872 1.75734050866239
873 1.75585445909045
874 1.75465652066401
875 1.75374164352429
876 1.75310385580563
877 1.75273631761396
878 1.75263137653938
879 1.75278062443748
880 1.75317495521813
881 1.75380462338513
882 1.75465930307599
883 1.75572814735739
884 1.75699984753936
885 1.75846269227876
886 1.76010462625134
887 1.76191330818081
888 1.76387616802256
889 1.76598046311016
890 1.76821333308294
891 1.77056185342366
892 1.77301308744679
893 1.77555413658862
894 1.77817218886264
895 1.78085456535469
896 1.78358876464452
897 1.78636250505215
898 1.78916376461893
899 1.79198081874543
900 1.79480227541951
901 1.79761710797973
902 1.80041468537032
903 1.80318479985556
904 1.80591769217157
905 1.80860407410493
906 1.81123514849711
907 1.81380262668425
908 1.81629874339087
909 1.81871626910569
910 1.82104851997635
911 1.82328936526806
912 1.82543323243917
913 1.82747510989428
914 1.82941054748187
915 1.83123565481057
916 1.83294709746355
917 1.83454209119623
918 1.83601839420743
919 1.83737429757832
920 1.83860861397758
921 1.83972066473448
922 1.84071026538457
923 1.84157770979484
924 1.84232375297737
925 1.84294959270172
926 1.84345685001713
927 1.8438475487965
928 1.84412409441358
929 1.84428925166482
930 1.84434612204637
931 1.84429812049535
932 1.84414895170331
933 1.84390258610719
934 1.8435632356616
935 1.84313532949281
936 1.84262348953255
937 1.8420325062261
938 1.84136731440591
939 1.84063296941815
940 1.83983462358593
941 1.83897750308832
942 1.83806688533079
943 1.83710807687738
944 1.83610639201125
945 1.83506713198483
946 1.83399556501675
947 1.83289690708737
948 1.83177630358025
949 1.83063881181202
950 1.82948938448808
951 1.8283328541169
952 1.82717391841089
953 1.8260171266969
954 1.82486686735504
955 1.82372735629955
956 1.82260262651129
957 1.82149651862691
958 1.82041267258541
959 1.81935452032904
960 1.81832527955095
961 1.817327948479
962 1.81636530168065
963 1.81543988687115
964 1.81455402270348
965 1.81370979751571
966 1.81290906900841
967 1.81215346482219
968 1.81144438398296
969 1.81078299918008
970 1.81017025984085
971 1.8096068959626
972 1.8090934226623
973 1.80863014540195
974 1.80821716584707
975 1.80785438831425
976 1.80754152676336
977 1.80727811228901
978 1.8070635010657
979 1.80689688270072
980 1.80677728894908
981 1.80670360274447
982 1.80667456750105
983 1.80668879664098
984 1.80674478330341
985 1.80684091019144
986 1.80697545951438
987 1.8071466229839
988 1.80735251182353
989 1.80759116675264
990 1.80786056790721
991 1.8081586446612
992 1.80848328531409
993 1.80883234661156
994 1.80920366306846
995 1.80959505606452
996 1.8100043426854
997 1.81042934428372
998 1.81086789473619
999 1.81131784837542
1000 1.81177708757658
1001 1.81224352998141
1002 1.81271513534369
1003 1.81318991198273
1004 1.81366592283288
1005 1.81414129107955
1006 1.81461420537367
1007 1.81508292461877
1008 1.81554578232652
1009 1.81600119053844
1010 1.81644764331316
1011 1.81688371978039
1012 1.81730808676448
1013 1.81771950098168
1014 1.81811681081711
1015 1.81849895768866
1016 1.81886497700637
1017 1.81921399873717
1018 1.81954524758617
1019 1.81985804280645
1020 1.82015179765082
1021 1.82042601847939
1022 1.82068030353822
1023 1.82091434142457
1024 1.82112790925535
1025 1.82132087055567
1026 1.82149317288515
1027 1.82164484521979
1028 1.82177599510788
1029 1.8218868056183
1030 1.82197753210013
1031 1.8220484987723
1032 1.82210009516208
1033 1.82213277241137
1034 1.82214703946934
1035 1.82214345918998
1036 1.82212264435273
1037 1.8220852536242
1038 1.82203198747846
1039 1.82196358409313
1040 1.82188081523766
1041 1.82178448217026
1042 1.82167541155874
1043 1.82155445144023
1044 1.82142246723425
1045 1.82128033782241
1046 1.82112895170782
1047 1.82096920326638
1048 1.82080198910112
1049 1.82062820451033
1050 1.82044874007932
1051 1.82026447840469
1052 1.82007629095929
1053 1.81988503510539
1054 1.81969155126242
1055 1.81949666023513
1056 1.81930116070702
1057 1.8191058269032
1058 1.81891140642602
1059 1.81871861826595
1060 1.81852815098956
1061 1.81834066110561
1062 1.8181567716096
1063 1.81797707070634
1064 1.81780211070963
1065 1.81763240711716
1066 1.81746843785844
1067 1.81731064271287
1068 1.81715942289439
1069 1.81701514079875
1070 1.81687811990904
1071 1.81674864485427
1072 1.81662696161597
1073 1.81651327787673
1074 1.8164077635048
1075 1.81631055116818
1076 1.8162217370716
1077 1.81614138180926
1078 1.81606951132639
1079 1.81600611798201
1080 1.81595116170557
1081 1.81590457123989
1082 1.81586624546251
1083 1.8158360547779
1084 1.8158138425728
1085 1.81579942672673
1086 1.81579260117036
1087 1.81579313748374
1088 1.81580078652717
1089 1.81581528009723
1090 1.81583633260066
1091 1.81586364273921
1092 1.81589689519842
1093 1.81593576233384
1094 1.81597990584814
1095 1.816028978453
1096 1.81608262551001
1097 1.81614048664465
1098 1.81620219732841
1099 1.8162673904237
1100 1.81633569768701
1101 1.81640675122592
1102 1.81648018490583
1103 1.81655563570267
1104 1.81663274499825
1105 1.81671115981519
1106 1.81679053398857
1107 1.81687052927205
1108 1.81695081637632
1109 1.81703107593814
1110 1.81711099941863
1111 1.81719028992965
1112 1.8172686629875
1113 1.81734584719356
1114 1.81742158484154
1115 1.81749563245168
1116 1.81756776123205
1117 1.81763775746777
1118 1.8177054228391
1119 1.81777057466941
1120 1.81783304610452
1121 1.81789268622508
1122 1.81794936009368
1123 1.81800294873873
1124 1.81805334907743
1125 1.81810047377992
1126 1.81814425107736
1127 1.81818462451642
1128 1.8182215526629
1129 1.81825500875749
1130 1.81828498032642
1131 1.81831146875009
1132 1.81833448879285
1133 1.81835406809683
1134 1.8183702466432
1135 1.81838307618392
1136 1.8183926196471
1137 1.81839895051932
1138 1.81840215220794
1139 1.81840231738651
1140 1.81839954732648
1141 1.81839395121816
1142 1.81838564548396
1143 1.81837475308674
1144 1.81836140283622
1145 1.81834572869607
1146 1.81832786909441
1147 1.81830796624023
1148 1.8182861654482
1149 1.81826261447407
1150 1.81823746286312
1151 1.81821086131341
1152 1.81818296105609
1153 1.81815391325435
1154 1.81812386842288
1155 1.81809297586928
1156 1.81806138315886
1157 1.81802923560414
1158 1.81799667578014
1159 1.81796384306659
1160 1.81793087321765
1161 1.81789789796021
1162 1.81786504462114
1163 1.81783243578399
1164 1.81780018897555
1165 1.81776841638235
1166 1.81773722459741
1167 1.81770671439687
1168 1.81767698054671
1169 1.81764811163901
1170 1.8176201899576
1171 1.81759329137247
1172 1.8175674852625
1173 1.81754283446583
1174 1.81751939525701
1175 1.81749721735039
1176 1.81747634392851
1177 1.81745681169487
1178 1.81743865094986
1179 1.81742188568876
1180 1.81740653372088
1181 1.8173926068085
1182 1.81738011082442
1183 1.81736904592702
1184 1.81735940675139
1185 1.81735118261541
1186 1.81734435773938
1187 1.81733891147796
1188 1.81733481856302
1189 1.81733204935627
1190 1.81733057011018
1191 1.81733034323601
1192 1.81733132757769
1193 1.81733347869016
1194 1.81733674912122
1195 1.81734108869533
1196 1.81734644479852
1197 1.81735276266311
1198 1.81735998565111
1199 1.8173680555354
1200 1.81737691277759
