1 2
2 2
3 2
4 2
5 2
6 2
7 2
8 2
9 2
10 2
11 2
12 2
13 2
14 2
15 2
16 2
17 2
18 2
19 2
20 2
21 2
22 2
23 2
24 2
25 2
26 2
27 2
28 2
29 2
30 2
31 2
32 2
33 2
34 2
35 2
36 2
37 2
38 2
39 2
40 2
41 2
42 2
43 2
44 2
45 2
46 2
47 2
48 2
49 2
50 2
51 2
52 2
53 2
54 2
55 2
56 2
57 2
58 2
59 2
60 2
61 2
62 2
63 2
64 2
65 2
66 2
67 2
68 2
69 2
70 2
71 2
72 2
73 2
74 2
75 2
76 2
77 2
78 2
79 2
80 2
81 2
82 2
83 2
84 2
85 2
86 2
87 2
88 2
89 2
90 2
91 2
92 2
93 2
94 2
95 2
96 2
97 2
98 2
99 2
100 2
101 2
102 2
103 2
104 2
105 2
106 2
107 2
108 2
109 2
110 2
111 2
112 2
113 2
114 2
115 2
116 2
117 2
118 2
119 2
120 2
121 2
122 2
123 2
124 2
125 2
126 2
127 2
128 2
129 2
130 2
131 2
132 2
133 2
134 2
135 2
136 2
137 2
138 2
139 2
140 2
141 2
142 2
143 2
144 2
145 2
146 2
147 2
148 2
149 2
150 2
151 2
152 2
153 2
154 2
155 2
156 2
157 2
158 2
159 2
160 2
161 2
162 2
163 2
164 2
165 2
166 2
167 2
168 2
169 2
170 2
171 2
172 2
173 2
174 2
175 2
176 2
177 2
178 2
179 2
180 2
181 2
182 2
183 2
184 2
185 2
186 2
187 2
188 2
189 2
190 2
191 2
192 2
193 2
194 2
195 2
196 2
197 2
198 2
199 2
200 2
201 2.25
202 2.5
203 2.75
204 2.8
205 2.8
206 2.8
207 2.8
208 2.8
209 2.8
210 2.8
211 2.8
212 2.8
213 2.76162249795482
214 2.69478669423128
215 2.61556121045115
216 2.53554167150593
217 2.46247799126768
218 2.40094827754191
219 2.35303524689284
220 2.31896686166347
221 2.29769209748074
222 2.28737299324902
223 2.285783884022
224 2.29061704619381
225 2.29970044169069
226 2.3111377229556
227 2.32338327521665
228 2.33526609015312
229 2.34597601941761
230 2.35502479862479
231 2.36219249364608
232 2.36746798940286
233 2.37099004939412
234 2.37299349532646
235 2.37376330715446
236 2.37359799116791
237 2.37278243271277
238 2.37156963424353
239 2.37017020995898
240 2.36874822282707
241 2.36742185937175
242 2.36626749229599
243 2.36532583419036
244 2.36460909646449
245 2.3641083028364
246 2.36380014063906
247 2.36365294782141
248 2.36363161755679
249 2.36370135023441
250 2.3638302931707
251 2.36399118376827
252 2.36416215634567
253 2.36432689192013
254 2.36447428972302
255 2.36459782486838
256 2.36469473351834
257 2.36476513942881
258 2.36481120733572
259 2.36483638176246
260 2.36484474615103
261 2.36484051767074
262 2.3648276779726
263 2.36480972942511
264 2.36478955956499
265 2.36476939302016
266 2.36475080931903
267 2.36473480609304
268 2.36472188956212
269 2.36471217730371
270 2.36470550169084
271 2.36470150569917
272 2.36469972578631
273 2.3646996590956
274 2.36470081426119
275 2.3647027465862
276 2.36470507936654
277 2.36470751370525
278 2.36470982938416
279 2.36471187931677
280 2.36471357987769
281 2.36471489906158
282 2.36471584402891
283 2.36471644919219
284 2.36471676561984
285 2.36471685220598
286 2.36471676878656
287 2.36471657117696
288 2.36471630796309
289 2.36471601878924
290 2.3647157338429
291 2.36471547423015
292 2.36471525295382
293 2.36471507624333
294 2.36471494502977
295 2.36471485640872
296 2.36471480497963
297 2.36471478399259
298 2.36471478626844
299 2.36471480488587
300 2.36471483364905
301 2.36471486736295
302 2.36471490195037
303 2.36471493444747
304 2.36471496291334
305 2.36471498628557
306 2.3647150042089
307 2.3647150168581
308 2.36471502477058
309 2.36471502869923
310 2.3647150294909
311 2.36471502799284
312 2.36471502498614
313 2.36471502114375
314 2.36471501700902
315 2.36471501299073
316 2.36471500937005
317 2.36471500631548
318 2.36471500390231
319 2.36471500213376
320 2.36471500096158
321 2.36471500030476
322 2.3647150000654
323 2.36471500014126
324 2.36471500043502
325 2.36471500086049
326 2.36471500134616
327 2.36471500183652
328 2.36471500229177
329 2.36471500268641
330 2.36471500300709
331 2.36471500325011
332 2.36471500341893
333 2.36471500352184
334 2.36471500356987
335 2.36471500357516
336 2.36471500354969
337 2.36471500350438
338 2.36471500344851
339 2.36471500338954
340 2.36471500333298
341 2.36471500328257
342 2.36471500324047
343 2.36471500320758
344 2.3647150031838
345 2.36471500316836
346 2.36471500316004
347 2.36471500315744
348 2.36471500315911
349 2.36471500316367
350 2.36471500316993
351 2.3647150031769
352 2.36471500318384
353 2.3647150031902
354 2.36471500319567
355 2.36471500320006
356 2.36471500320335
357 2.36471500320559
358 2.36471500320692
359 2.3647150032075
360 2.36471500320749
361 2.36471500320708
362 2.3647150032064
363 2.36471500320559
364 2.36471500320475
365 2.36471500320395
366 2.36471484454009
367 2.36471436525059
368 2.36471350207129
369 2.36471247602992
370 2.36471172414029
371 2.36471178404954
372 2.36471320292938
373 2.36471646574247
374 2.36472193819544
375 2.36472982072453
376 2.36474011174445
377 2.36475258105444
378 2.36476678199117
379 2.36478205596434
380 2.36479755232938
381 2.36481229820018
382 2.364825350319
383 2.36483596584981
384 2.36484369418682
385 2.36484836417688
386 2.36485000634618
387 2.36484878562344
388 2.36484495801385
389 2.36483884701871
390 2.36483083449653
391 2.36481732788391
392 2.36479661255756
393 2.36476838531
394 2.3647365507246
395 2.36470496090929
396 2.3646762891415
397 2.3646521926905
398 2.36463348790001
399 2.3646203291179
400 2.1146203291179
401 1.8646203291179
402 1.6146203291179
403 1.3646203291179
404 1.2
405 1.2
406 1.2
407 1.2
408 1.2
409 1.2
410 1.2
411 1.2
412 1.2
413 1.2
414 1.2
415 1.2
416 1.2
417 1.2
418 1.2
419 1.2
420 1.22192625936001
421 1.28065615839793
422 1.35764056484145
423 1.43927495269044
424 1.5162282136331
425 1.58272374181604
426 1.63581475415713
427 1.67469269025923
428 1.70005966010088
429 1.71358606755747
430 1.71746462835828
431 1.71406320454482
432 1.70567182877079
433 1.69433422310962
434 1.68175098136574
435 1.66924015682909
436 1.657740958252
437 1.6478472499401
438 1.63985923051245
439 1.63384371991522
440 1.62969566018541
441 1.62719553688776
442 1.62605931908088
443 1.62597911386041
444 1.62665400001057
445 1.62781144261299
446 1.62922032080674
447 1.6306969649979
448 1.63210574712096
449 1.63335574991338
450 1.63439490816049
451 1.63520281063365
452 1.63578311281966
453 1.63615626632605
454 1.63635304189217
455 1.63640912282643
456 1.63636088178858
457 1.63624232852465
458 1.63608312809643
459 1.63590753444746
460 1.63573405743991
461 1.63557567676701
462 1.63544042739917
463 1.63533220294761
464 1.6352516507907
465 1.63519706219286
466 1.63516518909434
467 1.63515194480514
468 1.63515296733404
469 1.63516404101644
470 1.63518138446813
471 1.63520182104256
472 1.63522285248889
473 1.63524265809547
474 1.63526004098399
475 1.63527434108177
476 1.63528533125102
477 1.63529310959726
478 1.63529799750431
479 1.63530044972672
480 1.6353009800908
481 1.63530010410268
482 1.63529829806056
483 1.63529597309155
484 1.63529346182177
485 1.63529101506253
486 1.63528880586898
487 1.63528693851607
488 1.63528546026319
489 1.63528437417701
490 1.63528365170088
491 1.63528324405924
492 1.63528309194085
493 1.63528313320098
494 1.63528330855302
495 1.63528356538639
496 1.63528385995454
497 1.63528415823406
498 1.63528443577276
499 1.63528467683165
500 1.63528487309286
501 1.63528502216035
502 1.63528512603122
503 1.6352851896658
504 1.63528521973993
505 1.63528522362458
506 1.63528520860661
507 1.63528518134215
508 1.63528514751771
509 1.63528511168564
510 1.63528507723605
511 1.63528504646806
512 1.63528502072582
513 1.63528500057002
514 1.63528498596097
515 1.63528497643581
516 1.63528497126742
517 1.63528496959798
518 1.63528497054412
519 1.63528497327352
520 1.6352849770554
521 1.63528498128828
522 1.6352849855097
523 1.63528498939215
524 1.63528499272962
525 1.63528499541851
526 1.63528499743608
527 1.63528499881882
528 1.63528499964236
529 1.63528500000426
530 1.63528500000996
531 1.63528499976237
532 1.63528499935466
533 1.63528499886583
534 1.63528499835846
535 1.63528499787799
536 1.63528499745342
537 1.63528499709904
538 1.63528499681703
539 1.63528499660071
540 1.63528499643821
541 1.63528499631632
542 1.6352849962243
543 1.63528499615724
544 1.63528499611885
545 1.63528499612322
546 1.63528499619535
547 1.63528499636995
548 1.63528499668853
549 1.63528499719464
550 1.63528499792795
551 1.63528499891802
552 1.63528500017857
553 1.63528500170332
554 1.63528500346366
555 1.63528500540878
556 1.63528500747319
557 1.63528500958415
558 1.63528501166582
559 1.63528501363535
560 1.63528501539673
561 1.63528501683751
562 1.63528501783023
563 1.63528501823896
564 1.6352850179297
565 1.63528517544162
566 1.63528565264556
567 1.63528651276324
568 1.63528766171624
569 1.63528876969419
570 1.63528922242138
571 1.63528828206956
572 1.63528521504186
573 1.63527939320233
574 1.63527037447294
575 1.63525796690162
576 1.63524227730076
577 1.63522374146954
578 1.63520312799004
579 1.63518150177895
580 1.6351601271162
581 1.63514028290347
582 1.63512305040595
583 1.63510916277463
584 1.63509892870412
585 1.6350922361322
586 1.63508865085028
587 1.63508756902039
588 1.63508834823369
589 1.63509040626444
590 1.63509731588649
591 1.63511098182951
592 1.63513209915349
593 1.63516053261868
594 1.63519424149314
595 1.63522885223873
596 1.63526151932214
597 1.63529059448233
598 1.63531531085491
599 1.63533549959427
600 1.63535135440685
601 1.63536325727143
602 1.63537166882087
603 1.63537706917018
604 1.63537992929023
605 1.63538069901939
606 1.63537980266208
607 1.63537763686539
608 1.63537456817721
609 1.63537092950019
610 1.63536666212818
611 1.63536123116849
612 1.63535414916569
613 1.63534522411554
614 1.6353346219421
615 1.63532281628734
616 1.63531048167454
617 1.63529837050175
618 1.63528720056087
619 1.63527756831466
620 1.635269894203
621 1.63526439976521
622 1.63526111214805
623 1.63525988928305
624 1.63526045826187
625 1.63526245979681
626 1.63526549273414
627 1.63526915405013
628 1.6352730713309
629 1.63527692621773
630 1.63528046855689
631 1.6352835219595
632 1.6352859821311
633 1.63528780969037
634 1.63528901930328
635 1.63528966686779
636 1.63528983625511
637 1.63528962680261
638 1.63528914241066
639 1.63528848276028
640 1.63528773686916
641 1.63528697895751
642 1.63528626641174
643 1.63528563951268
644 1.6352851225312
645 1.6352847257795
646 1.63528444822856
647 1.63528428035182
648 1.63528420691983
649 1.63528420954191
650 1.63528426882086
651 1.63528436605041
652 1.63528448443818
653 1.63528460987847
654 1.63528473132809
655 1.63528484085617
656 1.63528493344611
657 1.63528500662773
658 1.63528506001054
659 1.63528509477917
660 1.635285113199
661 1.63528511816716
662 1.6352851128315
663 1.63528510028908
664 1.63528508336658
665 1.63528506447824
666 1.635285045552
667 1.6352850280117
668 1.63528501280215
669 1.63528500044385
670 1.63528499110553
671 1.63528498468429
672 1.63528498088513
673 1.63528497929414
674 1.63528497944129
675 1.63528498085086
676 1.63528498307891
677 1.63528498573842
678 1.63528498851336
679 1.63528499116369
680 1.63528499352313
681 1.63528499549208
682 1.63528499702722
683 1.63528499812974
684 1.63528499883322
685 1.6352849991924
686 1.63528499927333
687 1.63528499914526
688 1.63528499887457
689 1.63528499852047
690 1.63528499813243
691 1.6352849977491
692 1.63528499739825
693 1.63528499709764
694 1.63528499685639
695 1.63528499667662
696 1.6352849965552
697 1.63528499648541
698 1.63528499645845
699 1.63528499646463
700 1.63528499649443
701 1.63528499653911
702 1.63528499659118
703 1.63528499664467
704 1.6352849966951
705 1.63528499673947
706 1.63528499677608
707 1.63528499680426
708 1.63528499682418
709 1.63528499683661
710 1.63528499684264
711 1.6352849968436
712 1.63528499684079
713 1.63528499683548
714 1.63528499682876
715 1.63528499682153
716 1.63528499681448
717 1.6352849968081
718 1.6352849968027
719 1.6352849967984
720 1.63528499679525
721 1.63528499679316
722 1.63528499679201
723 1.63528499679163
724 1.63528499679185
725 1.6352849967925
726 1.63528499679342
727 1.63528499679449
728 1.6352849967956
729 1.63528499679669
730 1.6352849967976
731 1.63528499679799
732 1.63528499679736
733 1.63528499679525
734 1.63528499679171
735 1.63528499678788
736 1.63528499678661
737 1.63528499679255
738 1.63528499681178
739 1.63528499685066
740 1.63528499691394
741 1.63528499700244
742 1.63528499711027
743 1.63528499722226
744 1.63528499731185
745 1.63528499734007
746 1.63528499725624
747 1.63528499700065
748 1.63528499650963
749 1.63528499572237
750 1.63528499458884
751 1.63528499307774
752 1.63528499118292
753 1.63528498892753
754 1.6352849863649
755 1.63528498357086
756 1.63528498063503
757 1.63528497765439
758 1.63528497473024
759 1.63528497196975
760 1.63528496949224
761 1.63528496743332
762 1.63528496594414
763 1.63528496518523
764 1.63528496531582
765 1.63528496647973
766 1.63528496878915
767 1.63528497230774
768 1.63528497703436
769 1.63528498288974
770 1.63528498970894
771 1.63528499724401
772 1.63528500517948
773 1.63528501315963
774 1.63528502082333
775 1.63528502784057
776 1.63528503394392
777 1.63528503894899
778 1.63528504276207
779 1.63528504537561
780 1.63528504678934
781 1.63528504698425
782 1.63528504592519
783 1.63528504357575
784 1.6352850399376
785 1.63528503510926
786 1.63528502929049
787 1.63528502275702
788 1.63528501582388
789 1.63528500880938
790 1.63528500200639
791 1.63528499566355
792 1.63528498997565
793 1.63528498508114
794 1.63528498106431
795 1.6352849779603
796 1.63528497576122
797 1.63528497442292
798 1.63528497387168
799 1.63528497401093
800 1.88528497401093
801 2.13528497401093
802 2.31844255131406
803 2.39226020257311
804 2.38782440892941
805 2.3317664892228
806 2.24594724453843
807 2.14746056468435
808 2.0489078243039
809 1.95887406419898
810 1.88253170176865
811 1.82230247951917
812 1.77851931619368
813 1.75004346724159
814 1.73480662192286
815 1.73026071567927
816 1.73372939295491
817 1.7426637788515
818 1.75481143050244
819 1.76831121284111
820 1.78172870492823
821 1.79404699628144
822 1.80462680085705
823 1.81314809989107
824 1.81954337446809
825 1.82393019095402
826 1.82654867468367
827 1.8277074000713
828 1.82773952937989
829 1.82696968860065
830 1.82569107923165
831 1.82415166323718
832 1.82254788122831
833 1.82102421767178
834 1.81967695591266
835 1.81856061672275
836 1.8176957996417
837 1.81707740715276
838 1.81668249701572
839 1.81647725571997
840 1.81642280169399
841 1.81647970295337
842 1.8166112279613
843 1.81678544225384
844 1.8169763211755
845 1.81716407677376
846 1.81733490106233
847 1.81748031497619
848 1.81759628835711
849 1.81768226632113
850 1.81774020545888
851 1.81777369255969
852 1.81778719101038
853 1.8177854369249
854 1.81777298893207
855 1.81775392236732
856 1.81773164997924
857 1.8177088465315
858 1.8176874530947
859 1.81766873759331
860 1.81765339055683
861 1.81764163836693
862 1.81763336005415
863 1.81762819746186
864 1.81762565206656
865 1.81762516473443
866 1.81762617710968
867 1.81762817514787
868 1.81763071655797
869 1.81763344466664
870 1.81763609155393
871 1.81763847332435
872 1.81764048016362
873 1.81764206347177
874 1.8176432219284
875 1.81764398789175
876 1.81764441510066
877 1.81764456826569
878 1.81764451481743
879 1.8176443188335
880 1.81764403698862
881 1.8176437162588
882 1.81764339305103
883 1.81764309341359
884 1.8176428339972
885 1.81764262347404
886 1.8176424641708
887 1.8176423537256
888 1.81764228663214
889 1.81764225558267
890 1.81764225256287
891 1.81764226968472
892 1.81764229976814
893 1.81764233669842
894 1.81764237559668
895 1.81764241284401
896 1.81764244599984
897 1.81764247365168
898 1.81764249522783
899 1.81764251079845
900 1.81764252088401
901 1.817642526284
902 1.81764252793337
903 1.81764252679002
904 1.81764252375305
905 1.81764251960935
906 1.81764251500446
907 1.81764251043296
908 1.81764250624343
909 1.81764250265349
910 1.8176424997707
911 1.817642497616
912 1.81764249614722
913 1.81764249528064
914 1.81764249490964
915 1.81764249491963
916 1.81764249519941
917 1.81764249564884
918 1.81764249618353
919 1.81764249673687
920 1.81764249726007
921 1.81764249772086
922 1.81764249810122
923 1.81764249839464
924 1.8176424986033
925 1.8176424987354
926 1.81764249880275
927 1.81764249881882
928 1.81764249879717
929 1.81764249875041
930 1.81764249868944
931 1.81764249862312
932 1.81764249855817
933 1.81764249849923
934 1.81764249844917
935 1.81764249840932
936 1.81764249837982
937 1.81764249835999
938 1.8176424983486
939 1.81764249834413
940 1.81764249834498
941 1.81764249834962
942 1.81764249835667
943 1.81764249836498
944 1.81764249837366
945 1.81764249838205
946 1.8176424983897
947 1.81764249839636
948 1.81764249840191
949 1.81764249840635
950 1.81764249840976
951 1.81764249841223
952 1.8176424984139
953 1.8176424984149
954 1.81764249841534
955 1.81764249841531
956 1.8176424984149
957 1.81764249841415
958 1.8176424984131
959 1.81764249841177
960 1.81764249841017
961 1.81764249840834
962 1.81764249840629
963 1.81764249840406
964 1.81764249840172
965 1.81764233973615
966 1.81764186044485
967 1.81764103968543
968 1.81764008425194
969 1.81763940727015
970 1.8176395493525
971 1.81764107755866
972 1.81764448502682
973 1.81765010448512
974 1.81765804216501
975 1.81766813481592
976 1.81767993126849
977 1.81769270087882
978 1.81770547371674
979 1.81771712103176
980 1.81772648889534
981 1.8177326026256
982 1.81773486914655
983 1.81773317218195
984 1.81772785346694
985 1.81771961252536
986 1.81770937009378
987 1.81769812784517
988 1.81768684582687
989 1.81767634950165
990 1.81766323905534
991 1.81764571620237
992 1.817624206685
993 1.81760118140944
994 1.81757967982793
995 1.81756238756681
996 1.81755115009801
997 1.81754680899213
998 1.81754925783193
999 1.81755762974005
1000 1.81757054580064
1001 1.81758637158584
1002 1.81760344599006
1003 1.81762026150738
1004 1.81763558728728
1005 1.81764853550392
1006 1.81765857783843
1007 1.81766552250366
1008 1.81766946368657
1009 1.81767071506118
1010 1.81766973765481
1011 1.81766707030415
1012 1.81766326861597
1013 1.81765885605678
1014 1.81765428875407
1015 1.81764993392837
1016 1.81764606064814
1017 1.81764284080798
1018 1.81764035783352
1019 1.81763862054614
1020 1.81763757979904
1021 1.81763714584111
1022 1.81763720480306
1023 1.81763763316797
1024 1.81763830953677
1025 1.81763912339405
1026 1.81763998090009
1027 1.81764080797336
1028 1.817641551083
1029 1.81764217625325
1030 1.81764266680093
1031 1.81764302029895
1032 1.8176432451975
1033 1.81764335745326
1034 1.81764337742815
1035 1.8176433272316
1036 1.81764322860122
1037 1.81764310135003
1038 1.81764296235658
1039 1.81764282503781
1040 1.81764269922193
1041 1.81764259132844
1042 1.8176425047624
1043 1.81764244043734
1044 1.81764239735306
1045 1.81764237316972
1046 1.8176423647348
1047 1.81764236853476
1048 1.81764238105626
1049 1.81764239905268
1050 1.81764241972045
1051 1.81764244079511
1052 1.81764246058099
1053 1.81764247792955
1054 1.81764249218175
1055 1.81764250308822
1056 1.81764251071941
1057 1.81764251537508
1058 1.81764251750039
1059 1.81764251761328
1060 1.81764251624556
1061 1.81764251389875
1062 1.81764251101403
1063 1.81764250795481
1064 1.81764250499994
1065 1.81764250234524
1066 1.81764250011087
1067 1.81764249835263
1068 1.81764249707501
1069 1.81764249624472
1070 1.81764249580347
1071 1.81764249567913
1072 1.81764249579504
1073 1.81764249607702
1074 1.81764249645843
1075 1.81764249688317
1076 1.8176424973071
1077 1.81764249769816
1078 1.81764249803557
1079 1.81764249830827
1080 1.81764249851318
1081 1.81764249865325
1082 1.81764249873553
1083 1.8176424987696
1084 1.81764249876607
1085 1.81764249873553
1086 1.81764249868771
1087 1.81764249863103
1088 1.81764249857224
1089 1.8176424985164
1090 1.81764249846699
1091 1.81764249842599
1092 1.81764249839423
1093 1.81764249837159
1094 1.81764249835729
1095 1.81764249835011
1096 1.81764249834865
1097 1.81764249835143
1098 1.81764249835707
1099 1.81764249836435
1100 1.81764249837226
1101 1.81764249838001
1102 1.81764249838707
1103 1.81764249839307
1104 1.81764249839785
1105 1.81764249840139
1106 1.81764249840375
1107 1.81764249840509
1108 1.81764249840558
1109 1.81764249840542
1110 1.8176424984048
1111 1.81764249840391
1112 1.81764249840288
1113 1.81764249840183
1114 1.81764249840084
1115 1.81764249839999
1116 1.81764249839928
1117 1.81764249839875
1118 1.81764249839837
1119 1.81764249839814
1120 1.81764249839803
1121 1.81764249839802
1122 1.81764249839808
1123 1.81764249839818
1124 1.81764249839831
1125 1.81764249839845
1126 1.81764249839859
1127 1.81764249839871
1128 1.81764249839881
1129 1.81764249839889
1130 1.81764249839905
1131 1.8176424983996
1132 1.817642498401
1133 1.81764249840358
1134 1.81764249840706
1135 1.81764249840999
1136 1.8176424984095
1137 1.81764249840139
1138 1.81764249838081
1139 1.81764249834348
1140 1.81764249828747
1141 1.81764249821523
1142 1.81764249813557
1143 1.81764249806534
1144 1.81764249803023
1145 1.81764249806436
1146 1.81764249820824
1147 1.81764249850481
1148 1.81764249899391
1149 1.81764249970559
1150 1.81764250065367
1151 1.81764250183026
1152 1.81764250320269
1153 1.81764250471323
1154 1.81764250628218
1155 1.81764250781907
1156 1.81764250923424
1157 1.81764251044548
1158 1.81764251137847
1159 1.81764251196347
1160 1.81764251213182
1161 1.81764251181468
1162 1.81764251094536
1163 1.81764250946541
1164 1.81764250733361
1165 1.81764250453682
1166 1.81764250110124
1167 1.81764249710254
1168 1.81764249267319
1169 1.817642488005
1170 1.81764248334449
1171 1.81764247897777
1172 1.81764247520399
1173 1.8176424723012
1174 1.81764247049138
1175 1.81764246991157
1176 1.81764247059644
1177 1.81764247247441
1178 1.81764247537729
1179 1.81764247906062
1180 1.81764248329643
1181 1.81764248791001
1182 1.81764249276776
1183 1.8176424977367
1184 1.81764250265244
1185 1.81764250730917
1186 1.81764251147175
1187 1.81764251490271
1188 1.81764251739512
1189 1.81764251880261
1190 1.81764251906066
1191 1.81764251819584
1192 1.81764251632262
1193 1.81764251362929
1194 1.81764251035634
1195 1.81764250677066
1196 1.81764250313945
1197 1.81764249970684
1198 1.81764249667536
1199 1.81764249419376
1200 1.81764249235138
