1 2
2 2
3 2
4 2
5 2
6 2
7 2
8 2
9 2
10 2
11 2
12 2
13 2
14 2
15 2
16 2
17 2
18 2
19 2
20 2
21 2
22 2
23 2
24 2
25 2
26 2
27 2
28 2
29 2
30 2.25
31 2.28499411764706
32 2.32028823529412
33 2.35558235294118
34 2.39087647058824
35 2.42617058823529
36 2.46146470588235
37 2.49675882352941
38 2.53205294117647
39 2.56734705882353
40 2.60140320985368
41 2.6331259378528
42 2.66254730996526
43 2.68967692483574
44 2.71450973598135
45 2.7370299008504
46 2.75721375036395
47 2.77503207349454
48 2.79045186969177
49 2.8
50 2.8
51 2.8
52 2.8
53 2.8
54 2.8
55 2.79829883807541
56 2.79427295315587
57 2.78798901063003
58 2.77952345151695
59 2.76897897284674
60 2.75651478299575
61 2.74230756149149
62 2.72650701529686
63 2.7092412900973
64 2.69062117201632
65 2.6707518120876
66 2.64974468631821
67 2.62771932795941
68 2.6048016638282
69 2.58112246661191
70 2.55681566408321
71 2.53201657445183
72 2.50686046332966
73 2.48148153267301
74 2.4560122207341
75 2.43058268341359
76 2.40532031565669
77 2.38034924495726
78 2.35578980263958
79 2.33175799199402
80 2.30836496928604
81 2.28571655207262
82 2.26391276577207
83 2.2430474342745
84 2.22320781620465
85 2.20447428613669
86 2.18692005937975
87 2.1706109593204
88 2.15560522686206
89 2.14195337182247
90 2.12969806623807
91 2.11887407944079
92 2.10950825457249
93 2.10161952594536
94 2.0952189763955
95 2.09030993354191
96 2.08688810366371
97 2.08494174173889
98 2.08445185604071
99 2.0853924455535
100 2.08773076834688
101 2.09142763893276
102 2.09643775252475
103 2.10271003402556
104 2.11018800948513
105 2.11881019770266
106 2.12851051958917
107 2.13921872286381
108 2.15086081962759
109 2.16335953434117
110 2.17663475972971
111 2.19060401814626
112 2.20518292594626
113 2.2202856584586
114 2.23582541318293
115 2.25171486889868
116 2.26786663843703
117 2.28419371294375
118 2.30060989554596
119 2.31703022243108
120 2.33337136944846
121 2.34955204245523
122 2.3654933497445
123 2.38111915501793
124 2.39635640949316
125 2.41113546186991
126 2.42539034501618
127 2.4390590383756
128 2.45208370524036
129 2.46441090417775
130 2.4759917740436
131 2.48678219216075
132 2.49674290538513
133 2.50583963392473
134 2.51404314791773
135 2.52132931691374
136 2.52767913253703
137 2.53307870474084
138 2.53751923218793
139 2.54099694741303
140 2.54351303753828
141 2.5450735414211
142 2.54568922421667
143 2.54537543043217
144 2.54415191663827
145 2.54204266508324
146 2.53907567952799
147 2.53528276468446
148 2.53069929069587
149 2.52536394414528
150 2.51931846711782
151 2.51260738587304
152 2.50527773070582
153 2.49737874858823
154 2.48896161019028
155 2.48007911287445
156 2.47078538124862
157 2.46113556684289
158 2.45118554845009
159 2.44099163463605
160 2.43061026988528
161 2.42009774580082
162 2.40950991872342
163 2.3989019350762
164 2.38832796567611
165 2.37784095018387
166 2.36749235278968
167 2.3573319301538
168 2.34740751253871
169 2.33776479898473
170 2.3284471672929
171 2.3194954994891
172 2.31094802335149
173 2.3028401704909
174 2.2952044513799
175 2.28807034763307
176 2.28146422174715
177 2.27540924441763
178 2.26992533945654
179 2.2650291462468
180 2.26073399958068
181 2.25704992664485
182 2.25398366083209
183 2.25153867198099
184 2.24971521256904
185 2.24851037931321
186 2.24791818956477
187 2.24792967182167
188 2.24853296962389
189 2.24971345804347
190 2.25145387193251
191 2.25373444504915
192 2.25653305914374
193 2.25982540205464
194 2.26358513383619
195 2.26778405991958
196 2.27239231029149
197 2.27737852366438
198 2.28271003560733
199 2.28835306960627
200 2.2942729300278
201 2.30043419597111
202 2.30680091500796
203 2.31333679583079
204 2.32000539885355
205 2.32677032383915
206 2.33359539366038
207 2.3404448333384
208 2.34728344354327
209 2.35407676778548
210 2.3607912525739
211 2.36739439986599
212 2.37385491118785
213 2.38014282285643
214 2.38622963179223
215 2.39208841146861
216 2.39769391760269
217 2.40302268325255
218 2.4080531030456
219 2.41276550632364
220 2.41714221905038
221 2.42116761438723
222 2.42482815190236
223 2.42811240543652
224 2.43101107970604
225 2.4335170157788
226 2.43562518561313
227 2.43733267590089
228 2.43863866150572
229 2.4395443688346
230 2.44005302952487
231 2.44016982487109
232 2.43990182145421
233 2.43925789847145
234 2.43824866729742
235 2.43688638383612
236 2.43518485424909
237 2.43315933466701
238 2.43082642551076
239 2.42820396106303
240 2.42531089494322
241 2.42216718214605
242 2.41879365830932
243 2.41521191687678
244 2.41144418482011
245 2.40751319757814
246 2.40344207386268
247 2.39925419096806
248 2.39497306120684
249 2.39062221007601
250 2.38622505673742
251 2.38180479737327
252 2.37738429195163
253 2.37298595490952
254 2.36863165023104
255 2.36434259136669
256 2.36013924640643
257 2.35604124888479
258 2.35206731455982
259 2.34823516447128
260 2.34456145454519
261 2.34106171197388
262 2.3377502785614
263 2.33464026118557
264 2.33174348948861
265 2.32907048086953
266 2.32663041281321
267 2.3244311025528
268 2.32247899402549
269 2.32077915204497
270 2.31933526357937
271 2.318149645989
272 2.31722326204642
273 2.31655574152996
274 2.31614540915272
275 2.3159893185618
276 2.31608329211666
277 2.31642196613198
278 2.31699884124898
279 2.31780633757944
280 2.31883585424982
281 2.32007783295736
282 2.32152182513783
283 2.32315656233355
284 2.32497002934272
285 2.32694953972453
286 2.32908181323159
287 2.33135305473913
288 2.33374903424192
289 2.33625516749218
290 2.33885659685738
291 2.34153827198372
292 2.34428502986
293 2.34708167388787
294 2.34991305157702
295 2.35276413049821
296 2.35562007214331
297 2.35846630335863
298 2.36128858503699
299 2.36407307777388
300 2.36680640421402
301 2.36947570783714
302 2.37206870795453
303 2.37457375071145
304 2.37697985591511
305 2.37927675953233
306 2.38145495172598
307 2.38350571032479
308 2.38542112964587
309 2.38719414461475
310 2.38881855015266
311 2.39028901582509
312 2.39160109577013
313 2.39275123394841
314 2.39373676477953
315 2.3945559092519
316 2.39520776661415
317 2.39569230177662
318 2.39601032857065
319 2.39616348903143
320 2.39615422888723
321 2.39598576945337
322 2.39566207614362
323 2.39518782382494
324 2.39456835925269
325 2.39380966083393
326 2.39291829597495
327 2.39190137627651
328 2.390766510846
329 2.38952175799987
330 2.38817557563291
331 2.38673677053167
332 2.38521444691002
333 2.38361795444254
334 2.38195683606936
335 2.38024077584121
336 2.37847954706861
337 2.37668296103173
338 2.37486081650038
339 2.37302285030391
340 2.37117868918115
341 2.36933780312961
342 2.36750946046096
343 2.36570268475734
344 2.36392621390959
345 2.36218846140437
346 2.36049748001243
347 2.35886092801516
348 2.35728603809115
349 2.35577958896835
350 2.35434787993155
351 2.35299670825869
352 2.35173134964296
353 2.35055654164181
354 2.34947647017737
355 2.34849475909731
356 2.34761446278912
357 2.34683806182556
358 2.34616746160419
359 2.34560399392933
360 2.3451484214709
361 2.34480094502131
362 2.34456121345897
363 2.34442833631501
364 2.34440089882851
365 2.34447697936546
366 2.34465416906684
367 2.34492959358264
368 2.3452999367409
369 2.34576146599403
370 2.34631005947852
371 2.34694123451947
372 2.34765017740713
373 2.34843177426965
374 2.34928064286415
375 2.35019116510691
376 2.35115752016338
377 2.35217371791934
378 2.35323363265607
379 2.35433103675473
380 2.35545963425869
381 2.35661309412629
382 2.3577850830116
383 2.35896929741615
384 2.36015949506101
385 2.36134952533537
386 2.3625333586853
387 2.36370511481447
388 2.36485908957702
389 2.36598978045184
390 2.36709191049692
391 2.36816045069185
392 2.36919064058691
393 2.37017800718707
394 2.37111838200962
395 2.37200791626475
396 2.3728430941188
397 2.37362074401028
398 2.37433804799955
399 2.37499254914305
400 2.12499254914305
401 2.05552730749166
402 1.98539410234672
403 1.9151919552338
404 1.84492025630126
405 1.77457876020753
406 1.70416758024073
407 1.63368718073533
408 1.56313836785728
409 1.49252227883637
410 1.42308125600649
411 1.35608797812812
412 1.29181549129572
413 1.23051383119052
414 1.2
415 1.2
416 1.2
417 1.2
418 1.2
419 1.2
420 1.2
421 1.2
422 1.2
423 1.2
424 1.2
425 1.2
426 1.2
427 1.2
428 1.2
429 1.2
430 1.20133174762947
431 1.20490405516174
432 1.21055333603133
433 1.21813592918733
434 1.22752448921103
435 1.23860513550786
436 1.25127519468227
437 1.26544140678202
438 1.28101849459465
439 1.29792801738042
440 1.31609085308765
441 1.33541703777495
442 1.35580440287329
443 1.37714203518809
444 1.39931292057533
445 1.42219597027638
446 1.44566757639667
447 1.46960280785252
448 1.49387633138455
449 1.51836312193189
450 1.54293904389774
451 1.56748141141205
452 1.59186958546636
453 1.61598559292781
454 1.63971473735722
455 1.66294618299689
456 1.68557350107632
457 1.7074951728267
458 1.72861504705482
459 1.74884275234701
460 1.76809406517846
461 1.78629123535813
462 1.80336326964429
463 1.81924617372124
464 1.83388315243486
465 1.84722476818834
466 1.85922905755991
467 1.86986160643241
468 1.87909558416873
469 1.88691173759801
470 1.89329834578122
471 1.89825113669917
472 1.9017731671574
473 1.90387466734084
474 1.90457285158053
475 1.90389169701923
476 1.9018616919799
477 1.89851955595089
478 1.89390793320154
479 1.88807506213157
480 1.88107442253502
481 1.87296436302527
482 1.8638077109206
483 1.85367136693062
484 1.84262588701243
485 1.83074505378142
486 1.818105439866
487 1.804785965588
488 1.79086745333083
489 1.77643218092721
490 1.76156343635638
491 1.7463450759884
492 1.73086108855062
493 1.71519516691927
494 1.69943028975763
495 1.6836483149323
496 1.66792958654139
497 1.65235255728291
498 1.63699342778
499 1.62192580436175
500 1.60722037667519
501 1.59294461637646
502 1.57916249801783
503 1.56593424311254
504 1.55331608822278
505 1.54136007777764
506 1.53011388218859
507 1.51962064169068
508 1.50991883619865
509 1.50104218132973
510 1.49301955060914
511 1.48587492374114
512 1.47962736069881
513 1.47429100125944
514 1.46987508949063
515 1.46638402257578
516 1.46381742325548
517 1.46217023505655
518 1.46143283938027
519 1.46159119342949
520 1.46262698786785
521 1.46451782302653
522 1.46723740240264
523 1.4707557421305
524 1.47503939505174
525 1.48005168796302
526 1.48575297058107
527 1.49210087473407
528 1.49905058226543
529 1.50655510012173
530 1.51456554108965
531 1.52303140864861
532 1.53190088441435
533 1.54112111666584
534 1.55063850847156
535 1.56039900396242
536 1.57034837133622
537 1.58043248122288
538 1.59059757909004
539 1.60079055042432
540 1.61095917748545
541 1.62105238649601
542 1.63102048420085
543 1.64081538280461
544 1.65039081237419
545 1.65970251987434
546 1.66870845408872
547 1.67736893576475
548 1.68564681240847
549 1.6935075972448
550 1.7009195919481
551 1.70785399283812
552 1.7142849803261
553 1.720189791485
554 1.72554877570562
555 1.73034543348735
556 1.73456643849613
557 1.73820164310519
558 1.741244067713
559 1.74368987420989
560 1.74553832403747
561 1.74679172135463
562 1.74745534188944
563 1.74753734811718
564 1.74704869146194
565 1.74600300227106
566 1.74441646835921
567 1.74230770296124
568 1.73969760297014
569 1.73660919836868
570 1.73306749379018
571 1.72909930316535
572 1.7247330784287
573 1.71999873326881
574 1.71492746291307
575 1.70955156093774
576 1.70390423409027
577 1.69801941610154
578 1.69193158145144
579 1.68567556003301
580 1.67928635363705
581 1.67279895515188
582 1.66624817134193
583 1.65966845003342
584 1.65309371249721
585 1.64655719177696
586 1.64009127766596
587 1.63372736898855
588 1.62749573379236
589 1.6214253780053
590 1.61554392305791
591 1.60987749291608
592 1.60445061091299
593 1.5992861067118
594 1.59440503367259
595 1.58982659683929
596 1.585568091704
597 1.58164485384851
598 1.57807021950577
599 1.57485549702784
600 1.5720099491916
601 1.56954078622049
602 1.56745316934779
603 1.56575022469771
604 1.56443306721198
605 1.56350083430461
606 1.56295072888376
607 1.56277807133977
608 1.56297636006055
609 1.56353734000078
610 1.56445107879993
611 1.56570604991584
612 1.56728922221505
613 1.56918615543977
614 1.57138110095241
615 1.5738571071441
616 1.57659612888138
617 1.5795791403575
618 1.58278625070965
619 1.5861968217619
620 1.58978958725545
621 1.59354277293266
622 1.59743421684945
623 1.60144148930165
624 1.60554201176488
625 1.60971317426433
626 1.61393245061006
627 1.61817751095537
628 1.62242633115999
629 1.62665729846605
630 1.63084931302324
631 1.63498188482959
632 1.63903522568596
633 1.64299033579566
634 1.64682908467472
635 1.6505342860739
636 1.65408976664963
637 1.65748042815797
638 1.66069230298284
639 1.66371260284727
640 1.66652976059407
641 1.66913346495947
642 1.67151468830039
643 1.67366570727262
644 1.67558011649264
645 1.67725283525114
646 1.67868010737993
647 1.67985949440667
648 1.68078986216346
649 1.6814713610449
650 1.68190540014004
651 1.68209461548893
652 1.68204283273959
653 1.6817550245041
654 1.6812372627337
655 1.68049666645153
656 1.67954134519883
657 1.67838033856502
658 1.67702355218479
659 1.67548169059559
660 1.67376618735749
661 1.67188913284288
662 1.66986320010786
663 1.6677015692585
664 1.66541785072478
665 1.66302600785261
666 1.66054027921957
667 1.6579751010737
668 1.65534503028606
669 1.65266466819756
670 1.6499485857288
671 1.64721125010769
672 1.64446695355487
673 1.64172974425004
674 1.63901335988468
675 1.63633116408744
676 1.63369608598835
677 1.63112056316685
678 1.62861648820673
679 1.62619515905855
680 1.62386723338656
681 1.62164268705378
682 1.61953077687493
683 1.6175400077424
684 1.61567810420665
685 1.61395198656789
686 1.61236775151222
687 1.61093065730149
688 1.60964511350294
689 1.60851467522206
690 1.60754204177978
691 1.60672905975395
692 1.60607673028424
693 1.60558522052031
694 1.60525387907403
695 1.60508125531931
696 1.60506512236642
697 1.60520250352257
698 1.60548970203638
699 1.60592233391145
700 1.60649536356248
701 1.60720314207776
702 1.60803944784315
703 1.60899752927533
704 1.61007014940654
705 1.61124963205865
706 1.61252790934127
707 1.61389657020741
708 1.61534690979974
709 1.61686997932188
710 1.61845663617163
711 1.62009759407698
712 1.62178347298041
713 1.62350484842385
714 1.62525230019348
715 1.62701645999223
716 1.62878805791749
717 1.63055796753157
718 1.63231724932399
719 1.63405719237679
720 1.63576935405662
721 1.63744559757102
722 1.6390781272403
723 1.64065952135074
724 1.64218276246993
725 1.64364126512009
726 1.64502890072081
727 1.64634001972803
728 1.6475694709119
729 1.64871261773167
730 1.64976535178137
731 1.65072410329525
732 1.65158584871743
733 1.65234811535446
734 1.6530089831445
735 1.65356708359025
736 1.65402159591667
737 1.65437224052717
738 1.65461926984405
739 1.65476345663108
740 1.65480607990633
741 1.65474890856395
742 1.65459418283257
743 1.65434459370669
744 1.65400326049497
745 1.65357370663592
746 1.65305983393756
747 1.65246589540242
748 1.65179646680324
749 1.65105641717798
750 1.65025087841473
751 1.6493852140986
752 1.64846498779281
753 1.64749593092601
754 1.64648391045615
755 1.64543489647928
756 1.64435492994862
757 1.64325009066525
758 1.64212646569745
759 1.64099011838051
760 1.63984705804261
761 1.63870321059624
762 1.63756439012726
763 1.63643627160607
764 1.63532436483745
765 1.63423398975672
766 1.63317025317138
767 1.63213802703763
768 1.63114192835213
769 1.63018630072923
770 1.62927519772414
771 1.62841236795253
772 1.62760124204677
773 1.62684492147919
774 1.62614616927237
775 1.62550740260683
776 1.62493068732632
777 1.62441773433172
778 1.62396989784467
779 1.62358817551346
780 1.62327321032429
781 1.62302529427333
782 1.62284437374619
783 1.62273005654442
784 1.62268162049105
785 1.62269802354081
786 1.62277791531431
787 1.62291964996985
788 1.62312130032156
789 1.6233806731078
790 1.6236953253101
791 1.62406258141924
792 1.6244795515425
793 1.62494315024385
794 1.62545011600716
795 1.62599703121175
796 1.62658034250884
797 1.62719638148782
798 1.62784138552195
799 1.62851151868426
800 1.78817642203806
801 1.80638217554978
802 1.82475131858071
803 1.84312992885862
804 1.86151411277473
805 1.87990002456214
806 1.89828388485674
807 1.91666199855884
808 1.9350307719185
809 1.95338672877312
810 1.9709393101821
811 1.98701227444185
812 2.00166426941469
813 2.01493358870995
814 2.02684425327217
815 2.03740947871194
816 2.04663436502945
817 2.0545179803025
818 2.06105497262181
819 2.0662368148469
820 2.07005666180342
821 2.07251632357972
822 2.07362794868047
823 2.07341227510323
824 2.07189735643151
825 2.06911762399875
826 2.06511319239298
827 2.05992934024044
828 2.05361611651216
829 2.04622803613988
830 2.0378238194146
831 2.02846611102814
832 2.01822114195288
833 2.0071583438017
834 1.99534993643655
835 1.98287050226641
836 1.96979655577753
837 1.95620611356872
838 1.94217826801844
839 1.92779276633159
840 1.91312959595034
841 1.89826857718875
842 1.88328896430852
843 1.86826905666323
844 1.85328582173245
845 1.83841453187067
846 1.82372841649652
847 1.80929833130088
848 1.79519244588913
849 1.78147595111216
850 1.76821078719001
851 1.75545539359438
852 1.74326448152613
853 1.73168882969711
854 1.72077510399792
855 1.71056570150357
856 1.70109861913776
857 1.69240734718536
858 1.68452078771184
859 1.67746319782021
860 1.67125415755027
861 1.6659085621035
862 1.66143663795905
863 1.65784398233357
864 1.65513162532984
865 1.6532961140167
866 1.65232961758637
867 1.65222005264501
868 1.65295122760857
869 1.65450300509921
870 1.65685148116766
871 1.65996918010467
872 1.66382526354963
873 1.66838575255716
874 1.67361376124299
875 1.67946974059861
876 1.68591173104008
877 1.69289562224027
878 1.70037541878507
879 1.70830351019319
880 1.71663094384548
881 1.72530769938337
882 1.73428296315691
883 1.74350540132994
884 1.75292343028445
885 1.76248548300603
886 1.77214027017858
887 1.78183703476813
888 1.79152579893244
889 1.80115760215474
890 1.8106847295658
891 1.82006092948886
892 1.829241619315
893 1.83818407889353
894 1.84684763070093
895 1.85519380613347
896 1.8631864973516
897 1.87079209418889
898 1.87797960572318
899 1.88472076619356
900 1.89099012503211
901 1.89676512086447
902 1.90202613941745
903 1.9067565553546
904 1.91094275814178
905 1.91457416212376
906 1.91764320106932
907 1.92014530751608
908 1.92207887731677
909 1.92344521985609
910 1.9242484944703
911 1.92449563366183
912 1.92419625375598
913 1.9233625536983
914 1.92200920273726
915 1.920153217779
916 1.91781383123764
917 1.91501235023696
918 1.91177200804609
919 1.90811780865426
920 1.90407636540661
921 1.89967573463509
922 1.89494524522575
923 1.88991532506579
924 1.88461732531126
925 1.8790833434087
926 1.87334604579247
927 1.8674384911628
928 1.86139395522915
929 1.85524575777864
930 1.84902709290093
931 1.84277086316829
932 1.83650951853447
933 1.83027490067656
934 1.82409809346276
935 1.81800928018432
936 1.8120376081432
937 1.80621106113814
938 1.80055634034127
939 1.7950987540051
940 1.78986211638648
941 1.78486865621971
942 1.78013893501631
943 1.77569177541347
944 1.77154419973798
945 1.76771137889756
946 1.76420659165679
947 1.76104119430108
948 1.75822460063948
949 1.75576427224573
950 1.75366571878674
951 1.75193250823982
952 1.75056628675365
953 1.74956680786356
954 1.74893197073058
955 1.74865786703366
956 1.74873883610852
957 1.74916752789228
958 1.74993497320219
959 1.75103066084903
960 1.75244262106042
961 1.75415751466803
962 1.75616072749378
963 1.75843646935498
964 1.76096787709622
965 1.76373712104697
966 1.76672551429834
967 1.7699136241898
968 1.77328138539758
969 1.77680821402014
970 1.78047312206284
971 1.78425483173363
972 1.78813188897405
973 1.79208277566498
974 1.79608601996414
975 1.80012030425253
976 1.80416457018938
977 1.8081981203994
978 1.81220071634282
979 1.81615267194652
980 1.82003494260458
981 1.8238292091874
982 1.82751795673125
983 1.8310845475131
984 1.83451328825023
985 1.83778949119857
986 1.84089952895943
987 1.84383088283969
988 1.84657218464624
989 1.84911325183119
990 1.85144511593959
991 1.85356004434637
992 1.85545155530341
993 1.85711442635128
994 1.85854469618265
995 1.85973966007583
996 1.86069785904748
997 1.86141906290192
998 1.86190424738255
999 1.86215556565628
1000 1.86217631438641
1001 1.86197089467157
1002 1.86154476814929
1003 1.86090440858107
1004 1.86005724925267
1005 1.85901162653824
1006 1.85777671998923
1007 1.85636248931973
1008 1.85477960866831
1009 1.85303939852308
1010 1.85115375570031
1011 1.84913508177015
1012 1.84699621032211
1013 1.84475033346219
1014 1.84241092792892
1015 1.83999168121054
1016 1.83750641803772
1017 1.8349690276172
1018 1.83239339196072
1019 1.82979331565116
1020 1.82718245737391
1021 1.82457426352595
1022 1.8219819041987
1023 1.81941821181285
1024 1.81689562266413
1025 1.8144261216199
1026 1.81202119018488
1027 1.80969175813385
1028 1.8074481588865
1029 1.80530008877772
1030 1.80325657035359
1031 1.80132591980043
1032 1.79951571859136
1033 1.79783278941153
1034 1.79628317640059
1035 1.79487212972813
1036 1.79360409449548
1037 1.79248270393584
1038 1.79151077686292
1039 1.79069031929819
1040 1.79002253018675
1041 1.78950781109289
1042 1.78914577974855
1043 1.78893528731048
1044 1.78887443916638
1045 1.78896061911497
1046 1.78919051673159
1047 1.78956015771833
1048 1.79006493702639
1049 1.79069965452881
1050 1.79145855301261
1051 1.79233535825257
1052 1.79332332092288
1053 1.794415260098
1054 1.79560360809145
1055 1.7968804563789
1056 1.79823760235157
1057 1.79966659664677
1058 1.80115879080431
1059 1.80270538500079
1060 1.80429747561833
1061 1.8059261024098
1062 1.80758229502928
1063 1.8092571187044
1064 1.8109417188356
1065 1.81262736431742
1066 1.81430548938695
1067 1.81596773381633
1068 1.81760598127759
1069 1.8192123957214
1070 1.82077945562386
1071 1.82229998596955
1072 1.82376718785284
1073 1.82517466559402
1074 1.8265164512813
1075 1.82778702666462
1076 1.82898134234203
1077 1.83009483419424
1078 1.83112343703785
1079 1.83206359548243
1080 1.832912271991
1081 1.83366695215773
1082 1.83432564723052
1083 1.83488689391945
1084 1.83534975154518
1085 1.83571379659376
1086 1.83597911475601
1087 1.83614629054118
1088 1.83621639456483
1089 1.8361909686208
1090 1.83607200865639
1091 1.83586194577792
1092 1.83556362542148
1093 1.83518028483037
1094 1.83471552898641
1095 1.83417330514752
1096 1.83355787614765
1097 1.83287379261885
1098 1.83212586429715
1099 1.83131913057584
1100 1.83045883046987
1101 1.82955037215547
1102 1.82859930224737
1103 1.82761127497475
1104 1.82659202141407
1105 1.8255473189336
1106 1.8244829610005
1107 1.82340472749635
1108 1.82231835568172
1109 1.8212295119443
1110 1.82014376445842
1111 1.81906655687689
1112 1.81800318316817
1113 1.81695876370423
1114 1.81593822269576
1115 1.81494626706282
1116 1.81398736682
1117 1.81306573704592
1118 1.8121853214975
1119 1.81134977792
1120 1.81056246509394
1121 1.80982643165096
1122 1.80914440668041
1123 1.80851879213948
1124 1.80795165707011
1125 1.80744473361653
1126 1.80699941482862
1127 1.80661675422717
1128 1.80629746709888
1129 1.80604193348077
1130 1.80585020278572
1131 1.80572200001375
1132 1.80565673348651
1133 1.80565350403594
1134 1.80571111557228
1135 1.8058280869506
1136 1.80600266505065
1137 1.80623283897973
1138 1.80651635530485
1139 1.80685073421662
1140 1.80723328652497
1141 1.80766113138405
1142 1.80813121464235
1143 1.80864032771275
1144 1.80918512685668
1145 1.80976215277654
1146 1.81036785041095
1147 1.81099858882875
1148 1.81165068111863
1149 1.81232040417396
1150 1.81300401827436
1151 1.81369778636881
1152 1.81439799296833
1153 1.81510096256022
1154 1.81580307745954
1155 1.81650079501879
1156 1.81719066412063
1157 1.8178693408844
1158 1.81853360352195
1159 1.81918036628423
1160 1.81980669244562
1161 1.82040980627906
1162 1.82098710398093
1163 1.82153616351089
1164 1.8220547533179
1165 1.82254083993007
1166 1.82299259439201
1167 1.82340839753958
1168 1.82378684410797
1169 1.8241267456752
1170 1.82442713244877
1171 1.82468725390909
1172 1.8249065783287
1173 1.82508479119176
1174 1.82522179254322
1175 1.8253176933022
1176 1.82537281057828
1177 1.82538766203413
1178 1.82536295934161
1179 1.82529960078218
1180 1.82519866304601
1181 1.82506139228685
1182 1.82488919449271
1183 1.82468362523436
1184 1.82444637885601
1185 1.82417927717362
1186 1.82388425774793
1187 1.82356336179996
1188 1.82321872183711
1189 1.82285254905838
1190 1.82246712060677
1191 1.82206476673658
1192 1.82164785796223
1193 1.82121879225414
1194 1.82077998234569
1195 1.8203338432134
1196 1.81988277979047
1197 1.81942917497128
1198 1.81897537796211
1199 1.81852369303035
1200 1.81807636870132
