1 2
2 2
3 2
4 2
5 2
6 2
7 2
8 2
9 2
10 2
11 2
12 2
13 2
14 2
15 2
16 2
17 2
18 2
19 2
20 2
21 2
22 2
23 2
24 2
25 2
26 2
27 2
28 2
29 2
30 2.25
31 2.28224
32 2.31474
33 2.34724
34 2.37974
35 2.41224
36 2.44474
37 2.47724
38 2.50974
39 2.54224
40 2.57366337375125
41 2.60306225885612
42 2.63047300799918
43 2.65591103694303
44 2.67937777600938
45 2.70086427839687
46 2.72035400652826
47 2.73782497836426
48 2.75325141634489
49 2.76660501002573
50 2.77786051536625
51 2.78700405099949
52 2.79403535050581
53 2.79896595876927
54 2.8
55 2.8
56 2.79879763925769
57 2.79563640540449
58 2.79057208998431
59 2.78366768360621
60 2.77499303297806
61 2.76462447751221
62 2.75264442560022
63 2.73914087771269
64 2.72421474461266
65 2.70797300717998
66 2.69051786910592
67 2.67195189502346
68 2.65238105339107
69 2.63191405695263
70 2.61066173243373
71 2.58873641189933
72 2.56625134355562
73 2.5433201209879
74 2.52005609696053
75 2.49657178399511
76 2.4729783160211
77 2.44938498080564
78 2.42589877873729
79 2.40262399503335
80 2.37966178886514
81 2.35710980220742
82 2.33506179070641
83 2.31360727844949
84 2.29283123832707
85 2.2728137996369
86 2.25362998421917
87 2.23534947177231
88 2.21803639460995
89 2.20174916201067
90 2.18654031424608
91 2.17245640628307
92 2.15953792105026
93 2.147819212045
94 2.13732847493834
95 2.12808774771337
96 2.1201129387498
97 2.11341388214808
98 2.1079944194743
99 2.10385250700284
100 2.10098034743709
101 2.09936454499907
102 2.09898628269656
103 2.09982152050078
104 2.10184121309977
105 2.1050115458317
106 2.10929418734898
107 2.11464655751838
108 2.1210221090244
109 2.1283706211127
110 2.13663850388806
111 2.14576911156638
112 2.15570306307292
113 2.16637856837922
114 2.17773175897855
115 2.18969702091422
116 2.20220732879662
117 2.21519457927289
118 2.22858992244753
119 2.24232408979299
120 2.25632771713539
121 2.27053166135241
122 2.28486730947749
123 2.29926687896567
124 2.3136637079429
125 2.32799253433025
126 2.34218976280818
127 2.35619371866271
128 2.36994488763475
129 2.38338614097572
130 2.39646294499618
131 2.40912355447952
132 2.42131918941896
133 2.43300419462301
134 2.44413618182188
135 2.45467615399423
136 2.46458861172019
137 2.4738416414522
138 2.48240698567956
139 2.49026009504506
140 2.49738016255297
141 2.50375014008575
142 2.50935673752294
143 2.51419040482805
144 2.5182452975394
145 2.52151922616679
146 2.52401359005852
147 2.52573329636206
148 2.52668666475621
149 2.52688531868319
150 2.52634406385507
151 2.52508075485054
152 2.52311615065525
153 2.52047376003119
154 2.51717967762835
155 2.51326241177489
156 2.50875270490037
157 2.50368334756007
158 2.49808898703737
159 2.49200593150543
160 2.48547195072905
161 2.47852607428302
162 2.4712083882541
163 2.46355983138056
164 2.45562199156593
165 2.44743690368235
166 2.43904684955412
167 2.43049416098354
168 2.42182102664939
169 2.41306930367353
170 2.4042803346135
171 2.39549477059841
172 2.38675240128277
173 2.37809199224783
174 2.36955113043315
175 2.36116607813266
176 2.3529716360392
177 2.34500101577082
178 2.33728572225967
179 2.32985544633199
180 2.32273796775427
181 2.31595906896795
182 2.30954245968125
183 2.30350971243456
184 2.29788020920325
185 2.29267109905049
186 2.28789726679216
187 2.28357131258699
188 2.27970354231697
189 2.2763019685773
190 2.27337232205039
191 2.27091807299638
192 2.26894046255199
193 2.26743854349161
194 2.26640923006885
195 2.26584735652332
196 2.26574574380685
197 2.26609527405549
198 2.26688497230803
199 2.26810209494959
200 2.26973222433899
201 2.27175936906185
202 2.27416606923758
203 2.27693350629717
204 2.28004161664081
205 2.28346920857875
206 2.28719408195671
207 2.29119314986701
208 2.29544256184997
209 2.29991782799553
210 2.30459394336328
211 2.30944551214977
212 2.3144468710451
213 2.31957221123587
214 2.32479569852916
215 2.33009159109173
216 2.3354343543197
217 2.34079877237749
218 2.34616005596905
219 2.35149394593099
220 2.35677681226456
221 2.36198574825189
222 2.36709865933211
223 2.3720943464429
224 2.37695258356461
225 2.38165418923588
226 2.3861810918416
227 2.39051638850674
228 2.39464439746183
229 2.3985507037784
230 2.40222219840487
231 2.40564711046521
232 2.40881503281403
233 2.41171694087252
234 2.41434520479961
235 2.41669359508183
236 2.41875728165344
237 2.42053282668561
238 2.42201817120894
239 2.42321261575845
240 2.42411679525329
241 2.42473264834505
242 2.42506338148894
243 2.4251134280105
244 2.42488840245806
245 2.42439505054571
246 2.42364119500608
247 2.42263567768343
248 2.4213882982082
249 2.41990974960228
250 2.41821155117115
251 2.4163059790437
252 2.414205994724
253 2.41192517202039
254 2.40947762271724
255 2.40687792135289
256 2.40414102946346
257 2.40128221964754
258 2.39831699979986
259 2.39526103785433
260 2.39213008736715
261 2.38893991426021
262 2.38570622503301
263 2.38244459673822
264 2.37917040900189
265 2.37589877835416
266 2.37264449512039
267 2.36942196310565
268 2.3662451422882
269 2.36312749471927
270 2.36008193380788
271 2.35712077715038
272 2.35425570304487
273 2.35149771081121
274 2.34885708501742
275 2.34634336369336
276 2.34396531059315
277 2.34173089154771
278 2.33964725492963
279 2.33772071623356
280 2.33595674675622
281 2.3343599663422
282 2.33293414014384
283 2.33168217932625
284 2.3306061456323
285 2.32970725970649
286 2.32898591306161
287 2.32844168355819
288 2.32807335425346
289 2.32787893546393
290 2.3278556898749
291 2.32800016051941
292 2.32830820143988
293 2.32877501083778
294 2.32939516650886
295 2.33016266335574
296 2.33107095276442
297 2.33211298362723
298 2.3332812447919
299 2.33456780871439
300 2.33596437609238
301 2.33746232125665
302 2.3390527380984
303 2.34072648631318
304 2.34247423774491
305 2.34428652261775
306 2.34615377544825
307 2.34806638043627
308 2.35001471613953
309 2.35198919924392
310 2.35398032724998
311 2.35597871990426
312 2.35797515921381
313 2.35996062789171
314 2.36192634609188
315 2.36386380630204
316 2.36576480627492
317 2.36762147988916
318 2.36942632584279
319 2.37117223409451
320 2.37285250997934
321 2.37446089593792
322 2.37599159081037
323 2.37743926665789
324 2.37879908308726
325 2.3800666990652
326 2.38123828222125
327 2.38231051564917
328 2.38328060222814
329 2.38414626649573
330 2.38490575411509
331 2.38555782898888
332 2.38610176808195
333 2.38653735402402
334 2.38686486557206
335 2.38708506602024
336 2.38719918965269
337 2.38720892634132
338 2.38711640439716
339 2.38692417178939
340 2.3866351758512
341 2.38625274159608
342 2.38578054877188
343 2.38522260778291
344 2.38458323461295
345 2.38386702488382
346 2.38307882718495
347 2.38222371581044
348 2.38130696303937
349 2.38033401109481
350 2.37931044391534
351 2.37824195887107
352 2.37713433855372
353 2.37599342276707
354 2.37482508084083
355 2.3736351843867
356 2.37242958061113
357 2.37121406629416
358 2.36999436253861
359 2.36877609038819
360 2.36756474740696
361 2.36636568530643
362 2.36518408870011
363 2.36402495505826
364 2.36289307592891
365 2.36179301948406
366 2.36072911444251
367 2.35970543541372
368 2.35872578969961
369 2.3577937055838
370 2.35691242213056
371 2.35608488050817
372 2.35531371684447
373 2.35460125661514
374 2.35394951055807
375 2.3533601721009
376 2.35283461628165
377 2.35237390013637
378 2.35197876452158
379 2.35164963733318
380 2.35138663807846
381 2.35118958375192
382 2.35105799596151
383 2.35099110924665
384 2.35098788052554
385 2.35104699960557
386 2.35116690068673
387 2.3513457747854
388 2.35158158300293
389 2.35187207056116
390 2.35221478152527
391 2.35260707413301
392 2.35304613664783
393 2.35352900365338
394 2.3540525727061
395 2.35461362126296
396 2.35520882380176
397 2.35583476905239
398 2.35648797725847
399 2.35716491739055
400 2.10716491739055
401 2.04339860843096
402 1.97912530047065
403 1.9148614258984
404 1.85060344855191
405 1.78634787910703
406 1.72209128993415
407 1.65783032936561
408 1.59356173532141
409 1.52928234824495
410 1.46606875164726
411 1.40500698686224
412 1.34630142945303
413 1.29014234475252
414 1.23670503441722
415 1.2
416 1.2
417 1.2
418 1.2
419 1.2
420 1.2
421 1.2
422 1.2
423 1.2
424 1.2
425 1.2
426 1.2
427 1.2
428 1.2
429 1.2
430 1.2
431 1.20115785770149
432 1.20434277157497
433 1.20941460043366
434 1.21624910846345
435 1.22473518709989
436 1.2347726549023
437 1.24627050942503
438 1.25914553285197
439 1.27332117479303
440 1.28872665249594
441 1.30529123553922
442 1.32293616113503
443 1.34157323608792
444 1.36110743544175
445 1.38143890645392
446 1.40246452045751
447 1.42407907753773
448 1.44617624412246
449 1.46864928465377
450 1.4913916340723
451 1.51429736831659
452 1.53726164857241
453 1.56018118278111
454 1.58295469761417
455 1.60548340212072
456 1.6276714312879
457 1.64942626256882
458 1.67065910170479
459 1.69128523635184
460 1.7112243574423
461 1.7304008490125
462 1.74874404738854
463 1.76618847030955
464 1.7826740161935
465 1.79814613356539
466 1.81255596065366
467 1.82586043523945
468 1.83802237496668
469 1.84901052845871
470 1.85879959772215
471 1.86737023244084
472 1.87470899687199
473 1.88080831015273
474 1.88566636091466
475 1.88928699718773
476 1.89167959265583
477 1.89285889040229
478 1.89284482535598
479 1.89166232671443
480 1.88934110168127
481 1.88591540190846
482 1.88142377408067
483 1.87590879611853
484 1.86941680050983
485 1.8619975863028
486 1.85370412131334
487 1.84459223610887
488 1.83472031133498
489 1.8241489599477
490 1.81294070590398
491 1.80115966084583
492 1.78887120029038
493 1.77614164080811
494 1.76303791963597
495 1.74962727813025
496 1.73597695041756
497 1.72215385854957
498 1.70822431541082
499 1.69425373656708
500 1.68030636217663
501 1.66644499001739
502 1.65273072061065
503 1.63922271534647
504 1.62597796843818
505 1.6130510934531
506 1.60049412508516
507 1.58835633675167
508 1.57668407451296
509 1.56552060772871
510 1.55490599678053
511 1.54487697810594
512 1.53546686670503
513 1.52670547619887
514 1.51861905643693
515 1.51123024857157
516 1.50455805744001
517 1.49861784101881
518 1.49342131664356
519 1.48897658361665
520 1.48528816175951
521 1.48235704540261
522 1.48018077224698
523 1.47875350647539
524 1.47806613543954
525 1.47810637920203
526 1.47885891216861
527 1.48030549600734
528 1.48242512301654
529 1.48519416907374
530 1.48858655527227
531 1.4925739173313
532 1.49712578184901
533 1.50220974845669
534 1.50779167692469
535 1.51383587826806
536 1.52030530890173
537 1.5271617669009
538 1.53436608943215
539 1.54187835043551
540 1.54965805765504
541 1.55766434813777
542 1.56585618134576
543 1.57419252905487
544 1.58263256124554
545 1.59113582722546
546 1.59966243126187
547 1.60817320204057
548 1.61662985531165
549 1.62499514912537
550 1.63323303110854
551 1.6413087772785
552 1.64918912194124
553 1.65684237826966
554 1.66423854920911
555 1.67134942840811
556 1.67814869092404
557 1.68461197350502
558 1.69071694430069
559 1.69644336190569
560 1.7017731236897
561 1.70669030341816
562 1.71118117821542
563 1.7152342449701
564 1.71884022632781
565 1.72199206646081
566 1.72468491684653
567 1.72691611232738
568 1.72868513776282
569 1.72999358562074
570 1.73084510488906
571 1.73124534172011
572 1.73120187224903
573 1.73072412805398
574 1.72982331474939
575 1.72851232422451
576 1.72680564105786
577 1.7247192436531
578 1.72227050065502
579 1.71947806321364
580 1.71636175367175
581 1.71294245125529
582 1.70924197534763
583 1.70528296692752
584 1.70108876874702
585 1.69668330481906
586 1.692090959776
587 1.687336458649
588 1.68244474760508
589 1.67744087616292
590 1.67234988139105
591 1.66719667457264
592 1.6620059307996
593 1.65680198193616
594 1.65160871336721
595 1.64644946492125
596 1.64134693633056
597 1.63632309756302
598 1.63139910433106
599 1.6265952190534
600 1.62193073751457
601 1.61742392143653
602 1.61309193714509
603 1.60895080048272
604 1.60501532808766
605 1.60129909512776
606 1.59781439954664
607 1.59457223284873
608 1.59158225741975
609 1.58885279034945
610 1.58639079369468
611 1.58420187109296
612 1.58229027060977
613 1.58065889367687
614 1.57930930995427
615 1.57824177792533
616 1.57745527101197
617 1.57694750897689
618 1.57671499436004
619 1.57675305367949
620 1.5770558831104
621 1.57761659834184
622 1.5784272882981
623 1.57947907240057
624 1.58076216103646
625 1.58226591889346
626 1.58397893081322
627 1.58588906981252
628 1.58798356691837
629 1.59024908246247
630 1.5926717784811
631 1.59523739186912
632 1.59793130794031
633 1.60073863405196
634 1.6036442729583
635 1.60663299556556
636 1.60968951277114
637 1.61279854607983
638 1.61594489670234
639 1.6191135128541
640 1.62228955498647
641 1.62545845869744
642 1.62860599508471
643 1.63171832832052
644 1.63478207024483
645 1.63778433179124
646 1.64071277107824
647 1.64355563801696
648 1.64630181530556
649 1.64894085569951
650 1.65146301546606
651 1.65385928395064
652 1.6561214092019
653 1.65824191962118
654 1.66021414162092
655 1.66203221329492
656 1.6636910941215
657 1.66518657073804
658 1.66651525884249
659 1.66767460129382
660 1.66866286249909
661 1.66947911919001
662 1.67012324770585
663 1.67059590791317
664 1.67089852390531
665 1.67103326163621
666 1.67100300365392
667 1.67081132110863
668 1.67046244321913
669 1.66996122438902
670 1.66931310917074
671 1.66852409528135
672 1.66760069487815
673 1.66654989430631
674 1.6653791125327
675 1.66409615848209
676 1.66270918749189
677 1.66122665710151
678 1.65965728239073
679 1.65800999107907
680 1.65629387859487
681 1.65451816331859
682 1.65269214219968
683 1.65082514694075
684 1.64892650093588
685 1.6470054771429
686 1.64507125706117
687 1.64313289097814
688 1.64119925963849
689 1.63927903748032
690 1.63738065757242
691 1.63551227837634
692 1.63368175244624
693 1.63189659716789
694 1.63016396762749
695 1.62849063168877
696 1.62688294734576
697 1.62534684240635
698 1.62388779655058
699 1.62251082579543
700 1.62122046938658
701 1.62002077912617
702 1.61891531113419
703 1.61790712003022
704 1.61699875551171
705 1.61619226129417
706 1.61548917636923
707 1.61489053852637
708 1.61439689007538
709 1.61400828569773
710 1.61372430234695
711 1.61354405111037
712 1.61346619093778
713 1.61348894413558
714 1.61361011351969
715 1.6138271011146
716 1.6141369282818
717 1.61453625715621
718 1.6150214132665
719 1.6155884092117
720 1.61623296926485
721 1.61695055477285
722 1.61773639022046
723 1.61858548982659
724 1.61949268454111
725 1.62045264931115
726 1.62145993048792
727 1.62250897324641
728 1.62359414889362
729 1.62470978194351
730 1.62585017684081
731 1.62700964421968
732 1.62818252658785
733 1.62936322333156
734 1.63054621494207
735 1.63172608636998
736 1.63289754941959
737 1.63405546410162
738 1.6351948588691
739 1.63631094966798
740 1.63739915774048
741 1.63845512612658
742 1.63947473481567
743 1.64045411450791
744 1.6413896589517
745 1.6422780358308
746 1.6431161961822
747 1.64390138233223
748 1.64463113434603
749 1.64530329499184
750 1.6459160132287
751 1.64646774623229
752 1.6469572599802
753 1.64738362842407
754 1.64774623128154
755 1.64804475048697
756 1.64827916534485
757 1.64844974643479
758 1.64855704832202
759 1.64860190113091
760 1.64858540104388
761 1.64850889979071
762 1.64837399319729
763 1.64818250886521
764 1.64793649305614
765 1.64763819685712
766 1.64729006170448
767 1.64689470434539
768 1.64645490131705
769 1.64597357302381
770 1.6454537674931
771 1.64489864389023
772 1.64431145587217
773 1.643695534859
774 1.64305427330069
775 1.64239110801527
776 1.64170950367241
777 1.64101293649443
778 1.64030487824408
779 1.6395887805658
780 1.63886805974413
781 1.63814608193979
782 1.6374261489604
783 1.63671148461936
784 1.63600522173244
785 1.63531038979785
786 1.63462990340158
787 1.63396655138521
788 1.63332298680987
789 1.63270171774498
790 1.63210509890658
791 1.63153532416541
792 1.63099441994077
793 1.63048423949146
794 1.63000645811132
795 1.62956256923206
796 1.62915388143245
797 1.6287815163483
798 1.62844640747421
799 1.62814929984385
800 1.7661457505719
801 1.78204613023734
802 1.79811562508428
803 1.81422424001332
804 1.83037180233341
805 1.84655796624135
806 1.86278221799352
807 1.87904388173192
808 1.89534212592446
809 1.91167597037753
810 1.92744889792901
811 1.94214282869382
812 1.95578943978885
813 1.96840683971891
814 1.98000374665558
815 1.99058179194693
816 2.00013730541
817 2.00866269704344
818 2.01614752491849
819 2.02257931912789
820 2.02794678026454
821 2.03224441907888
822 2.03547379116607
823 2.03764247537088
824 2.03876332339563
825 2.03885390115887
826 2.03793606949959
827 2.03603566568577
828 2.03318225748849
829 2.02940894921336
830 2.02475221367692
831 2.0192517131295
832 2.01295008708401
833 2.00589271130682
834 1.9981274389902
835 1.98970433142041
836 1.98067538295452
837 1.97109424342522
838 1.96101593996159
839 1.95049659946872
840 1.93959317257754
841 1.92836315977023
842 1.91686434053378
843 1.90515450658267
844 1.89329120028615
845 1.88133145944056
846 1.86933156948333
847 1.85734682417625
848 1.8454312957065
849 1.83363761507381
850 1.82201676355454
851 1.81061787596036
852 1.79948805633949
853 1.78867220669865
854 1.77821286925431
855 1.76815008265059
856 1.75852125250883
857 1.74936103660115
858 1.74070124486755
859 1.73257075442341
860 1.72499543963302
861 1.71799811725411
862 1.7115985065899
863 1.70581320451811
864 1.70065567520126
865 1.69613625422038
866 1.69226216681348
867 1.68903755984339
868 1.68646354706429
869 1.68453826720547
870 1.68325695434218
871 1.68261201997893
872 1.68259314622932
873 1.68318738943882
874 1.68437929356334
875 1.68615101258607
876 1.68848244122944
877 1.69135135319641
878 1.69473354615746
879 1.69860299268502
880 1.70293199632679
881 1.70769135200319
882 1.71285050991093
883 1.71837774211641
884 1.72424031102696
885 1.73040463893668
886 1.73683647785513
887 1.74350107884261
888 1.75036336009398
889 1.75738807303452
890 1.76453996571553
891 1.77178394282463
892 1.77908522165532
893 1.78640948341201
894 1.79372301926145
895 1.80099287057696
896 1.8081869628603
897 1.81527423286488
898 1.82222474848533
899 1.82900982101975
900 1.83560210945429
901 1.84197571646276
902 1.84810627585825
903 1.85397103127789
904 1.85954890592612
905 1.86482056324621
906 1.86976845843359
907 1.87437688074774
908 1.8786319866223
909 1.88252182361465
910 1.88603634527691
911 1.88916741706983
912 1.89190881347924
913 1.89425620653115
914 1.89620714593659
915 1.89776103113061
916 1.89891907550084
917 1.8996842631306
918 1.90006129840849
919 1.90005654888155
920 1.89967798175205
921 1.89893509443808
922 1.89783883963664
923 1.89640154534373
924 1.89463683029907
925 1.89255951533448
926 1.89018553111327
927 1.8875318227544
928 1.884616251839
929 1.8814574962982
930 1.87807494868073
931 1.87448861329549
932 1.87071900271915
933 1.86678703415169
934 1.86271392609302
935 1.8585210958031
936 1.85423005799421
937 1.84986232518954
938 1.84543931016541
939 1.84098223087638
940 1.83651201824303
941 1.83204922716107
942 1.82761395106861
943 1.82322574038502
944 1.81890352511104
945 1.81466554185452
946 1.81052926552084
947 1.80651134588093
948 1.80262754920302
949 1.79889270510768
950 1.79532065877853
951 1.79192422863395
952 1.78871516953818
953 1.78570414160351
954 1.7829006846087
955 1.78031319803272
956 1.77794892667773
957 1.77581395183003
958 1.7739131878839
959 1.77225038433
960 1.77082813298748
961 1.76964788033819
962 1.76870994480043
963 1.76801353876142
964 1.76755679516933
965 1.76733679846927
966 1.7673496196526
967 1.76759035517496
968 1.76805316948571
969 1.76873134090093
970 1.76961731054209
971 1.77070273405463
972 1.77197853581388
973 1.77343496532074
974 1.77506165548552
975 1.77684768249631
976 1.7787816269673
977 1.78085163606283
978 1.78304548629523
979 1.78535064669725
980 1.78775434207495
981 1.79024361605212
982 1.79280539362472
983 1.7954265429517
984 1.79809393611761
985 1.80079450861289
986 1.80351531728862
987 1.8062435965544
988 1.80896681260114
989 1.81167271544374
990 1.81434938859295
991 1.81698529618038
992 1.81956932737584
993 1.82209083795187
994 1.82453968886622
995 1.82690628174935
996 1.82918159120025
997 1.83135719381058
998 1.83342529385349
999 1.83537874558995
1000 1.83721107216191
1001 1.83891648105738
1002 1.84048987614885
1003 1.84192686632161
1004 1.8432237707238
1005 1.84437762068473
1006 1.84538615836204
1007 1.84624783219198
1008 1.84696178922999
1009 1.84752786448092
1010 1.84794656733016
1011 1.84821906519742
1012 1.84834716454514
1013 1.84833328938281
1014 1.84818045741687
1015 1.84789225400325
1016 1.8474728040666
1017 1.84692674215589
1018 1.84625918081101
1019 1.84547567741907
1020 1.84458219974212
1021 1.84358509030052
1022 1.84249102979717
1023 1.84130699976865
1024 1.84004024464877
1025 1.83869823342878
1026 1.83728862109684
1027 1.83581921003595
1028 1.83429791155666
1029 1.83273270773606
1030 1.83113161372998
1031 1.82950264071936
1032 1.8278537596459
1033 1.826192865885
1034 1.82452774499669
1035 1.82286603968765
1036 1.82121521810898
1037 1.81958254360561
1038 1.8179750460246
1039 1.81639949467989
1040 1.8148623730618
1041 1.81336985536966
1042 1.81192778493605
1043 1.81054165460133
1044 1.80921658908673
1045 1.8079573294045
1046 1.80676821933343
1047 1.80565319397804
1048 1.80461577042015
1049 1.80365904046151
1050 1.80278566544706
1051 1.80199787314883
1052 1.80129745668195
1053 1.80068577541519
1054 1.80016375783052
1055 1.79973190627809
1056 1.79939030356568
1057 1.79913862131438
1058 1.79897613000612
1059 1.79890171064189
1060 1.79891386792458
1061 1.79901074487463
1062 1.79919013878257
1063 1.79944951839805
1064 1.79978604225184
1065 1.80019657800391
1066 1.80067772270856
1067 1.80122582388561
1068 1.80183700128507
1069 1.80250716923242
1070 1.80323205944069
1071 1.80400724417647
1072 1.80482815966705
1073 1.80569012963775
1074 1.80658838886977
1075 1.80751810667128
1076 1.80847441015715
1077 1.80945240723554
1078 1.81044720920332
1079 1.81145395285581
1080 1.81246782202066
1081 1.81348406843031
1082 1.81449803185177
1083 1.81550515939825
1084 1.81650102395169
1085 1.81748134163134
1086 1.8184419882489
1087 1.81937901469665
1088 1.82028866122099
1089 1.82116737053982
1090 1.82201179976827
1091 1.82281883112352
1092 1.82358558138554
1093 1.82430941009673
1094 1.82498792648943
1095 1.82561899513643
1096 1.82620074032543
1097 1.82673154916405
1098 1.82721007342785
1099 1.82763523016904
1100 1.82800620110896
1101 1.82832243084241
1102 1.82858362388666
1103 1.82878974061256
1104 1.82894099209961
1105 1.82903783396054
1106 1.82908095918494
1107 1.82907129005497
1108 1.82900996918883
1109 1.82889834977109
1110 1.82873798503093
1111 1.82853061703179
1112 1.8282781648375
1113 1.82798271212176
1114 1.82764649428851
1115 1.82727188517205
1116 1.82686138338584
1117 1.82641759838926
1118 1.82594323634149
1119 1.82544108581101
1120 1.82491400340869
1121 1.82436489941103
1122 1.82379672343933
1123 1.82321245025818
1124 1.8226150657556
1125 1.82200755316439
1126 1.82139287958234
1127 1.82077398284615
1128 1.82015375881132
1129 1.81953504908723
1130 1.81892062927354
1131 1.81831319774101
1132 1.8177153649961
1133 1.81712964366562
1134 1.81655843913386
1135 1.8160040408612
1136 1.81546861440926
1137 1.81495419419425
1138 1.81446267698611
1139 1.81399581616741
1140 1.81355521676238
1141 1.81314233124241
1142 1.81275845611105
1143 1.81240472926768
1144 1.81208212814569
1145 1.81179146861737
1146 1.81153340465465
1147 1.81130842873148
1148 1.8111168729505
1149 1.81095891087393
1150 1.81083456003557
1151 1.81074368510855
1152 1.81068600170063
1153 1.81066108074677
1154 1.8106683534668
1155 1.81070711685368
1156 1.81077653965663
1157 1.81087566882152
1158 1.81100343634986
1159 1.81115866653663
1160 1.811340083546
1161 1.81154631928384
1162 1.81177592152485
1163 1.8120273622523
1164 1.8122990461681
1165 1.81258931933101
1166 1.81289647788104
1167 1.81321877680896
1168 1.81355443872977
1169 1.81390166262067
1170 1.81425863248429
1171 1.81462352589959
1172 1.81499452242399
1173 1.81536981181164
1174 1.81574760201432
1175 1.81612612693338
1176 1.81650365389252
1177 1.81687849080347
1178 1.81724899299833
1179 1.81761356970463
1180 1.81797069014105
1181 1.81831888921413
1182 1.8186567727984
1183 1.81898302258458
1184 1.81929640048298
1185 1.81959575257121
1186 1.81988001257791
1187 1.82014820489634
1188 1.82039944712377
1189 1.82063295212533
1190 1.82084802962248
1191 1.82104408730916
1192 1.82122063150005
1193 1.82137726731804
1194 1.82151369842933
1195 1.82162972633712
1196 1.82172524924599
1197 1.82180026051123
1198 1.8218548466887
1199 1.82188918520248
1200 1.82190354164872
