1 2
2 2
3 2
4 2
5 2
6 2
7 2
8 2
9 2
10 2
11 2
12 2
13 2
14 2
15 2
16 2
17 2
18 2
19 2
20 2
21 2
22 2
23 2
24 2
25 2
26 2
27 2
28 2
29 2
30 2
31 2
32 2
33 2
34 2
35 2
36 2
37 2
38 2
39 2
40 2
41 2
42 2
43 2
44 2
45 2
46 2
47 2
48 2
49 2
50 2
51 2
52 2
53 2
54 2
55 2
56 2
57 2
58 2
59 2
60 2
61 2
62 2
63 2
64 2
65 2
66 2
67 2
68 2
69 2
70 2
71 2
72 2
73 2
74 2
75 2
76 2
77 2
78 2
79 2
80 2
81 2
82 2
83 2
84 2
85 2
86 2
87 2
88 2
89 2
90 2
91 2
92 2
93 2
94 2
95 2
96 2
97 2
98 2
99 2
100 2
101 2
102 2
103 2
104 2
105 2
106 2
107 2
108 2
109 2
110 2
111 2
112 2
113 2
114 2
115 2
116 2
117 2
118 2
119 2
120 2
121 2
122 2
123 2
124 2
125 2
126 2
127 2
128 2
129 2
130 2
131 2
132 2
133 2
134 2
135 2
136 2
137 2
138 2
139 2
140 2
141 2
142 2
143 2
144 2
145 2
146 2
147 2
148 2
149 2
150 2
151 2
152 2
153 2
154 2
155 2
156 2
157 2
158 2
159 2
160 2
161 2
162 2
163 2
164 2
165 2
166 2
167 2
168 2
169 2
170 2
171 2
172 2
173 2
174 2
175 2
176 2
177 2
178 2
179 2
180 2
181 2
182 2
183 2
184 2
185 2
186 2
187 2
188 2
189 2
190 2
191 2
192 2
193 2
194 2
195 2
196 2
197 2
198 2
199 2
200 2
201 2.00001693912537
202 2.00003387806529
203 2.00005081679452
204 2.00006775528814
205 2.00008469352171
206 2.00010163147144
207 2.00011856911427
208 2.00013550642791
209 2.00015244339092
210 2.00016937998268
211 2.00018631618344
212 2.00020325197427
213 2.00022018733709
214 2.00023712225462
215 2.00025405671037
216 2.00027099068861
217 2.00028792417434
218 2.00030485715329
219 2.00032178961184
220 2.00033872153704
221 2.00035565291654
222 2.00037258373862
223 2.00038951399209
224 2.00040644366633
225 2.00042337275123
226 2.00044030123715
227 2.00045722911496
228 2.00047415637594
229 2.00049108301183
230 2.00050800901473
231 2.00052493437717
232 2.00054185909203
233 2.00055878315254
234 2.00057570655225
235 2.00059262928504
236 2.0006095513451
237 2.00062647272688
238 2.00064339342513
239 2.00066031343484
240 2.00067723275126
241 2.00069415136985
242 2.00071106928633
243 2.0007279864966
244 2.00074490299677
245 2.00076181878316
246 2.00077873385224
247 2.00079564820069
248 2.00081256182533
249 2.00082947472313
250 2.00084638689124
251 2.00086329832693
252 2.00088020902761
253 2.00089711899082
254 2.00091402821422
255 2.00093093669558
256 2.00094784443279
257 2.00096475142385
258 2.00098165766685
259 2.00099856315997
260 2.00101546790149
261 2.00103237188978
262 2.00104927512329
263 2.00106617760053
264 2.0010830793201
265 2.00109998028068
266 2.00111688048099
267 2.00113377991983
268 2.00115067859607
269 2.00116757650862
270 2.00118447365646
271 2.0012013700386
272 2.00121826565411
273 2.00123516050213
274 2.00125205458181
275 2.00126894789237
276 2.00128584043304
277 2.00130273220312
278 2.00131962320193
279 2.00133651342882
280 2.0013534028832
281 2.00137029156448
282 2.00138717947212
283 2.00140406660559
284 2.00142095296441
285 2.00143783854811
286 2.00145472335625
287 2.00147160738841
288 2.00148849064419
289 2.00150537312323
290 2.00152225482517
291 2.00153913574967
292 2.00155601589642
293 2.00157289526511
294 2.00158977385546
295 2.00160665166721
296 2.00162352870011
297 2.00164040495391
298 2.00165728042838
299 2.00167415512333
300 2.00169102903854
301 2.00170790217383
302 2.00172477452902
303 2.00174164610395
304 2.00175851689845
305 2.00177538691237
306 2.00179225614559
307 2.00180912459797
308 2.00182599226939
309 2.00184285915973
310 2.00185972526889
311 2.00187659059676
312 2.00189345514326
313 2.0019103189083
314 2.00192718189179
315 2.00194404409367
316 2.00196090551385
317 2.00197776615228
318 2.0019946260089
319 2.00201148508365
320 2.00202834337649
321 2.00204520088736
322 2.00206205761622
323 2.00207891356305
324 2.00209576872779
325 2.00211262311042
326 2.00212947671092
327 2.00214632952925
328 2.0021631815654
329 2.00218003281934
330 2.00219688329107
331 2.00221373298056
332 2.00223058188782
333 2.00224743001281
334 2.00226427735555
335 2.00228112391603
336 2.00229796969424
337 2.00231481469018
338 2.00233165890386
339 2.00234850233527
340 2.00236534498443
341 2.00238218685133
342 2.00239902793599
343 2.00241586823841
344 2.00243270775861
345 2.0024495464966
346 2.00246638445239
347 2.00248322162598
348 2.00250005801741
349 2.00251689362668
350 2.00253372845382
351 2.00255056249883
352 2.00256739576174
353 2.00258422824257
354 2.00260105994134
355 2.00261789085807
356 2.00263472099278
357 2.0026515503455
358 2.00266837891624
359 2.00268520670504
360 2.00270203371192
361 2.0027188599369
362 2.00273568538
363 2.00275251004126
364 2.00276933392071
365 2.00278615701836
366 2.00280297933425
367 2.0028198008684
368 2.00283662162085
369 2.00285344159162
370 2.00287026078074
371 2.00288707918824
372 2.00290389681415
373 2.00292071365852
374 2.00293752972136
375 2.00295434500272
376 2.00297115950263
377 2.00298797322113
378 2.00300478615825
379 2.00302159831403
380 2.00303840968851
381 2.00305522028171
382 2.00307203009369
383 2.00308883912447
384 2.00310564737409
385 2.00312245484259
386 2.00313926153
387 2.00315606743635
388 2.0031728725617
389 2.00318967690607
390 2.00320648046949
391 2.003223283252
392 2.00324008525364
393 2.00325688647442
394 2.00327368691439
395 2.00329048657356
396 2.00330728545199
397 2.00332408354969
398 2.0033408808667
399 2.00335767740306
400 2.00334059490804
401 2.00332351200334
402 2.00330642873945
403 2.00328934516627
404 2.00327226133268
405 2.00325517728631
406 2.00323809307332
407 2.00322100873831
408 2.00320392432422
409 2.00318683987229
410 2.00316975542208
411 2.00315267101146
412 2.00313558667665
413 2.00311850245222
414 2.00310141837121
415 2.00308433446509
416 2.0030672507639
417 2.00305016729623
418 2.00303308408934
419 2.00301600116918
420 2.00299891856046
421 2.00298183628668
422 2.00296475437024
423 2.00294767283242
424 2.00293059169349
425 2.00291351097272
426 2.00289643068846
427 2.00287935085814
428 2.00286227149837
429 2.00284519262492
430 2.0028281142528
431 2.00281103639629
432 2.00279395906897
433 2.00277688228375
434 2.00275980605291
435 2.00274273038813
436 2.00272565530051
437 2.00270858080062
438 2.0026915068985
439 2.0026744336037
440 2.0026573609253
441 2.00264028887194
442 2.00262321745183
443 2.00260614667277
444 2.0025890765422
445 2.00257200706717
446 2.00255493825439
447 2.00253787011025
448 2.00252080264082
449 2.00250373585186
450 2.00248666974887
451 2.00246960433706
452 2.00245253962138
453 2.00243547560655
454 2.00241841229706
455 2.00240134969717
456 2.00238428781092
457 2.00236722664217
458 2.00235016619458
459 2.00233310647162
460 2.00231604747662
461 2.00229898921271
462 2.00228193168287
463 2.00226487488996
464 2.00224781883667
465 2.00223076352557
466 2.0022137089591
467 2.00219665513956
468 2.00217960206918
469 2.00216254975004
470 2.00214549818413
471 2.00212844737334
472 2.00211139731946
473 2.0020943480242
474 2.00207729948919
475 2.00206025171595
476 2.00204320470597
477 2.00202615846061
478 2.00200911298121
479 2.00199206826902
480 2.00197502432522
481 2.00195798115095
482 2.00194093874727
483 2.00192389711522
484 2.00190685625575
485 2.00188981616979
486 2.0018727768582
487 2.00185573832181
488 2.00183870056141
489 2.00182166357774
490 2.0018046273715
491 2.00178759194337
492 2.00177055729399
493 2.00175352342395
494 2.00173649033382
495 2.00171945802416
496 2.00170242649546
497 2.00168539574822
498 2.0016683657829
499 2.00165133659993
500 2.00163430819973
501 2.00161728058269
502 2.00160025374918
503 2.00158322769955
504 2.00156620243412
505 2.00154917795323
506 2.00153215425715
507 2.00151513134617
508 2.00149810922056
509 2.00148108788056
510 2.00146406732641
511 2.00144704755834
512 2.00143002857655
513 2.00141301038124
514 2.00139599297259
515 2.00137897635079
516 2.001361960516
517 2.00134494546836
518 2.00132793120804
519 2.00131091773516
520 2.00129390504985
521 2.00127689315224
522 2.00125988204243
523 2.00124287172053
524 2.00122586218665
525 2.00120885344086
526 2.00119184548326
527 2.00117483831393
528 2.00115783193293
529 2.00114082634035
530 2.00112382153623
531 2.00110681752065
532 2.00108981429365
533 2.00107281185528
534 2.00105581020559
535 2.00103880934462
536 2.0010218092724
537 2.00100480998898
538 2.00098781149437
539 2.00097081378861
540 2.00095381687173
541 2.00093682074373
542 2.00091982540464
543 2.00090283085448
544 2.00088583709326
545 2.00086884412098
546 2.00085185193766
547 2.00083486054331
548 2.00081786993791
549 2.00080088012149
550 2.00078389109404
551 2.00076690285555
552 2.00074991540602
553 2.00073292874545
554 2.00071594287384
555 2.00069895779116
556 2.00068197349742
557 2.0006649899926
558 2.00064800727669
559 2.00063102534967
560 2.00061404421154
561 2.00059706386228
562 2.00058008430186
563 2.00056310553028
564 2.00054612754751
565 2.00052915035353
566 2.00051217394833
567 2.00049519833189
568 2.00047822350417
569 2.00046124946517
570 2.00044427621484
571 2.00042730375318
572 2.00041033208013
573 2.00039336119568
574 2.0003763910998
575 2.00035942179243
576 2.00034245327356
577 2.00032548554314
578 2.00030851860113
579 2.00029155244751
580 2.00027458708223
581 2.00025762250526
582 2.00024065871656
583 2.0002236957161
584 2.00020673350383
585 2.00018977207973
586 2.00017281144374
587 2.00015585159585
588 2.00013889253601
589 2.00012193426418
590 2.00010497678035
591 2.00008802008447
592 2.00007106417654
593 2.00005410905652
594 2.00003715472438
595 2.00002020118009
596 2.00000324842364
597 1.99998629645499
598 1.9999693452741
599 1.99995239488096
600 1.99993544527553
601 1.99991849645778
602 1.99990154842769
603 1.99988460118522
604 1.99986765473033
605 1.99985070906301
606 1.99983376418321
607 1.99981682009091
608 1.99979987678607
609 1.99978293426867
610 1.99976599253866
611 1.99974905159603
612 1.99973211144072
613 1.99971517207272
614 1.99969823349199
615 1.99968129569849
616 1.99966435869219
617 1.99964742247306
618 1.99963048704107
619 1.99961355239617
620 1.99959661853835
621 1.99957968546755
622 1.99956275318375
623 1.99954582168692
624 1.99952889097701
625 1.999511961054
626 1.99949503191785
627 1.99947810356852
628 1.99946117600598
629 1.9994442492302
630 1.99942732324114
631 1.99941039803876
632 1.99939347362303
633 1.99937654999392
634 1.99935962715139
635 1.9993427050954
636 1.99932578382592
637 1.99930886334292
638 1.99929194364635
639 1.99927502473618
640 1.99925810661238
641 1.99924118927491
642 1.99922427272373
643 1.99920735695882
644 1.99919044198013
645 1.99917352778762
646 1.99915661438127
647 1.99913970176104
648 1.99912278992688
649 1.99910587887877
650 1.99908896861667
651 1.99907205914054
652 1.99905515045034
653 1.99903824254605
654 1.99902133542762
655 1.99900442909502
656 1.99898752354821
657 1.99897061878715
658 1.99895371481182
659 1.99893681162217
660 1.99891990921816
661 1.99890300759977
662 1.99888610676695
663 1.99886920671968
664 1.9988523074579
665 1.99883540898159
666 1.99881851129071
667 1.99880161438522
668 1.9987847182651
669 1.99876782293029
670 1.99875092838077
671 1.99873403461649
672 1.99871714163743
673 1.99870024944355
674 1.9986833580348
675 1.99866646741116
676 1.99864957757259
677 1.99863268851904
678 1.99861580025049
679 1.9985989127669
680 1.99858202606823
681 1.99856514015444
682 1.99854825502551
683 1.99853137068139
684 1.99851448712204
685 1.99849760434743
686 1.99848072235753
687 1.99846384115229
688 1.99844696073168
689 1.99843008109567
690 1.99841320224422
691 1.99839632417728
692 1.99837944689483
693 1.99836257039684
694 1.99834569468325
695 1.99832881975404
696 1.99831194560917
697 1.9982950722486
698 1.99827819967229
699 1.99826132788022
700 1.99824445687235
701 1.99822758664863
702 1.99821071720903
703 1.99819384855351
704 1.99817698068204
705 1.99816011359459
706 1.99814324729111
707 1.99812638177157
708 1.99810951703593
709 1.99809265308416
710 1.99807578991622
711 1.99805892753207
712 1.99804206593168
713 1.99802520511501
714 1.99800834508202
715 1.99799148583269
716 1.99797462736696
717 1.99795776968481
718 1.99794091278619
719 1.99792405667108
720 1.99790720133943
721 1.99789034679122
722 1.99787349302639
723 1.99785664004493
724 1.99783978784678
725 1.99782293643192
726 1.9978060858003
727 1.9977892359519
728 1.99777238688667
729 1.99775553860458
730 1.99773869110559
731 1.99772184438966
732 1.99770499845677
733 1.99768815330686
734 1.99767130893992
735 1.99765446535589
736 1.99763762255475
737 1.99762078053645
738 1.99760393930097
739 1.99758709884826
740 1.99757025917828
741 1.99755342029101
742 1.99753658218641
743 1.99751974486443
744 1.99750290832505
745 1.99748607256822
746 1.99746923759391
747 1.99745240340208
748 1.9974355699927
749 1.99741873736574
750 1.99740190552114
751 1.99738507445889
752 1.99736824417894
753 1.99735141468125
754 1.99733458596579
755 1.99731775803252
756 1.99730093088141
757 1.99728410451242
758 1.99726727892551
759 1.99725045412065
760 1.9972336300978
761 1.99721680685692
762 1.99719998439799
763 1.99718316272095
764 1.99716634182578
765 1.99714952171244
766 1.99713270238089
767 1.9971158838311
768 1.99709906606303
769 1.99708224907664
770 1.9970654328719
771 1.99704861744877
772 1.99703180280721
773 1.9970149889472
774 1.99699817586868
775 1.99698136357163
776 1.99696455205602
777 1.99694774132179
778 1.99693093136892
779 1.99691412219737
780 1.99689731380711
781 1.99688050619809
782 1.99686369937028
783 1.99684689332365
784 1.99683008805816
785 1.99681328357377
786 1.99679647987045
787 1.99677967694816
788 1.99676287480686
789 1.99674607344652
790 1.9967292728671
791 1.99671247306856
792 1.99669567405088
793 1.996678875814
794 1.9966620783579
795 1.99664528168255
796 1.99662848578789
797 1.9966116906739
798 1.99659489634054
799 1.99657810278778
800 1.99656977957826
801 1.99656145705654
802 1.99655313520996
803 1.99654481402602
804 1.99653649349247
805 1.99652817359738
806 1.99651985432917
807 1.99651153567668
808 1.99650321762914
809 1.99649490017621
810 1.99648658330797
811 1.99647826701492
812 1.996469951288
813 1.99646163611851
814 1.99645332149819
815 1.99644500741912
816 1.99643669387379
817 1.99642838085499
818 1.99642006835591
819 1.99641175637002
820 1.99640344489111
821 1.99639513391329
822 1.99638682343093
823 1.99637851343867
824 1.99637020393143
825 1.99636189490436
826 1.99635358635284
827 1.99634527827249
828 1.99633697065914
829 1.9963286635088
830 1.9963203568177
831 1.99631205058224
832 1.996303744799
833 1.99629543946473
834 1.99628713457633
835 1.99627883013085
836 1.99627052612548
837 1.99626222255756
838 1.99625391942456
839 1.99624561672405
840 1.99623731445374
841 1.99622901261144
842 1.99622071119507
843 1.99621241020266
844 1.99620410963232
845 1.99619580948225
846 1.99618750975076
847 1.99617921043621
848 1.99617091153707
849 1.99616261305187
850 1.99615431497919
851 1.99614601731773
852 1.9961377200662
853 1.99612942322341
854 1.99612112678819
855 1.99611283075947
856 1.9961045351362
857 1.9960962399174
858 1.99608794510211
859 1.99607965068944
860 1.99607135667855
861 1.9960630630686
862 1.99605476985884
863 1.99604647704852
864 1.99603818463694
865 1.99602989262343
866 1.99602160100736
867 1.99601330978811
868 1.99600501896512
869 1.99599672853782
870 1.9959884385057
871 1.99598014886826
872 1.99597185962501
873 1.99596357077552
874 1.99595528231933
875 1.99594699425605
876 1.99593870658528
877 1.99593041930664
878 1.99592213241978
879 1.99591384592436
880 1.99590555982005
881 1.99589727410654
882 1.99588898878354
883 1.99588070385076
884 1.99587241930795
885 1.99586413515483
886 1.99585585139117
887 1.99584756801673
888 1.99583928503128
889 1.99583100243462
890 1.99582272022655
891 1.99581443840686
892 1.99580615697537
893 1.9957978759319
894 1.99578959527629
895 1.99578131500836
896 1.99577303512798
897 1.99576475563498
898 1.99575647652922
899 1.99574819781057
900 1.9957399194789
901 1.99573164153408
902 1.99572336397599
903 1.99571508680453
904 1.99570681001957
905 1.99569853362101
906 1.99569025760876
907 1.99568198198271
908 1.99567370674277
909 1.99566543188886
910 1.99565715742088
911 1.99564888333876
912 1.9956406096424
913 1.99563233633175
914 1.99562406340672
915 1.99561579086724
916 1.99560751871325
917 1.99559924694467
918 1.99559097556145
919 1.99558270456353
920 1.99557443395084
921 1.99556616372332
922 1.99555789388093
923 1.99554962442361
924 1.99554135535131
925 1.99553308666397
926 1.99552481836155
927 1.99551655044401
928 1.99550828291129
929 1.99550001576335
930 1.99549174900016
931 1.99548348262166
932 1.99547521662782
933 1.99546695101859
934 1.99545868579395
935 1.99545042095385
936 1.99544215649826
937 1.99543389242713
938 1.99542562874044
939 1.99541736543816
940 1.99540910252024
941 1.99540083998667
942 1.99539257783739
943 1.99538431607239
944 1.99537605469164
945 1.9953677936951
946 1.99535953308275
947 1.99535127285455
948 1.99534301301049
949 1.99533475355052
950 1.99532649447463
951 1.99531823578279
952 1.99530997747497
953 1.99530171955115
954 1.9952934620113
955 1.99528520485539
956 1.99527694808341
957 1.99526869169532
958 1.99526043569111
959 1.99525218007075
960 1.99524392483421
961 1.99523566998147
962 1.99522741551252
963 1.99521916142732
964 1.99521090772586
965 1.99520265440811
966 1.99519440147405
967 1.99518614892366
968 1.99517789675692
969 1.99516964497381
970 1.9951613935743
971 1.99515314255838
972 1.99514489192602
973 1.99513664167721
974 1.99512839181193
975 1.99512014233016
976 1.99511189323189
977 1.99510364451708
978 1.99509539618574
979 1.99508714823783
980 1.99507890067334
981 1.99507065349226
982 1.99506240669456
983 1.99505416028023
984 1.99504591424924
985 1.99503766860159
986 1.99502942333725
987 1.99502117845621
988 1.99501293395845
989 1.99500468984395
990 1.99499644611268
991 1.99498820276464
992 1.99497995979979
993 1.99497171721812
994 1.99496347501961
995 1.99495523320424
996 1.99494699177199
997 1.99493875072283
998 1.99493051005676
999 1.99492226977374
1000 1.99491402987376
1001 1.9949057903568
1002 1.99489755122285
1003 1.99488931247187
1004 1.99488107410385
1005 1.99487283611878
1006 1.99486459851663
1007 1.99485636129739
1008 1.99484812446103
1009 1.99483988800754
1010 1.9948316519369
1011 1.99482341624908
1012 1.99481518094408
1013 1.99480694602187
1014 1.99479871148243
1015 1.99479047732575
1016 1.9947822435518
1017 1.99477401016057
1018 1.99476577715203
1019 1.99475754452618
1020 1.99474931228299
1021 1.99474108042245
1022 1.99473284894452
1023 1.99472461784921
1024 1.99471638713648
1025 1.99470815680633
1026 1.99469992685872
1027 1.99469169729365
1028 1.9946834681111
1029 1.99467523931104
1030 1.99466701089346
1031 1.99465878285835
1032 1.99465055520567
1033 1.99464232793543
1034 1.99463410104758
1035 1.99462587454213
1036 1.99461764841905
1037 1.99460942267831
1038 1.99460119731992
1039 1.99459297234384
1040 1.99458474775006
1041 1.99457652353856
1042 1.99456829970932
1043 1.99456007626233
1044 1.99455185319756
1045 1.994543630515
1046 1.99453540821463
1047 1.99452718629644
1048 1.9945189647604
1049 1.99451074360649
1050 1.99450252283471
1051 1.99449430244503
1052 1.99448608243743
1053 1.99447786281189
1054 1.9944696435684
1055 1.99446142470695
1056 1.9944532062275
1057 1.99444498813005
1058 1.99443677041457
1059 1.99442855308106
1060 1.99442033612948
1061 1.99441211955982
1062 1.99440390337207
1063 1.99439568756621
1064 1.99438747214222
1065 1.99437925710007
1066 1.99437104243976
1067 1.99436282816127
1068 1.99435461426457
1069 1.99434640074966
1070 1.9943381876165
1071 1.99432997486509
1072 1.99432176249541
1073 1.99431355050744
1074 1.99430533890115
1075 1.99429712767654
1076 1.99428891683359
1077 1.99428070637227
1078 1.99427249629258
1079 1.99426428659448
1080 1.99425607727797
1081 1.99424786834303
1082 1.99423965978963
1083 1.99423145161777
1084 1.99422324382742
1085 1.99421503641857
1086 1.99420682939119
1087 1.99419862274527
1088 1.9941904164808
1089 1.99418221059775
1090 1.99417400509611
1091 1.99416579997585
1092 1.99415759523697
1093 1.99414939087944
1094 1.99414118690325
1095 1.99413298330837
1096 1.9941247800948
1097 1.99411657726251
1098 1.99410837481148
1099 1.9941001727417
1100 1.99409197105315
1101 1.99408376974581
1102 1.99407556881967
1103 1.9940673682747
1104 1.99405916811089
1105 1.99405096832822
1106 1.99404276892668
1107 1.99403456990623
1108 1.99402637126688
1109 1.9940181730086
1110 1.99400997513137
1111 1.99400177763517
1112 1.99399358051999
1113 1.99398538378581
1114 1.99397718743261
1115 1.99396899146038
1116 1.99396079586909
1117 1.99395260065873
1118 1.99394440582928
1119 1.99393621138072
1120 1.99392801731304
1121 1.99391982362621
1122 1.99391163032022
1123 1.99390343739506
1124 1.9938952448507
1125 1.99388705268713
1126 1.99387886090432
1127 1.99387066950227
1128 1.99386247848095
1129 1.99385428784035
1130 1.99384609758044
1131 1.99383790770121
1132 1.99382971820265
1133 1.99382152908473
1134 1.99381334034744
1135 1.99380515199076
1136 1.99379696401467
1137 1.99378877641916
1138 1.9937805892042
1139 1.99377240236978
1140 1.99376421591588
1141 1.99375602984248
1142 1.99374784414957
1143 1.99373965883713
1144 1.99373147390514
1145 1.99372328935358
1146 1.99371510518244
1147 1.99370692139169
1148 1.99369873798133
1149 1.99369055495132
1150 1.99368237230166
1151 1.99367419003233
1152 1.9936660081433
1153 1.99365782663457
1154 1.99364964550611
1155 1.99364146475791
1156 1.99363328438994
1157 1.9936251044022
1158 1.99361692479465
1159 1.9936087455673
1160 1.99360056672011
1161 1.99359238825307
1162 1.99358421016616
1163 1.99357603245937
1164 1.99356785513267
1165 1.99355967818605
1166 1.9935515016195
1167 1.99354332543299
1168 1.9935351496265
1169 1.99352697420002
1170 1.99351879915354
1171 1.99351062448702
1172 1.99350245020047
1173 1.99349427629385
1174 1.99348610276715
1175 1.99347792962035
1176 1.99346975685344
1177 1.99346158446639
1178 1.9934534124592
1179 1.99344524083184
1180 1.99343706958429
1181 1.99342889871653
1182 1.99342072822856
1183 1.99341255812035
1184 1.99340438839188
1185 1.99339621904314
1186 1.99338805007411
1187 1.99337988148476
1188 1.99337171327509
1189 1.99336354544508
1190 1.9933553779947
1191 1.99334721092394
1192 1.99333904423279
1193 1.99333087792122
1194 1.99332271198922
1195 1.99331454643676
1196 1.99330638126384
1197 1.99329821647044
1198 1.99329005205653
1199 1.9932818880221
1200 1.99327372436713
