1 2
2 2
3 2
4 2
5 2
6 2
7 2
8 2
9 2
10 2
11 2
12 2
13 2
14 2
15 2
16 2
17 2
18 2
19 2
20 2
21 2
22 2
23 2
24 2
25 2
26 2
27 2
28 2
29 2
30 2.25
31 2.27476842105263
32 2.30213684210526
33 2.32950526315789
34 2.35687368421053
35 2.38424210526316
36 2.41161052631579
37 2.43897894736842
38 2.46634736842105
39 2.49371578947368
40 2.5200084634171
41 2.54433944098878
42 2.56683243790009
43 2.58755950297505
44 2.60657099258427
45 2.62390055277379
46 2.63956908619677
47 2.65358782877935
48 2.66596073357025
49 2.67668631554496
50 2.68576370604088
51 2.69320091807192
52 2.69901655058732
53 2.70323756444355
54 2.70589779530904
55 2.70703688194913
56 2.70669949415048
57 2.70493477451411
58 2.7017959317949
59 2.69733994073203
60 2.69162729607186
61 2.68472175240777
62 2.67669001334627
63 2.66760138186457
64 2.65752739308467
65 2.64654144209906
66 2.63471841442957
67 2.62213432339009
68 2.60886595651304
69 2.59499053189587
70 2.58058536464132
71 2.56572754348793
72 2.55049361807221
73 2.53495929762913
74 2.51919916209704
75 2.50328638658737
76 2.48729248009357
77 2.47128703919375
78 2.45533751737557
79 2.43950901049304
80 2.42386405875996
81 2.40846246559292
82 2.39336113353569
83 2.37861391741965
84 2.36427149484068
85 2.35038125395899
86 2.33698719855591
87 2.32412987021074
88 2.31184628739233
89 2.30016990119451
90 2.2891305673822
91 2.27875453435664
92 2.26906444659291
93 2.26007936305195
94 2.25181479002182
95 2.24428272779927
96 2.23749173058308
97 2.23144697891475
98 2.22615036397032
99 2.22160058297892
100 2.21779324502003
101 2.21472098643081
102 2.21237359503918
103 2.2107381424253
104 2.20979912340604
105 2.20953860193142
106 2.209936362581
107 2.21097006684986
108 2.21261541341943
109 2.21484630161666
110 2.21763499727702
111 2.22095230024091
112 2.22476771273083
113 2.22904960787625
114 2.23376539767569
115 2.23888169971007
116 2.24436450194832
117 2.25017932501455
118 2.25629138131703
119 2.26266573047073
120 2.26926743047878
121 2.27606168417276
122 2.2830139804472
123 2.29009022986009
124 2.29725689420831
125 2.30448110972434
126 2.31173080357846
127 2.31897480340859
128 2.32618293963796
129 2.33332614037834
130 2.34037651875413
131 2.34730745251961
132 2.35409365587761
133 2.36071124344385
134 2.36713778633548
135 2.37335236039625
136 2.37933558660324
137 2.38506966373133
138 2.39053839338173
139 2.39572719750958
140 2.40062312861267
141 2.40521487276905
142 2.40949274573549
143 2.41344868234095
144 2.41707621943012
145 2.42037047263098
146 2.42332810723772
147 2.42594730351583
148 2.42822771674973
149 2.43017043236564
150 2.43177791647219
151 2.43305396216996
152 2.4340036319877
153 2.43463319680811
154 2.43495007164919
155 2.43496274866909
156 2.43468072776209
157 2.43411444511245
158 2.43327520006925
159 2.43217508070153
160 2.43082688838698
161 2.42924406178046
162 2.42744060050033
163 2.42543098886123
164 2.42323011997133
165 2.42085322050062
166 2.41831577641425
167 2.41563345995193
168 2.41282205812001
169 2.4098974029484
170 2.40687530374908
171 2.40377148159707
172 2.40060150623873
173 2.3973807356153
174 2.39412425817297
175 2.39084683811371
176 2.38756286372388
177 2.38428629890032
178 2.38103063797672
179 2.37780886393587
180 2.37463341007642
181 2.37151612518636
182 2.36846824225898
183 2.36550035077113
184 2.36262237252798
185 2.35984354106359
186 2.35717238457182
187 2.35461671232829
188 2.35218360455065
189 2.34987940563155
190 2.34770972066689
191 2.34567941519036
192 2.34379261801463
193 2.3420527270698
194 2.34046241812052
195 2.33902365623478
196 2.33773770987005
197 2.3366051674354
198 2.33562595618259
199 2.33479936327376
200 2.33412405886918
201 2.33359812107479
202 2.33321906258678
203 2.33298385886804
204 2.33288897769063
205 2.33293040987732
206 2.33310370107598
207 2.3334039844011
208 2.33382601377854
209 2.3343641978318
210 2.3350126341506
211 2.33576514378653
212 2.33661530582381
213 2.33755649187818
214 2.33858190038152
215 2.33968459051539
216 2.34085751566231
217 2.34209355624969
218 2.3433855518681
219 2.34472633255192
220 2.34610874911765
221 2.34752570246251
222 2.34897017173303
223 2.35043524128135
224 2.35191412633406
225 2.35340019730681
226 2.35488700270507
227 2.35636829055968
228 2.35783802835332
229 2.35929042140183
230 2.36071992966186
231 2.36212128294396
232 2.36348949451731
233 2.3648198730997
234 2.3661080332332
235 2.36734990405277
236 2.36854173646151
237 2.36968010873256
238 2.37076193056358
239 2.37178444561539
240 2.37274523257178
241 2.37364220476248
242 2.37447360839598
243 2.37523801945326
244 2.3759343392975
245 2.37656178905852
246 2.37711990285384
247 2.37760851991152
248 2.37802777566195
249 2.37837809186862
250 2.37866016586914
251 2.37887495899971
252 2.37902368427699
253 2.37910779341255
254 2.37912896323496
255 2.37908908159527
256 2.37899023283101
257 2.37883468286349
258 2.3786248640024
259 2.37836335953048
260 2.37805288813987
261 2.37769628828984
262 2.37729650255405
263 2.37685656202318
264 2.3763795708265
265 2.37586869083361
266 2.37532712659459
267 2.37475811057441
268 2.37416488873396
269 2.37355070650747
270 2.37291879522242
271 2.37227235900506
272 2.37161456221104
273 2.37094851741753
274 2.37027727400917
275 2.36960380738735
276 2.36893100882824
277 2.3682616760118
278 2.3675985042403
279 2.36694407836153
280 2.3663008654084
281 2.36567120796325
282 2.36505731825198
283 2.36446127296968
284 2.36388500883665
285 2.36333031888032
286 2.36279884943599
287 2.36229209785627
288 2.36181141091661
289 2.36135798390181
290 2.36093286035578
291 2.36053693247493
292 2.36017094212328
293 2.35983548244544
294 2.35953100005206
295 2.3592577977505
296 2.35901603779223
297 2.35880574560708
298 2.35862681399345
299 2.35847900773255
300 2.35836196859412
301 2.35827522070021
302 2.3582181762135
303 2.35819014131594
304 2.35819032244372
305 2.35821783274423
306 2.35827169872116
307 2.35835086703387
308 2.35845421141772
309 2.35858053969261
310 2.35872860082759
311 2.35889709203012
312 2.35908466582959
313 2.35928993712555
314 2.35951149017227
315 2.35974788547228
316 2.35999766655305
317 2.36025936660183
318 2.36053151493556
319 2.36081264328376
320 2.36110129186404
321 2.3613960152312
322 2.36169538788264
323 2.36199800960417
324 2.36230251054195
325 2.36260755598806
326 2.36291185086842
327 2.36321414392381
328 2.36351323157604
329 2.36380796147286
330 2.36409723570703
331 2.36438001370615
332 2.36465531479157
333 2.36492222040598
334 2.36517987601083
335 2.36542749265593
336 2.36566434822501
337 2.36588978836211
338 2.36610322708507
339 2.36630414709325
340 2.36649209977789
341 2.36666670494433
342 2.36682765025634
343 2.36697469041362
344 2.36710764607431
345 2.36722640253495
346 2.36733090818113
347 2.36742117272251
348 2.36749726522629
349 2.36755931196381
350 2.36760749408513
351 2.36764204513666
352 2.36766324843732
353 2.3676714343285
354 2.36766697731344
355 2.36765029310143
356 2.36762183557212
357 2.36758209367537
358 2.36753158828146
359 2.36747086899649
360 2.36740051095742
361 2.36732111162078
362 2.36723328755876
363 2.36713767127577
364 2.36703490805825
365 2.3669256528699
366 2.36681056730383
367 2.36669031660262
368 2.36656556675673
369 2.36643698169089
370 2.36630522054747
371 2.36617093507522
372 2.366034767131
373 2.36589734630138
374 2.36575928765033
375 2.36562118959855
376 2.36548363193904
377 2.36534717399309
378 2.36521235290989
379 2.36507968211251
380 2.36494964989195
381 2.36482271815079
382 2.36469932129673
383 2.36457986528612
384 2.36446472681669
385 2.36435425266824
386 2.36424875918936
387 2.36414853192776
388 2.36405382540125
389 2.36396486300592
390 2.36388183705753
391 2.36380490896194
392 2.3637342095095
393 2.36366983928863
394 2.36361186921286
395 2.36356034115559
396 2.36351526868673
397 2.3634766379046
398 2.36344440835695
399 2.3634185140442
400 2.1134185140442
401 2.06386815337045
402 2.00912378777295
403 1.95438526050213
404 1.89965239527159
405 1.84492499761014
406 1.79020285624759
407 1.73548574452745
408 1.68077342183968
409 1.62606563506686
410 1.57243778259491
411 1.52088205688681
412 1.47146946651553
413 1.42429920530675
414 1.37946470545295
415 1.33705430725281
416 1.29715162012384
417 1.25983584153119
418 1.22518204129062
419 1.2
420 1.2
421 1.2
422 1.2
423 1.2
424 1.2
425 1.2
426 1.2
427 1.2
428 1.2
429 1.2
430 1.2
431 1.20098436202653
432 1.20393288414096
433 1.20865801716453
434 1.21500159798461
435 1.22282894459892
436 1.23202422754066
437 1.24248683695316
438 1.25412852656999
439 1.26687116414425
440 1.28064495548787
441 1.29538280288827
442 1.31101190380174
443 1.3274518681617
444 1.34461747900714
445 1.36242067255426
446 1.38077198376649
447 1.39958159647185
448 1.41876010151796
449 1.43821903984314
450 1.45787128745869
451 1.4776313427312
452 1.49741559163613
453 1.51714259547871
454 1.53673339264782
455 1.55611179325849
456 1.57520465466509
457 1.59394213150114
458 1.61225789757737
459 1.63008933927308
460 1.64737772143355
461 1.66406832746912
462 1.68011057538595
463 1.69545811105112
464 1.71006887953069
465 1.72390517509717
466 1.73693367044709
467 1.74912542570637
468 1.76045587787572
469 1.77090481145001
470 1.78045631101828
471 1.78909869670739
472 1.79682444337258
473 1.8036300844663
474 1.80951610153758
475 1.81448680033215
476 1.81855017447877
477 1.82171775776098
478 1.82400446598407
479 1.82542842945441
480 1.82601081709257
481 1.82577565320116
482 1.82474962790463
483 1.82296190227021
484 1.82044390910772
485 1.81722915043052
486 1.81335299254181
487 1.80885245968804
488 1.80376602719704
489 1.79813341499018
490 1.79199538232793
491 1.78539352461481
492 1.77837007305489
493 1.77096769791125
494 1.76322931608384
495 1.75519790367904
496 1.74691631420169
497 1.73842710295711
498 1.72977235820517
499 1.72099353956368
500 1.71213132411147
501 1.70322546059556
502 1.6943146320995
503 1.68543632748351
504 1.67662672186026
505 1.6679205663239
506 1.65935108710438
507 1.65094989427393
508 1.64274690008868
509 1.63477024700534
510 1.62704624537083
511 1.61959932074269
512 1.61245197075844
513 1.60562473143513
514 1.59913615274424
515 1.59300278327307
516 1.58723916375177
517 1.58185782919469
518 1.57686931937675
519 1.57228219733929
520 1.56810307559564
521 1.56433664968509
522 1.5609857387038
523 1.5580513324239
524 1.55553264459641
525 1.55342717202068
526 1.55173075895165
527 1.55043766640758
528 1.549540645934
529 1.54903101737494
530 1.5488987501998
531 1.54913254793339
532 1.54971993523823
533 1.55064734720065
534 1.55190022037786
535 1.55346308516878
536 1.55531965908054
537 1.55745294047145
538 1.55984530236294
539 1.56247858592522
540 1.56533419325525
541 1.5683931790806
542 1.57163634103869
543 1.575044308198
544 1.57859762750552
545 1.58227684786349
546 1.58606260155754
547 1.5899356827784
548 1.59387712299935
549 1.59786826299249
550 1.60189082128756
551 1.60592695889833
552 1.60995934016254
553 1.61397118956256
554 1.61794634441495
555 1.62186930333794
556 1.62572527042635
557 1.62950019508363
558 1.63318080748063
559 1.6367546496298
560 1.6402101020824
561 1.64353640627426
562 1.64672368256316
563 1.64976294401754
564 1.65264610603231
565 1.65536599186229
566 1.65791633417856
567 1.66029177276588
568 1.66248784849221
569 1.66450099369245
570 1.6663285191195
571 1.66796859762495
572 1.66942024474057
573 1.67068329633924
574 1.67175838356064
575 1.6726469051926
576 1.6733509977038
577 1.67387350312703
578 1.67421793499521
579 1.67438844253377
580 1.67438977331452
581 1.67422723457539
582 1.67390665341036
583 1.67343433603155
584 1.67281702630344
585 1.67206186374576
586 1.67117634119767
587 1.67016826233121
588 1.6690456991968
589 1.6678169499776
590 1.66649049712322
591 1.66507496602612
592 1.66357908439702
593 1.6620116424873
594 1.66038145429861
595 1.65869731991118
596 1.65696798905343
597 1.65520212602664
598 1.65340827608897
599 1.6515948333939
600 1.64977001056859
601 1.64794181000809
602 1.64611799695173
603 1.64430607439866
604 1.64251325990971
605 1.64074646433362
606 1.63901227248632
607 1.63731692580285
608 1.63566630697261
609 1.63406592656016
610 1.63252091160512
611 1.63103599618682
612 1.62961551393163
613 1.62826339243316
614 1.62698314954884
615 1.62577789152932
616 1.62465031293106
617 1.62360269825636
618 1.6226369252599
619 1.62175446985542
620 1.62095641255183
621 1.62024344634371
622 1.61961588597753
623 1.6190736785115
624 1.61861641508421
625 1.61824334380482
626 1.61795338367553
627 1.61774513945564
628 1.61761691737529
629 1.61756674160642
630 1.61759237139815
631 1.61769131878394
632 1.6178608667683
633 1.61809808790202
634 1.61839986315556
635 1.61876290100254
636 1.61918375662647
637 1.61965885116659
638 1.62018449092085
639 1.620756886427
640 1.62137217134559
641 1.6220264210721
642 1.62271567100862
643 1.62343593442934
644 1.62418321987764
645 1.62495354803669
646 1.62574296801939
647 1.62654757302763
648 1.62736351533508
649 1.62818702055198
650 1.62901440113473
651 1.62984206910737
652 1.63066654796644
653 1.63148448374498
654 1.63229265521566
655 1.63308798321745
656 1.6338675390942
657 1.63462855223764
658 1.63536841673144
659 1.63608469709657
660 1.63677513314225
661 1.63743764393017
662 1.6380703308633
663 1.63867147991366
664 1.63923956300709
665 1.63977323858526
666 1.64027135136882
667 1.64073293134744
668 1.64115719202552
669 1.64154352795403
670 1.64189151158148
671 1.64220088945844
672 1.64247157783186
673 1.64270365766684
674 1.64289736913459
675 1.64305310560661
676 1.64317140719553
677 1.64325295388412
678 1.64329855828405
679 1.64330915806643
680 1.64328580810611
681 1.64322967238169
682 1.64314201567275
683 1.64302419509566
684 1.64287765151815
685 1.64270390089284
686 1.64250452554817
687 1.64228116547494
688 1.64203550964474
689 1.64176928739593
690 1.64148425992096
691 1.6411822118876
692 1.64086494322494
693 1.64053426110339
694 1.6401919721362
695 1.63983987482828
696 1.63947975229604
697 1.63911336528034
698 1.63874244547269
699 1.63836868917262
700 1.63799375129254
701 1.63761923972435
702 1.63724671007978
703 1.63687766081511
704 1.6365135287483
705 1.63615568497523
706 1.63580543118946
707 1.63546399640835
708 1.63513253410648
709 1.63481211975554
710 1.6345037487683
711 1.63420833484253
712 1.63392670869927
713 1.63365961720836
714 1.63340772289272
715 1.63317160380155
716 1.63295175374147
717 1.63274858285321
718 1.63256241852085
719 1.63239350659912
720 1.6322420129437
721 1.63210802522874
722 1.6319915550347
723 1.63189254018947
724 1.63181084734502
725 1.63174627477119
726 1.63169855534832
727 1.63166735973982
728 1.63165229972581
729 1.63165293167863
730 1.63166876016149
731 1.63169924163107
732 1.6317437882254
733 1.63180177161846
734 1.63187252692325
735 1.63195535662548
736 1.63204953453039
737 1.63215430970578
738 1.63226891040488
739 1.63239254795318
740 1.63252442058418
741 1.63266371720946
742 1.63280962110948
743 1.632961313532
744 1.63311797718603
745 1.63327879961999
746 1.63344297647344
747 1.63360971459281
748 1.63377823500235
749 1.63394777572237
750 1.6341175944278
751 1.63428697094087
752 1.63445520955275
753 1.63462164116979
754 1.63478562528084
755 1.634946551743
756 1.63510384238415
757 1.63525695242114
758 1.63540537169363
759 1.63554862571403
760 1.63568627653513
761 1.63581792343734
762 1.63594320343837
763 1.63606179162886
764 1.63617340133792
765 1.63627778413328
766 1.63637472966126
767 1.63646406533221
768 1.63654565585762
769 1.63661940264554
770 1.63668524306116
771 1.63674314956004
772 1.63679312870156
773 1.6368352200504
774 1.63686949497433
775 1.63689605534644
776 1.6369150321604
777 1.63692658406712
778 1.6369308958416
779 1.63692817678836
780 1.63691865909431
781 1.63690259613736
782 1.63688026075948
783 1.63685194351232
784 1.63681795088389
785 1.636778603514
786 1.63673423440659
787 1.63668518714629
788 1.63663181412678
789 1.63657447479773
790 1.63651353393739
791 1.636449359957
792 1.63638232324323
793 1.63631279454447
794 1.63624114340622
795 1.63616773666067
796 1.63609293697507
797 1.63601710146317
798 1.63594058036349
799 1.63586371578792
800 1.77392894580684
801 1.78623659282073
802 1.79984486253627
803 1.81345405354884
804 1.82706445121703
805 1.84067632688283
806 1.85428993717501
807 1.86790552339606
808 1.88152331099256
809 1.8951435091086
810 1.90817188634
811 1.92012467327857
812 1.93108063954621
813 1.94108875426783
814 1.95018453994083
815 1.95839312242012
816 1.96573165042351
817 1.97221117417033
818 1.97783810302518
819 1.98261533550521
820 1.98654569215627
821 1.98963652783702
822 1.99190066693092
823 1.99335515479136
824 1.99402042915761
825 1.99391973104439
826 1.99307868746658
827 1.99152501609361
828 1.98928831568128
829 1.98639991623737
830 1.98289275927453
831 1.97880127000327
832 1.97416120136439
833 1.9690094567451
834 1.96338390332332
835 1.95732318309658
836 1.95086652577213
837 1.94405356581901
838 1.93692416479624
839 1.92951823934501
840 1.92187559485968
841 1.91403576481651
842 1.90603785593758
843 1.89792039957354
844 1.88972120977985
845 1.8814772485583
846 1.87322449868936
847 1.86499784451588
848 1.8568309609704
849 1.84875621107554
850 1.84080455209117
851 1.83300545043504
852 1.82538680546145
853 1.81797488214391
854 1.81079425266989
855 1.80386774691868
856 1.79721641175699
857 1.79085947905126
858 1.78481434226186
859 1.77909654145143
860 1.77371975650925
861 1.76869580836474
862 1.76403466793617
863 1.75974447253635
864 1.75583154943389
865 1.75230044624816
866 1.74915396783726
867 1.74639321932175
868 1.74401765487199
869 1.74202513187482
870 1.74041197008411
871 1.73917301535183
872 1.738301707529
873 1.73779015212182
874 1.73762919528509
875 1.73780850173441
876 1.73831663515923
877 1.73914114072176
878 1.74026862923069
879 1.74168486258477
880 1.74337484008851
881 1.74532288525119
882 1.74751273269044
883 1.74992761477321
884 1.7525503476394
885 1.75536341626723
886 1.7583490582543
887 1.76148934600345
888 1.76476626701953
889 1.76816180203984
890 1.77165800073916
891 1.77523705476826
892 1.77888136790373
893 1.78257362310605
894 1.7862968463019
895 1.79003446672662
896 1.7937703736818
897 1.79748896958306
898 1.80117521919212
899 1.80481469494681
900 1.80839361832165
901 1.81189889717038
902 1.81531815902022
903 1.81863978030543
904 1.82185291154534
905 1.82494749848862
906 1.82791429926196
907 1.83074489757676
908 1.83343171206232
909 1.83596800180804
910 1.83834786821055
911 1.84056625323393
912 1.84261893420309
913 1.84450251526095
914 1.84621441562993
915 1.84775285482736
916 1.84911683499237
917 1.85030612048903
918 1.8513212149567
919 1.85216333598397
920 1.85283438758677
921 1.85333693067518
922 1.85367415169549
923 1.85384982963652
924 1.85386830158951
925 1.8537344270515
926 1.85345355116111
927 1.85303146705427
928 1.85247437752525
929 1.85178885617548
930 1.85098180822893
931 1.85006043118877
932 1.84903217550496
933 1.84790470541751
934 1.84668586013356
935 1.84538361549076
936 1.84400604625209
937 1.84256128917038
938 1.84105750695304
939 1.83950285324962
940 1.83790543877698
941 1.83627329868802
942 1.83461436128177
943 1.83293641814378
944 1.83124709579693
945 1.8295538289341
946 1.82786383529504
947 1.82618409224115
948 1.82452131507299
949 1.8228819371265
950 1.82127209167569
951 1.81969759566064
952 1.81816393525181
953 1.81667625325345
954 1.81523933834108
955 1.8138576161206
956 1.8125351419892
957 1.81127559577145
958 1.81008227809732
959 1.80895810848251
960 1.80790562506574
961 1.80692698595209
962 1.80602397210626
963 1.80519799173495
964 1.80445008609333
965 1.80378093664647
966 1.80319087351316
967 1.80267988511656
968 1.80224762896331
969 1.80189344347042
970 1.80161636075762
971 1.8014151203212
972 1.80128818350436
973 1.80123374867843
974 1.80124976704905
975 1.8013339590015
976 1.80148383089969
977 1.80169669225426
978 1.80196967317621
979 1.80229974203406
980 1.80268372323405
981 1.80311831504514
982 1.80360010739266
983 1.80412559954712
984 1.80469121763724
985 1.80529333191946
986 1.80592827373922
987 1.8065923521226
988 1.80728186994036
989 1.80799313959021
990 1.80872249814673
991 1.809466321932
992 1.81022104046437
993 1.81098314974626
994 1.81174922485609
995 1.81251593181361
996 1.81328003869152
997 1.8140384259506
998 1.81478809597949
999 1.81552618182402
1000 1.81624995509504
1001 1.81695683304741
1002 1.81764438482649
1003 1.81831033688216
1004 1.81895257755377
1005 1.81956916083285
1006 1.82015830931377
1007 1.82071841634525
1008 1.82124804739904
1009 1.82174594067444
1010 1.82221100696025
1011 1.82264232877801
1012 1.82303915883261
1013 1.82340091779866
1014 1.82372719147262
1015 1.82401772732264
1016 1.82427243046937
1017 1.82449135913258
1018 1.82467471957931
1019 1.82482286061049
1020 1.82493626762349
1021 1.82501555628896
1022 1.82506146588037
1023 1.82507485229524
1024 1.82505668080699
1025 1.82500801858609
1026 1.82493002702925
1027 1.82482395393474
1028 1.8246911255614
1029 1.82453293860844
1030 1.82435085215185
1031 1.82414637957286
1032 1.82392108051223
1033 1.82367655288354
1034 1.82341442497685
1035 1.8231363476831
1036 1.82284398686805
1037 1.82253901592291
1038 1.82222310851746
1039 1.82189793157947
1040 1.82156513852297
1041 1.82122636274568
1042 1.82088321141458
1043 1.82053725955651
1044 1.82019004446896
1045 1.81984306046451
1046 1.81949775396035
1047 1.8191555189227
1048 1.81881769267398
1049 1.81848555206905
1050 1.81816031004476
1051 1.81784311254568
1052 1.81753503582705
1053 1.8172370841344
1054 1.81695018775762
1055 1.81667520145614
1056 1.81641290324985
1057 1.81616399356952
1058 1.81592909475907
1059 1.81570875092041
1060 1.81550342809115
1061 1.81531351474361
1062 1.81513932259324
1063 1.81498108770313
1064 1.81483897187082
1065 1.81471306428271
1066 1.81460338342069
1067 1.81450987920506
1068 1.81443243535751
1069 1.81437087196711
1070 1.81432494824235
1071 1.81429436543187
1072 1.81427876989616
1073 1.81427775631286
1074 1.81429087099789
1075 1.81431761532487
1076 1.81435744922544
1077 1.81440979475335
1078 1.81447403969518
1079 1.81454954121139
1080 1.81463562949115
1081 1.81473161140558
1082 1.8148367741438
1083 1.81495038881733
1084 1.81507171401864
1085 1.81519999932039
1086 1.81533448870257
1087 1.81547442389542
1088 1.81561904762686
1089 1.8157676067637
1090 1.81591935533686
1091 1.81607355744163
1092 1.8162294900046
1093 1.81638644541006
1094 1.81654373397902
1095 1.81670068629535
1096 1.81685665537394
1097 1.81701101866676
1098 1.8171631799036
1099 1.81731257076489
1100 1.81745865238489
1101 1.81760091668427
1102 1.81773888753188
1103 1.81787212173618
1104 1.81800020986754
1105 1.81812277691327
1106 1.81823948276788
1107 1.81835002256175
1108 1.81845412683177
1109 1.8185515615384
1110 1.81864212793367
1111 1.81872566228557
1112 1.81880203546437
1113 1.81887115239691
1114 1.81893295139544
1115 1.81898740336759
1116 1.81903451091467
1117 1.81907430732543
1118 1.81910685547289
1119 1.8191322466219
1120 1.81915059915519
1121 1.81916205722572
1122 1.81916678934358
1123 1.81916498690505
1124 1.81915686267203
1125 1.81914264920975
1126 1.81912259729057
1127 1.81909697427152
1128 1.81906606245348
1129 1.81903015742915
1130 1.81898956642729
1131 1.81894460666016
1132 1.81889560368106
1133 1.8188428897585
1134 1.81878680227329
1135 1.81872768214455
1136 1.81866587229034
1137 1.81860171612821
1138 1.81853555612083
1139 1.81846773237122
1140 1.81839858127198
1141 1.81832843421257
1142 1.81825761634804
1143 1.81818644543259
1144 1.81811523072081
1145 1.81804427193896
1146 1.81797385832849
1147 1.8179042677636
1148 1.81783576594401
1149 1.8177686056642
1150 1.81770302615957
1151 1.81763925253001
1152 1.81757749524076
1153 1.81751794970027
1154 1.81746079591435
1155 1.8174061982158
1156 1.81735430506809
1157 1.81730524894177
1158 1.81725914626171
1159 1.81721609742327
1160 1.81717618687504
1161 1.8171394832659
1162 1.81710603965353
1163 1.81707589377178
1164 1.81704906835383
1165 1.81702557150801
1166 1.81700539714309
1167 1.81698852543976
1168 1.81697492336477
1169 1.81696454522425
1170 1.8169573332528
1171 1.81695321823452
1172 1.81695212015264
1173 1.8169539488639
1174 1.81695860479422
1175 1.81696597965203
1176 1.8169759571557
1177 1.81698841377166
1178 1.81700321945961
1179 1.81702023842173
1180 1.81703932985233
1181 1.81706034868509
1182 1.81708314633455
1183 1.81710757142916
1184 1.81713347053291
1185 1.81716068885299
1186 1.81718907093089
1187 1.8172184613146
1188 1.81724870520966
1189 1.817279649107
1190 1.81731114138572
1191 1.817343032889
1192 1.81737517747158
1193 1.81740743251747
1194 1.8174396594266
1195 1.81747172406938
1196 1.81750349720821
1197 1.81753485488528
1198 1.81756567877614
1199 1.81759585650843
1200 1.8176252819458
