1 0.8
2 0.8
3 0.8
4 0.8
5 0.8
6 0.8
7 0.8
8 0.8
9 0.8
10 0.8
11 0.8
12 0.8
13 0.8
14 0.8
15 0.8
16 0.8
17 0.8
18 0.8
19 0.8
20 0.8
21 0.8
22 0.8
23 0.8
24 0.8
25 0.8
26 0.8
27 0.8
28 0.8
29 0.8
30 0.8
31 0.8
32 0.8
33 0.8
34 0.8
35 0.8
36 0.8
37 0.8
38 0.8
39 0.8
40 0.8
41 0.8
42 0.8
43 0.8
44 0.8
45 0.8
46 0.8
47 0.8
48 0.8
49 0.8
50 0.8
51 0.8
52 0.8
53 0.8
54 0.8
55 0.8
56 0.8
57 0.8
58 0.8
59 0.8
60 0.8
61 0.8
62 0.8
63 0.8
64 0.8
65 0.8
66 0.8
67 0.8
68 0.8
69 0.8
70 0.8
71 0.8
72 0.8
73 0.8
74 0.8
75 0.8
76 0.8
77 0.8
78 0.8
79 0.8
80 0.8
81 0.8
82 0.8
83 0.8
84 0.8
85 0.8
86 0.8
87 0.8
88 0.8
89 0.8
90 0.8
91 0.8
92 0.8
93 0.8
94 0.8
95 0.8
96 0.8
97 0.8
98 0.8
99 0.8
100 0.8
101 0.8
102 0.8
103 0.8
104 0.8
105 0.8
106 0.8
107 0.8
108 0.8
109 0.8
110 0.8
111 0.8
112 0.8
113 0.8
114 0.8
115 0.8
116 0.8
117 0.8
118 0.8
119 0.8
120 0.8
121 0.8
122 0.8
123 0.8
124 0.8
125 0.8
126 0.8
127 0.8
128 0.8
129 0.8
130 0.8
131 0.8
132 0.8
133 0.8
134 0.8
135 0.8
136 0.8
137 0.8
138 0.8
139 0.8
140 0.8
141 0.8
142 0.8
143 0.8
144 0.8
145 0.8
146 0.8
147 0.8
148 0.8
149 0.8
150 0.8
151 0.8
152 0.8
153 0.8
154 0.8
155 0.8
156 0.8
157 0.8
158 0.8
159 0.8
160 0.8
161 0.8
162 0.8
163 0.8
164 0.8
165 0.8
166 0.8
167 0.8
168 0.8
169 0.8
170 0.8
171 0.8
172 0.8
173 0.8
174 0.8
175 0.8
176 0.8
177 0.8
178 0.8
179 0.8
180 0.8
181 0.8
182 0.8
183 0.8
184 0.8
185 0.8
186 0.8
187 0.8
188 0.8
189 0.8
190 0.8
191 0.8
192 0.8
193 0.8
194 0.8
195 0.8
196 0.8
197 0.8
198 0.8
199 0.8
200 0.8
201 0.8
202 0.8
203 0.8
204 0.8
205 0.8
206 0.8
207 0.8
208 0.8
209 0.8
210 0.8
211 0.800778725
212 0.80360926925
213 0.809412565748
214 0.818215714898255
215 0.829286889816548
216 0.841918473471702
217 0.85556936539215
218 0.869827678611113
219 0.884381706727413
220 0.89899733176974
221 0.913480240691142
222 0.927600489345172
223 0.94108253267192
224 0.953659483022508
225 0.965106483679757
226 0.975258489355698
227 0.984016727041002
228 0.991347266693813
229 0.997274423714154
230 1.00187111821593
231 1.0052478121609
232 1.0075412219527
233 1.00890365167753
234 1.00949350314293
235 1.0094672864489
236 1.00897327272064
237 1.00814679275133
238 1.00710708570584
239 1.00595553494571
240 1.00477508790885
241 1.00363063859349
242 1.0025701497382
243 1.00162630292054
244 1.00081848470339
245 1.00015494238094
246 0.999634971112586
247 0.999251023118341
248 0.998990657485483
249 0.998838274802686
250 0.998776603499299
251 0.998787923970927
252 0.998855032148573
253 0.99896195617039
254 0.99909444846283
255 0.999240281168008
256 0.999389375875388
257 0.999533799472083
258 0.99966765706588
259 0.999786910788841
260 0.999889150251886
261 0.999973336840615
262 1.00003954021502
263 1.00008868154101
264 1.00012229432562
265 1.00014231038534
266 1.00015087553731
267 1.00015019711545
268 1.00014242339464
269 1.00012955344541
270 1.00011337480976
271 1.00009542564231
272 1.00007697754733
273 1.00005903520558
274 1.00004234896763
275 1.00002743683956
276 1.00001461265103
277 1.00000401763169
278 0.999995653092242
279 0.999989412380137
280 0.999985110733566
281 0.99998251207385
282 0.999981352143678
283 0.999981357710601
284 0.999982261809306
285 0.999983815193445
286 0.999985794311644
287 0.9999880062181
288 0.999990290882219
289 0.999992521380979
290 0.999994602449252
291 0.999996467833797
292 0.999998076852403
293 0.999999410506142
294 1.00000046743466
295 1.00000125994563
296 1.00000181029307
297 1.0000021473272
298 1.00000230359253
299 1.00000231291166
300 1.0000022084603
301 1.00000202131399
302 1.00000177942875
303 1.00000150700558
304 1.00000122418155
305 1.00000094698783
306 1.00000068751543
307 1.00000045423324
308 1.00000025240809
309 1.00000008458326
310 0.999999951078945
311 0.999999850485526
312 0.999999780127418
313 0.99999973648191
314 0.999999715543044
315 0.999999713125554
316 0.999999725107904
317 0.999999747616642
318 0.999999777156595
319 0.999999810693006
320 0.99999984569266
321 0.999999880131386
322 0.999999912475277
323 0.99999994164254
324 0.999999966952254
325 0.999999988065505
326 1.00000000492349
327 1.00000001768623
328 1.00000002667483
329 1.00000003231906
330 1.00000003511178
331 1.00000003557069
332 1.00000003420769
333 1.00000003150547
334 1.00000002790091
335 1.00000002377448
336 1.00000001944476
337 1.00000001516726
338 1.0000000111365
339 1.00000000749055
340 1.00000000431736
341 1.0000000016619
342 0.999999999533866
343 0.999999997915287
344 0.999999996767709
345 0.999999996038744
346 0.999999995667786
347 0.999999995590818
348 0.999999995744282
349 0.999999996068041
350 0.999999996507499
351 0.999999997014971
352 0.999999997550398
353 0.999999998081539
354 0.99999999858374
355 0.999999999039381
356 0.999999999437125
357 0.999999999771023
358 1.00000000003957
359 1.00000000024475
360 1.00000000039117
361 1.0000000004852
362 1.0000000005343
363 1.00000000054637
364 1.00000000052931
365 1.0000000004906
366 1.00000000043707
367 1.0000000003747
368 1.00000000030851
369 1.00000000024258
370 1.00000000018002
371 1.00000000012309
372 1.00000000007325
373 1.00000000003128
374 0.999999999997397
375 0.999999999971397
376 0.999999999952727
377 0.999999999940611
378 0.999999999934134
379 0.999999999932318
380 1.00000000072697
381 1.00000000574736
382 1.00000002322663
383 1.00000006756342
384 1.00000015919924
385 1.000000323363
386 1.00000058813845
387 1.0000009821915
388 1.00000153240758
389 1.00000226163263
390 1.00000318666235
391 1.00000431656642
392 1.00000565148521
393 1.00000718210275
394 1.00000888990293
395 1.00001074813951
396 1.00001272332112
397 1.00001477699597
398 1.00001686767082
399 1.00001895274436
400 1.00002099036634
401 1.0000229344561
402 1.00002472741029
403 1.00002629874034
404 1.00002757272654
405 1.00002848106455
406 1.00002897172849
407 1.00002901332761
408 1.0000285961883
409 1.00002773115647
410 0.999247768528991
411 0.996415724016329
412 0.990610748923115
413 0.981182827227724
414 0.967955424363357
415 0.951592302081765
416 0.933083225124592
417 0.913184650237331
418 0.892472010073782
419 0.871380404838823
420 0.850236265868305
421 0.829281988439471
422 0.808695089519726
423 0.788603102193398
424 0.769095150576575
425 0.750230940330562
426 0.732047737321734
427 0.714565780350912
428 0.697792475244391
429 0.681793806424837
430 0.66672777327941
431 0.652786459712796
432 0.64014856252748
433 0.628951447510775
434 0.619277498475858
435 0.611150590347815
436 0.604539393411936
437 0.599364942013661
438 0.59551050513272
439 0.592832298151385
440 0.591169989456225
441 0.590356293699559
442 0.590225215094344
443 0.590618717347552
444 0.591391759355183
445 0.592415754697601
446 0.593580594991365
447 0.594795428573699
448 0.595988412675069
449 0.597105664531931
450 0.598109629613604
451 0.598977067504307
452 0.599696831607212
453 0.600267590730193
454 0.600695611196623
455 0.600992689275346
456 0.601174296819903
457 0.601257978986797
458 0.601262022328003
459 0.601204394674838
460 0.601101945051388
461 0.600969842190485
462 0.600821223754746
463 0.600667024684032
464 0.600515951748405
465 0.600374571919037
466 0.600247484129109
467 0.60013754696545
468 0.600046138438353
469 0.599973427903613
470 0.599918644196314
471 0.5998803278755
472 0.599856559021565
473 0.599845155171521
474 0.599843836661396
475 0.599850358845785
476 0.599862612386578
477 0.599878694072819
478 0.599896951493761
479 0.599916005389808
480 0.599934753708902
481 0.599952361357695
482 0.599968239414818
483 0.59998201722032
484 0.599993510318148
485 0.60000268674763
486 0.600009633688546
487 0.600014525988661
488 0.600017597661952
489 0.600019117053343
490 0.600019366029639
491 0.600018623279682
492 0.600017151589455
493 0.600015188796718
494 0.600012942019763
495 0.600010584689626
496 0.600008255887476
497 0.600006061491652
498 0.60000407666489
499 0.600002349254988
500 0.600000903735745
501 0.599999745374326
502 0.599998864372072
503 0.599998239784978
504 0.599997843085006
505 0.599997641272536
506 0.599997599492422
507 0.599997683140989
508 0.599997859478739
509 0.59999809878404
510 0.599998375097158
511 0.599998666612444
512 0.59999895578027
513 0.599999229180209
514 0.599999477223925
515 0.599999693741086
516 0.59999987549505
517 0.600000021667772
518 0.600000133345843
519 0.600000213032201
520 0.600000264201214
521 0.600000290908691
522 0.600000297463058
523 0.600000288159597
524 0.600000267076125
525 0.600000237925928
526 0.600000203961946
527 0.600000167925098
528 0.600000132029151
529 0.600000097974493
530 0.600000066983536
531 0.600000039851088
532 0.600000017003836
533 0.599999998563991
534 0.59999998441306
535 0.599999974252648
536 0.599999967660026
537 0.599999964136988
538 0.59999996315117
539 0.599999964169562
540 0.599999966684383
541 0.59999997023182
542 0.599999974404349
543 0.59999997885753
544 0.599999983312195
545 0.599999987552986
546 0.599999991424148
547 0.59999999482341
548 0.599999997694682
549 0.600000000020192
550 0.600000001812587
551 0.600000003107367
552 0.600000003955973
553 0.600000004419701
554 0.600000004564561
555 0.600000004457105
556 0.600000004161216
557 0.600000003735773
558 0.600000003233112
559 0.600000002698158
560 0.600000002168107
561 0.600000001672536
562 0.600000001233825
563 0.600000000867787
564 0.600000000584427
565 0.600000000388745
566 0.600000000281552
567 0.600000000260244
568 0.600000000319517
569 0.600000000452015
570 0.600000000648881
571 0.600000000900206
572 0.600000001195326
573 0.600000001523009
574 0.600000001871542
575 0.600000002228782
576 0.600000002582211
577 0.600000002919043
578 0.600000003226399
579 0.600000002698829
580 0.599999997894129
581 0.599999980567451
582 0.599999935676023
583 0.599999840138559
584 0.599999663140939
585 0.599999367993529
586 0.599998914903648
587 0.599998264189136
588 0.599997379574544
589 0.599996231283655
590 0.5999947986733
591 0.599993072145178
592 0.59999105409641
593 0.599988758798367
594 0.599986211260204
595 0.599983445279313
596 0.599980500996208
597 0.599977422298201
598 0.599974254412178
599 0.599971041939656
600 0.59996783411976
601 0.599964692706968
602 0.599961694081642
603 0.59995892770151
604 0.599956490149858
605 0.599954473039977
606 0.599952951398607
607 0.599951977747789
608 0.599951580179224
609 0.599951763101977
610 0.599952509667717
611 0.599953785144619
612 0.599955540720149
613 0.599957717370004
614 0.599960249547461
615 0.599963068534389
616 0.599966105359523
617 0.599969293237119
618 0.599972569513679
619 0.599975876549159
620 0.59997916148437
621 0.599982375693958
622 0.599985474430358
623 0.599988416848417
624 0.599991166406237
625 0.599993691532345
626 0.599995966406262
627 0.599997971698119
628 0.599999695136959
629 0.600001131814552
630 0.600002284173023
631 0.600003161664209
632 0.600003780102463
633 0.60000416075855
634 0.600004329259607
635 0.600004314369011
636 0.600004146721518
637 0.600003857584382
638 0.600003477705959
639 0.600003036301095
640 0.600002560208794
641 0.600002073243552
642 0.60000159574835
643 0.600001144345417
644 0.600000731870937
645 0.600000367472279
646 0.600000056841084
647 0.599999802552566
648 0.599999604480496
649 0.599999460258213
650 0.59999936575831
651 0.599999315566983
652 0.599999303433068
653 0.59999932267618
654 0.599999366542816
655 0.599999428503508
656 0.599999502488035
657 0.599999583059022
658 0.599999665527039
659 0.59999974601247
660 0.599999821460898
661 0.599999889619717
662 0.599999948984043
663 0.599999998719963
664 0.600000038572718
665 0.600000068766718
666 0.600000089903393
667 0.600000102861847
668 0.600000108706255
669 0.600000108602864
670 0.600000103748502
671 0.600000095311611
672 0.600000084386024
673 0.600000071957132
674 0.600000058879541
675 0.600000045864991
676 0.600000033479082
677 0.600000022145214
678 0.600000012154145
679 0.600000003677625
680 0.599999996784668
681 0.599999991459206
682 0.599999987618044
683 0.599999985128236
684 0.5999999838232
685 0.599999983517109
686 0.599999984017225
687 0.599999985134048
688 0.599999986689241
689 0.599999988521438
690 0.599999990490087
691 0.599999992477551
692 0.599999994389737
693 0.599999996155519
694 0.599999997725229
695 0.599999999068472
696 0.600000000171519
697 0.600000001034467
698 0.600000001668358
699 0.600000002092392
700 0.600000002331346
701 0.600000002413271
702 0.600000002367519
703 0.600000002223127
704 0.600000002007543
705 0.600000001745703
706 0.600000001459409
707 0.600000001166983
708 0.600000000883161
709 0.600000000619165
710 0.600000000382928
711 0.600000000179426
712 0.600000000011068
713 0.599999999878133
714 0.599999999779205
715 0.599999999711598
716 0.599999999671752
717 0.599999999655582
718 0.599999999658776
719 0.599999999677048
720 0.599999999706328
721 0.599999999742905
722 0.599999999783523
723 0.599999999825435
724 0.599999999866422
725 0.599999999904782
726 0.599999999939301
727 0.599999999969202
728 0.599999999994092
729 0.600000000013891
730 0.600000000028777
731 0.600000000039115
732 0.600000000045405
733 0.600000000048228
734 0.6000000000482
735 0.600000000045938
736 0.60000000004203
737 0.600000000037014
738 0.600000000031365
739 0.600000000025483
740 0.600000000019693
741 0.600000000014248
742 0.600000000009328
743 0.60000000000505
744 0.600000000001476
745 0.599999999998623
746 0.599999999996469
747 0.599999999994965
748 0.599999999994041
749 0.59999999999361
750 0.599999999993563
751 0.599999999993752
752 0.599999999993955
753 0.599999999993824
754 0.59999999999282
755 0.599999999990128
756 0.599999999984582
757 0.599999999974593
758 0.599999999958096
759 0.599999999932539
760 0.599999999894898
761 0.599999999841757
762 0.599999999769419
763 0.599999999674074
764 0.59999999955199
765 0.599999999399727
766 0.599999999214357
767 0.599999998993658
768 0.599999998736287
769 0.599999998441919
770 0.59999999811137
771 0.599999997746733
772 0.599999997351533
773 0.599999996930895
774 0.599999996491704
775 0.599999996042705
776 0.599999995594506
777 0.599999995159449
778 0.599999994751326
779 0.59999999438495
780 0.599999994075589
781 0.599999993838293
782 0.599999993687171
783 0.599999993634657
784 0.59999999369084
785 0.599999993862904
786 0.599999994154721
787 0.599999994566639
788 0.599999995095455
789 0.599999995734574
790 0.599999996474276
791 0.599999997301978
792 0.599999998202491
793 0.599999999158272
794 0.600000000149715
795 0.600000001155572
796 0.600000002153538
797 0.600000003120994
798 0.600000004035833
799 0.600000004877312
800 0.600000005626845
801 0.600000006268696
802 0.600000006790516
803 0.60000000718371
804 0.600000007443611
805 0.600000007569482
806 0.60000000756434
807 0.600000007434638
808 0.600000007189831
809 0.600000006841859
810 0.600668365388364
811 0.602916713780375
812 0.607082508861119
813 0.613120441138176
814 0.620748390608735
815 0.629556595364581
816 0.639087090282372
817 0.648889262221025
818 0.65855642408693
819 0.667747545674784
820 0.676197637338987
821 0.683719727345803
822 0.690200883547069
823 0.695594292516839
824 0.699909018043179
825 0.703198712746832
826 0.705550250130463
827 0.707072978616178
828 0.707889073055008
829 0.708125271267686
830 0.707906131271501
831 0.707348826233501
832 0.7065594056343
833 0.705630389038959
834 0.704639519466299
835 0.703649482802344
836 0.702708394300169
837 0.701850859453273
838 0.701099431242506
839 0.700466306132715
840 0.699955124839506
841 0.699562768824763
842 0.699281068149205
843 0.699098359536034
844 0.699000854456907
845 0.698973795222644
846 0.699002392188341
847 0.699072547218642
848 0.699171377620299
849 0.69928756107184
850 0.699411525980142
851 0.699535513533296
852 0.699653537877971
853 0.699761269702392
854 0.699855866405616
855 0.699935769298419
856 0.700000485187191
857 0.70005036647061
858 0.700086400713707
859 0.700110017694781
860 0.700122919245709
861 0.700126934887068
862 0.70012390432656
863 0.700115586347323
864 0.700103592446705
865 0.700089342766146
866 0.700074041339351
867 0.700058667433517
868 0.700043979719485
869 0.70003053013425
870 0.700018684549087
871 0.700008647688591
872 0.700000490125233
873 0.699994175571675
874 0.69998958708543
875 0.699986551170008
876 0.699984859090612
877 0.699984285012971
878 0.69998460081677
879 0.699985587629641
880 0.699987044275432
881 0.699988792935108
882 0.699990682384861
883 0.699992589209566
884 0.699994417396293
885 0.69999609669821
886 0.699997580129194
887 0.699998840909022
888 0.6999998691323
889 0.700000668385126
890 0.700001252484769
891 0.700001642471561
892 0.7000018639405
893 0.700001944763606
894 0.700001913223575
895 0.700001796554672
896 0.700001619868118
897 0.700001405425858
898 0.700001172218028
899 0.70000093579504
900 0.700000708304112
901 0.700000498681706
902 0.700000312956897
903 0.700000154625664
904 0.700000025061792
905 0.699999923936181
906 0.699999849622402
907 0.699999799572064
908 0.699999770648791
909 0.699999759414152
910 0.699999762362748
911 0.699999776106726
912 0.69999979751241
913 0.699999823793387
914 0.699999852565539
915 0.699999881870059
916 0.699999910170678
917 0.699999936331122
918 0.69999995957843
919 0.699999979457128
920 0.699999995778559
921 0.700000008568936
922 0.700000018018909
923 0.700000024436733
924 0.70000002820648
925 0.70000002975215
926 0.700000029508071
927 0.70000002789557
928 0.700000025305611
929 0.700000022086876
930 0.700000018538605
931 0.700000014907471
932 0.700000011387701
933 0.7000000081237
934 0.700000005214486
935 0.700000002719291
936 0.700000000663812
937 0.699999999046641
938 0.699999997845535
939 0.699999997023259
940 0.699999996532814
941 0.699999996321937
942 0.699999996336832
943 0.699999996525114
944 0.699999996838016
945 0.699999997231916
946 0.699999997669264
947 0.699999998119005
948 0.699999998556593
949 0.699999998963685
950 0.699999999327607
951 0.699999999640671
952 0.699999999899401
953 0.700000000103743
954 0.700000000256277
955 0.700000000361499
956 0.700000000425156
957 0.700000000453691
958 0.700000000453767
959 0.700000000431897
960 0.700000000394165
961 0.700000000346029
962 0.7000000002922
963 0.700000000236589
964 0.700000000182297
965 0.700000000131652
966 0.700000000086274
967 0.700000000047158
968 0.70000000001477
969 0.699999999989142
970 0.699999999969973
971 0.699999999956718
972 0.699999999948669
973 0.699999999945029
974 0.699999999944967
975 0.699999999947669
976 0.699999999952372
977 0.699999999958389
978 0.699999999965125
979 0.700000000652512
980 0.700000004779902
981 0.700000018456769
982 0.700000051845225
983 0.700000119132486
984 0.700000237791199
985 0.700000427252389
986 0.700000707170789
987 0.700001095483311
988 0.700001606462773
989 0.700002248962469
990 0.70000302504193
991 0.700003929167347
992 0.700004948135863
993 0.70000606173921
994 0.700007244049675
995 0.700008465142819
996 0.700009693049013
997 0.700010895735135
998 0.70001204294703
999 0.700013107783207
1000 0.70001406216517
1001 0.70001487165557
1002 0.700015497021622
1003 0.700015898948445
1004 0.700016043523634
1005 0.700015907037784
1006 0.700015479329323
1007 0.700014765390269
1008 0.700013785280187
1009 0.700012572601257
1010 0.700011171896536
1011 0.700009635370532
1012 0.700008019317224
1013 0.700006380593026
1014 0.700004773405188
1015 0.700003246611081
1016 0.700001841648962
1017 0.700000591152324
1018 0.699999518241604
1019 0.699998636440799
1020 0.699997950133296
1021 0.699997455450278
1022 0.699997141475429
1023 0.699996991649455
1024 0.69999698526533
1025 0.699997098958073
1026 0.699997308109321
1027 0.699997588105288
1028 0.699997915405305
1029 0.699998268395901
1030 0.699998628021358
1031 0.69999897819526
1032 0.699999306008455
1033 0.699999601756891
1034 0.699999858818096
1035 0.700000073407869
1036 0.700000244249331
1037 0.700000372185265
1038 0.700000459762052
1039 0.700000510809885
1040 0.700000530039718
1041 0.700000522672903
1042 0.700000494114988
1043 0.700000449680904
1044 0.700000394374984
1045 0.700000332725959
1046 0.700000268674421
1047 0.700000205508208
1048 0.700000145839715
1049 0.700000091618279
1050 0.700000044170417
1051 0.700000004260734
1052 0.699999972166735
1053 0.699999947761389
1054 0.699999930598121
1055 0.699999919993834
1056 0.699999915106494
1057 0.69999991500474
1058 0.699999918727863
1059 0.699999925335276
1060 0.699999933945239
1061 0.699999943763198
1062 0.699999954100453
1063 0.699999964384249
1064 0.699999974160511
1065 0.699999983090574
1066 0.699999990943272
1067 0.699999997583676
1068 0.700000002959685
1069 0.700000007087523
1070 0.700000010037035
1071 0.700000011917514
1072 0.700000012864595
1073 0.700000013028615
1074 0.700000012564686
1075 0.700000011624577
1076 0.700000010350422
1077 0.700000008870173
1078 0.700000007294643
1079 0.700000005715954
1080 0.700000004207169
1081 0.700000002822888
1082 0.70000000160057
1083 0.70000000056238
1084 0.699999999717353
1085 0.699999999063726
1086 0.699999998591276
1087 0.699999998283567
1088 0.699999998120011
1089 0.6999999980777
1090 0.699999998132947
1091 0.699999998262554
1092 0.699999998444781
1093 0.699999998660051
1094 0.699999998891397
1095 0.699999999124703
1096 0.699999999348754
1097 0.699999999555144
1098 0.699999999738072
1099 0.699999999894057
1100 0.700000000021613
1101 0.700000000120888
1102 0.700000000193314
1103 0.700000000241264
1104 0.700000000267746
1105 0.700000000276123
1106 0.700000000269881
1107 0.700000000252443
1108 0.700000000227021
1109 0.700000000196509
1110 0.70000000016342
1111 0.700000000129849
1112 0.700000000097464
1113 0.700000000067517
1114 0.70000000004088
1115 0.700000000018083
1116 0.699999999999362
1117 0.699999999984712
1118 0.699999999973939
1119 0.699999999966709
1120 0.699999999962596
1121 0.699999999961118
1122 0.699999999961775
1123 0.699999999964075
1124 0.699999999967555
1125 0.699999999971797
1126 0.699999999976437
1127 0.699999999981173
1128 0.699999999985762
1129 0.699999999990021
1130 0.699999999993822
1131 0.699999999997087
1132 0.699999999999779
1133 0.700000000001895
1134 0.700000000003463
1135 0.700000000004528
1136 0.700000000005148
1137 0.700000000005393
1138 0.700000000005331
1139 0.700000000005033
1140 0.700000000004564
1141 0.700000000003983
1142 0.700000000003342
1143 0.700000000002684
1144 0.700000000002044
1145 0.700000000001447
1146 0.700000000000913
1147 0.700000000000452
1148 0.700000000000072
1149 0.699999999999777
1150 0.699999999999581
1151 0.699999999999524
1152 0.699999999999695
1153 0.700000000000271
1154 0.70000000000155
1155 0.700000000004
1156 0.70000000000829
1157 0.70000000001532
1158 0.700000000026231
1159 0.700000000042394
1160 0.700000000065371
1161 0.700000000096846
1162 0.700000000138535
1163 0.700000000192074
1164 0.700000000258892
1165 0.700000000340086
1166 0.700000000436299
1167 0.700000000547628
1168 0.700000000673554
1169 0.700000000812899
1170 0.700000000963794
1171 0.700000001123639
1172 0.700000001289073
1173 0.70000000145594
1174 0.700000001619297
1175 0.700000001773463
1176 0.700000001912129
1177 0.700000002028547
1178 0.700000002115792
1179 0.700000002167093
1180 0.70000000217621
1181 0.70000000213784
1182 0.700000002048011
1183 0.700000001904436
1184 0.700000001706777
1185 0.700000001456813
1186 0.700000001158468
1187 0.700000000817709
1188 0.700000000442321
1189 0.700000000041559
1190 0.699999999625772
1191 0.699999999206048
1192 0.699999998793888
1193 0.699999998400873
1194 0.699999998038299
1195 0.699999997716781
1196 0.69999999744583
1197 0.69999999723343
1198 0.699999997085653
1199 0.699999997006339
1200 0.699999996996887
