1 2
2 2
3 2
4 2
5 2
6 2
7 2
8 2
9 2
10 2
11 2
12 2
13 2
14 2
15 2
16 2
17 2
18 2
19 2
20 2
21 2
22 2
23 2
24 2
25 2
26 2
27 2
28 2
29 2
30 2
31 2
32 2
33 2
34 2
35 2
36 2
37 2
38 2
39 2
40 2
41 2
42 2
43 2
44 2
45 2
46 2
47 2
48 2
49 2
50 2
51 2
52 2
53 2
54 2
55 2
56 2
57 2
58 2
59 2
60 2
61 2
62 2
63 2
64 2
65 2
66 2
67 2
68 2
69 2
70 2
71 2
72 2
73 2
74 2
75 2
76 2
77 2
78 2
79 2
80 2
81 2
82 2
83 2
84 2
85 2
86 2
87 2
88 2
89 2
90 2
91 2
92 2
93 2
94 2
95 2
96 2
97 2
98 2
99 2
100 2
101 2
102 2
103 2
104 2
105 2
106 2
107 2
108 2
109 2
110 2
111 2
112 2
113 2
114 2
115 2
116 2
117 2
118 2
119 2
120 2
121 2
122 2
123 2
124 2
125 2
126 2
127 2
128 2
129 2
130 2
131 2
132 2
133 2
134 2
135 2
136 2
137 2
138 2
139 2
140 2
141 2
142 2
143 2
144 2
145 2
146 2
147 2
148 2
149 2
150 2
151 2
152 2
153 2
154 2
155 2
156 2
157 2
158 2
159 2
160 2
161 2
162 2
163 2
164 2
165 2
166 2
167 2
168 2
169 2
170 2
171 2
172 2
173 2
174 2
175 2
176 2
177 2
178 2
179 2
180 2
181 2
182 2
183 2
184 2
185 2
186 2
187 2
188 2
189 2
190 2
191 2
192 2
193 2
194 2
195 2
196 2
197 2
198 2
199 2
200 2
201 2.25
202 2.5
203 2.75
204 2.8
205 2.8
206 2.8
207 2.8
208 2.8
209 2.8
210 2.8
211 2.8
212 2.8
213 2.8
214 2.8
215 2.73342771050508
216 2.56559037592923
217 2.39485437077977
218 2.26944872456117
219 2.20303261598836
220 2.18878803682456
221 2.21063528864769
222 2.25100902131667
223 2.29535764665008
224 2.3339946099116
225 2.36212329126363
226 2.37883601777582
227 2.38573453805174
228 2.38561263050256
229 2.38144000709599
230 2.37572518810184
231 2.37022706953123
232 2.36592852194416
233 2.36316969716135
234 2.36184970372797
235 2.36162963597492
236 2.3620972849197
237 2.36287762630023
238 2.3636902212471
239 2.36436444800054
240 2.36482711070838
241 2.36507628558499
242 2.3651521822984
243 2.36511190765263
244 2.36501140707296
245 2.36489511045134
246 2.36479209738548
247 2.36471682430189
248 2.36467238290647
249 2.3646546101244
250 2.36465590061383
251 2.36466810651847
252 2.36468434087189
253 2.36469978951645
254 2.36471178503322
255 2.36471943412429
256 2.36472305565191
257 2.36472361665762
258 2.36472227646473
259 2.36472008241015
260 2.36471781333287
261 2.36471593992482
262 2.36471466120851
263 2.36471397853428
264 2.36471377721643
265 2.36471389682729
266 2.36471418122964
267 2.36471450704898
268 2.36471479400206
269 2.36471500259767
270 2.3647151248871
271 2.36471517293569
272 2.36471516819331
273 2.36471513345059
274 2.36471508786798
275 2.36471504476768
276 2.36471501147143
277 2.36471499036809
278 2.36471498049454
279 2.36471497911105
280 2.36471498296815
281 2.36471498914734
282 2.3647149954894
283 2.36471500069815
284 2.364715004234
285 2.36471500610502
286 2.36471500663847
287 2.36471500628517
288 2.36471500548096
289 2.36471500456846
290 2.36471500376933
291 2.36471500319142
292 2.36471500285504
293 2.36471500272528
294 2.36471500274169
295 2.36471500284051
296 2.36471500296846
297 2.36471500308869
298 2.36471500318109
299 2.3647150032393
300 2.3647150032662
301 2.36471500326956
302 2.36471500325848
303 2.36471500324108
304 2.36471500322336
305 2.36471500320888
306 2.3647150031991
307 2.36471500319397
308 2.36471500319256
309 2.36471500319361
310 2.36471500319589
311 2.36471500319845
312 2.36471500320068
313 2.36471500320229
314 2.36471500320321
315 2.36471500320357
316 2.36471500320351
317 2.36471500320323
318 2.36471500320286
319 2.36471500320252
320 2.36471500320226
321 2.3647150032021
322 2.36471500320203
323 2.36471500320202
324 2.36471500320206
325 2.36471500320211
326 2.36471500320216
327 2.3647150032022
328 2.36471500320222
329 2.36471500320224
330 2.36471500320224
331 2.36471500320224
332 2.36471500320224
333 2.36471500320224
334 2.36471500320223
335 2.36471500320222
336 2.36471500320222
337 2.36471500320222
338 2.36471500320222
339 2.36471500320222
340 2.36471500320222
341 2.36471500320222
342 2.36471500320222
343 2.36471500320222
344 2.36471500320222
345 2.36471500320221
346 2.36471500341076
347 2.36471500453776
348 2.36471500756396
349 2.36471501308069
350 2.3647150204451
351 2.36471502740523
352 2.3647150302406
353 2.36471502436071
354 2.36471500536585
355 2.36471497057522
356 2.36471492093993
357 2.36471486307838
358 2.36471481091868
359 2.3647147861623
360 2.36471481652986
361 2.3647149307544
362 2.36471514988589
363 2.36471547527899
364 2.36471587462224
365 2.36471626905299
366 2.36471652638946
367 2.36471646720175
368 2.36471589103338
369 2.36471462863029
370 2.36471262163152
371 2.36471002326657
372 2.36470730240538
373 2.36470532030583
374 2.36470533779903
375 2.36470890556793
376 2.36471759842088
377 2.36473258363502
378 2.36475407024198
379 2.36478077395073
380 2.36480964868322
381 2.3648362698747
382 2.36485638834509
383 2.36486775933398
384 2.36487082954061
385 2.36486798933204
386 2.36486207011233
387 2.36485527190444
388 2.36484867280163
389 2.364842185813
390 2.36483483596452
391 2.36481163091509
392 2.3647687246146
393 2.36470891481696
394 2.3646493519803
395 2.36460244603311
396 2.36457335377345
397 2.36456241396583
398 2.36456677246388
399 2.36458177803996
400 2.11458177803996
401 1.86458177803996
402 1.61458177803996
403 1.36458177803996
404 1.2
405 1.2
406 1.2
407 1.2
408 1.2
409 1.2
410 1.2
411 1.2
412 1.2
413 1.2
414 1.2
415 1.2
416 1.2
417 1.2
418 1.2
419 1.2
420 1.2
421 1.2
422 1.21048734026686
423 1.37034270521957
424 1.55698975141415
425 1.70581594717075
426 1.79352734561954
427 1.82253726279053
428 1.80809327578752
429 1.7689814183792
430 1.72182252750773
431 1.67840005560439
432 1.64517749773733
433 1.62413127025016
434 1.61415736822557
435 1.61252094271991
436 1.61603814240948
437 1.62186515100251
438 1.62790019429774
439 1.63287858842023
440 1.63626819276554
441 1.63806740059539
442 1.63858470746599
443 1.63824991794784
444 1.63748029676939
445 1.63660473728335
446 1.63583654627565
447 1.63527994321959
448 1.63495502773163
449 1.63482871549588
450 1.63484316994514
451 1.63493725515766
452 1.63505974289822
453 1.63517513014577
454 1.63526400082708
455 1.63532012162679
456 1.63534618737712
457 1.63534959965396
458 1.63533908258439
459 1.63532244459954
460 1.6353054449622
461 1.63529152693059
462 1.63528211018902
463 1.63527715417466
464 1.6352757709239
465 1.63527674818773
466 1.63527891864368
467 1.63528136743657
468 1.63528350482103
469 1.63528504572144
470 1.63528593873421
471 1.63528627927397
472 1.63528623025969
473 1.63528596258325
474 1.63528561869775
475 1.63528529680126
476 1.63528505014733
477 1.63528489534865
478 1.63528482433921
479 1.63528481616159
480 1.63528484636827
481 1.63528489320406
482 1.63528494070545
483 1.63528497939381
484 1.63528500542503
485 1.63528501899984
486 1.63528502264907
487 1.63528501977799
488 1.63528501364427
489 1.63528500678799
490 1.63528500083684
491 1.63528499656878
492 1.63528499411339
493 1.63528499319536
494 1.63528499335562
495 1.63528499411637
496 1.63528499508143
497 1.63528499597918
498 1.63528499666359
499 1.63528499709044
500 1.63528499728374
501 1.63528499730281
502 1.63528499721613
503 1.63528499708432
504 1.63528499695161
505 1.63528499684409
506 1.63528499677214
507 1.63528499673497
508 1.63528499672538
509 1.6352849967338
510 1.63528499675115
511 1.63528499677038
512 1.63528499678698
513 1.63528499679882
514 1.63528499680556
515 1.63528499680796
516 1.63528499680729
517 1.63528499680487
518 1.63528499680183
519 1.63528499679897
520 1.63528499679682
521 1.63528499679567
522 1.63528499679569
523 1.63528499679694
524 1.63528499679939
525 1.6352849968028
526 1.6352849968067
527 1.63528499681018
528 1.63528499681192
529 1.63528499681023
530 1.63528499680343
531 1.63528499679032
532 1.63528499677092
533 1.6352849967472
534 1.63528499672364
535 1.63528499670742
536 1.6352849967078
537 1.63528499673454
538 1.63528499679535
539 1.63528499689253
540 1.63528499701935
541 1.63528499715708
542 1.63528499727364
543 1.63528499732525
544 1.63528499726216
545 1.63528499683056
546 1.63528499529439
547 1.63528499168296
548 1.63528498530026
549 1.63528497637514
550 1.63528496679848
551 1.63528496052107
552 1.63528496315545
553 1.63528498086279
554 1.63528501856597
555 1.63528507758155
556 1.63528515293051
557 1.63528523086187
558 1.63528528745565
559 1.63528528946772
560 1.63528519869935
561 1.63528498094827
562 1.63528461985395
563 1.6352841345683
564 1.63528359816189
565 1.63528315122006
566 1.63528300269156
567 1.63528340857414
568 1.63528461968648
569 1.63528679342272
570 1.63528987221327
571 1.63529344460012
572 1.63529662118212
573 1.63529797439907
574 1.63529560265693
575 1.63528737741417
576 1.63527140672602
577 1.63524669065105
578 1.63521384600295
579 1.63517563918272
580 1.63513689443248
581 1.63510316019215
582 1.63507886571773
583 1.63506616077783
584 1.63506445139829
585 1.63507086070438
586 1.63508158868451
587 1.63509322735476
588 1.63510335649229
589 1.63511064689918
590 1.6351283081143
591 1.63515925629317
592 1.63520097929713
593 1.63524902873541
594 1.63529458061395
595 1.63532500343263
596 1.63533860780284
597 1.63533979825403
598 1.63533530627412
599 1.63533153765611
600 1.63533291455619
601 1.63534104803291
602 1.63535463568776
603 1.63537011129322
604 1.63538317348233
605 1.63539053890959
606 1.63539090673391
607 1.6353849907067
608 1.63537490404203
609 1.63536329738183
610 1.63535258196226
611 1.63534442746847
612 1.63533901062167
613 1.63532799588713
614 1.63530778425389
615 1.63528129721242
616 1.63525502767843
617 1.63523538534135
618 1.63522624286815
619 1.63522814657937
620 1.63523885339397
621 1.63525456002976
622 1.63527122470239
623 1.63528557863803
624 1.63529565660133
625 1.63530086423333
626 1.63530171282576
627 1.63529938998832
628 1.63529531691498
629 1.63529079508816
630 1.63528679009774
631 1.63528385355394
632 1.63528215358851
633 1.63528157122326
634 1.63528182064846
635 1.63528256097435
636 1.63528348006201
637 1.63528434352754
638 1.63528501149141
639 1.63528543120774
640 1.63528561561628
641 1.63528561704724
642 1.63528550293385
643 1.63528533750487
644 1.63528517080854
645 1.63528503449177
646 1.63528494265437
647 1.63528489573259
648 1.6352848855381
649 1.63528490005293
650 1.63528492715157
651 1.63528495693979
652 1.63528498278358
653 1.63528500132673
654 1.63528501187713
655 1.63528501551952
656 1.63528501422878
657 1.63528501015317
658 1.63528500513966
659 1.63528500049923
660 1.63528499696472
661 1.63528499477519
662 1.63528499382177
663 1.6352849938034
664 1.63528499435874
665 1.6352849951584
666 1.63528499595519
667 1.63528499659907
668 1.63528499702779
669 1.63528499724438
670 1.63528499729105
671 1.63528499722573
672 1.63528499710492
673 1.63528499697344
674 1.6352849968605
675 1.63528499678027
676 1.6352849967351
677 1.63528499671973
678 1.63528499672529
679 1.63528499674244
680 1.63528499676332
681 1.63528499678248
682 1.63528499679694
683 1.63528499680582
684 1.63528499680964
685 1.63528499680968
686 1.63528499680744
687 1.63528499680425
688 1.6352849968011
689 1.63528499679858
690 1.63528499679691
691 1.63528499679607
692 1.6352849967959
693 1.63528499679616
694 1.63528499679662
695 1.63528499679713
696 1.63528499679755
697 1.63528499679785
698 1.63528499679802
699 1.63528499679808
700 1.63528499679806
701 1.635284996798
702 1.63528499679792
703 1.63528499679786
704 1.63528499679781
705 1.63528499679778
706 1.63528499679776
707 1.63528499679775
708 1.63528499679774
709 1.63528499679771
710 1.63528499679767
711 1.63528499679763
712 1.63528499679759
713 1.63528499679759
714 1.63528499679766
715 1.63528499679783
716 1.63528499679813
717 1.63528499679855
718 1.63528499679904
719 1.63528499679947
720 1.63528499679963
721 1.63528499679923
722 1.63528499679795
723 1.63528499679552
724 1.63528499679189
725 1.63528499678733
726 1.63528499678265
727 1.63528499677932
728 1.63528499677934
729 1.63528499678503
730 1.63528499679843
731 1.63528499682043
732 1.63528499684984
733 1.63528499688245
734 1.6352849969105
735 1.63528499692292
736 1.63528499690674
737 1.63528499684984
738 1.6352849967449
739 1.63528499659414
740 1.635284996414
741 1.63528499623829
742 1.63528499611827
743 1.63528499611789
744 1.63528499630305
745 1.63528499672462
746 1.63528499739663
747 1.63528499827335
748 1.63528499923058
749 1.63528500005807
750 1.63528500046971
751 1.63528500013587
752 1.63528499873778
753 1.63528499603723
754 1.63528499194829
755 1.63528498659187
756 1.63528498031379
757 1.63528497365202
758 1.63528496725221
759 1.63528496174836
760 1.63528495764294
761 1.63528495522858
762 1.63528495458376
763 1.63528495564782
764 1.63528495834644
765 1.63528496271161
766 1.63528496893207
767 1.63528497728618
768 1.6352849879497
769 1.63528500072662
770 1.63528501481676
771 1.63528502880333
772 1.63528504094674
773 1.63528504967015
774 1.63528505405199
775 1.63528505412804
776 1.63528505085584
777 1.63528504576523
778 1.63528504047499
779 1.6352850362645
780 1.63528503308137
781 1.63528502995492
782 1.63528502574055
783 1.63528501968149
784 1.63528501188337
785 1.63528500356761
786 1.63528499630908
787 1.63528499122684
788 1.63528498854649
789 1.63528498760711
790 1.63528498720516
791 1.6352849861011
792 1.63528498351148
793 1.635284979429
794 1.63528497463684
795 1.63528497039726
796 1.63528496796567
797 1.63528496814376
798 1.63528497103361
799 1.63528497604808
800 1.88528497604808
801 2.13528497604808
802 2.38528497604808
803 2.63528497604808
804 2.8
805 2.68139394878713
806 2.43139394878713
807 2.18139394878713
808 1.93139394878713
809 1.68139394878713
810 1.47667514094273
811 1.4334201573601
812 1.48870634834622
813 1.58842335273648
814 1.69334204112714
815 1.78010364413056
816 1.83890983693614
817 1.86965093900026
818 1.87782438774199
819 1.87109481889131
820 1.85688101561984
821 1.84100281866642
822 1.82720575568753
823 1.81728878325413
824 1.81155873294718
825 1.80938701925981
826 1.80971777721501
827 1.81144875192828
828 1.81366365998149
829 1.81573242096984
830 1.81731451259348
831 1.81830489494958
832 1.81875675067255
833 1.81880560052039
834 1.81860891808514
835 1.81830651635615
836 1.81800077200213
837 1.81775229808986
838 1.81758550220218
839 1.81749885695383
840 1.81747594038923
841 1.81749478815058
842 1.81753444487965
843 1.81757860591499
844 1.81761684922974
845 1.81764421730196
846 1.81765991355256
847 1.81766573273731
848 1.81766463960797
849 1.81765970977882
850 1.81765348792677
851 1.81764771476018
852 1.81764332286771
853 1.81764059085156
854 1.81763936030441
855 1.81763924755641
856 1.81763981133529
857 1.8176406621231
858 1.81764151617851
859 1.81764220668412
860 1.81764266762262
861 1.81764290480441
862 1.81764296498289
863 1.81764290983345
864 1.81764279782221
865 1.81764267420851
866 1.81764256774811
867 1.81764249195973
868 1.81764244881876
869 1.81764243315713
870 1.81764243662412
871 1.81764245062287
872 1.81764246807786
873 1.81764248417542
874 1.81764249635924
875 1.81764250389033
876 1.81764250723731
877 1.81764250748525
878 1.81764250587009
879 1.81764250347665
880 1.81764250109108
881 1.8176424991723
882 1.81764249789866
883 1.81764249724963
884 1.81764249709216
885 1.81764249725309
886 1.81764249756934
887 1.81764249791528
888 1.81764249821158
889 1.81764249842141
890 1.81764249853994
891 1.81764249858203
892 1.8176424985712
893 1.81764249853147
894 1.81764249848252
895 1.81764249843763
896 1.81764249840383
897 1.81764249838307
898 1.81764249837397
899 1.81764249837347
900 1.8176424983781
901 1.81764249838484
902 1.81764249839151
903 1.81764249839685
904 1.81764249840038
905 1.81764249840216
906 1.81764249840257
907 1.8176424984021
908 1.81764249840121
909 1.81764249840024
910 1.81764249839943
911 1.81764249839885
912 1.81764249839853
913 1.81764249839841
914 1.81764249839843
915 1.81764249839851
916 1.81764249839861
917 1.81764249839868
918 1.81764249839873
919 1.81764249839875
920 1.81764249839877
921 1.81764249839881
922 1.8176424983989
923 1.81764249839903
924 1.81764249839921
925 1.81764249839942
926 1.81764249839962
927 1.81764249839975
928 1.81764249839976
929 1.8176424983996
930 1.81764249839921
931 1.81764249839857
932 1.81764249839769
933 1.8176424983966
934 1.81764249839537
935 1.81764249839408
936 1.81764249839283
937 1.81764249839173
938 1.81764249839088
939 1.81764249839038
940 1.8176424983903
941 1.81764249839074
942 1.81764249839175
943 1.81764249839341
944 1.81764249839572
945 1.81764249860721
946 1.81764249973766
947 1.8176425027676
948 1.81764250845492
949 1.81764251669489
950 1.81764252568327
951 1.81764253125329
952 1.81764252719616
953 1.81764250668188
954 1.8176424645218
955 1.817642400064
956 1.81764232045056
957 1.81764224346975
958 1.8176421986343
959 1.81764222511206
960 1.81764236522563
961 1.81764265266108
962 1.81764309551544
963 1.81764365601827
964 1.8176442311441
965 1.8176446410699
966 1.81764463484359
967 1.81764392366872
968 1.81764225055558
969 1.81763949939674
970 1.81763583586294
971 1.81763185696651
972 1.81762870751189
973 1.8176281041273
974 1.8176321980563
975 1.81764321575533
976 1.81766285224387
977 1.81769146567575
978 1.81772723784012
979 1.81776562082629
980 1.81779956947205
981 1.81782123409342
982 1.81782439591817
983 1.81780639044633
984 1.81776931774903
985 1.817719956665
986 1.81766785507143
987 1.81762250695107
988 1.81759116419573
989 1.81757759336681
990 1.81756795824646
991 1.81755572227403
992 1.81753791525317
993 1.81751340076175
994 1.8174868141354
995 1.81747530983404
996 1.81748939958711
997 1.81752682562792
998 1.81757989231188
999 1.81764012722739
1000 1.81769827349319
1001 1.81774080580891
1002 1.81775936840121
1003 1.81775345039445
1004 1.81772892730378
1005 1.81769486727594
1006 1.81766034006833
1007 1.81763218938325
1008 1.81761405708701
1009 1.81760649166438
1010 1.81760774981763
1011 1.81761486598128
1012 1.81762465026388
1013 1.81763441196357
1014 1.81764234042347
1015 1.81764757637411
1016 1.81765006394622
1017 1.81765028972716
1018 1.81764900209554
1019 1.81764697536844
1020 1.81764485107176
1021 1.81764306118507
1022 1.81764181965759
1023 1.81764115951014
1024 1.81764099179918
1025 1.8176411669167
1026 1.81764152533397
1027 1.81764193170567
1028 1.81764229177765
1029 1.81764255513966
1030 1.81764270852443
1031 1.81764276446406
1032 1.81764274923148
1033 1.81764269266686
1034 1.81764262114688
1035 1.81764255387052
1036 1.81764250192514
1037 1.81764246926026
1038 1.8176424546571
1039 1.81764245393634
1040 1.81764246188843
1041 1.81764247366167
1042 1.81764248554906
1043 1.81764249525364
1044 1.81764250178191
1045 1.81764250512916
1046 1.81764250589738
1047 1.81764250494512
1048 1.81764250312407
1049 1.81764250111933
1050 1.8176424993836
1051 1.81764249814147
1052 1.8176424974357
1053 1.81764249719011
1054 1.81764249727075
1055 1.81764249753403
1056 1.817642497858
1057 1.81764249815708
1058 1.81764249838412
1059 1.81764249852429
1060 1.81764249858519
1061 1.81764249858653
1062 1.81764249855161
1063 1.81764249850143
1064 1.81764249845161
1065 1.81764249841151
1066 1.81764249838492
1067 1.81764249837156
1068 1.81764249836872
1069 1.81764249837277
1070 1.81764249838019
1071 1.81764249838823
1072 1.8176424983951
1073 1.81764249839996
1074 1.81764249840267
1075 1.81764249840359
1076 1.81764249840324
1077 1.8176424984022
1078 1.81764249840094
1079 1.8176424983998
1080 1.81764249839894
1081 1.81764249839841
1082 1.81764249839819
1083 1.81764249839819
1084 1.81764249839832
1085 1.81764249839851
1086 1.8176424983987
1087 1.81764249839884
1088 1.81764249839894
1089 1.81764249839899
1090 1.817642498399
1091 1.81764249839899
1092 1.81764249839896
1093 1.81764249839893
1094 1.81764249839891
1095 1.81764249839889
1096 1.81764249839888
1097 1.81764249839888
1098 1.81764249839888
1099 1.81764249839889
1100 1.81764249839889
1101 1.81764249839889
1102 1.81764249839889
1103 1.81764249839889
1104 1.81764249839889
1105 1.81764249839888
1106 1.81764249839888
1107 1.81764249839889
1108 1.81764249839891
1109 1.81764249839894
1110 1.81764249839899
1111 1.81764249839904
1112 1.81764249839907
1113 1.81764249839907
1114 1.81764249839899
1115 1.8176424983988
1116 1.81764249839848
1117 1.81764249839804
1118 1.81764249839755
1119 1.81764249839717
1120 1.81764249839712
1121 1.81764249839772
1122 1.81764249839929
1123 1.81764249840208
1124 1.81764249840608
1125 1.81764249841084
1126 1.81764249841532
1127 1.8176424984178
1128 1.81764249841595
1129 1.81764249840728
1130 1.81764249838985
1131 1.81764249836327
1132 1.81764249832984
1133 1.81764249829557
1134 1.81764249827051
1135 1.81764249826812
1136 1.81764249830317
1137 1.81764249838798
1138 1.8176424985274
1139 1.81764249871312
1140 1.81764249891867
1141 1.81764249909695
1142 1.81764249918221
1143 1.81764249909834
1144 1.81764249877452
1145 1.81764249816763
1146 1.81764249728894
1147 1.81764249622959
1148 1.81764249517755
1149 1.81764249441746
1150 1.81764249430565
1151 1.81764249521637
1152 1.81764249746196
1153 1.81764250119826
1154 1.81764250633577
1155 1.81764251248301
1156 1.81764251894881
1157 1.81764252482102
1158 1.81764252912016
1159 1.81764253100114
1160 1.81764252995134
1161 1.81764252592062
1162 1.81764251932964
1163 1.8176425109387
1164 1.81764250160963
1165 1.81764249204083
1166 1.81764248258123
1167 1.81764247321712
1168 1.81764246377235
1169 1.8176424542759
1170 1.81764244534992
1171 1.81764243837107
1172 1.81764243524224
1173 1.81764243782855
1174 1.81764244723022
1175 1.81764246315407
1176 1.81764248368855
1177 1.81764250563341
1178 1.81764252525245
1179 1.81764253917819
1180 1.81764254595579
1181 1.81764254609537
1182 1.81764254152803
1183 1.81764253487692
1184 1.81764252850293
1185 1.81764252327215
1186 1.81764251856517
1187 1.81764251324059
1188 1.81764250646341
1189 1.81764249806382
1190 1.81764248861506
1191 1.8176424795529
1192 1.81764247275509
1193 1.81764246981689
1194 1.81764247143536
1195 1.81764247717057
1196 1.81764248562408
1197 1.8176424949015
1198 1.81764250315533
1199 1.81764250902651
1200 1.81764251187847
