1 2
2 2
3 2
4 2
5 2
6 2
7 2
8 2
9 2
10 2
11 2
12 2
13 2
14 2
15 2
16 2
17 2
18 2
19 2
20 2
21 2
22 2
23 2
24 2
25 2
26 2
27 2
28 2
29 2
30 2.25
31 2.28427459459459
32 2.31886918918919
33 2.35346378378378
34 2.38805837837838
35 2.42265297297297
36 2.45724756756757
37 2.49184216216216
38 2.52643675675676
39 2.56103135135135
40 2.59306543079676
41 2.62042897134957
42 2.64346501634337
43 2.66243523676932
44 2.67754197234648
45 2.68894141824204
46 2.69675389478462
47 2.7010718436389
48 2.701966053179
49 2.69949050465808
50 2.69371236915212
51 2.68475456955124
52 2.67279978460024
53 2.65807172641977
54 2.64082189075703
55 2.62132022590086
56 2.59984863214651
57 2.5766964933888
58 2.55215765723667
59 2.52652843889358
60 2.5001060725841
61 2.47318679862767
62 2.44606322971692
63 2.41902130719802
64 2.39233724444815
65 2.36627467700303
66 2.34108212614568
67 2.31699081265648
68 2.29421281605499
69 2.27293955204847
70 2.25334053301858
71 2.23556238382868
72 2.21972810220045
73 2.20593656627431
74 2.19426229546633
75 2.18475546754051
76 2.17744218918639
77 2.17232501161862
78 2.16938367789675
79 2.16857608520382
80 2.16983944321364
81 2.17309160862075
82 2.17823257543148
83 2.18514610029911
84 2.19370144183795
85 2.20375519247692
86 2.21515318110782
87 2.22773242464257
88 2.24132310668545
89 2.2557505618809
90 2.2708372451112
91 2.28640466556746
92 2.3022752667647
93 2.31827423478431
94 2.33423121837564
95 2.3499819460123
96 2.36536972655955
97 2.38024682185292
98 2.3944756811965
99 2.4079300295469
100 2.42049580293453
101 2.43207192647015
102 2.44257093207006
103 2.45191941479067
104 2.46005832837302
105 2.46694312224545
106 2.47254372380122
107 2.4768443712457
108 2.47984330368104
109 2.48155231635555
110 2.48199619014027
111 2.48121200529949
112 2.4792483504883
113 2.47616443863534
114 2.47202914194843
115 2.46691995871513
116 2.46092192485812
117 2.45412648335017
118 2.44663032459677
119 2.43853421076276
120 2.42994179675678
121 2.42095846020207
122 2.41169015222171
123 2.40224228026001
124 2.39271863345887
125 2.38322036031969
126 2.37384500751773
127 2.3646856278096
128 2.3558299639956
129 2.34735971488119
130 2.33934988813485
131 2.33186824387815
132 2.32497483177596
133 2.31872162333507
134 2.31315224007585
135 2.30830177722626
136 2.30419672160917
137 2.30085496146168
138 2.29828588504711
139 2.29649056410376
140 2.29546201742623
141 2.29518554919994
142 2.29563915611247
143 2.29679399675019
144 2.2986149163574
145 2.30106101969054
146 2.30408628444119
147 2.30764020753036
148 2.31166847648982
149 2.31611365814359
150 2.3209158968807
151 2.32601361496559
152 2.33134420756091
153 2.33684472543451
154 2.34245253868193
155 2.34810597521308
156 2.35374492821978
157 2.35931142735315
158 2.36475016889057
159 2.37000900075235
160 2.37503935883338
161 2.37979665173619
162 2.38424059162272
163 2.38833546953631
164 2.39205037417493
165 2.39535935371674
166 2.39824152090222
167 2.40068110215851
168 2.40266743210559
169 2.40419489530566
170 2.40526281760237
171 2.40587530984145
172 2.40604106716555
173 2.40577312743102
174 2.40508859260085
175 2.40400831722426
176 2.40255656831884
177 2.40076066112476
178 2.39865057530322
179 2.39625855620261
180 2.39361870581807
181 2.39076656802406
182 2.38773871256763
183 2.38457232217455
184 2.3813047869446
185 2.3779733099986
186 2.37461452809237
187 2.37126415063493
188 2.36795662024393
189 2.36472479764455
190 2.36159967337328
191 2.35861010838856
192 2.35578260532169
193 2.35314111172604
194 2.35070685630674
195 2.34849821873821
196 2.34653063330907
197 2.34481652627548
198 2.34336528645829
199 2.34218326829062
200 2.34127382621188
201 2.34063737901644
202 2.34027150250014
203 2.34017104850977
204 2.34032828828926
205 2.34073307783437
206 2.34137304281509
207 2.34223378050267
208 2.34329907604693
209 2.34455113038824
210 2.34597079705782
211 2.34753782511861
212 2.34923110552602
213 2.35102891824246
214 2.35290917751982
215 2.35484967286817
216 2.3568283033562
217 2.35882330303534
218 2.36081345544455
219 2.36277829533378
220 2.36469829593743
221 2.36655504033469
222 2.36833137564643
223 2.37001154903769
224 2.37158132471747
225 2.37302808135102
226 2.37434088952229
227 2.37551056910279
228 2.3765297265963
229 2.3773927727338
230 2.37809592078892
231 2.37863716626826
232 2.37901624880245
233 2.37923459722082
234 2.37929525893473
235 2.3792028148796
236 2.37896328137437
237 2.37858400034764
238 2.37807351945257
239 2.37744146364702
240 2.37669839985163
241 2.37585569631749
242 2.37492537833527
243 2.37391998190238
244 2.37285240693185
245 2.37173577153966
246 2.37058326888473
247 2.36940802796107
248 2.36822297965407
249 2.36704072927522
250 2.36587343668228
251 2.36473270497652
252 2.36362947864724
253 2.36257395190709
254 2.36157548783132
255 2.3606425487822
256 2.35978263846666
257 2.35900225584342
258 2.35830686096572
259 2.35770085271935
260 2.35718755829369
261 2.35676923410722
262 2.35644707779948
263 2.35622125079959
264 2.35609091088801
265 2.35605425408384
266 2.35610856511563
267 2.35625027566884
268 2.35647502954958
269 2.35677775386062
270 2.35715273525352
271 2.35759370029881
272 2.35809389900543
273 2.35864619051955
274 2.35924313004294
275 2.35987705602948
276 2.36054017674725
277 2.36122465532986
278 2.36192269248561
279 2.36262660608464
280 2.36332890690239
281 2.36402236986156
282 2.36470010018263
283 2.36535559392599
284 2.36598279248327
285 2.36657613065307
286 2.36713057801506
287 2.36764167339466
288 2.36810555228987
289 2.36851896720811
290 2.36887930093687
291 2.36918457284385
292 2.36943343837181
293 2.36962518195797
294 2.36975970366886
295 2.36983749989646
296 2.36985963851213
297 2.36982772891885
298 2.36974388748061
299 2.36961069884013
300 2.36943117366141
301 2.36920870335344
302 2.36894701234378
303 2.36865010847769
304 2.36832223211889
305 2.36796780452206
306 2.36759137603645
307 2.36719757468293
308 2.36679105562489
309 2.36637645202735
310 2.36595832776756
311 2.36554113242604
312 2.36512915894918
313 2.36472650433385
314 2.36433703364175
315 2.36396434760629
316 2.36361175404908
317 2.3632822432764
318 2.36297846757915
319 2.3627027249131
320 2.36245694679057
321 2.36224269036968
322 2.36206113468481
323 2.36191308092012
324 2.36179895659004
325 2.36171882345416
326 2.36167238896114
327 2.36165902098648
328 2.36167776560259
329 2.36172736759676
330 2.36180629343364
331 2.36191275634353
332 2.36204474320618
333 2.3622000428922
334 2.36237627572021
335 2.36257092368753
336 2.36278136113565
337 2.36300488551826
338 2.36323874794949
339 2.3634801832233
340 2.36372643901003
341 2.36397480395501
342 2.36422263442416
343 2.36446737966412
344 2.36470660516852
345 2.36493801406761
346 2.36515946638475
347 2.36536899603068
348 2.36556482543431
349 2.36574537773638
350 2.36590928650013
351 2.36605540292045
352 2.36618280053942
353 2.36629077750171
354 2.36637885640775
355 2.36644678184571
356 2.36649451570427
357 2.36652223038834
358 2.3665303000772
359 2.36651929018036
360 2.3664899451599
361 2.36644317489958
362 2.36638003980991
363 2.3663017348653
364 2.36620957277409
365 2.36610496648442
366 2.36598941122928
367 2.36586446631195
368 2.36573173682925
369 2.36559285552406
370 2.36544946495087
371 2.36530320012883
372 2.36515567184611
373 2.36500845076688
374 2.36486305247926
375 2.36472092360801
376 2.36458342910076
377 2.36445184078078
378 2.36432732724296
379 2.36421094515356
380 2.36410363199728
381 2.36400620029911
382 2.36391933333218
383 2.36384358230688
384 2.36377936502146
385 2.36372696593992
386 2.36368653764908
387 2.36365810363427
388 2.36364156230121
389 2.3636366921614
390 2.36364315808858
391 2.36366051854632
392 2.3636882336795
393 2.36372567415746
394 2.36377213065227
395 2.36382682383286
396 2.36388891475451
397 2.36395751552284
398 2.36403170011283
399 2.36411051522549
400 2.11411051522549
401 2.04564648691975
402 1.97654417237295
403 1.90744261463268
404 1.83834088051948
405 1.76923806951262
406 1.70013332200365
407 1.63102582685334
408 1.5619148281967
409 1.4927996314502
410 1.42624096835732
411 1.36469992807111
412 1.30842814790026
413 1.2576323651813
414 1.21247739722383
415 1.2
416 1.2
417 1.2
418 1.2
419 1.2
420 1.2
421 1.2
422 1.20268191182284
423 1.21106779676467
424 1.22488411272889
425 1.24353164143569
426 1.26611248873819
427 1.29180957684362
428 1.31998393672414
429 1.35013540326393
430 1.38187205184784
431 1.41488638521275
432 1.44890931038347
433 1.48364585832788
434 1.51875552324017
435 1.55387072686658
436 1.58861730715067
437 1.62263248106816
438 1.65557633260642
439 1.68713774748218
440 1.71703668559082
441 1.74502411660836
442 1.7708808186504
443 1.79441637035083
444 1.815469088909
445 1.83390669945427
446 1.849627194769
447 1.86255946980756
448 1.87266349564436
449 1.87992996536117
450 1.88437944770895
451 1.88606113412993
452 1.8850512791439
453 1.88145142071922
454 1.8753864368228
455 1.8670024658248
456 1.85646470368435
457 1.84395508858245
458 1.82966988816487
459 1.81381721095187
460 1.7966144687416
461 1.7782858197615
462 1.7590596228113
463 1.73916593122665
464 1.71883405302307
465 1.69829020085782
466 1.67775525293898
467 1.65744264382864
468 1.63755640213193
469 1.61828935017726
470 1.5998214788465
471 1.58231850863947
472 1.56593064584946
473 1.55079154042315
474 1.53701744973734
475 1.52470661020337
476 1.51393881635385
477 1.5047752049056
478 1.49725823924494
479 1.49141188786017
480 1.48724198845836
481 1.48473678786058
482 1.48386764628035
483 1.48458989326409
484 1.48684382142066
485 1.49055580309503
486 1.49563951435561
487 1.50199725006777
488 1.50952131341743
489 1.5180954630264
490 1.52759640076174
491 1.53789528347786
492 1.54885924223616
493 1.56035289301295
494 1.57223982352307
495 1.58438404154155
496 1.59665137098763
497 1.60891078303038
498 1.62103565056943
499 1.63290491562306
500 1.64440416040429
501 1.65542657416817
502 1.66587380925539
503 1.67565672112238
504 1.684695988523
505 1.69292261137511
506 1.70027828519457
507 1.70671565229548
508 1.71219843122544
509 1.71670142711862
510 1.72021042679437
511 1.72272198349713
512 1.72424309715561
513 1.72479079692731
514 1.72439163358392
515 1.72308108997767
516 1.72090291840537
517 1.71790841415329
518 1.71415563486061
519 1.70970857558219
520 1.70463630956419
521 1.69901210477035
522 1.69291252611659
523 1.68641653319063
524 1.67960458295694
525 1.67255774658201
526 1.66535684906659
527 1.65808163984823
528 1.65081000194684
529 1.64361720657612
530 1.6365752194441
531 1.62975206422438
532 1.62321124790638
533 1.61701125193574
534 1.61120509224522
535 1.60583995045992
536 1.60095687774752
537 1.59659057198288
538 1.59276922811437
539 1.58951446086431
540 1.58684129817517
541 1.58475824313196
542 1.58326740145717
543 1.58236467109058
544 1.58203998983808
545 1.58227763660471
546 1.58305658131977
547 1.58435087831897
548 1.58613009767109
549 1.58835978872555
550 1.59100197001245
551 1.59401563954743
552 1.59735729957862
553 1.60098148986043
554 1.604841323646
555 1.60888902075351
556 1.6130764322789
557 1.61735555179297
558 1.62167900817166
559 1.62600053555901
560 1.63027541634763
561 1.63446089347755
562 1.63851654879418
563 1.6424046446656
564 1.64609042653279
565 1.649542384548
566 1.65273247294146
567 1.65563628623968
568 1.65823319193455
569 1.66050641966732
570 1.66244310743978
571 1.6640343057936
572 1.66527494130309
573 1.66616374110409
574 1.66670312052851
575 1.66689903622776
576 1.66676080744774
577 1.66630090835966
578 1.66553473455526
579 1.66448034697998
580 1.6631581967032
581 1.66159083401118
582 1.65980260535538
583 1.65781934169816
584 1.65566804176998
585 1.65337655368882
586 1.6509732582954
587 1.64848675742948
588 1.64594557021444
589 1.64337784023317
590 1.64081105627027
591 1.63827178906625
592 1.63578544628319
593 1.63337604761929
594 1.6310660217376
595 1.62887602639243
596 1.62682479285145
597 1.624928995423
598 1.62320314661129
599 1.62165951813958
600 1.62030808780489
601 1.61915651186186
602 1.61821012237835
603 1.61747194876519
604 1.61694276245843
605 1.61662114352581
606 1.61650356778317
607 1.61658451284009
608 1.61685658135044
609 1.6173106396222
610 1.61793596964245
611 1.61872043249888
612 1.6196506411277
613 1.62071214028945
614 1.62188959166879
615 1.62316696201063
616 1.6245277122426
617 1.62595498559118
618 1.62743179277534
619 1.62894119245475
620 1.63046646521951
621 1.63199127953143
622 1.6334998481631
623 1.63497707382748
624 1.6364086828457
625 1.63778134586327
626 1.63908278479129
627 1.64030186531968
628 1.64142867452016
629 1.64245458322748
630 1.64337229305529
631 1.64417586806697
632 1.64486075128028
633 1.64542376633574
634 1.64586310480174
635 1.64617829972237
636 1.6463701861367
637 1.64644084940913
638 1.64639356230892
639 1.64623271186274
640 1.64596371707621
641 1.64559293867879
642 1.64512758209088
643 1.64457559484277
644 1.6439455596917
645 1.64324658468701
646 1.6424881914234
647 1.64168020270037
648 1.64083263077158
649 1.63995556732289
650 1.63905907626215
651 1.63815309033893
652 1.63724731253901
653 1.63635112311782
654 1.63547349305005
655 1.63462290458024
656 1.6338072794634
657 1.63303391538497
658 1.6323094309491
659 1.63163971952201
660 1.63102991211648
661 1.63048434940321
662 1.63000656283764
663 1.62959926479675
664 1.62926434753024
665 1.62900289064586
666 1.62881517676928
667 1.62870071494619
668 1.62865827128829
669 1.62868590630622
670 1.62878101832164
671 1.62894039230766
672 1.62916025347218
673 1.62943632487208
674 1.62976388832798
675 1.63013784789927
676 1.630552795177
677 1.63100307565787
678 1.63148285547573
679 1.63198618778725
680 1.63250707813508
681 1.63303954814505
682 1.63357769695223
683 1.63411575979416
684 1.63464816325793
685 1.63516957671879
686 1.63567495956316
687 1.63615960384596
688 1.63661917209094
689 1.63704973000274
690 1.63744777391985
691 1.63781025289757
692 1.63813458536972
693 1.63841867039536
694 1.63866089355293
695 1.63886012759763
696 1.63901572804813
697 1.63912752391594
698 1.63919580383403
699 1.63922129788034
700 1.63920515542691
701 1.63914891937546
702 1.63905449716577
703 1.63892412896401
704 1.63876035345383
705 1.63856597166396
706 1.638344009272
707 1.63809767782559
708 1.63783033531835
709 1.63754544655073
710 1.63724654369351
711 1.63693718745608
712 1.63662092924185
713 1.63630127465044
714 1.63598164866044
715 1.63566536279792
716 1.63535558456547
717 1.63505530937387
718 1.63476733518453
719 1.63449424003601
720 1.63423836259225
721 1.6340017858142
722 1.63378632382088
723 1.63359351197082
724 1.63342460015996
725 1.63328054929959
726 1.63316203090544
727 1.63306942969955
728 1.6330028490984
729 1.63296211943509
730 1.6329468087399
731 1.63295623588314
732 1.63298948586598
733 1.63304542702979
734 1.63312272994226
735 1.63321988770924
736 1.63333523745463
737 1.63346698270713
738 1.6336132164319
739 1.63377194444713
740 1.63394110897009
741 1.63411861204442
742 1.63430233860977
743 1.63449017898644
744 1.63468005056149
745 1.63486991847783
746 1.63505781514481
747 1.63524185840717
748 1.63542026822822
749 1.63559138176358
750 1.63575366672235
751 1.63590573293383
752 1.63604634205925
753 1.63617441540908
754 1.63628903984759
755 1.63638947178651
756 1.63647513928975
757 1.6365456423295
758 1.63660075125244
759 1.63664040353081
760 1.63666469888887
761 1.63667389290886
762 1.63666838923288
763 1.63664873048813
764 1.63661558807142
765 1.63656975093679
766 1.63651211353519
767 1.63644366305931
768 1.63636546614868
769 1.63627865521067
770 1.63618441451184
771 1.63608396619131
772 1.6359785563438
773 1.63586944131417
774 1.63575787433852
775 1.63564509265888
776 1.63553230522942
777 1.63542068112188
778 1.63531133872748
779 1.63520533584079
780 1.63510366069923
781 1.6350072240394
782 1.63491685221914
783 1.63483328144123
784 1.63475715310228
785 1.63468901027782
786 1.63462929534245
787 1.63457834871229
788 1.63453640868556
789 1.63450361234684
790 1.63447999749024
791 1.63446550550821
792 1.63445998518382
793 1.63446319731762
794 1.63447482011338
795 1.63449445524196
796 1.63452163449792
797 1.63455582696045
798 1.63459644656758
799 1.63464286001171
800 1.88464286001171
801 1.90183611028002
802 1.91919305282617
803 1.93655294752454
804 1.95391504810729
805 1.97127861010124
806 1.988642898484
807 2.00600719498921
808 2.02337080499675
809 2.04073306395026
810 2.05553335592495
811 2.0658369536957
812 2.07228390253014
813 2.07536975946995
814 2.07548014556783
815 2.0729150778619
816 2.06790792259751
817 2.06064015781436
818 2.05125287154474
819 2.03985571712612
820 2.02656010719468
821 2.01152246651995
822 1.99494589851276
823 1.97705914699965
824 1.95810263011747
825 1.93831941265156
826 1.91794961493154
827 1.89722717909502
828 1.87637822275833
829 1.85562043538597
830 1.83516286739978
831 1.81520527647989
832 1.79593671023998
833 1.77753369166794
834 1.76015843126437
835 1.74395728124163
836 1.72905951947415
837 1.71557647605592
838 1.70360097467222
839 1.69320704188102
840 1.68444983411223
841 1.677365744156
842 1.67197266925673
843 1.66827043803792
844 1.66624139755452
845 1.66585115882081
846 1.66704949396016
847 1.66977137310554
848 1.67393812541158
849 1.67945870631766
850 1.68623105240029
851 1.69414350536914
852 1.70307628745533
853 1.71290301116614
854 1.72349220694993
855 1.73470885275645
856 1.74641588990004
857 1.75847571014058
858 1.77075159955757
859 1.78310912563036
860 1.79541745494403
861 1.80755059008505
862 1.81938851553474
863 1.83081824367809
864 1.84173475339405
865 1.85204181506408
866 1.8616526972159
867 1.8704907513991
868 1.87848987325769
869 1.8855948391103
870 1.89176151865973
871 1.89695696571635
872 1.90115939002265
873 1.90435801439799
874 1.90655282247223
875 1.9077542032378
876 1.90798249951311
877 1.90726746817177
878 1.90564766064652
879 1.9031697327621
880 1.89988769338399
881 1.895862101691
882 1.89115922308767
883 1.88585015387068
884 1.88000992475281
885 1.87371659323364
886 1.86705033459142
887 1.86009254096237
888 1.85292493757659
889 1.84562872474275
890 1.8382837536227
891 1.83096774322154
892 1.82375554534609
893 1.81671846356439
894 1.8099236314402
895 1.8034334545276
896 1.79730511980214
897 1.79159017538436
898 1.78633418258887
899 1.78157644151547
900 1.77734979059622
901 1.77368047973253
902 1.77058811590565
903 1.76808567942963
904 1.76617960834447
905 1.7648699478235
906 1.76415056089852
907 1.76400939629292
908 1.76442880870044
909 1.76538592645726
910 1.76685306123149
911 1.76879815409571
912 1.77118525215776
913 1.77397500980046
914 1.77712520852251
915 1.78059128937865
916 1.78432689208477
917 1.78828439498064
918 1.79241545022595
919 1.79667150884072
920 1.80100433048401
921 1.80536647319225
922 1.80971175866366
923 1.81399570907477
924 1.81817595184244
925 1.82221258919569
926 1.82606852988993
927 1.82970978087637
928 1.8331056972271
929 1.83622918910474
930 1.83905688505094
931 1.84156925134458
932 1.84375066764405
933 1.84558945957414
934 1.84707788934199
935 1.84821210586635
936 1.84899205627431
937 1.84942136095923
938 1.8495071546985
939 1.8492598965991
940 1.84869315187048
941 1.84782334861704
942 1.84666951299616
943 1.84525298620123
944 1.84359712680308
945 1.84172700201853
946 1.83966907147131
947 1.8374508669709
948 1.83510067175926
949 1.83264720256746
950 1.83011929768414
951 1.82754561407009
952 1.82495433635894
953 1.82237290036714
954 1.81982773349916
955 1.81734401418025
956 1.814945452181
957 1.81265409142031
958 1.81049013654768
959 1.80847180431636
960 1.8066152004688
961 1.80493422256715
962 1.80344048891891
963 1.80214329347199
964 1.80104958628871
965 1.80016397895599
966 1.79948877405187
967 1.799024017568
968 1.7987675729867
969 1.7987152155291
970 1.7988607449315
971 1.79919611496879
972 1.79971157782949
973 1.80039584135537
974 1.80123623709108
975 1.80221889704516
976 1.80332893704255
977 1.80455064455075
978 1.80586766888533
979 1.80726321174482
980 1.80872021608959
981 1.81022155146192
982 1.81175019394428
983 1.8132893990679
984 1.8148228661127
985 1.81633489238013
986 1.81781051617145
987 1.81923564736284
988 1.82059718463389
989 1.82188311857544
990 1.8230826200749
991 1.82418611354926
992 1.82518533476763
993 1.82607337317303
994 1.82684469877712
995 1.82749517385867
996 1.82802204984668
997 1.82842394990996
998 1.82870083790569
999 1.82885397445968
1000 1.82888586105837
1001 1.82880017312828
1002 1.82860168316017
1003 1.82829617500352
1004 1.82789035051137
1005 1.82739172975555
1006 1.8268085460591
1007 1.82614963710472
1008 1.82542433337761
1009 1.82464234518664
1010 1.82381364948201
1011 1.82294837764879
1012 1.82205670540717
1013 1.82114874589072
1014 1.82023444690585
1015 1.81932349329899
1016 1.81842521527469
1017 1.81754850341803
1018 1.81670173108066
1019 1.81589268469143
1020 1.81512850245211
1021 1.81441562177647
1022 1.8137597357285
1023 1.81316575861407
1024 1.81263780078005
1025 1.81217915257792
1026 1.81179227735538
1027 1.81147881325006
1028 1.81123958347631
1029 1.81107461471746
1030 1.81098316316547
1031 1.81096374768527
1032 1.81101418952479
1033 1.81113165794277
1034 1.81131272108613
1035 1.81155340141602
1036 1.81184923495801
1037 1.81219533363591
1038 1.81258644994141
1039 1.81301704319216
1040 1.81348134663905
1041 1.81397343469931
1042 1.81448728961436
1043 1.81501686686073
1044 1.81555615867716
1045 1.81609925511202
1046 1.81664040204006
1047 1.81717405564747
1048 1.81769493293733
1049 1.81819805786331
1050 1.81867880275821
1051 1.81913292478322
1052 1.81955659718481
1053 1.81994643520675
1054 1.82029951656539
1055 1.82061339645563
1056 1.82088611711267
1057 1.82111621201039
1058 1.82130270483007
1059 1.82144510338281
1060 1.82154338871547
1061 1.82159799967213
1062 1.82160981322114
1063 1.82158012089166
1064 1.8215106016923
1065 1.82140329190889
1066 1.82126055219733
1067 1.82108503240209
1068 1.82087963453995
1069 1.82064747439332
1070 1.82039184215713
1071 1.82011616257824
1072 1.81982395501745
1073 1.81951879385039
1074 1.8192042696066
1075 1.81888395122506
1076 1.81856134978053
1077 1.81823988400799
1078 1.81792284792303
1079 1.81761338080464
1080 1.81731443977324
1081 1.81702877516259
1082 1.81675890884839
1083 1.81650711566052
1084 1.81627540796966
1085 1.81606552350316
1086 1.81587891640979
1087 1.8157167515585
1088 1.81557990202363
1089 1.81546894967712
1090 1.81538418877913
1091 1.81532563243072
1092 1.81529302172713
1093 1.81528583742759
1094 1.81530331393767
1095 1.81534445538266
1096 1.81540805353658
1097 1.81549270735942
1098 1.81559684388725
1099 1.81571874021386
1100 1.81585654630009
1101 1.81600830834715
1102 1.81617199247302
1103 1.8163455084366
1104 1.81652673316208
1105 1.81671353382645
1106 1.81690379028521
1107 1.81709541662576
1108 1.81728638165399
1109 1.81747472813689
1110 1.81765859064293
1111 1.81783621184165
1112 1.81800595714437
1113 1.81816632758925
1114 1.81831597089493
1115 1.81845369062892
1116 1.81857845345798
1117 1.81868939446854
1118 1.81878582056598
1119 1.81886721198098
1120 1.81893322192975
1121 1.8189836744928
1122 1.81901856079297
1123 1.81903803356866
1124 1.81904240025133
1125 1.81903211466861
1126 1.81900776750432
1127 1.81897007565533
1128 1.8189198706321
1129 1.81885808615453
1130 1.8187857450985
1131 1.8187039459496
1132 1.81861384892085
1133 1.81851666188938
1134 1.81841362630374
1135 1.81830600320887
1136 1.81819505952979
1137 1.81808205474738
1138 1.81796822809162
1139 1.81785478636779
1140 1.81774289252092
1141 1.81763365503253
1142 1.81752811823226
1143 1.8174272535943
1144 1.81733195207651
1145 1.81724301754699
1146 1.81716116133048
1147 1.81708699789398
1148 1.81702104167866
1149 1.81696370507317
1150 1.81691529751141
1151 1.8168760256672
1152 1.81684599470742
1153 1.81682521055573
1154 1.81681358311002
1155 1.81681093034877
1156 1.81681698325428
1157 1.81683139147488
1158 1.81685372964302
1159 1.81688350426196
1160 1.81692016107107
1161 1.8169630927975
1162 1.81701164720117
1163 1.81706513531989
1164 1.8171228398228
1165 1.8171840233817
1166 1.81724793697309
1167 1.81731382802716
1168 1.81738094834424
1169 1.81744856170447
1170 1.81751595110187
1171 1.81758242554029
1172 1.81764732633529
1173 1.81771003287294
1174 1.81776996778379
1175 1.81782660149779
1176 1.81787945615329
1177 1.81792810884103
1178 1.81797219417148
1179 1.81801140616117
1180 1.81804549944114
1181 1.81807428979722
1182 1.81809765405865
1183 1.81811552935784
1184 1.81812791178956
1185 1.81813485450336
1186 1.81813646526781
1187 1.81813290354904
1188 1.81812437715011
1189 1.81811113846048
1190 1.81809348036723
1191 1.81807173188178
1192 1.81804625353661
1193 1.81801743260749
1194 1.8179856782163
1195 1.81795141636937
1196 1.81791508498464
1197 1.81787712895974
1198 1.81783799533065
1199 1.81779812856818
1200 1.81775796605638
