1 2
2 2
3 2
4 2
5 2
6 2
7 2
8 2
9 2
10 2
11 2
12 2
13 2
14 2
15 2
16 2
17 2
18 2
19 2
20 2
21 2
22 2
23 2
24 2
25 2
26 2
27 2
28 2
29 2
30 2.25
31 2.27072727272727
32 2.29345454545455
33 2.31618181818182
34 2.33890909090909
35 2.36163636363636
36 2.38436363636364
37 2.40709090909091
38 2.42981818181818
39 2.45254545454545
40 2.47366324428409
41 2.49193563468096
42 2.50771303102245
43 2.5212492826851
44 2.53274142805586
45 2.54234223047898
46 2.5501700005622
47 2.55631624551623
48 2.56085162595118
49 2.56383059435068
50 2.5653053684602
51 2.56534379756899
52 2.56403095953411
53 2.56146187000688
54 2.5577367415897
55 2.55295787593606
56 2.5472276983119
57 2.54064758035216
58 2.53331719759368
59 2.52533424193508
60 2.51679429589073
61 2.50779063819237
62 2.49841388240978
63 2.4887515228613
64 2.47888748053091
65 2.46890169615296
66 2.45886979076607
67 2.44886279808894
68 2.43894696423436
69 2.42918360595399
70 2.4196290174808
71 2.41033441773537
72 2.40134593294635
73 2.39270461238743
74 2.38444647597951
75 2.37660259248583
76 2.36919918660872
77 2.36225777282044
78 2.35579531338898
79 2.34982439784763
80 2.34435344110223
81 2.33938689743444
82 2.33492548778577
83 2.33096643784716
84 2.32750372460751
85 2.32452832912843
86 2.32202849341888
87 2.31998997938797
88 2.31839632796447
89 2.31722911658889
90 2.31646821340867
91 2.31609202663838
92 2.31607774768123
93 2.31640158674469
94 2.31703899981861
95 2.31796490601896
96 2.3191538944321
97 2.32058041972338
98 2.32221898589956
99 2.32404431773563
100 2.32603151949358
101 2.32815622067234
102 2.3303947086346
103 2.33272404805643
104 2.33512218723989
105 2.33756805141679
106 2.3400416232526
107 2.34252401083404
108 2.34499750349136
109 2.34744561586708
110 2.34985312069674
111 2.35220607081444
112 2.35449181093643
113 2.35669897981018
114 2.35881750334402
115 2.36083857935439
116 2.36275465458349
117 2.36455939465069
118 2.36624764760616
119 2.36781540175541
120 2.36925973841915
121 2.370578780284
122 2.37177163598736
123 2.37283834156308
124 2.37377979935556
125 2.37459771498728
126 2.37529453294001
127 2.37587337128265
128 2.37633795604993
129 2.37669255574527
130 2.37694191640946
131 2.37709119766415
132 2.37714591010531
133 2.37711185438841
134 2.37699506231286
135 2.37680174017934
136 2.37653821466033
137 2.37621088139098
138 2.37582615645531
139 2.37539043091135
140 2.37491002846854
141 2.37439116640173
142 2.37383991975821
143 2.37326218888805
144 2.37266367030311
145 2.37204983084686
146 2.37142588513566
147 2.37079677621221
148 2.37016715933365
149 2.36954138880034
150 2.36892350771674
151 2.3683172405626
152 2.36772598844142
153 2.36715282686349
154 2.36660050591269
155 2.36607145263974
156 2.36556777551966
157 2.36509127080746
158 2.36464343062426
159 2.36422545260463
160 2.36383825093687
161 2.36348246862884
162 2.36315849083499
163 2.36286645908326
164 2.36260628624536
165 2.36237767209864
166 2.36218011933392
167 2.36201294987009
168 2.36187532134313
169 2.36176624364494
170 2.36168459539486
171 2.36162914023527
172 2.36159854285057
173 2.36159138461774
174 2.36160617880491
175 2.36164138524309
176 2.36169542440478
177 2.36176669083145
178 2.36185356586027
179 2.3619544296085
180 2.36206767218179
181 2.36219170408014
182 2.36232496578253
183 2.36246593649818
184 2.36261314207876
185 2.36276516209222
186 2.36292063606445
187 2.36307826890027
188 2.36323683550046
189 2.36339518459549
190 2.36355224182101
191 2.3637070120636
192 2.36385858110843
193 2.36400611662313
194 2.36414886851471
195 2.36428616869803
196 2.36441743031593
197 2.36454214645231
198 2.36465988838019
199 2.36477030338729
200 2.36487311222155
201 2.36496810619932
202 2.36505514401784
203 2.3651341483136
204 2.36520510200656
205 2.36526804446964
206 2.36532306756108
207 2.36537031155591
208 2.36540996101122
209 2.36544224059782
210 2.36546741092924
211 2.36548576441686
212 2.365497621178
213 2.36550332502145
214 2.36550323953322
215 2.36549774428261
216 2.36548723116691
217 2.36547210091075
218 2.36545275973404
219 2.36542961620025
220 2.36540307825513
221 2.36537355046343
222 2.36534143144991
223 2.36530711154867
224 2.36527097066346
225 2.3652333763397
226 2.36519468204773
227 2.36515522567521
228 2.36511532822528
229 2.36507529271605
230 2.36503540327572
231 2.36499592442682
232 2.36495710055195
233 2.36491915553306
234 2.36488229255508
235 2.36484669406479
236 2.36481252187476
237 2.36477991740242
238 2.36474900203357
239 2.36471987759972
240 2.36469262695863
241 2.36466731466719
242 2.364643987736
243 2.36462267645517
244 2.36460339528089
245 2.36458614377282
246 2.36457090757242
247 2.36455765941296
248 2.36454636015199
249 2.36453695981792
250 2.3645293986624
251 2.36452360821108
252 2.36451951230546
253 2.36451702812936
254 2.36451606721392
255 2.36451653641568
256 2.36451833886267
257 2.36452137486426
258 2.36452554278073
259 2.36453073984939
260 2.36453686296419
261 2.36454380940681
262 2.36455147752708
263 2.36455976737156
264 2.36456858125932
265 2.36457782430441
266 2.36458740488482
267 2.36459723505846
268 2.36460723092647
269 2.36461731294504
270 2.36462740618687
271 2.36463744055377
272 2.36464735094215
273 2.36465707736342
274 2.36466656502123
275 2.3646757643481
276 2.36468463100365
277 2.36469312583703
278 2.36470121481615
279 2.36470886892644
280 2.36471606404159
281 2.36472278076937
282 2.36472900427485
283 2.36473472408395
284 2.3647399338699
285 2.36474463122513
286 2.36474881742118
287 2.36475249715909
288 2.36475567831253
289 2.36475837166594
290 2.36476059064981
291 2.36476235107516
292 2.364763670869
293 2.36476456981257
294 2.364765069284
295 2.36476519200684
296 2.3647649618058
297 2.36476440337094
298 2.3647635420313
299 2.36476240353903
300 2.36476101386472
301 2.36475939900459
302 2.36475758480022
303 2.36475559677102
304 2.36475345996001
305 2.36475119879292
306 2.36474883695069
307 2.36474639725558
308 2.3647439015705
309 2.36474137071162
310 2.36473882437383
311 2.36473628106886
312 2.36473375807546
313 2.36473127140149
314 2.36472883575703
315 2.36472646453836
316 2.36472416982184
317 2.3647219623674
318 2.36471985163081
319 2.364717845784
320 2.3647159517431
321 2.364714175203
322 2.3647125206783
323 2.36471099154947
324 2.36470959011394
325 2.36470831764123
326 2.36470717443146
327 2.36470615987686
328 2.36470527252531
329 2.36470451014565
330 2.36470386979402
331 2.36470334788072
332 2.36470294023723
333 2.36470264218267
334 2.36470244858961
335 2.36470235394847
336 2.36470235243043
337 2.3647024379484
338 2.36470260421574
339 2.36470284480256
340 2.36470315318923
341 2.36470352281713
342 2.36470394713621
343 2.36470441964946
344 2.36470493395413
345 2.36470548377947
346 2.36470606302127
347 2.36470666577284
348 2.36470728635268
349 2.36470791932881
350 2.36470855953973
351 2.36470920211217
352 2.36470984247574
353 2.3647104763745
354 2.36471109987557
355 2.36471170937507
356 2.36471230160131
357 2.36471287361551
358 2.36471342281022
359 2.36471394690555
360 2.36471444394334
361 2.36471491227963
362 2.3647153505753
363 2.36471575778538
364 2.36471613314693
365 2.36471647616582
366 2.36471678660256
367 2.36471706445721
368 2.36471730995376
369 2.36471752352389
370 2.3647177057904
371 2.36471785755045
372 2.36471797975864
373 2.36471807351012
374 2.36471814002392
375 2.36471818062641
376 2.36471819673517
377 2.36471818984331
378 2.3647181615042
379 2.3647181133169
380 2.36471804691216
381 2.36471796393915
382 2.36471786605291
383 2.3647177549026
384 2.36471763212053
385 2.36471749931208
386 2.36471735804641
387 2.36471720984805
388 2.36471705618936
389 2.3647168984838
390 2.36471673808011
391 2.36471657625724
392 2.36471641422015
393 2.3647162530964
394 2.36471609393342
395 2.36471593769658
396 2.36471578526795
397 2.36471563744565
398 2.36471549494392
399 2.36471535839364
400 2.11471535839364
401 2.07326068985718
402 2.02780602867849
403 1.98235137517106
404 1.93689672957513
405 1.89144209206086
406 1.84598746273169
407 1.80053284162808
408 1.75507822873129
409 1.70962362396742
410 1.6657785093629
411 1.62491224129698
412 1.58691213645837
413 1.55172212605194
414 1.5193008029385
415 1.48961818238438
416 1.46265306603012
417 1.43839099399792
418 1.41682265486219
419 1.39794265201836
420 1.38173818569004
421 1.36817239902072
422 1.35718227859094
423 1.3486851993497
424 1.34258357716912
425 1.33876835312841
426 1.33712160043788
427 1.33751847478796
428 1.33982867402054
429 1.34391753161925
430 1.34964690402686
431 1.35687606975203
432 1.36546274806087
433 1.37526418176044
434 1.38613820313193
435 1.39794423821884
436 1.4105442265931
437 1.42380344780494
438 1.43759125442418
439 1.45178171665624
440 1.4662541857618
441 1.48089378295816
442 1.49559181810927
443 1.51024614040124
444 1.52476142239743
445 1.53904937899915
446 1.5530289233506
447 1.56662626232222
448 1.57977493473009
449 1.59241579583416
450 1.60449695189023
451 1.61597364863488
452 1.6268081176034
453 1.63696938416382
454 1.64643304112114
455 1.65518099170939
456 1.66320116574391
457 1.67048721264605
458 1.67703817497382
459 1.68285814599313
460 1.68795591470516
461 1.6923446016086
462 1.69604128832326
463 1.69906664403745
464 1.70144455156723
465 1.70320173563475
466 1.70436739578541
467 1.70497284617289
468 1.7050511642472
469 1.70463685018606
470 1.70376549871524
471 1.70247348477
472 1.70079766425917
473 1.69877509100665
474 1.69644275076285
475 1.69383731300275
476 1.69099490105738
477 1.68795088096359
478 1.68473966926275
479 1.68139455983328
480 1.67794756970549
481 1.6744293036795
482 1.67086883744968
483 1.66729361883077
484 1.66372938658268
485 1.66020010624309
486 1.65672792229811
487 1.65333312595305
488 1.65003413770605
489 1.64684750387768
490 1.64378790620903
491 1.640868183609
492 1.63809936510796
493 1.63549071305959
494 1.63304977562496
495 1.63078244757221
496 1.62869303843114
497 1.6267843470544
498 1.625057741655
499 1.62351324441272
500 1.62214961977043
501 1.62096446557296
502 1.61995430623737
503 1.61911468718237
504 1.61844026978667
505 1.61792492618984
506 1.6175618332956
507 1.61734356538452
508 1.61726218479163
509 1.61730933015312
510 1.61747630177579
511 1.61775414373137
512 1.61813372232689
513 1.61860580064958
514 1.61916110893159
515 1.61979041052529
516 1.62048456332361
517 1.62123457650205
518 1.62203166249917
519 1.62286728419057
520 1.62373319724715
521 1.62462148770249
522 1.62552460478483
523 1.62643538909887
524 1.62734709626801
525 1.62825341617255
526 1.62914848793983
527 1.63002691086208
528 1.6308837514335
529 1.63171454671275
530 1.63251530422847
531 1.63328249865499
532 1.63401306549275
533 1.63470439199324
534 1.6353543055712
535 1.63596105994865
536 1.63652331927432
537 1.63704014046063
538 1.63751095397611
539 1.6379355433268
540 1.63831402345331
541 1.63864681826334
542 1.63893463751057
543 1.63917845322181
544 1.63937947586399
545 1.63953913043196
546 1.6396590326266
547 1.63974096528117
548 1.63978685518167
549 1.63979875041475
550 1.63977879836439
551 1.63972922446611
552 1.63965231181514
553 1.63955038171286
554 1.63942577522376
555 1.63928083580356
556 1.63911789304774
557 1.63893924759889
558 1.63874715724073
559 1.63854382419663
560 1.63833138364121
561 1.6381118934244
562 1.63788732499942
563 1.63765955553798
564 1.63743036120939
565 1.63720141159343
566 1.63697426519124
567 1.63675036599314
568 1.63653104105784
569 1.63631749905348
570 1.6361108297074
571 1.63591200410926
572 1.63572187580914
573 1.63554118265148
574 1.6353705492837
575 1.63521049027835
576 1.63506141380709
577 1.63492362580513
578 1.63479733456535
579 1.63468265570253
580 1.63457961742925
581 1.63448816608688
582 1.63440817187683
583 1.63433943473973
584 1.63428169033235
585 1.63423461605483
586 1.63419783708353
587 1.63417093236759
588 1.63415344055051
589 1.63414486578092
590 1.63414468337973
591 1.63415234533441
592 1.63416728559366
593 1.63418892513937
594 1.63421667681553
595 1.63424994989684
596 1.63428815438256
597 1.63433070500434
598 1.63437702493893
599 1.63442654921975
600 1.63447872784364
601 1.63453302857119
602 1.63458893942171
603 1.63464597086554
604 1.63470365771851
605 1.63476156074502
606 1.63481926797782
607 1.63487639576396
608 1.63493258954764
609 1.63498752440182
610 1.63504090532145
611 1.63509246729178
612 1.63514197514612
613 1.6351892232278
614 1.63523403487142
615 1.63527626171887
616 1.63531578288553
617 1.63535250399229
618 1.63538635607884
619 1.63541729441333
620 1.63544529721352
621 1.63547036429397
622 1.63549251565331
623 1.63551179001538
624 1.63552824333714
625 1.63554194729588
626 1.63555298776745
627 1.63556146330655
628 1.63556748363933
629 1.63557116817804
630 1.63557264456624
631 1.63557204726279
632 1.63556951617165
633 1.63556519532403
634 1.63555923161841
635 1.6355517736234
636 1.63554297044747
637 1.63553297067899
638 1.63552192139926
639 1.63550996727046
640 1.63549724970003
641 1.63548390608201
642 1.63547006911578
643 1.63545586620152
644 1.63544141891178
645 1.63542684253761
646 1.63541224570764
647 1.63539773007786
648 1.63538339008958
649 1.63536931279291
650 1.63535557773251
651 1.63534225689244
652 1.63532941469652
653 1.6353171080607
654 1.63530538649353
655 1.63529429224101
656 1.63528386047177
657 1.63527411949886
658 1.63526509103407
659 1.635256790471
660 1.63524922719294
661 1.63524240490201
662 1.63523632196565
663 1.6352309717772
664 1.63522634312699
665 1.63522242058078
666 1.63521918486245
667 1.63521661323801
668 1.63521467989827
669 1.63521335633758
670 1.63521261172625
671 1.63521241327461
672 1.63521272658668
673 1.63521351600172
674 1.63521474492212
675 1.63521637612622
676 1.63521837206501
677 1.63522069514154
678 1.6352233079725
679 1.63522617363108
680 1.63522925587087
681 1.63523251933039
682 1.63523592971815
683 1.63523945397825
684 1.63524306043665
685 1.63524671892833
686 1.63525040090578
687 1.63525407952931
688 1.63525772973962
689 1.63526132831347
690 1.63526485390303
691 1.63526828705979
692 1.63527161024386
693 1.63527480781951
694 1.63527786603799
695 1.63528077300839
696 1.63528351865774
697 1.63528609468124
698 1.63528849448347
699 1.63529071311186
700 1.63529274718314
701 1.63529459480379
702 1.63529625548558
703 1.63529773005686
704 1.63529902057068
705 1.6353001302105
706 1.63530106319426
707 1.63530182467771
708 1.63530242065755
709 1.63530285787515
710 1.63530314372148
711 1.63530328614377
712 1.6353032935545
713 1.63530317474309
714 1.63530293879087
715 1.63530259498949
716 1.63530215276337
717 1.6353016215962
718 1.63530101096188
719 1.63530033026009
720 1.63529958875654
721 1.63529879552805
722 1.63529795941258
723 1.63529708896411
724 1.63529619241245
725 1.63529527762792
726 1.63529435209082
727 1.63529342286551
728 1.63529249657917
729 1.63529157940484
730 1.63529067704873
731 1.63528979474159
732 1.63528893723391
733 1.63528810879469
734 1.63528731321365
735 1.63528655380657
736 1.63528583342353
737 1.63528515445981
738 1.63528451886922
739 1.63528392817959
740 1.63528338351015
741 1.63528288559057
742 1.63528243478151
743 1.63528203109625
744 1.63528167422337
745 1.63528136355014
746 1.63528109818648
747 1.63528087698922
748 1.63528069858651
749 1.63528056140226
750 1.63528046368033
751 1.63528040350837
752 1.63528037884121
753 1.63528038752359
754 1.63528042731221
755 1.63528049589689
756 1.63528059092082
757 1.63528070999982
758 1.63528085074053
759 1.63528101075743
760 1.63528118768871
761 1.63528137921102
762 1.63528158305282
763 1.63528179700667
764 1.63528201894018
765 1.63528224680574
766 1.63528247864903
767 1.6352827126164
768 1.63528294696094
769 1.63528318004754
770 1.63528341035682
771 1.63528363648794
772 1.6352838571605
773 1.63528407121548
774 1.63528427761519
775 1.6352844754425
776 1.63528466389925
777 1.63528484230394
778 1.63528501008875
779 1.63528516679604
780 1.63528531207425
781 1.63528544567338
782 1.63528556744006
783 1.63528567731228
784 1.6352857753138
785 1.63528586154844
786 1.63528593619407
787 1.63528599949654
788 1.63528605176355
789 1.63528609335852
790 1.63528612469438
791 1.63528614622753
792 1.63528615845187
793 1.63528616189289
794 1.63528615710208
795 1.63528614465135
796 1.63528612512782
797 1.63528609912876
798 1.63528606725685
799 1.63528603011564
800 1.84196780648722
801 1.85233139696462
802 1.86369498394823
803 1.87505856800617
804 1.88642214968944
805 1.89778572952929
806 1.90914930803486
807 1.92051288569112
808 1.93187646295711
809 1.9432400402645
810 1.95327301453472
811 1.96099721912483
812 1.96678001420783
813 1.97089588461539
814 1.97355857664511
815 1.97493449934911
816 1.97515319285035
817 1.97431548240263
818 1.97249982977608
819 1.96976728046349
820 1.96617388344857
821 1.96178585786066
822 1.95668074911105
823 1.95094115772626
824 1.94465079111865
825 1.93789201717665
826 1.93074444897474
827 1.92328422410961
828 1.9155837405589
829 1.90771168229069
830 1.89973316413288
831 1.89170980130719
832 1.8836996254299
833 1.87575691451636
834 1.8679320174876
835 1.86027121294153
836 1.85281661813121
837 1.84560615029737
838 1.83867353515334
839 1.83204835399171
840 1.82575612031687
841 1.81981837868846
842 1.81425282147329
843 1.80907342157353
844 1.80429058014309
845 1.79991128832354
846 1.79593930171454
847 1.79237532593947
848 1.78921721140907
849 1.78646015526724
850 1.78409690851574
851 1.78211798642276
852 1.78051188047311
853 1.77926527027367
854 1.77836323396656
855 1.77778945582223
856 1.77752642979212
857 1.77755565790194
858 1.77785784246805
859 1.77841307122208
860 1.77920099453439
861 1.78020099403338
862 1.78139234202298
863 1.78275435120466
864 1.78426651430967
865 1.78590863334345
866 1.78766093823489
867 1.78950419476981
868 1.79141980176912
869 1.79338987754857
870 1.79539733576815
871 1.7974259508448
872 1.79946041316262
873 1.80148637436929
874 1.80349048309694
875 1.80546041148906
876 1.80738487295353
877 1.8092536315944
878 1.81105750380259
879 1.81278835250845
880 1.81443907461599
881 1.816003582152
882 1.81747677767122
883 1.81885452446276
884 1.8201336121031
885 1.82131171789723
886 1.82238736474218
887 1.82335987593697
888 1.82422932744953
889 1.82499649813513
890 1.82566281838282
891 1.82623031764564
892 1.82670157128846
893 1.82707964716336
894 1.82736805229768
895 1.82757068005375
896 1.82769175809261
897 1.82773579744669
898 1.82770754297899
899 1.82761192547827
900 1.82745401561256
901 1.8272389799357
902 1.82697203911489
903 1.82665842852088
904 1.82630336129696
905 1.82591199399835
906 1.82548939486978
907 1.82504051480652
908 1.82457016102279
909 1.82408297343127
910 1.82358340371847
911 1.82307569708333
912 1.82256387659013
913 1.82205173007216
914 1.82154279950898
915 1.82104037278857
916 1.82054747775462
917 1.82006687843038
918 1.81960107330251
919 1.81915229554176
920 1.8187225150323
921 1.81831344207727
922 1.81792653264529
923 1.81756299502108
924 1.81722379772255
925 1.81690967854696
926 1.81662115461015
927 1.81635853324479
928 1.81612192362655
929 1.81591124900064
930 1.81572625938528
931 1.81556654463385
932 1.81543154774217
933 1.81532057829358
934 1.81523282594046
935 1.81516737382701
936 1.81512321186501
937 1.81509924978097
938 1.81509432985983
939 1.81510723931779
940 1.81513672224323
941 1.81518149105211
942 1.81524023741096
943 1.81531164258713
944 1.81539438719275
945 1.81548716029518
946 1.81558866787272
947 1.81569764060046
948 1.81581284095656
949 1.81593306964463
950 1.81605717133288
951 1.81618403971533
952 1.81631262190469
953 1.81644192217047
954 1.81657100503954
955 1.81669899777955
956 1.81682509228859
957 1.81694854641688
958 1.81706868474879
959 1.81718489887496
960 1.81729664718614
961 1.81740345422144
962 1.81750490960476
963 1.81760066660342
964 1.81769044034399
965 1.81777400571965
966 1.817851195024
967 1.81792189534523
968 1.81798604575439
969 1.81804363432054
970 1.81809469498463
971 1.81813930432276
972 1.8181775782285
973 1.81820966854208
974 1.81823575965346
975 1.81825606510395
976 1.81827082421014
977 1.81828029873168
978 1.81828476960305
979 1.81828453374756
980 1.81827990099002
981 1.818271191083
982 1.81825873085944
983 1.8182428515232
984 1.81822388608682
985 1.81820216696473
986 1.81817802372813
987 1.81815178102636
988 1.81812375667825
989 1.81809425993537
990 1.81806358991786
991 1.81803203422229
992 1.8179998676999
993 1.81796735140236
994 1.81793473169142
995 1.81790223950787
996 1.81787008979419
997 1.81783848106508
998 1.81780759511893
999 1.81777759688309
1000 1.81774863438515
1001 1.81772083884231
1002 1.81769432486037
1003 1.81766919073386
1004 1.81764551883859
1005 1.81762337610791
1006 1.81760281458389
1007 1.81758387203476
1008 1.81756657263
1009 1.81755092766463
1010 1.81753693632467
1011 1.81752458648555
1012 1.81751385553604
1013 1.81750471122034
1014 1.81749711249117
1015 1.81749101036756
1016 1.81748634879094
1017 1.81748306547375
1018 1.8174810927354
1019 1.81748035832049
1020 1.81748078619487
1021 1.81748229731561
1022 1.81748481037119
1023 1.81748824248881
1024 1.81749250990612
1025 1.81749752860511
1026 1.81750321490619
1027 1.81750948602111
1028 1.8175162605635
1029 1.81752345901639
1030 1.81753100415621
1031 1.81753882143337
1032 1.81754683930941
1033 1.8175549895515
1034 1.81756320748487
1035 1.81757143220431
1036 1.81757960674584
1037 1.81758767822017
1038 1.81759559790931
1039 1.81760332132824
1040 1.81761080825346
1041 1.81761802272036
1042 1.81762493299154
1043 1.81763151149806
1044 1.81763773475601
1045 1.81764358326041
1046 1.81764904135868
1047 1.817654097106
1048 1.81765874210458
1049 1.81766297132917
1050 1.81766678294073
1051 1.81767017809044
1052 1.81767316071603
1053 1.81767573733224
1054 1.81767791681733
1055 1.81767971019727
1056 1.81768113042941
1057 1.81768219218692
1058 1.81768291164564
1059 1.81768330627452
1060 1.81768339463089
1061 1.81768319616169
1062 1.81768273101159
1063 1.81768201983882
1064 1.81768108363965
1065 1.81767994358192
1066 1.81767862084836
1067 1.81767713649004
1068 1.81767551129035
1069 1.81767376563968
1070 1.81767191942102
1071 1.81766999190659
1072 1.81766800166536
1073 1.81766596648151
1074 1.81766390328358
1075 1.8176618280842
1076 1.81765975592996
1077 1.81765770086136
1078 1.81765567588211
1079 1.8176536929377
1080 1.81765176290258
1081 1.81764989557561
1082 1.81764809968306
1083 1.81764638288897
1084 1.81764475181197
1085 1.81764321204827
1086 1.81764176820015
1087 1.81764042390941
1088 1.81763918189523
1089 1.81763804399592
1090 1.81763701121392
1091 1.81763608376368
1092 1.81763526112177
1093 1.81763454207878
1094 1.81763392479256
1095 1.81763340684232
1096 1.81763298528313
1097 1.81763265670048
1098 1.81763241726453
1099 1.81763226278356
1100 1.81763218875651
1101 1.81763219042419
1102 1.81763226281881
1103 1.81763240081187
1104 1.81763259915984
1105 1.81763285254779
1106 1.81763315563057
1107 1.81763350307148
1108 1.81763388957846
1109 1.8176343099375
1110 1.81763475904333
1111 1.81763523192745
1112 1.81763572378325
1113 1.81763622998849
1114 1.81763674612497
1115 1.81763726799554
1116 1.81763779163845
1117 1.8176383133392
1118 1.81763882963983
1119 1.81763933734592
1120 1.81763983353127
1121 1.81764031554047
1122 1.81764078098936
1123 1.81764122776373
1124 1.8176416540161
1125 1.81764205816103
1126 1.81764243886876
1127 1.81764279505771
1128 1.81764312588556
1129 1.81764343073948
1130 1.81764370922521
1131 1.81764396115555
1132 1.817644186538
1133 1.81764438556204
1134 1.81764455858588
1135 1.81764470612291
1136 1.8176448288281
1137 1.81764492748414
1138 1.81764500298775
1139 1.81764505633605
1140 1.81764508861309
1141 1.81764510097678
1142 1.81764509464602
1143 1.8176450708884
1144 1.81764503100825
1145 1.81764497633528
1146 1.81764490821381
1147 1.81764482799255
1148 1.81764473701504
1149 1.81764463661078
1150 1.81764452808698
1151 1.81764441272107
1152 1.81764429175384
1153 1.81764416638334
1154 1.81764403775944
1155 1.81764390697906
1156 1.81764377508212
1157 1.81764364304813
1158 1.8176435117934
1159 1.81764338216888
1160 1.81764325495862
1161 1.81764313087871
1162 1.81764301057687
1163 1.81764289463242
1164 1.81764278355684
1165 1.81764267779462
1166 1.81764257772466
1167 1.81764248366191
1168 1.81764239585945
1169 1.81764231451073
1170 1.81764223975222
1171 1.81764217166613
1172 1.81764211028347
1173 1.81764205558712
1174 1.81764200751515
1175 1.81764196596417
1176 1.81764193079274
1177 1.81764190182483
1178 1.81764187885332
1179 1.81764186164345
1180 1.8176418499362
1181 1.81764184345175
1182 1.81764184189268
1183 1.81764184494719
1184 1.81764185229221
1185 1.81764186359633
1186 1.81764187852264
1187 1.81764189673139
1188 1.81764191788253
1189 1.81764194163804
1190 1.81764196766415
1191 1.81764199563333
1192 1.81764202522616
1193 1.81764205613295
1194 1.81764208805528
1195 1.81764212070729
1196 1.81764215381681
1197 1.81764218712637
1198 1.81764222039395
1199 1.81764225339369
1200 1.81764228591636
