1 2
2 2
3 2
4 2
5 2
6 2
7 2
8 2
9 2
10 2
11 2
12 2
13 2
14 2
15 2
16 2
17 2
18 2
19 2
20 2
21 2
22 2
23 2
24 2
25 2
26 2
27 2
28 2
29 2
30 2.25
31 2.27885076923077
32 2.30808153846154
33 2.33731230769231
34 2.36654307692308
35 2.39577384615385
36 2.42500461538462
37 2.45423538461538
38 2.48346615384615
39 2.51269692307692
40 2.54038972840327
41 2.56527838212185
42 2.58756780323375
43 2.60740943415916
44 2.62491660498829
45 2.64017318316851
46 2.65324030218638
47 2.66416159229126
48 2.67296724490504
49 2.67967716902624
50 2.68431290214505
51 2.68691399663585
52 2.68754060468356
53 2.68626774892209
54 2.68318130345138
55 2.67837517799241
56 2.67194936352239
57 2.66400859019686
58 2.65466141666744
59 2.64401962017792
60 2.63219773549518
61 2.61931254556207
62 2.60548242606811
63 2.59082659305245
64 2.5754643281532
65 2.55951422425322
66 2.54309347392909
67 2.52631721033831
68 2.50929790247733
69 2.49214480237558
70 2.47496343992664
71 2.45785516158852
72 2.44091671127699
73 2.42423985367017
74 2.40791104091587
75 2.39201112366744
76 2.37661510694001
77 2.36179195074081
78 2.34760441492199
79 2.33410894729442
80 2.32135561374087
81 2.30938806886314
82 2.29824356555343
83 2.28795300176224
84 2.27854100262142
85 2.27002603596934
86 2.26242055921628
87 2.25573119538963
88 2.24995893611282
89 2.24509936920404
90 2.24114292852987
91 2.23807516371669
92 2.23587702730635
93 2.23452517694232
94 2.23399229018609
95 2.23424738959029
96 2.23525617569481
97 2.23698136566288
98 2.23938303533659
99 2.24241896256382
100 2.24604496973046
101 2.25021526352288
102 2.25488277004388
103 2.25999946351109
104 2.26551668687801
105 2.27138546283442
106 2.27755679376391
107 2.28398194935958
108 2.29061274072616
109 2.29740177992405
110 2.30430272404014
111 2.31127050299867
112 2.31826153045354
113 2.32523389723004
114 2.33214754690831
115 2.33896443326231
116 2.34564865938657
117 2.35216659845704
118 2.35848699618213
119 2.36458105510514
120 2.3704225010188
121 2.3759876318465
122 2.38125534943292
123 2.38620717476822
124 2.39082724724545
125 2.39510230861922
126 2.39902167239556
127 2.40257717943793
128 2.40576314062227
129 2.4085762674154
130 2.41101559128531
131 2.41308237287944
132 2.41478000192834
133 2.41611388884618
134 2.41709134900828
135 2.41772148068745
136 2.41801503762774
137 2.41798429722454
138 2.41764292526558
139 2.41700583816779
140 2.41608906362077
141 2.41490960051908
142 2.41348527903303
143 2.41183462163155
144 2.4099767058312
145 2.4079310294033
146 2.40571737872609
147 2.40335570092194
148 2.40086598037103
149 2.39826812014237
150 2.39558182883199
151 2.39282651324604
152 2.39002117731409
153 2.38718432756546
154 2.38433388544901
155 2.38148710672533
156 2.37866050810911
157 2.37586980128971
158 2.37312983440947
159 2.3704545410323
160 2.36785689658971
161 2.36534888224858
162 2.36294145610337
163 2.36064453155701
164 2.35846696271797
165 2.35641653660733
166 2.3544999719383
167 2.35272292420181
168 2.35108999676647
169 2.34960475767739
170 2.3482697618189
171 2.34708657808801
172 2.34605582121128
173 2.34517718782565
174 2.34444949643465
175 2.34387073084487
176 2.34343808668351
177 2.34314802059676
178 2.34299630172906
179 2.34297806508734
180 2.34308786639912
181 2.34331973808119
182 2.34366724594505
183 2.34412354627627
184 2.34468144293821
185 2.34533344416444
186 2.34607181872057
187 2.34688865113263
188 2.34777589569748
189 2.34872542900975
190 2.34972910075934
191 2.35077878257391
192 2.35186641470181
193 2.35298405035181
194 2.35412389752746
195 2.35527835821531
196 2.35644006480761
197 2.35760191366117
198 2.35875709571499
199 2.35989912410973
200 2.36102185877196
201 2.36211952794537
202 2.36318674667005
203 2.36421853222832
204 2.36521031659293
205 2.36615795592941
206 2.36705773721943
207 2.36790638208603
208 2.36870104791482
209 2.36943932637697
210 2.37011923947062
211 2.37073923320723
212 2.37129816907768
213 2.37179531344044
214 2.37223032498037
215 2.37260324039184
216 2.37291445844376
217 2.3731647225873
218 2.37335510226848
219 2.37348697310917
220 2.37356199611942
221 2.37358209610327
222 2.3735494394179
223 2.37346641124329
224 2.37333559251592
225 2.37315973667536
226 2.37294174636792
227 2.37268465024539
228 2.37239157999074
229 2.37206574769613
230 2.37171042371065
231 2.37132891506835
232 2.37092454459842
233 2.37050063081171
234 2.37006046864895
235 2.3696073111676
236 2.36914435223552
237 2.36867471029091
238 2.36820141321936
239 2.36772738438995
240 2.36725542988408
241 2.36678822694221
242 2.36632831364547
243 2.36587807984113
244 2.36543975931359
245 2.36501542319458
246 2.36460697459995
247 2.36421614447327
248 2.36384448861035
249 2.3634933858332
250 2.36316403727606
251 2.36285746674164
252 2.36257452208091
253 2.36231587754571
254 2.3620820370601
255 2.36187333835295
256 2.3616899578919
257 2.36153191655628
258 2.36139908598528
259 2.36129119553584
260 2.36120783978446
261 2.36114848650615
262 2.36111248506405
263 2.36109907514356
264 2.36110739576536
265 2.3611364945132
266 2.36118533691317
267 2.36125281590355
268 2.3613377613358
269 2.36143894944984
270 2.36155511226925
271 2.3616849468646
272 2.36182712443629
273 2.36198029917111
274 2.36214311683006
275 2.36231422302851
276 2.3624922711727
277 2.36267593002069
278 2.36286389083895
279 2.36305487412954
280 2.3632476359063
281 2.36344097350218
282 2.36363373089307
283 2.36382480352709
284 2.36401314265174
285 2.36419775913429
286 2.36437772677419
287 2.36455218510934
288 2.36472034172059
289 2.36488147404205
290 2.36503493068714
291 2.36518013230259
292 2.36531657196524
293 2.3654438151382
294 2.36556149920496
295 2.36566933260176
296 2.36576709356997
297 2.36585462855172
298 2.36593185025273
299 2.36599873539785
300 2.36605532220502
301 2.36610170760417
302 2.36613804422807
303 2.36616453720211
304 2.36618144076019
305 2.36618905471387
306 2.36618772080137
307 2.36617781894302
308 2.36615976342874
309 2.36613399906294
310 2.36610099729096
311 2.36606125233067
312 2.36601527733154
313 2.36596360058268
314 2.36590676178984
315 2.36584530844039
316 2.36577979227396
317 2.36571076587493
318 2.36563877940163
319 2.36556437746586
320 2.36548809617455
321 2.36541046034435
322 2.36533198089809
323 2.36525315245091
324 2.36517445109222
325 2.36509633236844
326 2.36501922946983
327 2.36494355162375
328 2.3648696826949
329 2.36479797999246
330 2.36472877328212
331 2.3646623640007
332 2.36459902466913
333 2.36453899849924
334 2.36448249918853
335 2.36442971089622
336 2.36438078839339
337 2.36433585737879
338 2.36429501495186
339 2.36425833023355
340 2.36422584512505
341 2.36419757519444
342 2.36417351068067
343 2.36415361760398
344 2.3641378389721
345 2.36412609607096
346 2.36411828982892
347 2.36411430224348
348 2.36411399785948
349 2.3641172252881
350 2.36412381875589
351 2.36413359967365
352 2.36414637821513
353 2.36416195489585
354 2.36418012214282
355 2.36420066584635
356 2.36422336688559
357 2.36424800261996
358 2.36427434833923
359 2.36430217866531
360 2.36433126889975
361 2.3643613963112
362 2.36439234135774
363 2.36442388883981
364 2.36445582897969
365 2.3644879584244
366 2.36452008116918
367 2.36455200939967
368 2.36458356425099
369 2.3646145764829
370 2.36464488707055
371 2.3646743477108
372 2.36470282124472
373 2.36473018199727
374 2.36475631603564
375 2.36478112134802
376 2.36480450794517
377 2.36482639788743
378 2.36484672523993
379 2.36486543595945
380 2.36488248771635
381 2.36489784965529
382 2.36491150209875
383 2.36492343619735
384 2.36493365353142
385 2.364942165668
386 2.36494899367778
387 2.36495416761651
388 2.36495772597535
389 2.3649597151047
390 2.36496018861594
391 2.36495920676558
392 2.36495683582605
393 2.36495314744751
394 2.36494821801461
395 2.36494212800239
396 2.36493496133491
397 2.36492680475045
398 2.36491774717653
399 2.36490787911822
400 2.11490787911822
401 2.05719512649608
402 1.99872183851199
403 1.94024810622841
404 1.88177401952244
405 1.8232996666088
406 1.76482513359246
407 1.70635050405214
408 1.64787585865605
409 1.58940127481051
410 1.53246472511678
411 1.47850990690438
412 1.42763745166328
413 1.37994421361972
414 1.33551825337751
415 1.29444016760571
416 1.25678415073272
417 1.22261885069447
418 1.2
419 1.2
420 1.2
421 1.2
422 1.2
423 1.2
424 1.2
425 1.2
426 1.2
427 1.20127430851081
428 1.20561431143617
429 1.21267223062379
430 1.2220446231854
431 1.23340768908596
432 1.24650001169797
433 1.26110921779783
434 1.2770615643747
435 1.29421380635133
436 1.31244684204135
437 1.33165290498354
438 1.35171510576749
439 1.3725013258665
440 1.39387151938758
441 1.41568334317902
442 1.43779583925639
443 1.46007175205761
444 1.48237889940022
445 1.50459089763949
446 1.52658745501847
447 1.54825443248252
448 1.56948391350519
449 1.59017443057283
450 1.6102313048903
451 1.62956700090008
452 1.64810143832957
453 1.66576223501232
454 1.68248487224218
455 1.69821278504248
456 1.71289738527475
457 1.72649802758009
458 1.73898192726177
459 1.75032403630485
460 1.76050688087622
461 1.76952036223105
462 1.7773615227264
463 1.7840342789537
464 1.78954912445815
465 1.79392280491969
466 1.79717796894401
467 1.7993427977371
468 1.80045061693586
469 1.80053949378837
470 1.79965182276762
471 1.79783390259286
472 1.79513550753007
473 1.79160945574567
474 1.78731117738775
475 1.78229828496287
476 1.77663014845924
477 1.77036747753863
478 1.76357191298073
479 1.75630562941574
480 1.74863095122736
481 1.74060998334945
482 1.73230425851813
483 1.72377440237759
484 1.71507981767334
485 1.7062783886022
486 1.69742620622479
487 1.6885773156838
488 1.67978348581228
489 1.6710940015592
490 1.66255547950783
491 1.65421170661458
492 1.64610350215408
493 1.63826860272028
494 1.63074157000397
495 1.6235537209448
496 1.61673307974123
497 1.61030435109456
498 1.60428891396485
499 1.59870483502563
500 1.59356690092284
501 1.58888666836991
502 1.58467253104663
503 1.58092980221368
504 1.57766081190768
505 1.57486501754333
506 1.57253912671917
507 1.57067723100199
508 1.56927094945158
509 1.56830958064148
510 1.56778026193365
511 1.56766813477368
512 1.56795651478951
513 1.56862706549856
514 1.56965997445708
515 1.57103413071936
516 1.57272730251384
517 1.57471631408755
518 1.5769772207182
519 1.57948548094619
520 1.58221612513375
521 1.5851439195177
522 1.58824352498275
523 1.59148964984571
524 1.59485719600523
525 1.59832139787761
526 1.60185795360526
527 1.6054431480912
528 1.60905396747928
529 1.6126682047657
530 1.61626455629248
531 1.61982270893706
532 1.62332341787471
533 1.62674857485051
534 1.63008126695591
535 1.63330582596071
536 1.63640786830448
537 1.63937432590172
538 1.64219346796256
539 1.64485491407482
540 1.64734963883446
541 1.64966996834866
542 1.65180956897015
543 1.65376342865189
544 1.65552783133813
545 1.65710032483152
546 1.65847968259566
547 1.65966585996915
548 1.66065994527973
549 1.66146410635714
550 1.66208153294905
551 1.6625163755477
552 1.66277368113479
553 1.66285932634899
554 1.66277994857461
555 1.66254287544139
556 1.66215605321431
557 1.66162797453896
558 1.66096760599225
559 1.66018431587093
560 1.65928780263075
561 1.65828802436823
562 1.65719512971479
563 1.65601939048881
564 1.65477113642731
565 1.6534606922925
566 1.65209831762309
567 1.65069414937289
568 1.64925814765267
569 1.6478000447639
570 1.64632929768579
571 1.64485504415046
572 1.643386062414
573 1.64193073480543
574 1.64049701510976
575 1.6390923998169
576 1.63772390324376
577 1.63639803651426
578 1.63512079035998
579 1.63389762168312
580 1.63273344380401
581 1.63163262029723
582 1.63059896230292
583 1.62963572918474
584 1.62874563239129
585 1.62793084236529
586 1.62719299833323
587 1.62653322079837
588 1.62595212655159
589 1.62544984600749
590 1.62502604266735
591 1.62467993450688
592 1.62441031708306
593 1.62421558815369
594 1.62409377360223
595 1.62404255446213
596 1.62405929483649
597 1.62414107051243
598 1.62428469807371
599 1.62448676432043
600 1.62474365581066
601 1.62505158834623
602 1.62540663623194
603 1.62580476114668
604 1.62624184047333
605 1.62671369494405
606 1.62721611546771
607 1.62774488901625
608 1.62829582345753
609 1.62886477123317
610 1.62944765179073
611 1.63004047269059
612 1.6306393493192
613 1.6312405231511
614 1.63184037851327
615 1.63243545781572
616 1.63302247522319
617 1.63359832875247
618 1.63416011079016
619 1.63470511703493
620 1.63523085387736
621 1.63573504423923
622 1.63621563190209
623 1.63667078436253
624 1.63709889425885
625 1.63749857942001
626 1.63786868159401
627 1.63820826391795
628 1.63851660719705
629 1.63879320506379
630 1.63903775809219
631 1.63925016694514
632 1.63943052463509
633 1.6395791079803
634 1.63969636834009
635 1.6397829217134
636 1.63983953828512
637 1.63986713150421
638 1.63986674677723
639 1.63983954985941
640 1.63978681502371
641 1.63970991308657
642 1.63961029936622
643 1.63948950164706
644 1.63934910822018
645 1.63919075606695
646 1.63901611924888
647 1.63882689756328
648 1.63862480551987
649 1.63841156168974
650 1.63818887847347
651 1.63795845233086
652 1.63772195451029
653 1.63748102231133
654 1.63723725090937
655 1.63699218576699
656 1.63674731565196
657 1.63650406627754
658 1.63626379457654
659 1.6360277836162
660 1.63579723815705
661 1.63557328085502
662 1.63535694910218
663 1.6351491924982
664 1.63495087094101
665 1.63476275332202
666 1.63458551680862
667 1.6344197466935
668 1.63426593678826
669 1.63412449033627
670 1.63399572141792
671 1.63387985681952
672 1.63377703833559
673 1.63368732547312
674 1.63361069852512
675 1.63354706198033
676 1.63349624823481
677 1.63345802157149
678 1.63343208237291
679 1.63341807153308
680 1.63341557503404
681 1.63342412865378
682 1.63344322277224
683 1.63347230724328
684 1.63351079630143
685 1.63355807347302
686 1.63361349646302
687 1.63367640198973
688 1.63374611054134
689 1.6338219310298
690 1.63390316531879
691 1.63398911260476
692 1.63407907363137
693 1.6341723547196
694 1.63426827159762
695 1.63436615301627
696 1.63446534413798
697 1.63456520968865
698 1.63466513686383
699 1.6347645379826
700 1.63486285288386
701 1.63495955106192
702 1.6350541335395
703 1.63514613447843
704 1.63523512252908
705 1.63532070192195
706 1.63540251330537
707 1.63548023433519
708 1.63555358002325
709 1.6356223028526
710 1.63568619266853
711 1.63574507635537
712 1.63579881730981
713 1.6358473147224
714 1.63589050267924
715 1.6359283490968
716 1.6359608545029
717 1.63598805067738
718 1.63600999916642
719 1.63602678968425
720 1.6360385384164
721 1.6360453862386
722 1.63604749686507
723 1.63604505494011
724 1.63603826408659
725 1.63602734492432
726 1.63601253307142
727 1.63599407714093
728 1.63597223674468
729 1.63594728051573
730 1.63591948416024
731 1.63588912854894
732 1.63585649785776
733 1.63582187776634
734 1.63578555372281
735 1.63574780928188
736 1.63570892452334
737 1.6356691745565
738 1.63562882811607
739 1.63558814625366
740 1.6355473811287
741 1.63550677490179
742 1.63546655873249
743 1.63542695188332
744 1.63538816093061
745 1.63535037908248
746 1.63531378560348
747 1.63527854534472
748 1.63524480837807
749 1.63521270973199
750 1.6351823692265
751 1.63515389140403
752 1.63512736555262
753 1.6351028658175
754 1.63508045139663
755 1.6350601668157
756 1.63504204227758
757 1.63502609408109
758 1.63501232510379
759 1.63500072534328
760 1.63499127251138
761 1.63498393267558
762 1.63497866094196
763 1.63497540217392
764 1.63497409174098
765 1.63497465629205
766 1.63497701454756
767 1.63498107810514
768 1.63498675225345
769 1.63499393678913
770 1.63500252683193
771 1.63501241363331
772 1.63502348537411
773 1.63503562794695
774 1.6350487257196
775 1.63506266227541
776 1.63507732112766
777 1.63509258640451
778 1.63510834350192
779 1.63512447970202
780 1.63514088475462
781 1.63515745142022
782 1.6351740759727
783 1.63519065866057
784 1.6352071041258
785 1.63522332177946
786 1.6352392261338
787 1.63525473709075
788 1.63526978018671
789 1.63528428679431
790 1.63529819428151
791 1.63531144612904
792 1.63532399200712
793 1.63533578781279
794 1.63534679566915
795 1.63535698388829
796 1.63536632689941
797 1.63537480514418
798 1.63538240494122
799 1.63538911832183
800 1.83289263514675
801 1.84732295827545
802 1.86194240332878
803 1.87656098304707
804 1.89117871470775
805 1.90579561983549
806 1.92041172389956
807 1.93502705600062
808 1.94964164854935
809 1.96425553693898
810 1.97765378192612
811 1.98888761650984
812 1.9982075486154
813 2.00580524134564
814 2.01182865080076
815 2.01639175267086
816 2.01958211651104
817 2.02146680256548
818 2.02209695209921
819 2.02151136018749
820 2.01974673039795
821 2.01685096586555
822 2.01288496247571
823 2.00791776829086
824 2.00202332141317
825 1.99527828587
826 1.98776065722644
827 1.97954890119211
828 1.97072145562739
829 1.96135647537482
830 1.95153168899187
831 1.94132420720338
832 1.93081020854005
833 1.92006454674552
834 1.90916034240641
835 1.89816859315535
836 1.88715781918972
837 1.87619375010055
838 1.86533905277667
839 1.85465309683567
840 1.84419175283135
841 1.83400721921025
842 1.82414787589377
843 1.81465816401009
844 1.80557849198061
845 1.79694516814772
846 1.78879035982044
847 1.78114207823203
848 1.77402418856079
849 1.7674564439081
850 1.76145454196361
851 1.75603020300129
852 1.75119126780856
853 1.74694181412713
854 1.74328229015946
855 1.74020966366776
856 1.73771758516488
857 1.73579656367308
858 1.73443415351137
859 1.73361515056666
860 1.73332179650952
861 1.73353398943134
862 1.73422949940484
863 1.7353841875038
864 1.73697222685851
865 1.73896632437114
866 1.74133794176823
867 1.74405751472644
868 1.74709466887115
869 1.75041843151526
870 1.75399743807768
871 1.75780013219558
872 1.76179495862266
873 1.76595054808514
874 1.77023589334891
875 1.77462051583346
876 1.77907462219124
877 1.78356925035382
878 1.78807640462863
879 1.79256917951133
880 1.79702187195893
881 1.80141008194654
882 1.80571080120711
883 1.80990249012618
884 1.81396514283467
885 1.8178803406097
886 1.82163129375747
887 1.8252028722121
888 1.82858162514118
889 1.83175578990029
890 1.83471529072769
891 1.83745172761333
892 1.83995835581651
893 1.84223005654102
894 1.84426329930743
895 1.84605609658832
896 1.84760795129405
897 1.84891979771379
898 1.84999393653024
899 1.85083396453482
900 1.8514446996756
901 1.85183210207089
902 1.85200319161888
903 1.85196596282744
904 1.85172929747838
905 1.85130287572778
906 1.85069708622791
907 1.84992293583784
908 1.84899195946859
909 1.84791613058506
910 1.8467077728616
911 1.84537947346059
912 1.84394399837427
913 1.84241421023983
914 1.84080298900614
915 1.83912315579804
916 1.83738740029116
917 1.83560821187643
918 1.83379781485976
919 1.83196810790868
920 1.83013060792374
921 1.82829639847936
922 1.82647608294614
923 1.82467974237428
924 1.82291689818683
925 1.82119647970118
926 1.81952679646818
927 1.81791551539054
928 1.8163696425557
929 1.8148955096935
930 1.81349876514573
931 1.81218436921259
932 1.81095659372156
933 1.80981902564534
934 1.80877457457958
935 1.8078254838758
936 1.8069733452126
937 1.80621911637659
938 1.80556314201568
939 1.80500517711943
940 1.80454441297565
941 1.80417950534826
942 1.80390860461908
943 1.80372938763529
944 1.80363909100531
945 1.80363454558769
946 1.80371221192166
947 1.80386821635261
948 1.80409838761203
949 1.80439829361895
950 1.80476327827803
951 1.80518849805914
952 1.80566895815317
953 1.80619954801003
954 1.80677507607654
955 1.80739030356394
956 1.80803997708774
957 1.80871886003563
958 1.80942176253273
959 1.810143569887
960 1.81087926941149
961 1.81162397553387
962 1.81237295311736
963 1.81312163893108
964 1.81386566122082
965 1.81460085734483
966 1.81532328945169
967 1.81602925819001
968 1.81671531445141
969 1.81737826915988
970 1.81801520113146
971 1.81862346303842
972 1.81920068552183
973 1.81974477950549
974 1.82025393677249
975 1.82072662887319
976 1.82116160444043
977 1.82155788499401
978 1.82191475932177
979 1.82223177652926
980 1.82250873785433
981 1.82274568734565
982 1.82294290150718
983 1.82310087801214
984 1.82322032359123
985 1.82330214120052
986 1.82334741657391
987 1.82335740426458
988 1.82333351327845
989 1.82327729240071
990 1.82319041531403
991 1.82307466560441
992 1.82293192174695
993 1.82276414216051
994 1.82257335041567
995 1.82236162067641
996 1.82213106345096
997 1.8218838117224
998 1.82162200752448
999 1.82134778902262
1000 1.82106327815487
1001 1.82077056888193
1002 1.82047171608945
1003 1.82016872518083
1004 1.81986354239244
1005 1.81955804585808
1006 1.81925403744383
1007 1.81895323536901
1008 1.81865726762383
1009 1.81836766618902
1010 1.8180858620582
1011 1.81781318105835
1012 1.81755084046008
1013 1.81729994636442
1014 1.81706149184923
1015 1.81683635585455
1016 1.81662530278257
1017 1.81642898278491
1018 1.81624793270704
1019 1.81608257765673
1020 1.81593323316166
1021 1.8158001078789
1022 1.81568330681751
1023 1.81558283503398
1024 1.81549860175932
1025 1.8154304249156
1026 1.81537803597927
1027 1.81534108514849
1028 1.8153191467714
1029 1.8153117249929
1030 1.81531825957753
1031 1.8153381318673
1032 1.81537067083376
1033 1.81541515918511
1034 1.81547083949014
1035 1.81553692028261
1036 1.81561258211103
1037 1.81569698350073
1038 1.81578926679691
1039 1.81588856385949
1040 1.81599400158247
1041 1.81610470721292
1042 1.81621981344661
1043 1.81633846327988
1044 1.81645981459945
1045 1.81658304449407
1046 1.81670735327454
1047 1.81683196819051
1048 1.81695614683498
1049 1.81707918022956
1050 1.81720039558567
1051 1.81731915873905
1052 1.81743487625675
1053 1.81754699721817
1054 1.81765501467293
1055 1.81775846678078
1056 1.81785693763988
1057 1.8179500578117
1058 1.81803750455198
1059 1.81811900175873
1060 1.8181943196492
1061 1.81826327417916
1062 1.8183257262184
1063 1.81838158049766
1064 1.81843078434238
1065 1.81847332620983
1066 1.81850923404613
1067 1.81853857348046
1068 1.81856144587361
1069 1.81857798623857
1070 1.81858836105047
1071 1.81859276596339
1072 1.8185914234513
1073 1.81858458038999
1074 1.81857250559675
1075 1.81855548734386
1076 1.81853383086152
1077 1.81850785584545
1078 1.81847789398326
1079 1.81844428651367
1080 1.81840738183112
1081 1.81836753314828
1082 1.81832509622735
1083 1.81828042719099
1084 1.818233880422
1085 1.81818580656064
1086 1.81813655060712
1087 1.81808645013598
1088 1.81803583362829
1089 1.8179850189264
1090 1.81793431181523
1091 1.81788400473324
1092 1.81783437561504
1093 1.81778568686717
1094 1.81773818447736
1095 1.8176920972569
1096 1.81764763621521
1097 1.81760499406458
1098 1.81756434485267
1099 1.81752584371957
1100 1.8174896267757
1101 1.81745581109618
1102 1.81742449482693
1103 1.81739575739716
1104 1.81736965983266
1105 1.81734624516379
1106 1.81732553892186
1107 1.8173075497174
1108 1.81729226989338
1109 1.81727967624657
1110 1.81726973080992
1111 1.81726238168882
1112 1.81725756394421
1113 1.81725520051527
1114 1.81725520317474
1115 1.81725747350991
1116 1.81726190392246
1117 1.81726837864048
1118 1.81727677473627
1119 1.81728696314374
1120 1.81729880966939
1121 1.81731217599136
1122 1.81732692064098
1123 1.81734289996205
1124 1.81735996904295
1125 1.81737798261742
1126 1.81739679592982
1127 1.81741626556159
1128 1.81743625021538
1129 1.81745661145421
1130 1.81747721439313
1131 1.81749792834129
1132 1.81751862739282
1133 1.81753919096502
1134 1.81755950428312
1135 1.81757945881074
1136 1.81759895262603
1137 1.81761789074338
1138 1.81763618538116
1139 1.81765375617609
1140 1.81767053034538
1141 1.81768644279757
1142 1.81770143619389
1143 1.81771546096155
1144 1.81772847526107
1145 1.81774044490966
1146 1.81775134326299
1147 1.81776115105765
1148 1.81776985621707
1149 1.81777745362329
1150 1.81778394485759
1151 1.81778933791263
1152 1.81779364687899
1153 1.81779689160912
1154 1.81779909736144
1155 1.81780029442766
1156 1.81780051774604
1157 1.81779980650365
1158 1.81779820373015
1159 1.81779575588608
1160 1.81779251244812
1161 1.81778852549393
1162 1.81778384928908
1163 1.81777853987831
1164 1.81777265468334
1165 1.81776625210942
1166 1.8177593911624
1167 1.8177521310783
1168 1.8177445309668
1169 1.81773664947049
1170 1.81772854444082
1171 1.81772027263231
1172 1.81771188941581
1173 1.81770344851187
1174 1.81769500174474
1175 1.81768659881786
1176 1.81767828711095
1177 1.81767011149924
1178 1.81766211419488
1179 1.81765433461049
1180 1.81764680924481
1181 1.81763957159018
1182 1.81763265206142
1183 1.81762607794574
1184 1.81761987337303
1185 1.81761405930587
1186 1.81760865354849
1187 1.81760367077386
1188 1.81759912256802
1189 1.8175950174906
1190 1.81759136115052
1191 1.8175881562959
1192 1.81758540291696
1193 1.81758309836068
1194 1.81758123745636
1195 1.81757981265051
1196 1.81757881415026
1197 1.81757823007373
1198 1.81757804660656
1199 1.81757824816313
1200 1.81757881755148
