1 2
2 2
3 2
4 2
5 2
6 2
7 2
8 2
9 2
10 2
11 2
12 2
13 2
14 2
15 2
16 2
17 2
18 2
19 2
20 2
21 2
22 2
23 2
24 2
25 2
26 2
27 2
28 2
29 2
30 2.25
31 2.27272727272727
32 2.29545454545455
33 2.31818181818182
34 2.34090909090909
35 2.36363636363636
36 2.38636363636364
37 2.40909090909091
38 2.43181818181818
39 2.45454545454545
40 2.47567103153409
41 2.49394398494137
42 2.50969788437059
43 2.52319177715565
44 2.53462670015073
45 2.54415853966761
46 2.55190804690339
47 2.55796863773155
48 2.56241246671139
49 2.56529515688306
50 2.56666974428243
51 2.56660464121745
52 2.56518554825235
53 2.56250825805601
54 2.55867382029814
55 2.55378537426269
56 2.54794614705476
57 2.54125825582694
58 2.53382205539706
59 2.52573584772763
60 2.51709575852566
61 2.50799554926901
62 2.49852626243004
63 2.48877577094291
64 2.47882832519273
65 2.46876414629965
66 2.45865908686347
67 2.44858436393323
68 2.43860635985975
69 2.42878648221483
70 2.41918107274942
71 2.40984135701372
72 2.4008134295419
73 2.39213827220706
74 2.38385180445753
75 2.37598496415746
76 2.3685638173426
77 2.36160969472386
78 2.3551393523932
79 2.34916515396803
80 2.3436952713518
81 2.33873390135047
82 2.33428149551213
83 2.33033500069875
84 2.32688810803044
85 2.32393150795879
86 2.32145314933401
87 2.3194385004365
88 2.3178708100552
89 2.31673136681286
90 2.3159997550646
91 2.31565410582798
92 2.31567134133849
93 2.31602741196173
94 2.31669752433044
95 2.31765635970974
96 2.31887828172701
97 2.32033753273255
98 2.32200841818312
99 2.32386547856301
100 2.32588364847401
101 2.32803840263874
102 2.3303058886679
103 2.3326630465434
104 2.33508771486357
105 2.33755872398483
106 2.34005597627571
107 2.3425605137734
108 2.34505457360083
109 2.34752163156314
110 2.34994643439606
111 2.35231502118612
112 2.35461473452284
113 2.35683422197723
114 2.35896342852848
115 2.36099358058223
116 2.36291716223983
117 2.36472788448769
118 2.3664206479813
119 2.36799150009794
120 2.36943758692773
121 2.37075710086358
122 2.37194922443763
123 2.37301407103525
124 2.373952623098
125 2.37476666840391
126 2.37545873498862
127 2.37603202524298
128 2.37649034969367
129 2.37683806094238
130 2.3770799882067
131 2.37722137287306
132 2.37726780543818
133 2.37722516418114
134 2.37709955587414
135 2.37689725880595
136 2.37662466835781
137 2.37628824533881
138 2.37589446725504
139 2.37544978265529
140 2.37496056866545
141 2.37443309179495
142 2.37387347207009
143 2.37328765052309
144 2.37268136004057
145 2.37206009955189
146 2.37142911151604
147 2.37079336264594
148 2.37015752779067
149 2.36952597687972
150 2.36890276481844
151 2.36829162421112
152 2.36769596077646
153 2.36711885131084
154 2.36656304404644
155 2.36603096124521
156 2.36552470386434
157 2.36504605812556
158 2.36459650381869
159 2.3641772241686
160 2.3637891170956
161 2.36343280770058
162 2.36310866180893
163 2.36281680041087
164 2.36255711484015
165 2.36232928253865
166 2.36213278325992
167 2.36196691557176
168 2.36183081352474
169 2.36172346336112
170 2.36164372014693
171 2.36159032421757
172 2.36156191733633
173 2.36155705847352
174 2.36157423912233
175 2.36161189807686
176 2.36166843560547
177 2.36174222696198
178 2.36183163518494
179 2.36193502314359
180 2.36205076479711
181 2.36217725564118
182 2.3623129223231
183 2.36245623141399
184 2.36260569733278
185 2.36275988942304
186 2.36291743818944
187 2.36307704070599
188 2.36323746521301
189 2.36339755492439
190 2.36355623107053
191 2.36371249520612
192 2.36386543081504
193 2.36401420424719
194 2.36415806502465
195 2.36429634555626
196 2.36442846030134
197 2.36455390442421
198 2.36467225198223
199 2.36478315369022
200 2.36488633430436
201 2.36498158966852
202 2.36506878346524
203 2.36514784371316
204 2.36521875905156
205 2.36528157485128
206 2.3653363891904
207 2.36538334873092
208 2.3654226445314
209 2.36545450782851
210 2.36547920581841
211 2.36549703746718
212 2.36550832937691
213 2.36551343173248
214 2.36551271435141
215 2.36550656285728
216 2.36549537499497
217 2.36547955710361
218 2.36545952076135
219 2.3654356796136
220 2.36540844639467
221 2.36537823015049
222 2.36534543366847
223 2.36531045111857
224 2.36527366590782
225 2.36523544874939
226 2.36519615594511
227 2.36515612787944
228 2.36511568772149
229 2.36507514033013
230 2.36503477135673
231 2.36499484653853
232 2.36495561117516
233 2.3649172897799
234 2.36488008589654
235 2.36484418207245
236 2.36480973997765
237 2.36477690065961
238 2.3647457849231
239 2.36471649382434
240 2.36468910926848
241 2.36466369469974
242 2.36464029587314
243 2.36461894169737
244 2.36459964513834
245 2.3645824041731
246 2.36456720278441
247 2.36455401198641
248 2.36454279087234
249 2.36453348767557
250 2.36452604083593
251 2.36452038006352
252 2.36451642739293
253 2.36451409822127
254 2.36451330232384
255 2.36451394484204
256 2.36451592723849
257 2.36451914821485
258 2.36452350458873
259 2.364528892126
260 2.364535206326
261 2.36454234315713
262 2.36455019974115
263 2.36455867498472
264 2.36456767015738
265 2.36457708941551
266 2.3645868402721
267 2.36459683401275
268 2.36460698605856
269 2.36461721627678
270 2.36462744924062
271 2.36463761443975
272 2.36464764644317
273 2.36465748501656
274 2.36466707519622
275 2.36467636732198
276 2.36468531703146
277 2.36469388521832
278 2.36470203795714
279 2.36470974639757
280 2.36471698663054
281 2.36472373952929
282 2.36472999056788
283 2.36473572962003
284 2.36474095074081
285 2.36474565193392
286 2.36474983490704
287 2.36475350481777
288 2.3647566700124
289 2.36475934175997
290 2.36476153398355
291 2.36476326299089
292 2.36476454720634
293 2.36476540690571
294 2.36476586395577
295 2.36476594155991
296 2.36476566401116
297 2.36476505645398
298 2.36476414465572
299 2.36476295478877
300 2.36476151322416
301 2.36475984633738
302 2.36475798032676
303 2.36475594104504
304 2.36475375384428
305 2.36475144343439
306 2.36474903375533
307 2.36474654786295
308 2.36474400782836
309 2.3647414346507
310 2.36473884818293
311 2.36473626707041
312 2.36473370870176
313 2.36473118917154
314 2.36472872325437
315 2.3647263243897
316 2.36472400467683
317 2.36472177487943
318 2.36471964443897
319 2.3647176214963
320 2.36471571292085
321 2.36471392434658
322 2.36471226021409
323 2.3647107238182
324 2.36470931736025
325 2.36470804200454
326 2.36470689793817
327 2.36470588443369
328 2.36470499991393
329 2.36470424201846
330 2.36470360767104
331 2.36470309314759
332 2.36470269414422
333 2.36470240584467
334 2.36470222298699
335 2.36470213992886
336 2.36470215071123
337 2.36470224912003
338 2.36470242874553
339 2.36470268303921
340 2.36470300536786
341 2.36470338906469
342 2.36470382747734
343 2.36470431401269
344 2.36470484217825
345 2.36470540562024
346 2.36470599815814
347 2.36470661381588
348 2.36470724684949
349 2.3647078917714
350 2.36470854337139
351 2.36470919673427
352 2.3647098472543
353 2.36471049064665
354 2.36471112295583
355 2.36471174056131
356 2.36471234018053
357 2.3647129188693
358 2.36471347401994
359 2.36471400335713
360 2.36471450493186
361 2.36471497711342
362 2.36471541857983
363 2.36471582830669
364 2.36471620555477
365 2.36471654985641
366 2.36471686100101
367 2.36471713901959
368 2.36471738416883
369 2.36471759691452
370 2.36471777791466
371 2.36471792800238
372 2.36471804816875
373 2.36471813954564
374 2.36471820338872
375 2.36471824106073
376 2.36471825401513
377 2.36471824378013
378 2.36471821194334
379 2.36471816013697
380 2.36471809002365
381 2.36471800328307
382 2.36471790159927
383 2.36471778664883
384 2.36471766008979
385 2.36471752355149
386 2.36471737862525
387 2.36471722685593
388 2.36471706973433
389 2.36471690869049
390 2.36471674508785
391 2.36471658021821
392 2.36471641529758
393 2.36471625146273
394 2.36471608976862
395 2.36471593118644
396 2.36471577660247
397 2.36471562681752
398 2.36471548254702
399 2.36471534442168
400 2.11471534442168
401 2.06926067469198
402 2.02380601250585
403 1.97835135817199
404 1.93289671192491
405 1.88744207392823
406 1.84198744427812
407 1.79653282300714
408 1.7510782100881
409 1.7056236054382
410 1.66177070381981
411 1.6209160410167
412 1.58297213976782
413 1.54787334844297
414 1.51557089461796
415 1.48602903803184
416 1.45922207961337
417 1.43513203706306
418 1.41374683938311
419 1.39505892538947
420 1.37905389495451
421 1.36569363782914
422 1.35491378144223
423 1.34663013121571
424 1.3407434727413
425 1.33714314878918
426 1.33570972142971
427 1.3363169520874
428 1.33883327397588
429 1.34312288742861
430 1.34904664135565
431 1.35646292157766
432 1.36522865938196
433 1.37520040865255
434 1.38623540947243
435 1.39819259110518
436 1.41093349028434
437 1.42432307547953
438 1.43823047689721
439 1.4525296272597
440 1.46709982076157
441 1.48182619710289
442 1.49660015511465
443 1.51131969830525
444 1.52588971377481
445 1.54022218603546
446 1.55423634777972
447 1.56785877023921
448 1.58102339630768
449 1.59367151999483
450 1.6057517160147
451 1.617219723417
452 1.62803828718945
453 1.63817696173867
454 1.64761188012344
455 1.65632549287503
456 1.66430628019033
457 1.67154844122153
458 1.67805156410514
459 1.68382028027253
460 1.68886390646345
461 1.69319607772516
462 1.6968343745262
463 1.69979994694753
464 1.70211713873828
465 1.70381311384056
466 1.70491748779916
467 1.70546196627961
468 1.70547999272327
469 1.7050064069722
470 1.70407711650064
471 1.70272878169589
472 1.70099851643994
473 1.69892360505564
474 1.69654123649881
475 1.69388825650084
476 1.69100093819672
477 1.68791477161089
478 1.68466427221897
479 1.68128280865791
480 1.67780244952024
481 1.674253829041
482 1.67066603136849
483 1.66706649300176
484 1.66348092288064
485 1.65993323952553
486 1.65644552454676
487 1.65303799177484
488 1.64972897120444
489 1.64653490689583
490 1.64347036793746
491 1.64054807154191
492 1.63777891732488
493 1.63517203180189
494 1.63273482213023
495 1.63047303812372
496 1.62839084157444
497 1.62649088192846
498 1.62477437738125
499 1.62324120048216
500 1.62188996736599
501 1.62071812976223
502 1.61972206896898
503 1.6188971910184
504 1.61823802230249
505 1.61773830497299
506 1.61739109147529
507 1.61718883762428
508 1.61712349367853
509 1.61718659291863
510 1.61736933728495
511 1.61766267967925
512 1.61805740258345
513 1.61854419269674
514 1.61911371133913
515 1.61975666041519
516 1.62046384377544
517 1.62122622385533
518 1.62203497351202
519 1.62288152301716
520 1.62375760220013
521 1.62465527776971
522 1.62556698587347
523 1.62648555998304
524 1.6274042542197
525 1.62831676225861
526 1.62921723197126
527 1.63010027598467
528 1.63096097835209
529 1.63179489754397
530 1.63259806597973
531 1.63336698632989
532 1.63409862482562
533 1.63479040181756
534 1.63544017982899
535 1.6360462493495
536 1.63660731261476
537 1.63712246561588
538 1.63759117857776
539 1.6380132751411
540 1.63838891047587
541 1.63871854854684
542 1.6390029387429
543 1.63924309207249
544 1.63944025711729
545 1.63959589592527
546 1.63971166001281
547 1.63978936663382
548 1.63983097546145
549 1.63983856581583
550 1.63981431455858
551 1.63976047476244
552 1.63967935525212
553 1.6395733010997
554 1.6394446751466
555 1.63929584061166
556 1.63912914483401
557 1.63894690418827
558 1.63875139019892
559 1.63854481687102
560 1.63832932924468
561 1.63810699317196
562 1.63787978630651
563 1.63764959028844
564 1.63741818410016
565 1.63718723856206
566 1.63695831193137
567 1.63673284656237
568 1.6365121665813
569 1.6362974765258
570 1.63608986089489
571 1.63589028455326
572 1.63569959393105
573 1.63551851895884
574 1.63534767567664
575 1.63518756945455
576 1.63503859876329
577 1.63490105943245
578 1.63477514933544
579 1.63466097344096
580 1.63455854917233
581 1.63446781201777
582 1.63438862133648
583 1.63432076630809
584 1.63426397197489
585 1.63421790532956
586 1.63418218140337
587 1.63415636931307
588 1.63413999822768
589 1.63413256321923
590 1.63413353096505
591 1.63414234527201
592 1.63415843239645
593 1.63418120613655
594 1.63421007267713
595 1.63424443516967
596 1.63428369803351
597 1.63432727096683
598 1.63437457265892
599 1.63442503419765
600 1.6344781021688
601 1.63453324144605
602 1.63458993767269
603 1.63464769943812
604 1.63470606015437
605 1.63476457963902
606 1.6348228454132
607 1.63488047372414
608 1.63493711030345
609 1.63499243087304
610 1.63504614141188
611 1.63509797819729
612 1.6351477076353
613 1.63519512589503
614 1.63524005836243
615 1.63528235892888
616 1.63532190913055
617 1.63535861715392
618 1.63539241672328
619 1.6354232658855
620 1.63545114570706
621 1.63547605889823
622 1.63549802837842
623 1.6355170957965
624 1.63553332001929
625 1.63554677560051
626 1.63555755124211
627 1.6355657482591
628 1.63557147905801
629 1.63557486563879
630 1.63557603812872
631 1.63557513335639
632 1.63557229347294
633 1.63556766462694
634 1.63556139569845
635 1.63555363709717
636 1.63554453962871
637 1.63553425343226
638 1.63552292699244
639 1.63551070622707
640 1.63549773365236
641 1.63548414762602
642 1.63547008166849
643 1.63545566386187
644 1.63544101632548
645 1.63542625476677
646 1.63541148810567
647 1.63539681817009
648 1.6353823394602
649 1.63536813897845
650 1.63535429612214
651 1.63534088263548
652 1.63532796261719
653 1.63531559258028
654 1.63530382155995
655 1.63529269126596
656 1.63528223627519
657 1.63527248426079
658 1.63526345625369
659 1.63525516693266
660 1.63524762493908
661 1.63524083321258
662 1.63523478934391
663 1.63522948594148
664 1.63522491100816
665 1.63522104832509
666 1.63521787783939
667 1.63521537605282
668 1.63521351640872
669 1.63521226967467
670 1.63521160431844
671 1.63521148687519
672 1.63521188230396
673 1.63521275433157
674 1.63521406578257
675 1.63521577889378
676 1.63521785561229
677 1.63522025787592
678 1.63522294787545
679 1.6352258882979
680 1.63522904255054
681 1.63523237496522
682 1.63523585098303
683 1.63523943731924
684 1.63524310210871
685 1.63524681503198
686 1.63525054742251
687 1.63525427235559
688 1.63525796471937
689 1.63526160126889
690 1.63526516066365
691 1.63526862348965
692 1.63527197226683
693 1.63527519144262
694 1.63527826737275
695 1.63528118829014
696 1.63528394426293
697 1.63528652714274
698 1.63528893050388
699 1.63529114957489
700 1.63529318116304
701 1.63529502357298
702 1.63529667652046
703 1.63529814104192
704 1.63529941940097
705 1.63530051499253
706 1.63530143224551
707 1.63530217652466
708 1.63530275403253
709 1.63530317171199
710 1.63530343715008
711 1.63530355848374
712 1.63530354430786
713 1.63530340358633
714 1.63530314556618
715 1.63530277969561
716 1.63530231554583
717 1.63530176273725
718 1.63530113087012
719 1.63530042945992
720 1.63529966787748
721 1.63529885529402
722 1.63529800063121
723 1.6352971125162
724 1.63529619924153
725 1.63529526873011
726 1.63529432850489
727 1.63529338566339
728 1.63529244685668
729 1.63529151827296
730 1.63529060562524
731 1.63528971414323
732 1.63528884856899
733 1.63528801315626
734 1.63528721167314
735 1.63528644740801
736 1.63528572317833
737 1.63528504134201
738 1.63528440381137
739 1.63528381206909
740 1.63528326718613
741 1.63528276984137
742 1.6352823203425
743 1.6352819186483
744 1.63528156439167
745 1.63528125690349
746 1.63528099523704
747 1.63528077819258
748 1.6352806043422
749 1.63528047205459
750 1.6352803795195
751 1.6352803247719
752 1.63528030571567
753 1.63528032014651
754 1.63528036577421
755 1.635280440244
756 1.63528054115696
757 1.63528066608938
758 1.63528081261108
759 1.63528097830248
760 1.63528116077057
761 1.63528135766364
762 1.63528156668468
763 1.63528178560362
764 1.6352820122683
765 1.63528224461413
766 1.63528248067254
767 1.63528271857828
768 1.63528295657543
769 1.63528319302232
770 1.63528342639537
771 1.6352836552918
772 1.63528387843137
773 1.63528409465718
774 1.63528430293556
775 1.63528450235505
776 1.63528469212476
777 1.63528487157183
778 1.63528504013838
779 1.63528519737781
780 1.6352853429506
781 1.63528547661962
782 1.63528559824504
783 1.63528570777899
784 1.63528580525982
785 1.6352858908062
786 1.63528596461105
787 1.63528602693539
788 1.63528607810204
789 1.6352861184894
790 1.63528614852517
791 1.63528616868023
792 1.63528617946256
793 1.63528618141129
794 1.63528617509103
795 1.63528616108623
796 1.63528613999595
797 1.63528611242873
798 1.63528607899782
799 1.63528604031664
800 1.84096781517637
801 1.85233140417841
802 1.86369498973073
803 1.87505857240827
804 1.8864221527681
805 1.89778573134674
806 1.90914930865789
807 1.92051288519033
808 1.93187646140621
809 1.94324003773961
810 1.95328585582864
811 1.96103173549544
812 1.96683153457853
813 1.97096079277351
814 1.97363404878507
815 1.97501832925006
816 1.97524365568206
817 1.9744112286213
818 1.97259980245962
819 1.96987065090555
820 1.96627987723568
821 1.96189354561882
822 1.95678904754207
823 1.9510489374133
824 1.94475694396412
825 1.93799549655184
826 1.93084429133665
827 1.92337955830469
828 1.91567378918958
829 1.90779575818835
830 1.8998106650832
831 1.89178020661691
832 1.88376249560227
833 1.8758118924778
834 1.86797882965905
835 1.86030966935473
836 1.85284661132339
837 1.84562765301642
838 1.83868659705622
839 1.83205309757782
840 1.82575273633638
841 1.81980712121099
842 1.81423400272377
843 1.80904740658289
844 1.80425778124022
845 1.79987215949707
846 1.79589433288234
847 1.79232503717327
848 1.78916214716704
849 1.78640087868886
850 1.78403399583093
851 1.78205202152201
852 1.78044344967948
853 1.77919495735171
854 1.77829161539804
855 1.77771709637428
856 1.77745387839939
857 1.77748344388084
858 1.77778647207753
859 1.77834302458175
860 1.77913272290746
861 1.78013491747803
862 1.78132884741293
863 1.78269379061599
864 1.78420920376843
865 1.78585485192557
866 1.78761092750767
867 1.78945815856181
868 1.79137790625341
869 1.79335225162262
870 1.7953640717119
871 1.79739710523741
872 1.79943600803718
873 1.80146639858407
874 1.80347489390111
875 1.80544913626039
876 1.80737781108552
877 1.80925065651011
878 1.81105846507294
879 1.81279307805279
880 1.81444737296349
881 1.81601524474308
882 1.81749158117883
883 1.81887223311446
884 1.82015397998591
885 1.82133449122804
886 1.82241228408808
887 1.82338667837077
888 1.82425774862719
889 1.8250262742832
890 1.82569368818506
891 1.82626202401969
892 1.82673386304446
893 1.827112280538
894 1.82740079235831
895 1.82760330196858
896 1.82772404826414
897 1.82776755450691
898 1.82773857864571
899 1.82764206527348
900 1.82748309944426
901 1.82726686254594
902 1.82699859039743
903 1.82668353371285
904 1.82632692104951
905 1.82593392433192
906 1.82550962702027
907 1.82505899496906
908 1.82458685000036
909 1.82409784619548
910 1.82359644889038
911 1.82308691634217
912 1.82257328401802
913 1.82205935144281
914 1.82154867152866
915 1.82104454229715
916 1.82055000089468
917 1.82006781979208
918 1.81960050505162
919 1.81915029653815
920 1.81871916994571
921 1.81830884050688
922 1.81792076824933
923 1.81755616466217
924 1.81721600063416
925 1.81690101552581
926 1.81661172723912
927 1.81634844315024
928 1.8161112717736
929 1.81590013502943
930 1.81571478099094
931 1.81555479699215
932 1.81541962298264
933 1.81530856502141
934 1.81522080880787
935 1.81515543315469
936 1.8151114233136
937 1.81508768407222
938 1.81508305254695
939 1.81509631060382
940 1.81512619684631
941 1.81517141811608
942 1.81523066045947
943 1.81530259951932
944 1.81538591031831
945 1.81547927640637
946 1.81558139835102
947 1.8156910015551
948 1.81580684339232
949 1.81592771965613
950 1.81605247032264
951 1.8161799846327
952 1.81630920550291
953 1.81643913327909
954 1.8165688288494
955 1.81669741613775
956 1.81682408400066
957 1.81694808755395
958 1.81706874895698
959 1.817185457685
960 1.81729767032087
961 1.81740490989928
962 1.81750676483709
963 1.81760288748436
964 1.81769299233069
965 1.81777685390192
966 1.81785430438179
967 1.81792523099292
968 1.81798957317094
969 1.81804731956455
970 1.81809850489375
971 1.81814320669692
972 1.81818154199645
973 1.8182136639112
974 1.8182397582425
975 1.81826004005891
976 1.81827475030325
977 1.81828415244386
978 1.81828852919012
979 1.81828817929058
980 1.81828341443047
981 1.81827455624314
982 1.81826193344878
983 1.81824587913162
984 1.81822672816521
985 1.81820481479397
986 1.81818047037723
987 1.81815402130071
988 1.81812578705884
989 1.81809607850994
990 1.81806519630483
991 1.8180334294885
992 1.81800105427297
993 1.81796833297867
994 1.81793551314055
995 1.81790282677425
996 1.81787048979703
997 1.8178387015971
998 1.81780764474488
999 1.81777748483858
1000 1.81774837047665
1001 1.81772043334877
1002 1.81769378843718
1003 1.8176685343196
1004 1.81764475356507
1005 1.817622513214
1006 1.81760186533337
1007 1.81758284763869
1008 1.8175654841738
1009 1.81754978604011
1010 1.81753575216721
1011 1.81752337011659
1012 1.81751261691093
1013 1.81750345988163
1014 1.81749585752738
1015 1.81748976037735
1016 1.81748511185261
1017 1.8174818491201
1018 1.81747990393363
1019 1.81747920345716
1020 1.81747967106562
1021 1.81748122711954
1022 1.81748378970955
1023 1.81748727536787
1024 1.81749159974393
1025 1.81749667824187
1026 1.81750242661794
1027 1.81750876153652
1028 1.81751560108339
1029 1.81752286523571
1030 1.81753047628828
1031 1.8175383592359
1032 1.81754644211224
1033 1.81755465628559
1034 1.81756293671237
1035 1.81757122214938
1036 1.81757945532608
1037 1.81758758307823
1038 1.81759555644463
1039 1.81760333072859
1040 1.81761086552612
1041 1.81761812472271
1042 1.81762507646093
1043 1.81763169308079
1044 1.81763795103522
1045 1.81764383078282
1046 1.81764931666003
1047 1.8176543967351
1048 1.81765906264589
1049 1.81766330942383
1050 1.81766713530596
1051 1.81767054153736
1052 1.81767353216578
1053 1.81767611383041
1054 1.81767829554671
1055 1.81768008848898
1056 1.81768150577233
1057 1.81768256223549
1058 1.81768327422614
1059 1.81768365938976
1060 1.81768373646348
1061 1.81768352507587
1062 1.81768304555372
1063 1.81768231873663
1064 1.81768136580027
1065 1.81768020808884
1066 1.81767886695733
1067 1.81767736362411
1068 1.81767571903395
1069 1.81767395373208
1070 1.81767208774903
1071 1.81767014049672
1072 1.81766813067549
1073 1.81766607619212
1074 1.81766399408873
1075 1.81766190048219
1076 1.81765981051391
1077 1.8176577383096
1078 1.81765569694864
1079 1.81765369844266
1080 1.81765175372284
1081 1.81764987263547
1082 1.81764806394529
1083 1.81764633534599
1084 1.81764469347744
1085 1.81764314394898
1086 1.8176416913683
1087 1.81764033937534
1088 1.81763909068054
1089 1.81763794710708
1090 1.81763690963638
1091 1.81763597845643
1092 1.81763515301241
1093 1.81763443205913
1094 1.81763381371471
1095 1.81763329551521
1096 1.81763287446965
1097 1.81763254711503
1098 1.81763230957101
1099 1.81763215759393
1100 1.81763208662967
1101 1.81763209186534
1102 1.81763216827924
1103 1.81763231068906
1104 1.81763251379799
1105 1.81763277223862
1106 1.81763308061445
1107 1.81763343353888
1108 1.81763382567158
1109 1.81763425175217
1110 1.81763470663114
1111 1.817635185298
1112 1.81763568290657
1113 1.81763619479762
1114 1.81763671651858
1115 1.81763724384065
1116 1.81763777277325
1117 1.8176382995758
1118 1.81763882076712
1119 1.81763933313236
1120 1.81763983372769
1121 1.81764031988276
1122 1.81764078920121
1123 1.81764123955915
1124 1.81764166910201
1125 1.81764207623957
1126 1.81764245963969
1127 1.81764281822049
1128 1.81764315114147
1129 1.81764345779349
1130 1.81764373778778
1131 1.81764399094422
1132 1.81764421727894
1133 1.81764441699135
1134 1.81764459045076
1135 1.81764473818275
1136 1.81764486085536
1137 1.8176449592651
1138 1.81764503432314
1139 1.81764508704153
1140 1.81764511851962
1141 1.81764512993081
1142 1.81764512250964
1143 1.81764509753932
1144 1.81764505633967
1145 1.81764500025574
1146 1.81764493064685
1147 1.81764484887631
1148 1.81764475630186
1149 1.81764465426662
1150 1.81764454409086
1151 1.81764442706442
1152 1.81764430443982
1153 1.81764417742611
1154 1.81764404718339
1155 1.81764391481805
1156 1.81764378137868
1157 1.81764364785265
1158 1.81764351516331
1159 1.81764338416784
1160 1.81764325565571
1161 1.81764313034766
1162 1.81764300889526
1163 1.81764289188094
1164 1.81764277981851
1165 1.81764267315416
1166 1.81764257226776
1167 1.81764247747462
1168 1.81764238902754
1169 1.81764230711919
1170 1.81764223188466
1171 1.81764216340436
1172 1.817642101707
1173 1.81764204677281
1174 1.81764199853682
1175 1.81764195689228
1176 1.81764192169413
1177 1.8176418927625
1178 1.81764186988619
1179 1.81764185282625
1180 1.81764184131935
1181 1.81764183508125
1182 1.81764183381009
1183 1.81764183718961
1184 1.8176418448923
1185 1.81764185658236
1186 1.81764187191856
1187 1.81764189055692
1188 1.8176419121533
1189 1.81764193636572
1190 1.81764196285662
1191 1.81764199129485
1192 1.81764202135756
1193 1.81764205273184
1194 1.81764208511625
1195 1.81764211822213
1196 1.81764215177475
1197 1.81764218551428
1198 1.81764221919661
1199 1.81764225259399
1200 1.81764228549555
