1 2
2 2
3 2
4 2
5 2
6 2
7 2
8 2
9 2
10 2
11 2
12 2
13 2
14 2
15 2
16 2
17 2
18 2
19 2
20 2
21 2
22 2
23 2
24 2
25 2
26 2
27 2
28 2
29 2
30 2.25
31 2.5
32 2.75
33 2.8
34 2.8
35 2.8
36 2.8
37 2.8
38 2.8
39 2.8
40 2.8
41 2.8
42 2.8
43 2.8
44 2.8
45 2.8
46 2.8
47 2.8
48 2.8
49 2.8
50 2.8
51 2.8
52 2.8
53 2.8
54 2.8
55 2.8
56 2.77739943573211
57 2.73296223459093
58 2.66766338663762
59 2.58245090702782
60 2.47824256984362
61 2.3559238156595
62 2.21634655127376
63 2.06032862336112
64 1.88865379707449
65 1.70207210895486
66 1.50165248580576
67 1.28913592658699
68 1.2
69 1.2
70 1.2
71 1.2
72 1.2
73 1.2
74 1.2
75 1.2
76 1.2
77 1.2
78 1.2
79 1.21182769137099
80 1.27473338472989
81 1.38861948391934
82 1.55286207976293
83 1.76645411057083
84 2.01645411057083
85 2.26645411057083
86 2.51645411057083
87 2.76645411057083
88 2.8
89 2.8
90 2.8
91 2.8
92 2.8
93 2.8
94 2.8
95 2.8
96 2.8
97 2.8
98 2.8
99 2.8
100 2.8
101 2.8
102 2.8
103 2.8
104 2.8
105 2.8
106 2.8
107 2.8
108 2.8
109 2.8
110 2.8
111 2.8
112 2.8
113 2.8
114 2.8
115 2.78806227907519
116 2.75355806270779
117 2.6975440308077
118 2.62103572918984
119 2.52500724250318
120 2.41039140053978
121 2.27808037745033
122 2.1289265755489
123 1.96374371038455
124 1.78330803317485
125 1.58854556580766
126 1.38089140351667
127 1.2
128 1.2
129 1.2
130 1.2
131 1.2
132 1.2
133 1.2
134 1.2
135 1.2
136 1.2
137 1.2
138 1.2
139 1.24150275495501
140 1.33412685645998
141 1.4774419211378
142 1.67058063615354
143 1.91236138691612
144 2.16236138691612
145 2.41236138691612
146 2.66236138691612
147 2.8
148 2.8
149 2.8
150 2.8
151 2.8
152 2.8
153 2.8
154 2.8
155 2.8
156 2.8
157 2.8
158 2.8
159 2.8
160 2.8
161 2.8
162 2.8
163 2.8
164 2.8
165 2.8
166 2.8
167 2.8
168 2.8
169 2.8
170 2.8
171 2.8
172 2.8
173 2.8
174 2.79827238152805
175 2.77350347857903
176 2.72676769079363
177 2.65909863660757
178 2.57148853917286
179 2.46488821933294
180 2.34020753839146
181 2.19831616930651
182 2.04004460284461
183 1.86618531691103
184 1.67752096090614
185 1.47518549368285
186 1.26099777250824
187 1.2
188 1.2
189 1.2
190 1.2
191 1.2
192 1.2
193 1.2
194 1.2
195 1.2
196 1.2
197 1.2
198 1.21799755016566
199 1.28712118856445
200 1.40719357788063
201 1.57753207759904
202 1.79708709465866
203 2.04708709465866
204 2.29708709465866
205 2.54708709465866
206 2.79708709465866
207 2.8
208 2.8
209 2.8
210 2.8
211 2.8
212 2.8
213 2.8
214 2.8
215 2.8
216 2.8
217 2.8
218 2.8
219 2.8
220 2.8
221 2.8
222 2.8
223 2.8
224 2.8
225 2.8
226 2.8
227 2.8
228 2.8
229 2.8
230 2.8
231 2.8
232 2.8
233 2.8
234 2.78481414135935
235 2.74721322769594
236 2.68824819485641
237 2.60892875690415
238 2.51022316487493
239 2.39305847668816
240 2.25832120281214
241 2.10685822330915
242 1.93947789600181
243 1.75695129423552
244 1.56025003941105
245 1.35090501269013
246 1.2
247 1.2
248 1.2
249 1.2
250 1.2
251 1.2
252 1.2
253 1.2
254 1.2
255 1.2
256 1.2
257 1.2
258 1.24830294916281
259 1.34768786838672
260 1.49766142784528
261 1.69731078984914
262 1.94542221379772
263 2.19542221379772
264 2.44542221379772
265 2.69542221379772
266 2.8
267 2.8
268 2.8
269 2.8
270 2.8
271 2.8
272 2.8
273 2.8
274 2.8
275 2.8
276 2.8
277 2.8
278 2.8
279 2.8
280 2.8
281 2.8
282 2.8
283 2.8
284 2.8
285 2.8
286 2.8
287 2.8
288 2.8
289 2.8
290 2.8
291 2.8
292 2.8
293 2.79538238027049
294 2.76785730267366
295 2.71849430347916
296 2.64832200285795
297 2.55832757984653
298 2.44945683178298
299 2.32261466608835
300 2.17866590701709
301 2.01843632701371
302 1.84271383330302
303 1.65232167376011
304 1.4484790655161
305 1.23309520617173
306 1.2
307 1.2
308 1.2
309 1.2
310 1.2
311 1.2
312 1.2
313 1.2
314 1.2
315 1.2
316 1.2
317 1.225023521243
318 1.30119256331656
319 1.4282485210966
320 1.60544921830713
321 1.83170226983873
322 2.08170226983873
323 2.33170226983873
324 2.58170226983873
325 2.8
326 2.8
327 2.8
328 2.8
329 2.8
330 2.8
331 2.8
332 2.8
333 2.8
334 2.8
335 2.8
336 2.8
337 2.8
338 2.8
339 2.8
340 2.8
341 2.8
342 2.8
343 2.8
344 2.8
345 2.8
346 2.8
347 2.8
348 2.8
349 2.8
350 2.8
351 2.8
352 2.8
353 2.78190167239963
354 2.74152444051651
355 2.67991399241161
356 2.5980747381138
357 2.49696964034366
358 2.37752053757022
359 2.24060882830223
360 2.08707641558525
361 1.91772683404477
362 1.73332649996874
363 1.53488791141723
364 1.3240278235543
365 1.2
366 1.2
367 1.2
368 1.2
369 1.2
370 1.2
371 1.2
372 1.2
373 1.2
374 1.2
375 1.2
376 1.20335580205826
377 1.25775477467088
378 1.36320039200993
379 1.51914290311559
380 1.72462866509127
381 1.97462866509127
382 2.22462866509127
383 2.47462866509127
384 2.72462866509127
385 2.8
386 2.8
387 2.8
388 2.8
389 2.8
390 2.8
391 2.8
392 2.8
393 2.8
394 2.8
395 2.8
396 2.8
397 2.8
398 2.8
399 2.8
400 2.55
401 2.3
402 2.05
403 1.8
404 1.55
405 1.3
406 1.2
407 1.2
408 1.2
409 1.2
410 1.2
411 1.2
412 1.2
413 1.2
414 1.2
415 1.2
416 1.2
417 1.2
418 1.2
419 1.2
420 1.2
421 1.2
422 1.2
423 1.2
424 1.2
425 1.2
426 1.2
427 1.2
428 1.2
429 1.2
430 1.2
431 1.2
432 1.2
433 1.2
434 1.2
435 1.2
436 1.21762638410024
437 1.25764547160594
438 1.31898595512166
439 1.40062349119788
440 1.50157961161163
441 1.62092042045143
442 1.75775514661937
443 1.9112346048852
444 2.08054960584536
445 2.26492934523394
446 2.46336527324571
447 2.67425118422826
448 2.8
449 2.8
450 2.8
451 2.8
452 2.8
453 2.8
454 2.8
455 2.8
456 2.8
457 2.8
458 2.8
459 2.79727398738138
460 2.74349999176902
461 2.63866902402775
462 2.4833268612649
463 2.27842435720727
464 2.02842435720727
465 1.77842435720727
466 1.52842435720727
467 1.27842435720727
468 1.2
469 1.2
470 1.2
471 1.2
472 1.2
473 1.2
474 1.2
475 1.2
476 1.2
477 1.2
478 1.2
479 1.2
480 1.2
481 1.2
482 1.2
483 1.2
484 1.2
485 1.2
486 1.2
487 1.2
488 1.2
489 1.2
490 1.2
491 1.2
492 1.2
493 1.2
494 1.2
495 1.20714887079171
496 1.23708757321321
497 1.28875094194248
498 1.36111482031623
499 1.45319651308079
500 1.56405467318665
501 1.69278877053594
502 1.83853825678059
503 2.00048151398553
504 2.17783465455032
505 2.36973888383669
506 2.57490032509115
507 2.79133067867304
508 2.8
509 2.8
510 2.8
511 2.8
512 2.8
513 2.8
514 2.8
515 2.8
516 2.8
517 2.8
518 2.8
519 2.76882475936139
520 2.68648702359289
521 2.55331654248327
522 2.37010761157566
523 2.13799007692111
524 1.88799007692111
525 1.63799007692111
526 1.38799007692111
527 1.2
528 1.2
529 1.2
530 1.2
531 1.2
532 1.2
533 1.2
534 1.2
535 1.2
536 1.2
537 1.2
538 1.2
539 1.2
540 1.2
541 1.2
542 1.2
543 1.2
544 1.2
545 1.2
546 1.2
547 1.2
548 1.2
549 1.2
550 1.2
551 1.2
552 1.2
553 1.2
554 1.2
555 1.22058532625155
556 1.26333326317329
557 1.32720261265421
558 1.41119350062585
559 1.51434748533433
560 1.63574718925285
561 1.77451558208015
562 1.92981501301447
563 2.10084606775651
564 2.28684630803549
565 2.48676833158041
566 2.69892205539038
567 2.8
568 2.8
569 2.8
570 2.8
571 2.8
572 2.8
573 2.8
574 2.8
575 2.8
576 2.8
577 2.8
578 2.79147415174258
579 2.73186982682041
580 2.62124902361113
581 2.46020967004791
582 2.24974025181704
583 1.99974025181704
584 1.74974025181704
585 1.49974025181704
586 1.24974025181704
587 1.2
588 1.2
589 1.2
590 1.2
591 1.2
592 1.2
593 1.2
594 1.2
595 1.2
596 1.2
597 1.2
598 1.2
599 1.2
600 1.2
601 1.2
602 1.2
603 1.2
604 1.2
605 1.2
606 1.2
607 1.2
608 1.2
609 1.2
610 1.2
611 1.2
612 1.2
613 1.2
614 1.21020121975348
615 1.24304993685727
616 1.29748638982906
617 1.37249190686542
618 1.46708927824777
619 1.58034258360836
620 1.71135661721469
621 1.85927602167643
622 2.02328421501899
623 2.20260217628827
624 2.39632826059505
625 2.60307857978552
626 2.8
627 2.8
628 2.8
629 2.8
630 2.8
631 2.8
632 2.8
633 2.8
634 2.8
635 2.8
636 2.8
637 2.8
638 2.76213256979862
639 2.67312273981856
640 2.53336724359483
641 2.3437090573736
642 2.10531262192335
643 1.85531262192335
644 1.60531262192335
645 1.35531262192335
646 1.2
647 1.2
648 1.2
649 1.2
650 1.2
651 1.2
652 1.2
653 1.2
654 1.2
655 1.2
656 1.2
657 1.2
658 1.2
659 1.2
660 1.2
661 1.2
662 1.2
663 1.2
664 1.2
665 1.2
666 1.2
667 1.2
668 1.2
669 1.2
670 1.2
671 1.2
672 1.2
673 1.20018264853134
674 1.22347812410537
675 1.26880942716346
676 1.33514026723919
677 1.42147572463872
678 1.526862292995
679 1.65038746270064
680 1.79117896872171
681 1.94840379791681
682 2.12126702893383
683 2.30900771596938
684 2.5105374785163
685 2.72408575447646
686 2.8
687 2.8
688 2.8
689 2.8
690 2.8
691 2.8
692 2.8
693 2.8
694 2.8
695 2.8
696 2.8
697 2.78575847381953
698 2.72040124790564
699 2.60406221449962
700 2.43739218680873
701 2.22141788163135
702 1.97141788163135
703 1.72141788163135
704 1.47141788163135
705 1.22141788163135
706 1.2
707 1.2
708 1.2
709 1.2
710 1.2
711 1.2
712 1.2
713 1.2
714 1.2
715 1.2
716 1.2
717 1.2
718 1.2
719 1.2
720 1.2
721 1.2
722 1.2
723 1.2
724 1.2
725 1.2
726 1.2
727 1.2
728 1.2
729 1.2
730 1.2
731 1.2
732 1.2
733 1.21320976032005
734 1.24892673740481
735 1.30609649312114
736 1.38370575954647
737 1.48078273203252
738 1.59639683768016
739 1.72965811769347
740 1.87971633037061
741 2.04575985684261
742 2.22701447252368
743 2.42253629695885
744 2.63085272207107
745 2.8
746 2.8
747 2.8
748 2.8
749 2.8
750 2.8
751 2.8
752 2.8
753 2.8
754 2.8
755 2.8
756 2.8
757 2.7558340321501
758 2.66056213698101
759 2.51463935064104
760 2.31895081565206
761 2.0746907286975
762 1.8246907286975
763 1.5746907286975
764 1.3246907286975
765 1.2
766 1.2
767 1.2
768 1.2
769 1.2
770 1.2
771 1.2
772 1.2
773 1.2
774 1.2
775 1.2
776 1.2
777 1.2
778 1.2
779 1.2
780 1.2
781 1.2
782 1.2
783 1.2
784 1.2
785 1.2
786 1.2
787 1.2
788 1.2
789 1.2
790 1.2
791 1.2
792 1.20285945185139
793 1.22870777664109
794 1.27647247940672
795 1.34512189922056
796 1.43366578839566
797 1.5411552934821
798 1.66668249330294
799 1.80937961383487
800 2.05937961383487
801 2.30937961383487
802 2.55937961383487
803 2.8
804 2.8
805 2.8
806 2.8
807 2.8
808 2.8
809 2.8
810 2.8
811 2.8
812 2.8
813 2.8
814 2.8
815 2.8
816 2.8
817 2.8
818 2.8
819 2.79709772859208
820 2.74563113940382
821 2.64708656081256
822 2.50307447845212
823 2.31527993068053
824 2.08542495388995
825 1.83542495388995
826 1.58542495388995
827 1.33542495388995
828 1.2
829 1.2
830 1.2
831 1.2
832 1.2
833 1.2
834 1.2
835 1.2
836 1.2
837 1.2
838 1.2
839 1.2
840 1.2
841 1.2
842 1.2
843 1.2
844 1.2
845 1.2
846 1.2
847 1.2
848 1.2
849 1.2
850 1.2164425065449
851 1.26439671203758
852 1.34250598984131
853 1.44943904592869
854 1.58389775777728
855 1.7446226226647
856 1.93039637600826
857 2.14004621488673
858 2.37244496419449
859 2.62244496419449
860 2.8
861 2.8
862 2.8
863 2.8
864 2.8
865 2.8
866 2.8
867 2.8
868 2.8
869 2.8
870 2.8
871 2.8
872 2.8
873 2.8
874 2.8
875 2.7703306574584
876 2.69420068305853
877 2.57281802968841
878 2.40756720699302
879 2.19994854099964
880 1.9515319233003
881 1.7015319233003
882 1.4515319233003
883 1.2015319233003
884 1.2
885 1.2
886 1.2
887 1.2
888 1.2
889 1.2
890 1.2
891 1.2
892 1.2
893 1.2
894 1.2
895 1.2
896 1.2
897 1.2
898 1.2
899 1.2
900 1.2
901 1.2
902 1.2
903 1.2
904 1.2
905 1.20411670874692
906 1.24025517037647
907 1.30705440882171
908 1.40317443618756
909 1.52730531170549
910 1.67817352767833
911 1.85454634611015
912 2.0552345702402
913 2.27909412663454
914 2.5250267489967
915 2.7750267489967
916 2.8
917 2.8
918 2.8
919 2.8
920 2.8
921 2.8
922 2.8
923 2.8
924 2.8
925 2.8
926 2.8
927 2.8
928 2.8
929 2.8
930 2.78850424585594
931 2.73013085617001
932 2.62600373659834
933 2.47745055428648
934 2.28593556160806
935 2.05300835279465
936 1.80300835279465
937 1.55300835279465
938 1.30300835279465
939 1.2
940 1.2
941 1.2
942 1.2
943 1.2
944 1.2
945 1.2
946 1.2
947 1.2
948 1.2
949 1.2
950 1.2
951 1.2
952 1.2
953 1.2
954 1.2
955 1.2
956 1.2
957 1.2
958 1.2
959 1.2
960 1.2
961 1.22236493656516
962 1.27598018654155
963 1.35949561669452
964 1.47158750137164
965 1.61096600089713
966 1.77638033506972
967 1.96662219316984
968 2.18052780064131
969 2.41697896824921
970 2.66697896824921
971 2.8
972 2.8
973 2.8
974 2.8
975 2.8
976 2.8
977 2.8
978 2.8
979 2.8
980 2.8
981 2.8
982 2.8
983 2.8
984 2.8
985 2.8
986 2.76216077686735
987 2.67805838800772
988 2.54893586856168
989 2.37620120163502
990 2.16136933270793
991 1.91136933270793
992 1.66136933270793
993 1.41136933270793
994 1.2
995 1.2
996 1.2
997 1.2
998 1.2
999 1.2
1000 1.2
1001 1.2
1002 1.2
1003 1.2
1004 1.2
1005 1.2
1006 1.2
1007 1.2
1008 1.2
1009 1.2
1010 1.2
1011 1.2
1012 1.2
1013 1.2
1014 1.2
1015 1.2
1016 1.20867961755155
1017 1.24919018412061
1018 1.32017287001055
1019 1.42029131867445
1020 1.54824028150202
1021 1.70275167805452
1022 1.88259868344843
1023 2.08659830998586
1024 2.31361284535971
1025 2.562550428225
1026 2.8
1027 2.8
1028 2.8
1029 2.8
1030 2.8
1031 2.8
1032 2.8
1033 2.8
1034 2.8
1035 2.8
1036 2.8
1037 2.8
1038 2.8
1039 2.8
1040 2.8
1041 2.78112231718933
1042 2.71552435541525
1043 2.60436740652589
1044 2.44900472698878
1045 2.25091714226579
1046 2.01166396094969
1047 1.76166396094969
1048 1.51166396094969
1049 1.26166396094969
1050 1.2
1051 1.2
1052 1.2
1053 1.2
1054 1.2
1055 1.2
1056 1.2
1057 1.2
1058 1.2
1059 1.2
1060 1.2
1061 1.2
1062 1.2
1063 1.2
1064 1.2
1065 1.2
1066 1.2
1067 1.2
1068 1.2
1069 1.2
1070 1.2
1071 1.2
1072 1.22796437111778
1073 1.28693945149011
1074 1.37557921512274
1075 1.49256552716579
1076 1.63661517730592
1077 1.80648471236062
1078 2.00097358618844
1079 2.21892602895134
1080 2.45923194742204
1081 2.70923194742204
1082 2.8
1083 2.8
1084 2.8
1085 2.8
1086 2.8
1087 2.8
1088 2.8
1089 2.8
1090 2.8
1091 2.8
1092 2.8
1093 2.8
1094 2.8
1095 2.8
1096 2.8
1097 2.75442278168998
1098 2.66276918046758
1099 2.52631552522126
1100 2.3464920825027
1101 2.12482768347917
1102 1.87482768347917
1103 1.62482768347917
1104 1.37482768347917
1105 1.2
1106 1.2
1107 1.2
1108 1.2
1109 1.2
1110 1.2
1111 1.2
1112 1.2
1113 1.2
1114 1.2
1115 1.2
1116 1.2
1117 1.2
1118 1.2
1119 1.2
1120 1.2
1121 1.2
1122 1.2
1123 1.2
1124 1.2
1125 1.2
1126 1.2
1127 1.21282116214665
1128 1.25730010136519
1129 1.33207993287179
1130 1.43582759362633
1131 1.56724209195496
1132 1.72506027202332
1133 1.90806067488975
1134 2.11506594769045
1135 2.34494415118414
1136 2.59494415118414
1137 2.8
1138 2.8
1139 2.8
1140 2.8
1141 2.8
1142 2.8
1143 2.8
1144 2.8
1145 2.8
1146 2.8
1147 2.8
1148 2.8
1149 2.8
1150 2.8
1151 2.8
1152 2.77535122726514
1153 2.7041209223624
1154 2.58749535869811
1155 2.42684452803691
1156 2.22365970106684
1157 1.97950585877904
1158 1.72950585877904
1159 1.47950585877904
1160 1.22950585877904
1161 1.2
1162 1.2
1163 1.2
1164 1.2
1165 1.2
1166 1.2
1167 1.2
1168 1.2
1169 1.2
1170 1.2
1171 1.2
1172 1.2
1173 1.2
1174 1.2
1175 1.2
1176 1.2
1177 1.2
1178 1.2
1179 1.2
1180 1.2
1181 1.2
1182 1.20014973319496
1183 1.23248543031072
1184 1.29564470097549
1185 1.38828474808825
1186 1.50909181869944
1187 1.65678789115474
1188 1.83013524245221
1189 2.0279393958005
1190 2.24905083630486
1191 2.49236579549392
1192 2.74236579549392
1193 2.8
1194 2.8
1195 2.8
1196 2.8
1197 2.8
1198 2.8
1199 2.8
1200 2.8
