1 2
2 2
3 2
4 2
5 2
6 2
7 2
8 2
9 2
10 2
11 2
12 2
13 2
14 2
15 2
16 2
17 2
18 2
19 2
20 2
21 2
22 2
23 2
24 2
25 2
26 2
27 2
28 2
29 2
30 2.25
31 2.26897818181818
32 2.28829636363636
33 2.30761454545455
34 2.32693272727273
35 2.34625090909091
36 2.36556909090909
37 2.38488727272727
38 2.40420545454545
39 2.42352363636364
40 2.44147905297148
41 2.45702921528168
42 2.4704916854716
43 2.48211054772061
44 2.492075502446
45 2.50053390729886
46 2.5076001571524
47 2.51336298964219
48 2.51789117486783
49 2.52123794648644
50 2.52345188097567
51 2.52459038620739
52 2.52472128487926
53 2.52391776413188
54 2.52225508118618
55 2.51980847530361
56 2.51665191318604
57 2.51285740084311
58 2.50849467228412
59 2.50363112157737
60 2.49833184493793
61 2.49265964239355
62 2.48667491305965
63 2.48043548698593
64 2.47399645023308
65 2.4674099923329
66 2.46072528853395
67 2.45398841940139
68 2.44724232497718
69 2.4405267881577
70 2.43387844132232
71 2.42733079122662
72 2.42091425903649
73 2.41465623392569
74 2.40858113934976
75 2.40271051121123
76 2.39706308699955
77 2.39165490481003
78 2.38649941100707
79 2.38160757522984
80 2.37698801144351
81 2.37264710379818
82 2.36858913614513
83 2.36481642415094
84 2.36132944903391
85 2.35812699202061
86 2.35520626868654
87 2.35256306240691
88 2.35019185620389
89 2.34808596233715
90 2.34623764904513
91 2.34463826390532
92 2.34327835334168
93 2.34214777786604
94 2.34123582269685
95 2.34053130345296
96 2.34002266667215
97 2.33969808495315
98 2.33954554656687
99 2.33955293942639
100 2.33970812934677
101 2.33999903256451
102 2.34041368252232
103 2.34094029095808
104 2.34156730336772
105 2.3422834489391
106 2.34307778507939
107 2.34393973668107
108 2.34485913029121
109 2.34582622336683
110 2.34683172881361
111 2.34786683501856
112 2.34892322159751
113 2.34999307108708
114 2.35106907681704
115 2.35214444720401
116 2.35321290670981
117 2.35426869370967
118 2.3553065555146
119 2.35632174079095
120 2.35730998961701
121 2.35826752141236
122 2.35919102097046
123 2.36007762281872
124 2.36092489412326
125 2.36173081634781
126 2.36249376586773
127 2.36321249373104
128 2.36388610474927
129 2.36451403609068
130 2.36509603553857
131 2.36563213956735
132 2.36612265137813
133 2.3665681190256
134 2.36696931375741
135 2.3673272086768
136 2.36764295782909
137 2.36791787580268
138 2.36815341792524
139 2.36835116112628
140 2.36851278552804
141 2.36864005681771
142 2.36873480944547
143 2.36879893068456
144 2.36883434558191
145 2.36884300282044
146 2.36882686150736
147 2.36878787889595
148 2.36872799904274
149 2.36864914239599
150 2.36855319630649
151 2.36844200644673
152 2.36831736912054
153 2.36818102444102
154 2.36803465035164
155 2.3678798574618
156 2.36771818466614
157 2.36755109551396
158 2.36737997529383
159 2.36720612879651
160 2.36703077871824
161 2.36685506466569
162 2.36668004272292
163 2.36650668554078
164 2.36633588290876
165 2.36616844276976
166 2.36600509263839
167 2.36584648138413
168 2.36569318134155
169 2.36554569071042
170 2.36540443621001
171 2.36526977595278
172 2.36514200250408
173 2.3650213460961
174 2.36490797796535
175 2.36480201378507
176 2.36470351716514
177 2.36461250319398
178 2.36452894199842
179 2.36445276229945
180 2.36438385494322
181 2.36432207638844
182 2.36426725213314
183 2.36421918006508
184 2.36417763372206
185 2.36414236544979
186 2.36411310944637
187 2.36408958468423
188 2.3640714977016
189 2.36405854525679
190 2.36405041684029
191 2.36404679704048
192 2.36404736776015
193 2.36405181028211
194 2.36405980718303
195 2.3640710440958
196 2.36408521132144
197 2.36410200529244
198 2.36412112989005
199 2.36414229761897
200 2.36416523064304
201 2.36418966168656
202 2.3642153348058
203 2.36424200603626
204 2.36426944392088
205 2.36429742992537
206 2.3643257587465
207 2.36435423851974
208 2.36438269093247
209 2.36441095124932
210 2.36443886825606
211 2.3644663041284
212 2.36449313423231
213 2.36451924686202
214 2.36454454292192
215 2.36456893555863
216 2.36459234974888
217 2.36461472184915
218 2.36463599911248
219 2.36465613917777
220 2.36467510953667
221 2.36469288698278
222 2.36470945704787
223 2.3647248134292
224 2.36473895741215
225 2.36475189729178
226 2.36476364779685
227 2.36477422951946
228 2.3647836683532
229 2.36479199494259
230 2.36479924414602
231 2.36480545451441
232 2.36481066778747
233 2.36481492840918
234 2.36481828306384
235 2.3648207802339
236 2.36482246978054
237 2.36482340254774
238 2.36482362999026
239 2.36482320382621
240 2.36482217571407
241 2.36482059695439
242 2.3648185182161
243 2.36481598928701
244 2.36481305884829
245 2.36480977427244
246 2.36480618144404
247 2.36480232460282
248 2.36479824620804
249 2.36479398682361
250 2.36478958502297
251 2.36478507731267
252 2.36478049807396
253 2.36477587952114
254 2.36477125167575
255 2.36476664235559
256 2.36476207717747
257 2.36475757957262
258 2.36475317081379
259 2.36474887005292
260 2.36474469436846
261 2.36474065882126
262 2.36473677651803
263 2.36473305868157
264 2.36472951472666
265 2.36472615234095
266 2.36472297756976
267 2.36471999490425
268 2.36471720737196
269 2.36471461662919
270 2.36471222305443
271 2.36471002584227
272 2.36470802309715
273 2.36470621192651
274 2.36470458853271
275 2.36470314830339
276 2.36470188589975
277 2.36470079534252
278 2.36469987009514
279 2.36469910314404
280 2.36469848707557
281 2.36469801414956
282 2.36469767636924
283 2.36469746554744
284 2.36469737336882
285 2.36469739144832
286 2.36469751138548
287 2.36469772481486
288 2.36469802345244
289 2.36469839913799
290 2.36469884387365
291 2.36469934985854
292 2.36469990951966
293 2.36470051553914
294 2.36470116087792
295 2.36470183879607
296 2.36470254286971
297 2.36470326700495
298 2.36470400544875
299 2.364704752797
300 2.36470550399992
301 2.36470625436504
302 2.36470699955779
303 2.36470773559999
304 2.36470845886635
305 2.36470916607916
306 2.36470985430139
307 2.36471052092822
308 2.36471116367735
309 2.36471178057812
310 2.36471236995958
311 2.36471293043776
312 2.36471346090221
313 2.36471396050189
314 2.36471442863066
315 2.36471486491243
316 2.36471526918604
317 2.36471564149004
318 2.36471598204742
319 2.36471629125048
320 2.36471656964573
321 2.36471681791913
322 2.36471703688158
323 2.36471722745475
324 2.36471739065734
325 2.36471752759184
326 2.36471763943175
327 2.36471772740936
328 2.36471779280409
329 2.36471783693147
330 2.36471786113273
331 2.36471786676495
332 2.36471785519197
333 2.36471782777586
334 2.36471778586906
335 2.36471773080723
336 2.36471766390262
337 2.36471758643819
338 2.36471749966227
339 2.36471740478384
340 2.36471730296843
341 2.36471719533457
342 2.36471708295071
343 2.36471696683278
344 2.36471684794218
345 2.36471672718423
346 2.36471660540708
347 2.36471648340107
348 2.36471636189842
349 2.36471624157332
350 2.36471612304233
351 2.36471600686515
352 2.36471589354554
353 2.36471578353266
354 2.36471567722246
355 2.36471557495944
356 2.36471547703845
357 2.36471538370673
358 2.364715295166
359 2.36471521157475
360 2.36471513305054
361 2.36471505967238
362 2.36471499148318
363 2.36471492849223
364 2.36471487067764
365 2.36471481798883
366 2.364714770349
367 2.36471472765752
368 2.36471468979235
369 2.36471465661233
370 2.36471462795947
371 2.36471460366113
372 2.36471458353215
373 2.36471456737683
374 2.36471455499096
375 2.36471454616354
376 2.36471454067863
377 2.36471453831693
378 2.36471453885734
379 2.36471454207838
380 2.36471454775952
381 2.3647145556824
382 2.36471456563197
383 2.36471457739744
384 2.36471459077327
385 2.36471460555994
386 2.36471462156464
387 2.36471463860197
388 2.36471465649439
389 2.36471467507272
390 2.36471469417649
391 2.36471471365421
392 2.36471473336361
393 2.36471475317175
394 2.36471477295511
395 2.36471479259963
396 2.36471481200062
397 2.3647148310627
398 2.36471484969965
399 2.36471486783424
400 2.11471486783424
401 2.07675852113076
402 2.03812217374467
403 1.99948582563206
404 1.96084947675663
405 1.92221312708924
406 1.88357677660761
407 1.84494042529589
408 1.80630407314431
409 1.76766772014873
410 1.73039413161636
411 1.69562924793022
412 1.66323209639832
413 1.63309894702772
414 1.60515059778503
415 1.57932687766488
416 1.55558236527901
417 1.53388305751063
418 1.51420377804113
419 1.49652616202882
420 1.48082966090188
421 1.46707895963039
422 1.45522218906346
423 1.4451956478061
424 1.43692717452601
425 1.43033856541997
426 1.42534729611583
427 1.42186773926472
428 1.41981201842474
429 1.41909060123683
430 1.41961274754317
431 1.42128695689764
432 1.42402148751872
433 1.42772491456232
434 1.43230667789357
435 1.43767759214834
436 1.44375030617925
437 1.45043970786914
438 1.45766327555578
439 1.46534138018948
440 1.47339754347256
441 1.48175865676594
442 1.49035516408861
443 1.499121211218
444 1.50799476230018
445 1.51691768530591
446 1.52583580781847
447 1.53469894484492
448 1.54346090051997
449 1.55207944568479
450 1.56051627336655
451 1.56873693416874
452 1.57671075353178
453 1.58441073275825
454 1.59181343563131
455 1.59889886239075
456 1.60565031276826
457 1.61205423971929
458 1.61810009542167
459 1.62378017103986
460 1.62908943167798
461 1.634025347866
462 1.63858772484146
463 1.64277853080649
464 1.64660172525535
465 1.65006308838444
466 1.65317005251321
467 1.655931536362
468 1.65835778295205
469 1.66046020181351
470 1.66225121610993
471 1.6637441152128
472 1.66495291318686
473 1.66589221357763
474 1.66657708082539
475 1.66702291856645
476 1.66724535502219
477 1.66726013561928
478 1.66708302293118
479 1.66672970398084
480 1.66621570489834
481 1.66555631288402
482 1.66476650538867
483 1.66386088638611
484 1.66285362958141
485 1.66175842836877
486 1.66058845232729
487 1.65935631002049
488 1.65807401784576
489 1.6567529746635
490 1.65540394192198
491 1.65403702898306
492 1.65266168334524
493 1.65128668545495
494 1.64992014779275
495 1.64856951791993
496 1.64724158517109
497 1.64594249068056
498 1.6446777404345
499 1.64345222104565
500 1.6422702179546
501 1.64113543576953
502 1.64005102046518
503 1.63901958317219
504 1.6380432252984
505 1.63712356473574
506 1.63626176291801
507 1.63545855250781
508 1.63471426550363
509 1.63402886157145
510 1.63340195641844
511 1.63283285003992
512 1.63232055468404
513 1.63186382239203
514 1.631461171985
515 1.63111091538118
516 1.63081118314016
517 1.63055994914283
518 1.63035505432797
519 1.63019422941743
520 1.63007511657328
521 1.62999528994054
522 1.62995227503924
523 1.62994356697899
524 1.62996664747804
525 1.63001900067738
526 1.63009812774789
527 1.63020156029609
528 1.6303268725803
529 1.63047169255547
530 1.63063371177004
531 1.63081069414345
532 1.63100048365719
533 1.63120101099613
534 1.63141029918032
535 1.63162646823031
536 1.6318477389115
537 1.63207243560486
538 1.63229898835315
539 1.63252593413257
540 1.63275191740094
541 1.63297568997356
542 1.63319611027818
543 1.63341214204019
544 1.6336228524487
545 1.63382740985336
546 1.63402508104071
547 1.63421522813779
548 1.63439730518924
549 1.63457085445242
550 1.63473550245379
551 1.6348909558473
552 1.63503699711435
553 1.63517348014224
554 1.63530032571624
555 1.63541751695834
556 1.63552509474328
557 1.63562315312059
558 1.63571183476901
559 1.63579132650745
560 1.6358618548847
561 1.63592368186771
562 1.63597710064634
563 1.6360224315705
564 1.63606001823344
565 1.63609022371326
566 1.63611342698271
567 1.63613001949569
568 1.63614040195723
569 1.636144981282
570 1.63614416774508
571 1.63613837232722
572 1.63612800425544
573 1.63611346873889
574 1.63609516489835
575 1.63607348388703
576 1.63604880719943
577 1.63602150516375
578 1.63599193561316
579 1.63596044273009
580 1.63592735605744
581 1.63589298966975
582 1.63585764149746
583 1.63582159279639
584 1.63578510775487
585 1.63574843323035
586 1.63571179860733
587 1.63567541576831
588 1.63563947916948
589 1.63560416601273
590 1.63556963650585
591 1.63553603420266
592 1.63550348641516
593 1.63547210468977
594 1.63544198534011
595 1.63541321002901
596 1.63538584639246
597 1.63535994869887
598 1.63533555853699
599 1.63531270552648
600 1.63529140804497
601 1.63527167396646
602 1.6352535014056
603 1.63523687946317
604 1.63522178896834
605 1.6352082032135
606 1.63519608867799
607 1.63518540573726
608 1.63517610935452
609 1.63516814975197
610 1.63516147305938
611 1.63515602193781
612 1.63515173617676
613 1.6351485532632
614 1.63514640892124
615 1.63514523762164
616 1.63514497306018
617 1.63514554860469
618 1.63514689771032
619 1.63514895430306
620 1.63515165313165
621 1.63515493008816
622 1.63515872249781
623 1.63516296937852
624 1.63516761167103
625 1.63517259244047
626 1.63517785705024
627 1.63518335330944
628 1.63518903159476
629 1.63519484494824
630 1.63520074915197
631 1.63520670278123
632 1.6352126672371
633 1.6352186067602
634 1.63522448842668
635 1.63523028212787
636 1.63523596053503
637 1.63524149905042
638 1.63524687574603
639 1.63525207129128
640 1.63525706887095
641 1.63526185409457
642 1.6352664148983
643 1.63527074144069
644 1.63527482599318
645 1.63527866282648
646 1.63528224809373
647 1.63528557971151
648 1.63528865723939
649 1.6352914817589
650 1.63529405575277
651 1.63529638298495
652 1.63529846838221
653 1.63530031791778
654 1.63530193849764
655 1.63530333784992
656 1.63530452441775
657 1.63530550725598
658 1.63530629593217
659 1.63530690043188
660 1.63530733106878
661 1.6353075983995
662 1.6353077131435
663 1.635307686108
664 1.63530752811806
665 1.63530724995179
666 1.63530686228073
667 1.63530637561535
668 1.63530580025553
669 1.63530514624609
670 1.63530442333708
671 1.63530364094884
672 1.63530280814158
673 1.6353019335894
674 1.63530102555848
675 1.63530009188935
676 1.63529913998292
677 1.63529817679025
678 1.63529720880558
679 1.63529624206268
680 1.63529528213414
681 1.63529433413338
682 1.63529340271921
683 1.6352924921028
684 1.63529160605658
685 1.63529074792522
686 1.63528992063815
687 1.63528912672366
688 1.63528836832427
689 1.63528764721315
690 1.63528696481157
691 1.63528632220698
692 1.63528572017183
693 1.63528515918265
694 1.63528463943959
695 1.63528416088601
696 1.63528372322812
697 1.63528332595457
698 1.63528296835577
699 1.63528264954302
700 1.63528236846713
701 1.63528212393671
702 1.63528191463577
703 1.63528173914088
704 1.63528159593755
705 1.63528148343596
706 1.63528139998598
707 1.63528134389132
708 1.635281313423
709 1.63528130683189
710 1.63528132236053
711 1.635281358254
712 1.63528141277007
713 1.63528148418841
714 1.63528157081906
715 1.63528167101002
716 1.6352817831541
717 1.63528190569494
718 1.63528203713235
719 1.63528217602683
720 1.63528232100347
721 1.63528247075514
722 1.63528262404506
723 1.63528277970875
724 1.63528293665539
725 1.63528309386874
726 1.6352832504074
727 1.63528340540477
728 1.63528355806844
729 1.63528370767933
730 1.63528385359029
731 1.63528399522457
732 1.63528413207386
733 1.63528426369613
734 1.63528438971322
735 1.63528450980828
736 1.63528462372299
737 1.6352847312547
738 1.63528483225338
739 1.63528492661861
740 1.63528501429635
741 1.63528509527587
742 1.63528516958646
743 1.63528523729431
744 1.63528529849931
745 1.63528535333197
746 1.6352854019503
747 1.63528544453685
748 1.63528548129581
749 1.63528551245012
750 1.63528553823882
751 1.63528555891442
752 1.63528557474038
753 1.63528558598877
754 1.63528559293802
755 1.63528559587082
756 1.63528559507211
757 1.63528559082729
758 1.63528558342046
759 1.6352855731329
760 1.6352855602416
761 1.63528554501798
762 1.63528552772672
763 1.63528550862467
764 1.63528548796002
765 1.6352854659714
766 1.63528544288729
767 1.63528541892537
768 1.63528539429211
769 1.63528536918237
770 1.63528534377915
771 1.6352853182534
772 1.63528529276394
773 1.63528526745741
774 1.63528524246836
775 1.63528521791936
776 1.63528519392118
777 1.63528517057301
778 1.6352851479628
779 1.63528512616754
780 1.63528510525365
781 1.6352850852774
782 1.63528506628532
783 1.63528504831469
784 1.63528503139398
785 1.63528501554337
786 1.63528500077526
787 1.63528498709476
788 1.63528497450024
789 1.63528496298381
790 1.63528495253186
791 1.63528494312558
792 1.63528493474142
793 1.63528492735163
794 1.63528492092472
795 1.63528491542593
796 1.63528491081765
797 1.63528490705991
798 1.63528490411074
799 1.63528490192661
800 1.81028444591732
801 1.81977353603725
802 1.82943262678573
803 1.83909171811643
804 1.84875080998307
805 1.85840990233972
806 1.86806899514105
807 1.87772808834251
808 1.88738718190057
809 1.89704627577288
810 1.90575143674895
811 1.91279361438023
812 1.91843041915645
813 1.92286078010775
814 1.92623958662336
815 1.92868742592818
816 1.93029816876409
817 1.9311448780868
818 1.93128441148695
819 1.93076100609767
820 1.92961427086698
821 1.92788880970252
822 1.92563528902504
823 1.92290683680882
824 1.91975675212254
825 1.91623710938993
826 1.91239797363142
827 1.90828702466353
828 1.90394944769781
829 1.89942799082857
830 1.89476309253455
831 1.8899929726795
832 1.88515364204956
833 1.88027886266939
834 1.8754000999251
835 1.87054648729024
836 1.86574481223561
837 1.86101952483128
838 1.85639276677522
839 1.85188441686406
840 1.84751214858615
841 1.84329149630623
842 1.83923592789548
843 1.8353569227888
844 1.83166405495292
845 1.82816508032573
846 1.82486602819933
847 1.82177129589885
848 1.81888374601965
849 1.81620480544782
850 1.81373456540166
851 1.81147188178254
852 1.80941447519114
853 1.80755903003494
854 1.80590129221435
855 1.80443616492844
856 1.80315780218842
857 1.80205969966937
858 1.80113478257231
859 1.8003754902083
860 1.799773857056
861 1.799321590083
862 1.79901014215874
863 1.79883078142298
864 1.79877465650808
865 1.79883285754539
866 1.79899647291597
867 1.79925664173395
868 1.7996046020766
869 1.80003173499888
870 1.80052960439221
871 1.80108999276684
872 1.80170493305522
873 1.80236673654966
874 1.8030680171017
875 1.80380171172289
876 1.80456109773737
877 1.80533980664525
878 1.80613183486345
879 1.80693155151607
880 1.80773370345084
881 1.80853341766124
882 1.80932620129536
883 1.81010793943326
884 1.81087489081385
885 1.81162368169083
886 1.81235129799453
887 1.81305507597322
888 1.81373269148324
889 1.81438214809251
890 1.81500176415656
891 1.81559015902013
892 1.81614623849121
893 1.81666917972743
894 1.81715841566768
895 1.81761361913446
896 1.81803468672512
897 1.81842172260217
898 1.81877502228546
899 1.81909505654108
900 1.81938245545422
901 1.81963799276558
902 1.81986257054323
903 1.82005720425475
904 1.82022300829696
905 1.82036118203365
906 1.82047299638509
907 1.82055978100629
908 1.82062291208504
909 1.82066380078454
910 1.82068388234996
911 1.82068460589288
912 1.82066742486243
913 1.82063378820745
914 1.82058513222939
915 1.82052287312187
916 1.82044840018896
917 1.82036306973079
918 1.82026819958234
919 1.82016506428808
920 1.82005489089313
921 1.81993885532906
922 1.81981807937092
923 1.81969362814037
924 1.81956650812837
925 1.8194376657101
926 1.81930798612365
927 1.81917829288371
928 1.81904934760092
929 1.8189218501774
930 1.81879643934917
931 1.81867369354601
932 1.81855413203993
933 1.81843821635391
934 1.81832635190291
935 1.81821888984019
936 1.81811612908264
937 1.81801831848977
938 1.81792565917211
939 1.81783830690568
940 1.81775637463042
941 1.81767993501172
942 1.81760902304511
943 1.81754363868583
944 1.81748374948581
945 1.81742929322214
946 1.8173801805023
947 1.81733629733254
948 1.81729750763722
949 1.81726365571795
950 1.81723456864279
951 1.81721005855662
952 1.81718992490512
953 1.81717395656589
954 1.81716193388113
955 1.81715363058745
956 1.81714881563913
957 1.81714725492225
958 1.81714871285789
959 1.81715295389321
960 1.81715974388024
961 1.81716885134268
962 1.81718004863175
963 1.81719311297263
964 1.81720782740359
965 1.81722398161042
966 1.8172413726591
967 1.81725980563008
968 1.81727909415794
969 1.81729906088017
970 1.81731953779957
971 1.81734036656441
972 1.81736139867098
973 1.81738249559322
974 1.81740352884407
975 1.81742437997342
976 1.81744494050733
977 1.81746511183339
978 1.81748480503687
979 1.81750394069241
980 1.81752244861571
981 1.81754026757976
982 1.81755734499992
983 1.81757363659201
984 1.81758910600756
985 1.81760372444983
986 1.81761747027463
987 1.8176303285791
988 1.81764229078204
989 1.81765335419865
990 1.81766352161276
991 1.81767280084919
992 1.8176812043487
993 1.81768874874793
994 1.81769545446622
995 1.81770134530148
996 1.81770644803661
997 1.81771079205795
998 1.81771440898731
999 1.8177173323285
1000 1.8177195971294
1001 1.81772123966046
1002 1.81772229711018
1003 1.81772280729813
1004 1.81772280840587
1005 1.81772233872592
1006 1.81772143642908
1007 1.81772013934987
1008 1.81771848479013
1009 1.81771650934046
1010 1.81771424871934
1011 1.8177117376294
1012 1.81770900963047
1013 1.8177060970289
1014 1.81770303078251
1015 1.81769984042061
1016 1.81769655397846
1017 1.8176931979453
1018 1.81768979722547
1019 1.81768637511167
1020 1.81768295326969
1021 1.81767955173385
1022 1.81767618891228
1023 1.81767288160143
1024 1.81766964500885
1025 1.81766649278357
1026 1.81766343705342
1027 1.81766048846832
1028 1.8176576562491
1029 1.81765494824094
1030 1.81765237097089
1031 1.81764992970878
1032 1.8176476285309
1033 1.81764547038591
1034 1.81764345716239
1035 1.8176415897575
1036 1.81763986814634
1037 1.81763829145141
1038 1.81763685801194
1039 1.81763556545252
1040 1.81763441075078
1041 1.81763339030378
1042 1.81763249999279
1043 1.81763173524625
1044 1.81763109110061
1045 1.8176305622589
1046 1.81763014314688
1047 1.81762982796654
1048 1.81762961074692
1049 1.81762948539215
1050 1.81762944572649
1051 1.81762948553663
1052 1.81762959861085
1053 1.81762977877535
1054 1.81763001992756
1055 1.81763031606655
1056 1.81763066132057
1057 1.8176310499717
1058 1.81763147647784
1059 1.81763193549194
1060 1.81763242187864
1061 1.81763293072849
1062 1.81763345736969
1063 1.81763399737763
1064 1.81763454658216
1065 1.81763510107296
1066 1.81763565720288
1067 1.81763621158949
1068 1.81763676111504
1069 1.8176373029248
1070 1.81763783442398
1071 1.81763835327342
1072 1.81763885738405
1073 1.81763934491032
1074 1.81763981424272
1075 1.8176402639994
1076 1.81764069301722
1077 1.81764110034204
1078 1.81764148521865
1079 1.81764184708019
1080 1.81764218553732
1081 1.81764250036716
1082 1.81764279150205
1083 1.81764305901828
1084 1.81764330312482
1085 1.8176435241521
1086 1.81764372254097
1087 1.81764389883176
1088 1.81764405365369
1089 1.81764418771442
1090 1.81764430179008
1091 1.81764439671553
1092 1.81764447337505
1093 1.81764453269343
1094 1.81764457562756
1095 1.81764460315832
1096 1.81764461628311
1097 1.8176446160087
1098 1.81764460334467
1099 1.81764457929725
1100 1.81764454486369
1101 1.8176445010271
1102 1.81764444875172
1103 1.81764438897872
1104 1.81764432262241
1105 1.81764425056692
1106 1.81764417366323
1107 1.81764409272675
1108 1.81764400853519
1109 1.81764392182679
1110 1.81764383329905
1111 1.81764374360765
1112 1.81764365336574
1113 1.81764356314362
1114 1.81764347346853
1115 1.81764338482486
1116 1.81764329765452
1117 1.81764321235754
1118 1.81764312929287
1119 1.81764304877939
1120 1.81764297109703
1121 1.81764289648807
1122 1.81764282515857
1123 1.81764275727984
1124 1.81764269299012
1125 1.81764263239617
1126 1.8176425755751
1127 1.81764252257609
1128 1.81764247342222
1129 1.81764242811231
1130 1.81764238662274
1131 1.81764234890926
1132 1.81764231490884
1133 1.81764228454143
1134 1.81764225771169
1135 1.81764223431075
1136 1.8176422142178
1137 1.81764219730177
1138 1.8176421834228
1139 1.81764217243377
1140 1.81764216418169
1141 1.81764215850902
1142 1.81764215525498
1143 1.81764215425669
1144 1.81764215535033
1145 1.8176421583721
1146 1.81764216315927
1147 1.81764216955098
1148 1.81764217738906
1149 1.81764218651878
1150 1.81764219678946
1151 1.8176422080551
1152 1.81764222017483
1153 1.81764223301336
1154 1.81764224644139
1155 1.81764226033587
1156 1.8176422745803
1157 1.81764228906486
1158 1.81764230368661
1159 1.81764231834954
1160 1.81764233296462
1161 1.8176423474498
1162 1.81764236172996
1163 1.81764237573683
1164 1.81764238940889
1165 1.81764240269119
1166 1.81764241553523
1167 1.81764242789869
1168 1.81764243974526
1169 1.81764245104442
1170 1.81764246177111
1171 1.81764247190555
1172 1.81764248143288
1173 1.81764249034294
1174 1.81764249862996
1175 1.81764250629223
1176 1.81764251333185
1177 1.81764251975439
1178 1.81764252556865
1179 1.81764253078631
1180 1.81764253542165
1181 1.81764253949134
1182 1.81764254301406
1183 1.81764254601032
1184 1.81764254850216
1185 1.81764255051293
1186 1.81764255206702
1187 1.81764255318969
1188 1.8176425539068
1189 1.81764255424467
1190 1.81764255422984
1191 1.81764255388893
1192 1.81764255324847
1193 1.81764255233474
1194 1.81764255117367
1195 1.81764254979064
1196 1.81764254821048
1197 1.81764254645727
1198 1.8176425445543
1199 1.81764254252399
1200 1.81764254038781
