1 0.8
2 0.8
3 0.8
4 0.8
5 0.8
6 0.8
7 0.8
8 0.8
9 0.8
10 0.8
11 0.8
12 0.8
13 0.8
14 0.8
15 0.8
16 0.8
17 0.8
18 0.8
19 0.8
20 0.8
21 0.8
22 0.8
23 0.8
24 0.8
25 0.8
26 0.8
27 0.8
28 0.8
29 0.8
30 0.8
31 0.8
32 0.8
33 0.8
34 0.8
35 0.8
36 0.8
37 0.8
38 0.8
39 0.8
40 0.8
41 0.8
42 0.8
43 0.8
44 0.8
45 0.8
46 0.8
47 0.8
48 0.8
49 0.8
50 0.8
51 0.8
52 0.8
53 0.8
54 0.8
55 0.8
56 0.8
57 0.8
58 0.8
59 0.8
60 0.8
61 0.8
62 0.8
63 0.8
64 0.8
65 0.8
66 0.8
67 0.8
68 0.8
69 0.8
70 0.8
71 0.8
72 0.8
73 0.8
74 0.8
75 0.8
76 0.8
77 0.8
78 0.8
79 0.8
80 0.8
81 0.8
82 0.8
83 0.8
84 0.8
85 0.8
86 0.8
87 0.8
88 0.8
89 0.8
90 0.8
91 0.8
92 0.8
93 0.8
94 0.8
95 0.8
96 0.8
97 0.8
98 0.8
99 0.8
100 0.8
101 0.8
102 0.8
103 0.8
104 0.8
105 0.8
106 0.8
107 0.8
108 0.8
109 0.8
110 0.8
111 0.8
112 0.8
113 0.8
114 0.8
115 0.8
116 0.8
117 0.8
118 0.8
119 0.8
120 0.8
121 0.8
122 0.8
123 0.8
124 0.8
125 0.8
126 0.8
127 0.8
128 0.8
129 0.8
130 0.8
131 0.8
132 0.8
133 0.8
134 0.8
135 0.8
136 0.8
137 0.8
138 0.8
139 0.8
140 0.8
141 0.8
142 0.8
143 0.8
144 0.8
145 0.8
146 0.8
147 0.8
148 0.8
149 0.8
150 0.8
151 0.8
152 0.8
153 0.8
154 0.8
155 0.8
156 0.8
157 0.8
158 0.8
159 0.8
160 0.8
161 0.8
162 0.8
163 0.8
164 0.8
165 0.8
166 0.8
167 0.8
168 0.8
169 0.8
170 0.8
171 0.8
172 0.8
173 0.8
174 0.8
175 0.8
176 0.8
177 0.8
178 0.8
179 0.8
180 0.8
181 0.8
182 0.8
183 0.8
184 0.8
185 0.8
186 0.8
187 0.8
188 0.8
189 0.8
190 0.8
191 0.8
192 0.8
193 0.8
194 0.8
195 0.8
196 0.8
197 0.8
198 0.8
199 0.8
200 0.8
201 0.8
202 0.8
203 0.8
204 0.8
205 0.8
206 0.8
207 0.8
208 0.8
209 0.8
210 0.8
211 0.800609698014073
212 0.802711605549099
213 0.806737662983141
214 0.812803868375264
215 0.820812879166176
216 0.830531491216256
217 0.841648424588853
218 0.853816699737534
219 0.866683994106131
220 0.879913668939414
221 0.893198604752401
222 0.906269547531856
223 0.91889932056755
224 0.930903979199981
225 0.942141762741345
226 0.952510517909753
227 0.961944122501766
228 0.970408319911548
229 0.97789627919937
230 0.984424117578564
231 0.99002655915875
232 0.994752852946308
233 0.998663032358377
234 1.00182456614095
235 1.0043094251838
236 1.00619157012125
237 1.00754484981266
238 1.0084412899774
239 1.00894974370719
240 1.00913487069002
241 1.00905640923784
242 1.00876870417342
243 1.0083204539234
244 1.00775464146644
245 1.00710861582588
246 1.00641429335198
247 1.00569845092093
248 1.00498308623457
249 1.00428582351266
250 1.00362034593217
251 1.0029968391107
252 1.00242243269923
253 1.00190162970452
254 1.00143671547935
255 1.0010281403861
256 1.00067487195268
257 1.00037471390326
258 1.00012459076929
259 0.999920797882419
260 0.99975921743846
261 0.999635502017197
262 0.999545227469351
263 0.999484017457405
264 0.999447642182939
265 0.99943209396839
266 0.999433642404212
267 0.999448871740426
268 0.999474703109875
269 0.999508404033346
270 0.999547587486213
271 0.999590202613288
272 0.999634518972283
273 0.999679105974357
274 0.999722808979046
275 0.999764723295414
276 0.999804167145582
277 0.999840654463635
278 0.999873868234459
279 0.999903634924448
280 0.999929900420003
281 0.999952707770269
282 0.999972176927421
283 0.999988486590267
284 1.00000185818407
285 1.00001254195022
286 1.00002080507247
287 1.00002692173069
288 1.00003116494692
289 1.00003380007098
290 1.00003507974271
291 1.00003524016344
292 1.00003449851005
293 1.00003305132995
294 1.00003107376255
295 1.00002871944337
296 1.00002612095817
297 1.00002339072725
298 1.00002062221312
299 1.00001789135772
300 1.00001525816847
301 1.00001276838445
302 1.00001045516588
303 1.00000834076034
304 1.00000643810943
305 1.00000475236778
306 1.00000328231424
307 1.0000020216418
308 1.00000096011814
309 1.00000008461398
310 0.999999379999692
311 0.999998829914193
312 0.999998417412365
313 0.999998125498955
314 0.999997937558241
315 0.999997837689426
316 0.99999781095811
317 0.999997843574208
318 0.999997923006455
319 0.999998038043192
320 0.999998178808554
321 0.999998336742466
322 0.999998504552091
323 0.999998676141577
324 0.999998846526118
325 0.999999011735552
326 0.999999168679898
327 0.999999314974525
328 0.999999448762553
329 0.999999568556728
330 0.999999673112091
331 0.999999761333369
332 0.99999983221614
333 0.999999884817862
334 0.999999918253315
335 0.999999931708385
336 0.999999924466238
337 0.999999895940399
338 0.999999845710075
339 0.99999977355389
340 0.999999679479173
341 0.999999563744775
342 0.999999426876229
343 0.999999269672719
344 0.999999093205938
345 0.999998898811343
346 0.999998688072652
347 0.99999846280068
348 0.999998225007709
349 0.99999797687868
350 0.99999772074044
351 0.999997459030241
352 0.999997194264565
353 0.999996929009212
354 0.999996665851452
355 0.999996407374859
356 0.999996156137306
357 0.999995914652443
358 0.999995685374822
359 0.999995470688724
360 0.999995272900627
361 0.999995094235141
362 0.999994936834182
363 0.999994802759085
364 0.999994693995302
365 0.999994612459315
366 0.999994560007357
367 0.99999453844554
368 0.999994549540971
369 0.99999459503344
370 0.999994676647262
371 0.999994796102867
372 0.999994955127697
373 0.999995155465978
374 0.999995398886873
375 0.9999956871905
376 0.999996022211186
377 0.999996405817239
378 0.999996839906344
379 0.999997326395336
380 0.999997867202424
381 0.999998464219012
382 0.99999911926764
383 0.999999834042236
384 1.00000061002717
385 1.00000144839248
386 1.00000234986425
387 1.00000331457155
388 1.0000043418743
389 1.0000054301808
390 1.0000065767685
391 1.00000777762793
392 1.00000902735753
393 1.00001031913714
394 1.00001164479339
395 1.00001299495293
396 1.00001435926933
397 1.00001572670399
398 1.00001708583975
399 1.0000184252067
400 1.00001973360131
401 1.00002099799191
402 1.00002220088493
403 1.00002332016025
404 1.00002433032081
405 1.00002520441747
406 1.00002591614885
407 1.00002644181487
408 1.00002676193509
409 1.00002686243848
410 0.999248043613181
411 0.996417262590497
412 0.99061362598341
413 0.981220124475279
414 0.968047912933222
415 0.951724676760699
416 0.933243715936819
417 0.913364233532836
418 0.892663794371492
419 0.871579152776886
420 0.850438022157724
421 0.82948379037269
422 0.808894741769868
423 0.788799001677976
424 0.769286150304944
425 0.750436926720294
426 0.732353120014558
427 0.715152200166029
428 0.698948458880144
429 0.683840978472871
430 0.669906666049875
431 0.65719698053222
432 0.645737287868246
433 0.635528022988686
434 0.626547029525044
435 0.618752600699101
436 0.612086865392439
437 0.606479258682965
438 0.601849891159263
439 0.598112690092068
440 0.595178231230441
441 0.592956215136683
442 0.591357568621262
443 0.590296171641372
444 0.589690224331888
445 0.589463278748691
446 0.589544966328344
447 0.58987145575196
448 0.590385677461013
449 0.591037351016766
450 0.591782850240496
451 0.592584938960876
452 0.593412407505611
453 0.594239637031062
454 0.595046115564213
455 0.59581592637585
456 0.596537226119006
457 0.597201727132271
458 0.597804195480009
459 0.598341973718501
460 0.598814535060749
461 0.599223073572642
462 0.599570133269141
463 0.599859277483114
464 0.600094798637654
465 0.600281467547422
466 0.600424320585095
467 0.600528482453331
468 0.600599021877961
469 0.600640837261638
470 0.600658569187042
471 0.600656536613872
472 0.600638693655026
473 0.600608603926584
474 0.600569429627623
475 0.600523932705244
476 0.600474485685165
477 0.600423089988341
478 0.600371399800319
479 0.60032074980534
480 0.600272185335541
481 0.600226493712644
482 0.600184235771824
483 0.600145776752684
484 0.600111315919059
485 0.600080914426972
486 0.600054521098337
487 0.600031995877462
488 0.600013130848698
489 0.599997668777902
490 0.59998531920891
491 0.599975772200495
492 0.599968709830647
493 0.599963815625134
494 0.599960782087553
495 0.599959316519971
496 0.599959145328114
497 0.599960017004166
498 0.599961703974791
499 0.599964003492905
500 0.599966737740113
501 0.599969753293222
502 0.599972920093655
503 0.599976130043412
504 0.599979295336062
505 0.599982346616312
506 0.599985231047502
507 0.599987910352924
508 0.599990358884528
509 0.599992561761288
510 0.599994513109468
511 0.599996214428086
512 0.599997673095236
513 0.599998901024322
514 0.59999991347376
515 0.600000728009254
516 0.600001363614096
517 0.600001839940253
518 0.600002176690897
519 0.600002393123669
520 0.600002507663098
521 0.600002537610169
522 0.600002498937022
523 0.600002406155045
524 0.600002272245093
525 0.60000210868024
526 0.600001925546669
527 0.600001731719438
528 0.600001535060415
529 0.600001342605639
530 0.600001160696527
531 0.600000995044898
532 0.600000850757472
533 0.60000073233804
534 0.600000643679849
535 0.600000588056553
536 0.600000568116912
537 0.600000585886191
538 0.60000064277554
539 0.600000739599539
540 0.600000876600227
541 0.600001053474564
542 0.600001269403141
543 0.600001523079385
544 0.600001812739291
545 0.600002136192027
546 0.600002490851835
547 0.600002873771491
548 0.600003281677448
549 0.600003711006518
550 0.600004157943774
551 0.600004618461194
552 0.600005088356394
553 0.600005563290807
554 0.600006038826553
555 0.600006510461342
556 0.600006973660739
557 0.600007423887255
558 0.600007856625802
559 0.600008267405163
560 0.600008651815276
561 0.60000900552021
562 0.600009324266871
563 0.600009603889552
564 0.600009840310559
565 0.600010029537229
566 0.600010167655718
567 0.600010250822049
568 0.600010275250908
569 0.600010237202786
570 0.600010132970095
571 0.600009958862942
572 0.60000971119532
573 0.600009386272574
574 0.600008980381066
575 0.60000848978117
576 0.600007910704876
577 0.600007239359554
578 0.600006471939974
579 0.600005604651663
580 0.600004633750075
581 0.600003555601322
582 0.600002366771032
583 0.600001064147774
584 0.599999645106082
585 0.599998107711355
586 0.599996450964968
587 0.599994675082762
588 0.599992781793665
589 0.599990774637207
590 0.599988659229028
591 0.599986443451492
592 0.599984137523692
593 0.599981753922748
594 0.59997930715464
595 0.599976813396889
596 0.599974290055504
597 0.599971755285713
598 0.599969227516559
599 0.599966725005594
600 0.599964268494333
601 0.599961885134973
602 0.599959610006696
603 0.599957485886072
604 0.599955561159424
605 0.599953884798178
606 0.599952500912917
607 0.599951445465906
608 0.599950744567067
609 0.599950413908826
610 0.599950458997351
611 0.599950875917763
612 0.599951652433783
613 0.599952769271687
614 0.599954201477318
615 0.599955919684232
616 0.599957891165507
617 0.599960080711221
618 0.59996245142099
619 0.599964965456647
620 0.599967584771118
621 0.599970271811864
622 0.599972990187575
623 0.599975705282767
624 0.599978384804704
625 0.599980999249146
626 0.599983522274938
627 0.599985930981471
628 0.599988206087231
629 0.599990332011449
630 0.599992296864229
631 0.599994092353253
632 0.599995713617151
633 0.599997158997047
634 0.599998429758476
635 0.599999529776086
636 0.600000465193234
637 0.600001244067901
638 0.600001876015384
639 0.60000237185702
640 0.600002743282892
641 0.600003002535053
642 0.60000316211641
643 0.600003234529063
644 0.600003232044603
645 0.600003166507686
646 0.60000304917321
647 0.600002890576452
648 0.600002700434825
649 0.600002487579286
650 0.600002259912945
651 0.600002024394136
652 0.600001787040959
653 0.600001552954227
654 0.600001326355743
655 0.600001110638898
656 0.60000090842874
657 0.600000721648838
658 0.600000551592512
659 0.600000398996242
660 0.600000264113352
661 0.600000146786345
662 0.600000046516532
663 0.599999962529856
664 0.599999893838098
665 0.599999839294843
666 0.59999979764582
667 0.599999767573408
668 0.599999747735276
669 0.599999736797244
670 0.599999733460574
671 0.599999736484005
672 0.599999744700895
673 0.599999757031897
674 0.599999772493613
675 0.599999790203714
676 0.599999809382983
677 0.599999829354752
678 0.599999849542182
679 0.599999869463806
680 0.599999888727721
681 0.599999907024795
682 0.599999924121194
683 0.59999993985053
684 0.599999954105845
685 0.599999966831666
686 0.599999978016268
687 0.599999987684315
688 0.599999995889946
689 0.600000002710415
690 0.60000000824031
691 0.600000012586398
692 0.600000015863091
693 0.600000018188533
694 0.600000019681299
695 0.600000020457645
696 0.600000020629317
697 0.600000020301825
698 0.600000019573181
699 0.600000018533021
700 0.600000017262069
701 0.600000015831909
702 0.600000014304993
703 0.600000012734861
704 0.600000011166525
705 0.600000009636972
706 0.600000008175766
707 0.600000006805705
708 0.600000005543516
709 0.600000004400563
710 0.600000003383547
711 0.600000002495185
712 0.600000001734862
713 0.600000001099229
714 0.600000000582767
715 0.600000000178286
716 0.599999999877378
717 0.599999999670806
718 0.599999999548842
719 0.599999999501553
720 0.599999999519025
721 0.599999999591555
722 0.599999999709791
723 0.599999999864845
724 0.600000000048364
725 0.600000000252589
726 0.600000000470381
727 0.600000000695234
728 0.600000000921276
729 0.600000001143258
730 0.600000001356531
731 0.600000001557021
732 0.600000001741204
733 0.600000001906065
734 0.600000002049071
735 0.600000002168135
736 0.600000002261581
737 0.600000002328114
738 0.600000002366787
739 0.600000002376972
740 0.600000002358335
741 0.600000002310804
742 0.600000002234554
743 0.60000000212998
744 0.600000001997674
745 0.600000001838413
746 0.600000001653138
747 0.60000000144294
748 0.600000001209043
749 0.600000000952794
750 0.600000000675652
751 0.600000000379176
752 0.600000000065017
753 0.599999999734908
754 0.599999999390663
755 0.599999999034166
756 0.599999998667371
757 0.599999998292298
758 0.599999997911027
759 0.599999997525704
760 0.599999997138534
761 0.599999996751785
762 0.599999996367784
763 0.599999995988919
764 0.59999999561764
765 0.599999995256454
766 0.599999994907923
767 0.599999994574661
768 0.599999994259328
769 0.599999993964619
770 0.599999993693257
771 0.599999993447977
772 0.599999993231512
773 0.59999999304657
774 0.599999992895815
775 0.599999992781835
776 0.599999992707114
777 0.599999992673989
778 0.599999992684615
779 0.599999992740912
780 0.599999992844514
781 0.599999992996714
782 0.599999993198407
783 0.599999993450032
784 0.599999993751521
785 0.599999994102259
786 0.599999994501049
787 0.599999994946096
788 0.599999995435006
789 0.599999995964803
790 0.599999996531944
791 0.599999997132334
792 0.599999997761315
793 0.59999999841366
794 0.59999999908356
795 0.599999999764639
796 0.600000000450006
797 0.600000001132356
798 0.6000000018041
799 0.600000002457535
800 0.600000003085022
801 0.600000003679176
802 0.600000004233051
803 0.600000004740308
804 0.600000005195362
805 0.600000005593508
806 0.600000005931004
807 0.600000006205143
808 0.60000000641428
809 0.600000006557839
810 0.600304855643328
811 0.601355809425662
812 0.603368838096288
813 0.606401940688008
814 0.610406445925201
815 0.615265751742731
816 0.620824218177476
817 0.626908355461828
818 0.633342002323594
819 0.639956839391208
820 0.646599306928267
821 0.653134777934164
822 0.659449664059622
823 0.665451992980456
824 0.671070884357975
825 0.67625526155603
826 0.680972063477221
827 0.685204161822434
828 0.68894814112507
829 0.692212059994502
830 0.695013280487693
831 0.697376427109437
832 0.699331516569382
833 0.700912283241102
834 0.702154712569602
835 0.703095784871731
836 0.703772424576491
837 0.704220644542562
838 0.704474871314517
839 0.704567434734838
840 0.70452820395782
841 0.704384351393022
842 0.70416022625188
843 0.703877320021782
844 0.703554307212458
845 0.703207145997132
846 0.702849224812059
847 0.702491542506401
848 0.702142911188386
849 0.701810172444978
850 0.70149841908359
851 0.701211215928464
852 0.700950814481881
853 0.700718357419287
854 0.700514069921064
855 0.700337435750505
856 0.700187356769178
857 0.700062295242394
858 0.69996039883571
859 0.699879608646845
860 0.699817750965611
861 0.699772613717368
862 0.699742008733428
863 0.69972382111471
864 0.699716047022612
865 0.699716821252579
866 0.699724435929864
867 0.699737351621154
868 0.699754202087117
869 0.69977379381572
870 0.699795101379647
871 0.699817259558024
872 0.69983955305669
873 0.699861404555657
874 0.699882361709682
875 0.699902083630034
876 0.699920327283942
877 0.699936934164013
878 0.699951817503588
879 0.699964950245991
880 0.699976353915896
881 0.699986088489474
882 0.699994243316195
883 0.700000929108738
884 0.700006270987832
885 0.700010402545377
886 0.700013460871319
887 0.700015582476669
888 0.700016900036335
889 0.700017539870221
890 0.700017620078964
891 0.70001724925099
892 0.700016525659965
893 0.700015536875568
894 0.700014359715525
895 0.700013060472688
896 0.70001169535718
897 0.70001031110022
898 0.700008945672752
899 0.700007629078457
900 0.700006384186858
901 0.700005227578033
902 0.700004170375761
903 0.700003219050825
904 0.70000237618052
905 0.700001641154264
906 0.700001010818532
907 0.700000480057168
908 0.700000042305521
909 0.699999689998769
910 0.69999941495637
911 0.699999208705764
912 0.699999062749323
913 0.699998968779186
914 0.699998918844956
915 0.699998905479435
916 0.699998921787582
917 0.699998961503769
918 0.699999019022167
919 0.699999089404849
920 0.699999168371779
921 0.699999252276544
922 0.69999933807122
923 0.699999423263406
924 0.699999505868026
925 0.699999584340092
926 0.69999965748729
927 0.699999724381184
928 0.699999784278149
929 0.699999836555707
930 0.699999880666225
931 0.699999916107491
932 0.699999942408238
933 0.699999959125856
934 0.699999965853289
935 0.699999962232122
936 0.699999947969118
937 0.699999922853881
938 0.699999886775723
939 0.699999839738309
940 0.699999781871066
941 0.69999971343676
942 0.699999634834983
943 0.699999546601582
944 0.699999449404284
945 0.69999934403495
946 0.699999231398986
947 0.699999112502533
948 0.699998988438061
949 0.699998860368994
950 0.699998729513958
951 0.699998597131192
952 0.699998464503596
953 0.699998332924806
954 0.699998203686606
955 0.699998078067934
956 0.699997957325614
957 0.69999784268692
958 0.699997735343993
959 0.699997636450071
960 0.699997547117458
961 0.699997468417111
962 0.699997401379697
963 0.699997346997942
964 0.699997306230084
965 0.699997280004239
966 0.699997269223464
967 0.699997274771309
968 0.699997297517669
969 0.699997338324701
970 0.699997398052617
971 0.69999747756514
972 0.69999757773438
973 0.699997699444917
974 0.699997843596811
975 0.699998011107223
976 0.699998202910308
977 0.699998419954905
978 0.699998663199434
979 0.699998933602997
980 0.699999232111297
981 0.699999559635603
982 0.699999917022879
983 0.700000305015309
984 0.700000724197913
985 0.700001174933739
986 0.700001657287313
987 0.7000021709386
988 0.700002715091752
989 0.700003288385492
990 0.700003888815092
991 0.700004513679768
992 0.700005159569443
993 0.700005822397429
994 0.700006497477059
995 0.70000717963512
996 0.700007863352305
997 0.70000854292005
998 0.700009212603384
999 0.70000986680056
1000 0.70001049899573
1001 0.700011100442121
1002 0.700011660079669
1003 0.700012165159846
1004 0.700012602208087
1005 0.700012958073697
1006 0.700013220906637
1007 0.700013380966685
1008 0.700013431218334
1009 0.700013367698457
1010 0.700013189666499
1011 0.700012899561386
1012 0.700012502797489
1013 0.700012007435479
1014 0.700011423764186
1015 0.700010763827433
1016 0.700010040926342
1017 0.700009269123175
1018 0.700008462768012
1019 0.700007636064744
1020 0.700006802688291
1021 0.700005975460706
1022 0.700005166090171
1023 0.700004384973657
1024 0.700003641061501
1025 0.700002941780042
1026 0.700002293006993
1027 0.700001699093179
1028 0.700001162923626
1029 0.700000686010793
1030 0.700000268612729
1031 0.699999909869287
1032 0.699999607949963
1033 0.699999360207572
1034 0.699999163332656
1035 0.6999990135043
1036 0.69999890653375
1037 0.69999883799803
1038 0.699998803361435
1039 0.69999879808346
1040 0.699998817712309
1041 0.699998857963668
1042 0.699998914784878
1043 0.699998984404999
1044 0.699999063371579
1045 0.699999148575165
1046 0.699999237262744
1047 0.699999327041416
1048 0.699999415873667
1049 0.699999502065572
1050 0.699999584249291
1051 0.699999661361094
1052 0.699999732616123
1053 0.699999797480944
1054 0.699999855644885
1055 0.699999906990974
1056 0.699999951567228
1057 0.699999989558865
1058 0.700000021261951
1059 0.70000004705883
1060 0.700000067395624
1061 0.700000082761977
1062 0.70000009367314
1063 0.700000100654424
1064 0.700000104227991
1065 0.700000104901895
1066 0.700000103161259
1067 0.700000099461429
1068 0.700000094222941
1069 0.700000087828106
1070 0.70000008061903
1071 0.700000072896866
1072 0.70000006492211
1073 0.700000056915764
1074 0.70000004906119
1075 0.700000041506489
1076 0.700000034367273
1077 0.700000027729696
1078 0.700000021653622
1079 0.700000016175848
1080 0.700000011313293
1081 0.700000007066078
1082 0.700000003420463
1083 0.700000000351576
1084 0.699999997825933
1085 0.699999995803704
1086 0.699999994240729
1087 0.699999993090286
1088 0.699999992304598
1089 0.699999991836107
1090 0.699999991638514
1091 0.699999991667607
1092 0.6999999918819
1093 0.699999992243089
1094 0.699999992716361
1095 0.699999993270564
1096 0.699999993878265
1097 0.699999994515712
1098 0.699999995162715
1099 0.699999995802472
1100 0.699999996421345
1101 0.699999997008602
1102 0.699999997556142
1103 0.699999998058204
1104 0.699999998511081
1105 0.699999998912831
1106 0.699999999263005
1107 0.69999999956239
1108 0.699999999812763
1109 0.700000000016676
1110 0.700000000177259
1111 0.700000000298046
1112 0.700000000382818
1113 0.700000000435482
1114 0.700000000459958
1115 0.700000000460091
1116 0.700000000439583
1117 0.70000000040194
1118 0.700000000350434
1119 0.700000000288079
1120 0.700000000217621
1121 0.700000000141532
1122 0.700000000062017
1123 0.699999999981024
1124 0.699999999900257
1125 0.699999999821195
1126 0.699999999745111
1127 0.699999999673088
1128 0.699999999606043
1129 0.699999999544739
1130 0.699999999489808
1131 0.69999999944176
1132 0.699999999401001
1133 0.69999999936784
1134 0.699999999342506
1135 0.699999999325149
1136 0.699999999315853
1137 0.69999999931464
1138 0.699999999321475
1139 0.69999999933627
1140 0.699999999358891
1141 0.699999999389159
1142 0.699999999426854
1143 0.699999999471716
1144 0.699999999523453
1145 0.699999999581738
1146 0.699999999646216
1147 0.699999999716503
1148 0.699999999792192
1149 0.699999999872853
1150 0.699999999958036
1151 0.700000000047272
1152 0.700000000140077
1153 0.70000000023595
1154 0.700000000334379
1155 0.700000000434836
1156 0.700000000536782
1157 0.700000000639666
1158 0.700000000742924
1159 0.70000000084598
1160 0.700000000948244
1161 0.700000001049115
1162 0.700000001147976
1163 0.700000001244196
1164 0.700000001337131
1165 0.700000001426123
1166 0.700000001510497
1167 0.700000001589569
1168 0.700000001662643
1169 0.700000001729015
1170 0.700000001787975
1171 0.700000001838815
1172 0.700000001880828
1173 0.700000001913321
1174 0.700000001935615
1175 0.700000001947063
1176 0.700000001947052
1177 0.700000001935017
1178 0.700000001910456
1179 0.700000001872944
1180 0.700000001822146
1181 0.700000001757838
1182 0.700000001679919
1183 0.700000001588433
1184 0.700000001483577
1185 0.700000001365718
1186 0.700000001235396
1187 0.700000001093332
1188 0.700000000940422
1189 0.700000000777732
1190 0.700000000606488
1191 0.700000000428075
1192 0.700000000244033
1193 0.700000000056058
1194 0.699999999865998
1195 0.699999999675836
1196 0.699999999487672
1197 0.699999999303691
1198 0.699999999126116
1199 0.699999998957164
1200 0.699999998798991
