1 2
2 2
3 2
4 2
5 2
6 2
7 2
8 2
9 2
10 2
11 2
12 2
13 2
14 2
15 2
16 2
17 2
18 2
19 2
20 2
21 2
22 2
23 2
24 2
25 2
26 2
27 2
28 2
29 2
30 2.25
31 2.27943243243243
32 2.31186486486486
33 2.3442972972973
34 2.37672972972973
35 2.40916216216216
36 2.44159459459459
37 2.47402702702703
38 2.50645945945946
39 2.53889189189189
40 2.56891332858446
41 2.5945947175236
42 2.61632087882213
43 2.63435449224289
44 2.64889903079838
45 2.66011177754586
46 2.66811409529722
47 2.67299942328256
48 2.67483950337167
49 2.67368922734883
50 2.66961366179069
51 2.66272545496042
52 2.65318751016139
53 2.64119622460679
54 2.62697013040758
55 2.61074197143376
56 2.59275325229924
57 2.57325055127459
58 2.55248308135002
59 2.53070112561492
60 2.5081548532693
61 2.4850928378765
62 2.46175999306254
63 2.43839519187379
64 2.41522889279207
65 2.39248094417221
66 2.37035864817811
67 2.34905510952344
68 2.32874786179417
69 2.3095977467248
70 2.29174801614486
71 2.2753236326696
72 2.26043075876794
73 2.24715643430381
74 2.23556844538571
75 2.22571538505015
76 2.21762690223543
77 2.21131413137399
78 2.20677029154584
79 2.20397144177935
80 2.20287737773489
81 2.20343265443138
82 2.20556771951875
83 2.20920014155353
84 2.21423591765854
85 2.22057084484805
86 2.22809193924124
87 2.2366788874363
88 2.24620551452
89 2.25654125356256
90 2.26755260199093
91 2.27910455092748
92 2.29106197439879
93 2.30329096623729
94 2.31566011349678
95 2.328041696266
96 2.34031280488153
97 2.35235636670023
98 2.36406207578285
99 2.37532722005165
100 2.38605740170467
101 2.39616714788469
102 2.40558040979967
103 2.4142309496628
104 2.42206261595175
105 2.42902950857029
106 2.4350960365209
107 2.44023687165732
108 2.44443680297396
109 2.44769049669875
110 2.4500021681829
111 2.45138517222045
112 2.45186151898007
113 2.45146132318912
114 2.45022219457449
115 2.44818857783618
116 2.44541105060898
117 2.44194558795657
118 2.43785280194367
119 2.43319716474871
120 2.42804622361602
121 2.42246981570768
122 2.41653929060564
123 2.41032674784085
124 2.40390429639396
125 2.39734334262765
126 2.39071391258183
127 2.38408401399495
128 2.37751904281665
129 2.37108123835414
130 2.36482919055548
131 2.35881740228364
132 2.35309590878246
133 2.34770995588686
134 2.34269973789007
135 2.3381001953568
136 2.33394087256879
137 2.33024583371274
138 2.32703363637528
139 2.32431736039956
140 2.32210468968638
141 2.32039804409396
142 2.31919475820514
143 2.31848730339306
144 2.31826354932676
145 2.31850706081704
146 2.31919742571253
147 2.3203106094147
148 2.32181933148812
149 2.32369345979912
150 2.32590041761825
151 2.32840559917029
152 2.3311727892059
153 2.33416458229969
154 2.3373427977479
155 2.34066888614078
156 2.34410432391858
157 2.34761099248025
158 2.35115153869888
159 2.35468971400242
160 2.35819068949905
161 2.36162134496012
162 2.36495052981581
163 2.36814929466573
164 2.37119109215545
165 2.37405194641634
166 2.37671059060739
167 2.37914857242997
168 2.38135032780774
169 2.38330322323052
170 2.38499756755083
171 2.38642659429311
172 2.38758641578565
173 2.38847595065274
174 2.38909682640848
175 2.38945325907204
176 2.38955191187721
177 2.38940173527538
178 2.38901379053107
179 2.38840105928247
180 2.3875782414866
181 2.38656154419022
182 2.38536846356385
183 2.38401756260939
184 2.38252824690104
185 2.38092054064849
186 2.37921486527936
187 2.37743182262883
188 2.37559198469844
189 2.37371569180555
190 2.37182286079212
191 2.36993280479802
192 2.36806406593181
193 2.36623426199345
194 2.36445994822035
195 2.36275649484244
196 2.36113798104558
197 2.35961710575789
198 2.35820511549147
199 2.35691174929468
200 2.35574520069929
201 2.35471209638361
202 2.35381749111824
203 2.35306487841755
204 2.35245621618672
205 2.35199196653399
206 2.3516711488097
207 2.35149140483941
208 2.35144907523788
209 2.35153928562413
210 2.35175604150556
211 2.35209233056103
212 2.35254023102881
213 2.35309102489449
214 2.35373531457753
215 2.35446314182992
216 2.35526410758883
217 2.35612749156365
218 2.35704237038775
219 2.3579977332243
220 2.35898259378347
221 2.35998609778383
222 2.36099762497305
223 2.36200688491073
224 2.36300400580833
225 2.36397961581707
226 2.36492491625237
227 2.36583174634291
228 2.3666926391917
229 2.36750086873534
230 2.36825048758487
231 2.36893635572582
232 2.36955416014629
233 2.37010042554878
234 2.3705725163834
235 2.37096863051646
236 2.37128778491931
237 2.37152979382559
238 2.37169523986278
239 2.37178543871316
240 2.37180239790228
241 2.37174877034766
242 2.37162780332778
243 2.37144328355144
244 2.37119947901946
245 2.37090107837613
246 2.37055312844543
247 2.37016097063823
248 2.36973017690163
249 2.36926648585982
250 2.36877573976951
251 2.36826382288047
252 2.36773660175528
253 2.36719986806192
254 2.36665928430827
255 2.36612033294082
256 2.36558826918026
257 2.36506807791548
258 2.36456443492498
259 2.36408167264176
260 2.36362375062457
261 2.36319423084553
262 2.36279625785264
263 2.36243254381514
264 2.36210535841124
265 2.36181652347155
266 2.36156741224798
267 2.36135895313711
268 2.36119163764979
269 2.3610655323849
270 2.36098029473476
271 2.36093519202368
272 2.36092912375847
273 2.36096064665163
274 2.3610280020634
275 2.36112914549887
276 2.36126177778984
277 2.36142337758894
278 2.36161123480483
279 2.36182248461227
280 2.36205414167935
281 2.36230313426584
282 2.36256633786106
283 2.36284060804716
284 2.36312281229325
285 2.36340986040804
286 2.36369873340183
287 2.36398651053465
288 2.36427039435322
289 2.36454773354737
290 2.36481604348406
291 2.36507302430613
292 2.36531657651076
293 2.36554481395101
294 2.36575607423141
295 2.36594892649538
296 2.36612217662803
297 2.3662748699226
298 2.36640629128177
299 2.36651596304694
300 2.36660364056817
301 2.36666930564544
302 2.36671315798803
303 2.36673560485255
304 2.36673724903196
305 2.36671887537779
306 2.36668143604471
307 2.36662603465263
308 2.36655390956395
309 2.36646641647534
310 2.36636501052194
311 2.36625122808961
312 2.36612666852576
313 2.3659929759332
314 2.36585182122343
315 2.36570488459658
316 2.36555383860423
317 2.36540033194005
318 2.36524597408999
319 2.36509232096045
320 2.36494086158861
321 2.36479300602434
322 2.36465007445817
323 2.36451328765463
324 2.36438375873502
325 2.36426248633886
326 2.3641503491783
327 2.36404810198559
328 2.36395637284001
329 2.36387566184748
330 2.36380634113385
331 2.36374865610113
332 2.36370272788605
333 2.36366855694986
334 2.36364602772089
335 2.36363491420314
336 2.3636348864586
337 2.36364551786551
338 2.36366629305125
339 2.3636966163954
340 2.36373582099725
341 2.36378317800138
342 2.3638379061754
343 2.36389918163574
344 2.36396614761976
345 2.36403792420602
346 2.36411361788869
347 2.3641923309174
348 2.3642731703192
349 2.36435525652609
350 2.36443773153792
351 2.36451976655822
352 2.36460056904773
353 2.36467938914867
354 2.36475552544031
355 2.36482832999505
356 2.36489721271196
357 2.36496164491272
358 2.36502116219319
359 2.36507536653073
360 2.36512392765551
361 2.36516658370041
362 2.36520314115087
363 2.36523347412233
364 2.36525752299799
365 2.36527529246529
366 2.36528684899337
367 2.36529231779806
368 2.36529187934409
369 2.36528576543682
370 2.36527425495781
371 2.36525766930013
372 2.36523636756
373 2.36521074154147
374 2.36518121063075
375 2.36514821659581
376 2.3651122183653
377 2.36507368683924
378 2.36503309978141
379 2.36499093684069
380 2.36494767474553
381 2.36490378271226
382 2.36485971810439
383 2.36481592237599
384 2.36477281732827
385 2.36473080170426
386 2.36469024814213
387 2.36465150050341
388 2.36461487158813
389 2.36458064124432
390 2.36454905487555
391 2.36452032234585
392 2.36449461727737
393 2.36447207673282
394 2.36445280127085
395 2.36443685535946
396 2.3644242681297
397 2.36441503444895
398 2.36440911629102
399 2.36440644437805
400 2.11440644437805
401 2.05554507690222
402 1.99068658025459
403 1.92583078104569
404 1.86097748594596
405 1.79612648436126
406 1.73127755117583
407 1.66643044953274
408 1.60158493362325
409 1.53674075145708
410 1.47430864791433
411 1.41650126776527
412 1.36344000220643
413 1.31528319880253
414 1.27215720094015
415 1.23416353050403
416 1.20138422433482
417 1.2
418 1.2
419 1.2
420 1.2
421 1.2
422 1.2
423 1.20420984767596
424 1.21322152525622
425 1.22676135890733
426 1.24452189216318
427 1.26591579461425
428 1.29019870306227
429 1.31677786480145
430 1.34518936983323
431 1.37506971839805
432 1.40613372971701
433 1.43811672923523
434 1.47072772234315
435 1.50365269407683
436 1.53656485672879
437 1.56913561579095
438 1.60104709267176
439 1.63200181928042
440 1.66172777364065
441 1.68998026005111
442 1.71654178053965
443 1.74122108225127
444 1.76385251095293
445 1.78429597439925
446 1.802437252102
447 1.8181883807831
448 1.83148788296001
449 1.84230067053747
450 1.85061756129414
451 1.85645443021426
452 1.85985105918815
453 1.86086975985908
454 1.859593832123
455 1.85612589855435
456 1.85058613762829
457 1.84311042992682
458 1.83384842931484
459 1.82296157298507
460 1.81062104782114
461 1.79700573363464
462 1.78230014546593
463 1.76669239715679
464 1.75037220717957
465 1.733528965833
466 1.71634988088959
467 1.69901821686886
468 1.68171164138298
469 1.6646006904166
470 1.64784736287692
471 1.63160385320867
472 1.61601142927169
473 1.60119946102313
474 1.58728460385503
475 1.574370138747
476 1.56254546973751
477 1.55188577762356
478 1.54245182728541
479 1.53428992461347
480 1.52743201769487
481 1.52189593570377
482 1.51768575783782
483 1.51479230365694
484 1.5131937353171
485 1.51285626145309
486 1.51373493185469
487 1.51577451160206
488 1.51891042297756
489 1.52306974325168
490 1.52817224634808
491 1.53413147642108
492 1.54085584152544
493 1.54824971581485
494 1.55621453906677
495 1.56464990278903
496 1.57345461270941
497 1.58252771807534
498 1.59176949888665
499 1.60108240294133
500 1.61037192538183
501 1.61954742427871
502 1.62852286666795
503 1.63721750035986
504 1.64555644774997
505 1.65347121877712
506 1.66090014108159
507 1.6677887063082
508 1.67408983236724
509 1.67976404230238
510 1.68477956121302
511 1.68911233343074
512 1.6927459628521
513 1.69567157997643
514 1.69788763978357
515 1.69939965511
516 1.70021987063861
517 1.7003668830065
518 1.69986521285476
519 1.69874483489429
520 1.69704067224175
521 1.69479206139178
522 1.69204219423604
523 1.68883754351908
524 1.68522727803885
525 1.68126267375725
526 1.67699652678984
527 1.67248257399465
528 1.66777492658532
529 1.66292752185606
530 1.65799359773136
531 1.65302519444664
532 1.6480726872325
533 1.64318435342014
534 1.63840597691427
535 1.63378049249758
536 1.62934767194295
537 1.62514385342098
538 1.62120171520579
539 1.6175500942064
540 1.61421384938827
541 1.61121376970425
542 1.60856652572959
543 1.60628466379527
544 1.60437664104136
545 1.60284689946864
546 1.60169597675621
547 1.60092065133597
548 1.60051411897324
549 1.600466197898
550 1.60076355936336
551 1.60138998037686
552 1.60232661525742
553 1.60355228261302
554 1.60504376431399
555 1.60677611304964
556 1.60872296510309
557 1.61085685505702
558 1.61314952925075
559 1.61557225494364
560 1.61809612229966
561 1.62069233648962
562 1.62333249740948
563 1.62598886473143
564 1.62863460623728
565 1.63124402762748
566 1.63379278225146
567 1.63625805946318
568 1.63861875056614
569 1.64085559157375
570 1.64295128226884
571 1.64489058130054
572 1.64666037730268
573 1.64824973625546
574 1.64964992553794
575 1.65085441533156
576 1.65185885823299
577 1.65266104811681
578 1.65326085945283
579 1.65366016842955
580 1.65386275736286
581 1.65387420397661
582 1.65370175723051
583 1.65335420143838
584 1.65284171046864
585 1.65217569384766
586 1.6513686365963
587 1.65043393462149
588 1.64938572745812
589 1.64823873011399
590 1.64700806571137
591 1.64570910054607
592 1.64435728309845
593 1.64296798843278
594 1.64155636931281
595 1.64013721524407
596 1.63872482052859
597 1.63733286228689
598 1.63597428926721
599 1.63466122212347
600 1.63340486570471
601 1.63221543375859
602 1.63110208631417
603 1.63007287987348
604 1.6291347304101
605 1.62829338904674
606 1.6275534301636
607 1.62691825157606
608 1.62639008631532
609 1.62597002544882
610 1.6256580512902
611 1.625453080271
612 1.62535301467899
613 1.62535480241124
614 1.62545450384355
615 1.6256473648825
616 1.62592789524112
617 1.62628995096464
618 1.62672682022842
619 1.6272313114353
620 1.62779584265465
621 1.62841253146886
622 1.62907328432499
623 1.62976988452901
624 1.63049407806664
625 1.63123765648751
626 1.63199253614807
627 1.63275083317131
628 1.63350493354882
629 1.63424755788024
630 1.63497182031805
631 1.63567128135899
632 1.63633999419832
633 1.63697254443725
634 1.63756408300781
635 1.63811035225138
636 1.63860770515728
637 1.6390531178348
638 1.63944419535642
639 1.63977917116962
640 1.64005690033086
641 1.64027684686631
642 1.64043906561036
643 1.64054417891357
644 1.64059334864763
645 1.64058824396463
646 1.64053100529224
647 1.64042420506501
648 1.64027080570511
649 1.64007411537279
650 1.63983774200939
651 1.63956554619187
652 1.63926159330999
653 1.63893010556403
654 1.63857541426375
655 1.63820191288748
656 1.63781401133547
657 1.63741609178274
658 1.63701246650566
659 1.6366073380221
660 1.63620476184978
661 1.63580861214905
662 1.63542255047844
663 1.63504999785106
664 1.6346941102408
665 1.63435775764694
666 1.63404350678678
667 1.63375360744753
668 1.63348998249089
669 1.63325422146861
670 1.63304757777282
671 1.63287096921314
672 1.63272498188292
673 1.63260987714986
674 1.63252560158164
675 1.63247179959559
676 1.6324478286028
677 1.63245277640104
678 1.6324854805583
679 1.63254454951909
680 1.63262838515887
681 1.63273520650817
682 1.63286307436749
683 1.63300991653557
684 1.63317355337856
685 1.63335172347472
686 1.63354210907851
687 1.63374236116005
688 1.63395012378885
689 1.6341630576468
690 1.63437886247174
691 1.63459529825137
692 1.6348102050065
693 1.63502152102275
694 1.63522729941061
695 1.63542572289462
696 1.63561511675422
697 1.63579395985953
698 1.63596089376659
699 1.63611472985711
700 1.63625445452745
701 1.63637923245086
702 1.63648840795494
703 1.63658150457333
704 1.63665822284629
705 1.63671843645942
706 1.63676218682249
707 1.6367896762021
708 1.63680125953144
709 1.63679743502905
710 1.63677883376495
711 1.63674620831767
712 1.63670042066903
713 1.63664242948562
714 1.63657327693594
715 1.63649407519127
716 1.63640599275557
717 1.63631024076603
718 1.63620805940033
719 1.63610070452092
720 1.63598943467876
721 1.63587549859099
722 1.63576012319789
723 1.63564450239462
724 1.63552978652292
725 1.63541707269729
726 1.63530739602886
727 1.63520172179908
728 1.63510093862378
729 1.63500585263705
730 1.63491718271288
731 1.63483555673194
732 1.63476150888994
733 1.6346954780341
734 1.63463780700455
735 1.63458874294839
736 1.63454843856598
737 1.63451695424113
738 1.63449426100026
739 1.63448024423924
740 1.63447470815183
741 1.63447738078869
742 1.63448791967303
743 1.6345059178959
744 1.63453091061255
745 1.63456238186032
746 1.63459977161836
747 1.63464248303028
748 1.6346898897121
749 1.63474134307021
750 1.63479617955659
751 1.63485372779226
752 1.63491331549374
753 1.6349742761416
754 1.63503595533538
755 1.6350977167843
756 1.63515894788839
757 1.63521906487115
758 1.63527751742994
759 1.63533379287713
760 1.63538741975058
761 1.6354379708782
762 1.63548506588765
763 1.63552837315739
764 1.63556761121172
765 1.63560254956716
766 1.63563300904318
767 1.63565886155463
768 1.63568002940803
769 1.63569648412773
770 1.63570824484158
771 1.63571537625904
772 1.63571798627744
773 1.63571622325411
774 1.63571027298453
775 1.63570035542718
776 1.63568672121765
777 1.63566964801408
778 1.6356494367168
779 1.63562640760418
780 1.63560089642603
781 1.63557325049482
782 1.6355438248133
783 1.63551297827539
784 1.63548106997488
785 1.63544845565444
786 1.63541548432432
787 1.63538249507775
788 1.63534981412682
789 1.63531775207961
790 1.63528660147614
791 1.63525663459749
792 1.63522810155921
793 1.63520122869686
794 1.63517621724833
795 1.63515324233466
796 1.63513245223769
797 1.63511396797043
798 1.63509788313306
799 1.63508426404493
800 1.88508426404493
801 1.89979188473697
802 1.91600201164687
803 1.93221460835061
804 1.94842961545608
805 1.96464695207353
806 1.98086651744167
807 1.99708819268708
808 2.01331184269473
809 2.02953731806662
810 2.04335335422384
811 2.05297257710432
812 2.05903290024175
813 2.06200748729923
814 2.06226467569208
815 2.06009109557533
816 2.0557097447861
817 2.04929406805824
818 2.04097892376977
819 2.03086912623362
820 2.01906935208846
821 2.00572242576392
822 1.99101036779804
823 1.97513580679555
824 1.95830999892819
825 1.94074514774116
826 1.92264970955113
827 1.90422573922707
828 1.88566760315912
829 1.86716158415925
830 1.84888582211311
831 1.83100988936839
832 1.81369373976924
833 1.79708633959492
834 1.78132432625596
835 1.76653086555734
836 1.7528147754355
837 1.74026992406541
838 1.72897487793601
839 1.71899276059372
840 1.71037128052572
841 1.70314289644486
842 1.69732510444393
843 1.69292084340761
844 1.68991901836575
845 1.68829513941129
846 1.6880120700698
847 1.68902087542231
848 1.69126175764074
849 1.69466506511142
850 1.6991523608918
851 1.70463753656437
852 1.71102795821569
853 1.71822563194738
854 1.72612837688408
855 1.73463099409834
856 1.74362642030272
857 1.75300685563635
858 1.76266485544555
859 1.77249437664072
860 1.78239176999967
861 1.79225671065876
862 1.80199305996011
863 1.81150965278377
864 1.82072100546838
865 1.82954794040223
866 1.83791812433974
867 1.84576651846014
868 1.8530357391284
869 1.85967632923689
870 1.8656469408917
871 1.8709144310526
872 1.87545387253334
873 1.87924848351199
874 1.88228947938459
875 1.88457585141445
876 1.88611407718035
877 1.88691776830731
878 1.8870072613709
879 1.88640915820021
880 1.88515582206369
881 1.8832848364081
882 1.88083843293308
883 1.87786289582564
884 1.87440794895102
885 1.87052613270315
886 1.86627217706168
887 1.86170237718786
888 1.85687397762287
889 1.85184457083345
890 1.84667151548733
891 1.8414113794386
892 1.83611941196782
893 1.83084904935789
894 1.82565145740069
895 1.82057511392644
896 1.81566543393409
897 1.81096443938104
898 1.80651047517088
899 1.80233797236242
900 1.79847725911816
901 1.79495441941926
902 1.79179119910166
903 1.78900495831815
904 1.7866086691078
905 1.7846109563595
906 1.78301618009449
907 1.78182455666462
908 1.78103231617196
909 1.78063189316139
910 1.78061214742336
911 1.78095861156832
912 1.78165376189915
913 1.78267730901127
914 1.78400650449349
915 1.78561646008301
916 1.78748047564569
917 1.78957037240555
918 1.79185682793289
919 1.79430970951807
920 1.79689840270336
921 1.79959213191755
922 1.80236027035348
923 1.80517263644518
924 1.80799977453483
925 1.81081321756916
926 1.81358572992495
927 1.81629152873281
928 1.8189064823432
929 1.82140828485671
930 1.82377660591794
931 1.82599321524755
932 1.82804208165643
933 1.82990944654754
934 1.83158387216265
935 1.83305626507038
936 1.83431987561717
937 1.83537027427232
938 1.83620530599011
939 1.83682502388599
940 1.83723160367784
941 1.83742924047719
942 1.83742402962857
943 1.83722383338702
944 1.83683813529471
945 1.83627788416726
946 1.83555532962936
947 1.83468385114798
948 1.83367778250049
949 1.83255223358573
950 1.83132291143841
951 1.8300059422438
952 1.82861769607045
953 1.82717461594567
954 1.82569305279317
955 1.82418910763586
956 1.82267848234112
957 1.82117634005237
958 1.81969717631105
959 1.81825470172917
960 1.8168617369252
961 1.81553012028799
962 1.81427062898467
963 1.81309291348211
964 1.81200544570759
965 1.81101548083506
966 1.81012903254926
967 1.80935086151289
968 1.80868447664205
969 1.80813214868435
970 1.80769493549168
971 1.80737271828819
972 1.80716424815198
973 1.80706720185868
974 1.80707824617525
975 1.80719310964428
976 1.80740666086188
977 1.8077129922269
978 1.80810550812414
979 1.80857701650081
980 1.80911982280194
981 1.80972582524691
982 1.81038661045538
983 1.81109354846551
984 1.81183788623038
985 1.81261083872851
986 1.81340367688139
987 1.81420781153348
988 1.81501487281752
989 1.81581678429986
990 1.81660583137507
991 1.81737472345643
992 1.81811664958763
993 1.81882532718011
994 1.81949504365998
995 1.82012069088655
996 1.82069779228118
997 1.82122252267952
998 1.82169172099143
999 1.8221028958206
1000 1.82245422425961
1001 1.82274454413495
1002 1.82297334003102
1003 1.82314072347028
1004 1.82324740767045
1005 1.82329467733638
1006 1.82328435397617
1007 1.82321875725589
1008 1.82310066292694
1009 1.82293325787309
1010 1.8227200928318
1011 1.82246503334572
1012 1.82217220949674
1013 1.82184596496528
1014 1.82149080594355
1015 1.82111135041253
1016 1.82071227826908
1017 1.82029828276265
1018 1.81987402367032
1019 1.81944408260531
1020 1.81901292081771
1021 1.81858483980797
1022 1.81816394503347
1023 1.81775411294704
1024 1.81735896156459
1025 1.81698182471621
1026 1.81662573009308
1027 1.81629338116048
1028 1.81598714296676
1029 1.81570903183801
1030 1.81546070891064
1031 1.81524347741783
1032 1.81505828361212
1033 1.814905721175
1034 1.81478603893562
1035 1.81469915169521
1036 1.81464465393061
1037 1.81462183613096
1038 1.81462970350487
1039 1.81466699678225
1040 1.81473221482479
1041 1.81482363875246
1042 1.81493935728945
1043 1.81507729303256
1044 1.81523522934736
1045 1.81541083760238
1046 1.81560170445982
1047 1.81580535895107
1048 1.81601929907831
1049 1.81624101769795
1050 1.81646802745805
1051 1.81669788458016
1052 1.81692821129545
1053 1.81715671676544
1054 1.81738121633938
1055 1.81759964902219
1056 1.81781009304959
1057 1.81801077948965
1058 1.81820010381238
1059 1.81837663539164
1060 1.81853912492511
1061 1.81868650977934
1062 1.81881791728694
1063 1.81893266604244
1064 1.8190302652608
1065 1.81911041227982
1066 1.81917298830233
1067 1.8192180524881
1068 1.81924583451719
1069 1.81925672575721
1070 1.81925126917505
1071 1.81923014814141
1072 1.81919417428082
1073 1.81914427452409
1074 1.81908147752156
1075 1.8190068995758
1076 1.81892173025112
1077 1.81882721781432
1078 1.81872465465686
1079 1.81861536284299
1080 1.8185006799216
1081 1.81838194513161
1082 1.81826048612197
1083 1.8181376062973
1084 1.81801457289019
1085 1.81789260584962
1086 1.81777286762395
1087 1.81765645390464
1088 1.81754438538523
1089 1.81743760057767
1090 1.81733694971616
1091 1.81724318976695
1092 1.8171569805505
1093 1.81707888197165
1094 1.81700935234229
1095 1.81694874777118
1096 1.8168973225857
1097 1.81685523074169
1098 1.81682252816947
1099 1.8167991759967
1100 1.81678504458268
1101 1.81677991829292
1102 1.81678350093841
1103 1.81679542180027
1104 1.81681524215787
1105 1.81684246223656
1106 1.81687652849026
1107 1.81691684113429
1108 1.8169627618443
1109 1.81701362153906
1110 1.81706872816704
1111 1.81712737441977
1112 1.81718884529876
1113 1.81725242546688
1114 1.81731740632005
1115 1.81738309272005
1116 1.81744880933534
1117 1.81751390654215
1118 1.81757776584467
1119 1.81763980477945
1120 1.81769948127526
1121 1.81775629744657
1122 1.81780980280496
1123 1.81785959687909
1124 1.81790533124032
1125 1.81794671093672
1126 1.81798349534426
1127 1.81801549844906
1128 1.81804258857996
1129 1.81806468761509
1130 1.81808176969073
1131 1.81809385944405
1132 1.81810102982537
1133 1.8181033995178
1134 1.81810113000509
1135 1.81809442232995
1136 1.81808351358696
1137 1.81806867319468
1138 1.81805019899246
1139 1.81802841320702
1140 1.81800365833379
1141 1.8179762929768
1142 1.81794668768982
1143 1.81791522085976
1144 1.8178822746713
1145 1.81784823118937
1146 1.81781346859381
1147 1.81777835759722
1148 1.81774325807451
1149 1.81770851592917
1150 1.81767446021811
1151 1.81764140055334
1152 1.81760962479574
1153 1.81757939705213
1154 1.81755095598395
1155 1.81752451343213
1156 1.81750025335951
1157 1.81747833110917
1158 1.81745887297369
1159 1.81744197606758
1160 1.81742770849266
1161 1.81741610978328
1162 1.81740719161626
1163 1.8174009387685
1164 1.81739731030298
1165 1.81739624096297
1166 1.81739764275242
1167 1.81740140667996
1168 1.81740740464284
1169 1.81741549142694
1170 1.81742550679862
1171 1.81743727766418
1172 1.81745062027312
1173 1.81746534244164
1174 1.81748124577382
1175 1.81749812785845
1176 1.81751578442101
1177 1.81753401141108
1178 1.81755260700717
1179 1.81757137352239
1180 1.81759011919591
1181 1.81760865985694
1182 1.81762682044979
1183 1.81764443641019
1184 1.81766135488517
1185 1.81767743579031
1186 1.81769255270038
1187 1.8177065935708
1188 1.81771946128951
1189 1.81773107406017
1190 1.8177413656195
1191 1.81775028529303
1192 1.81775779789475
1193 1.81776388347796
1194 1.8177685369452
1195 1.81777176752672
1196 1.81777359813772
1197 1.81777406462519
1198 1.81777321491624
1199 1.81777110807999
1200 1.81776781331562
