1 2
2 2
3 2
4 2
5 2
6 2
7 2
8 2
9 2
10 2
11 2
12 2
13 2
14 2
15 2
16 2
17 2
18 2
19 2
20 2
21 2
22 2
23 2
24 2
25 2
26 2
27 2
28 2
29 2
30 2.25
31 2.27266666666667
32 2.29533333333333
33 2.318
34 2.34066666666667
35 2.36333333333333
36 2.386
37 2.40866666666667
38 2.43133333333333
39 2.454
40 2.47529870641667
41 2.49414872670483
42 2.51081363781443
43 2.52549710345749
44 2.53835619877978
45 2.5495117856323
46 2.55905659060785
47 2.56706149383545
48 2.57358042422389
49 2.57865416936816
50 2.58232082545435
51 2.58462925209547
52 2.585640964014
53 2.58542531964836
54 2.58405626738069
55 2.58161019372793
56 2.57816454326638
57 2.57379697229725
58 2.56858486585223
59 2.56260509697286
60 2.5559339020859
61 2.54864672351943
62 2.54081794947188
63 2.53252058988119
64 2.52382594312939
65 2.51480328332238
66 2.50551958207466
67 2.49603926917798
68 2.48642403108582
69 2.47673264333002
70 2.46702083202907
71 2.45734116031401
72 2.44774293712855
73 2.4382721472784
74 2.42897140223092
75 2.41987991122533
76 2.41103347207393
77 2.40246448079689
78 2.39420195902552
79 2.38627159796737
80 2.37869581765642
81 2.37149384019924
82 2.3646817757491
83 2.35827271997243
84 2.35227686180301
85 2.34670160030594
86 2.34155166949789
87 2.33682926999484
88 2.33253420638628
89 2.32866402926697
90 2.32521418089396
91 2.32217814347791
92 2.31954758916195
93 2.31731253078925
94 2.31546147260961
95 2.31398156012614
96 2.31285872833553
97 2.31207784766784
98 2.31162286698514
99 2.31147695305178
100 2.31162262594252
101 2.31204188990806
102 2.31271635926962
103 2.31362737896663
104 2.31475613943153
105 2.31608378551578
106 2.31759151923867
107 2.31926069617703
108 2.3210729153586
109 2.32301010256421
110 2.3250545869849
111 2.32718917121833
112 2.32939719462532
113 2.33166259010142
114 2.33396993435021
115 2.33630449177424
116 2.33865225212697
117 2.34099996209351
118 2.34333515099032
119 2.34564615079424
120 2.34792211072889
121 2.35015300665171
122 2.35232964549867
123 2.35444366505423
124 2.35648752932367
125 2.35845451979154
126 2.36033872285542
127 2.36213501372715
128 2.36383903709553
129 2.36544718484397
130 2.3669565711154
131 2.36836500501304
132 2.36967096122164
133 2.37087354882782
134 2.37197247861126
135 2.37296802907071
136 2.37386101143981
137 2.37465273393813
138 2.37534496549241
139 2.37593989915179
140 2.37644011540959
141 2.37684854563163
142 2.37716843577934
143 2.37740331060266
144 2.3775569384653
145 2.37763329695183
146 2.37763653939314
147 2.37757096243375
148 2.37744097475194
149 2.37725106703053
150 2.37700578326434
151 2.37670969347745
152 2.37636736791236
153 2.37598335274094
154 2.37556214733666
155 2.37510818313644
156 2.3746258041108
157 2.37411924885095
158 2.37359263427273
159 2.37304994092832
160 2.37249499990916
161 2.37193148131542
162 2.37136288426109
163 2.37079252837702
164 2.37022354676869
165 2.36965888038029
166 2.36910127371201
167 2.36855327183351
168 2.36801721863287
169 2.36749525623748
170 2.3669893255408
171 2.36650116776683
172 2.36603232700291
173 2.36558415363012
174 2.36515780858015
175 2.36475426834733
176 2.36437433068448
177 2.36401862091211
178 2.36368759877125
179 2.36338156575137
180 2.36310067282648
181 2.36284492853423
182 2.36261420733489
183 2.36240825818921
184 2.36222671329674
185 2.36206909693881
186 2.36193483437278
187 2.36182326072766
188 2.36173362985334
189 2.36166512307958
190 2.36161685784323
191 2.36158789614588
192 2.36157725280681
193 2.36158390347966
194 2.3616067924041
195 2.36164483986692
196 2.36169694935017
197 2.36176201434674
198 2.3618389248269
199 2.36192657334192
200 2.36202386075389
201 2.36212970158333
202 2.3622430289687
203 2.36236279923435
204 2.36248799606585
205 2.36261763429362
206 2.36275076328785
207 2.36288646996968
208 2.36302388144528
209 2.36316216727098
210 2.36330054135937
211 2.36343826353733
212 2.36357464076816
213 2.36370902805137
214 2.36384082901416
215 2.36396949620973
216 2.36409453113811
217 2.36421548400585
218 2.36433195324109
219 2.36444358478119
220 2.36455007115003
221 2.36465115034232
222 2.36474660453219
223 2.3648362586234
224 2.36491997865807
225 2.3649976701008
226 2.36506927601471
227 2.36513477514533
228 2.36519417992809
229 2.36524753443435
230 2.36529491227068
231 2.36533641444519
232 2.36537216721419
233 2.3654023199218
234 2.36542704284448
235 2.36544652505148
236 2.36546097229174
237 2.36547060491688
238 2.36547565584923
239 2.3654763686029
240 2.36547299536543
241 2.36546579514654
242 2.36545503199988
243 2.36544097332287
244 2.3654238882392
245 2.36540404606751
246 2.36538171487942
247 2.36535716014927
248 2.36533064349731
249 2.36530242152757
250 2.36527274476087
251 2.36524185666315
252 2.36520999276859
253 2.3651773798966
254 2.36514423546128
255 2.36511076687165
256 2.36507717102029
257 2.36504363385814
258 2.3650103300524
259 2.36497742272462
260 2.36494506326555
261 2.36491339122316
262 2.36488253426029
263 2.3648526081778
264 2.36482371699946
265 2.36479595311431
266 2.36476939747247
267 2.3647441198301
268 2.36472017903943
269 2.36469762337952
270 2.36467649092373
271 2.36465680993966
272 2.36463859931759
273 2.36462186902348
274 2.36460662057258
275 2.36459284752006
276 2.36458053596485
277 2.36456966506352
278 2.36456020755055
279 2.36455213026212
280 2.36454539466026
281 2.36453995735468
282 2.36453577061949
283 2.36453278290257
284 2.36453093932512
285 2.36453018216941
286 2.36453045135294
287 2.36453168488699
288 2.36453381931842
289 2.36453679015308
290 2.36454053225979
291 2.36454498025385
292 2.36455006885933
293 2.36455573324932
294 2.36456190936376
295 2.36456853420448
296 2.36457554610712
297 2.36458288498994
298 2.36459049257961
299 2.36459831261398
300 2.36460629102224
301 2.36461437608285
302 2.36462251855959
303 2.36463067181647
304 2.36463879191198
305 2.36464683767352
306 2.36465477075266
307 2.36466255566224
308 2.364670159796
309 2.36467755343179
310 2.36468470971923
311 2.36469160465294
312 2.36469821703209
313 2.3647045284076
314 2.36471052301773
315 2.36471618771321
316 2.36472151187299
317 2.36472648731141
318 2.36473110817805
319 2.36473537085095
320 2.36473927382439
321 2.36474281759199
322 2.36474600452618
323 2.36474883875468
324 2.36475132603501
325 2.36475347362778
326 2.36475529016941
327 2.36475678554507
328 2.36475797076253
329 2.36475885782742
330 2.36475945962058
331 2.36475978977805
332 2.36475986257402
333 2.36475969280741
334 2.36475929569229
335 2.36475868675255
336 2.36475788172121
337 2.36475689644448
338 2.36475574679092
339 2.36475444856586
340 2.36475301743117
341 2.36475146883051
342 2.36474981792022
343 2.36474807950575
344 2.36474626798372
345 2.36474439728961
346 2.36474248085091
347 2.36474053154578
348 2.3647385616671
349 2.36473658289167
350 2.36473460625456
351 2.36473264212837
352 2.3647307002072
353 2.36472878949523
354 2.36472691829956
355 2.36472509422726
356 2.36472332418626
357 2.36472161438989
358 2.36471997036489
359 2.36471839696254
360 2.36471689837279
361 2.36471547814097
362 2.36471413918706
363 2.36471288382702
364 2.36471171379616
365 2.36471063027419
366 2.36470963391171
367 2.364708724858
368 2.36470790278979
369 2.36470716694088
370 2.36470651613232
371 2.36470594880304
372 2.3647054630407
373 2.36470505661253
374 2.36470472699617
375 2.36470447141007
376 2.36470428684362
377 2.36470417008664
378 2.36470411775817
379 2.36470412633458
380 2.36470419217662
381 2.36470431155563
382 2.36470448067861
383 2.36470469571213
384 2.36470495280512
385 2.36470524811033
386 2.36470557780458
387 2.36470593810758
388 2.36470632529957
389 2.3647067357374
390 2.36470716586947
391 2.3647076122491
392 2.36470807154668
393 2.36470854056049
394 2.36470901622607
395 2.36470949562448
396 2.36470997598917
397 2.36471045471172
398 2.3647109293463
399 2.36471139761315
400 2.11471139761315
401 2.06937851364651
402 2.02404561748698
403 1.978712707532
404 1.93337978234681
405 1.88804684066223
406 1.84271388137159
407 1.79738090352701
408 1.75204790633514
409 1.70671488915215
410 1.66274981424429
411 1.62135743728426
412 1.58248494918823
413 1.54609644706185
414 1.51216894094795
415 1.48068925582663
416 1.45165163035656
417 1.42505585775765
418 1.40090584843843
419 1.37920852061268
420 1.35996546062582
421 1.34316043955856
422 1.32875718502215
423 1.31670371504035
424 1.30693559383401
425 1.2993783804662
426 1.29394947393614
427 1.29055950749593
428 1.28911340667693
429 1.28951119669675
430 1.29164866421565
431 1.29541801455133
432 1.30070860041042
433 1.30740769580045
434 1.31540126771404
435 1.32457471770926
436 1.33481357845493
437 1.34600415868823
438 1.35803413527893
439 1.37079309422258
440 1.38417302388021
441 1.39806876369358
442 1.41237841043719
443 1.42700368292549
444 1.44185024558733
445 1.45682799131433
446 1.47185128421204
447 1.48683916317641
448 1.50171550749716
449 1.51640916591571
450 1.5308540507246
451 1.54498919859543
452 1.55875879988203
453 1.5721121981847
454 1.5850038619925
455 1.59739333024768
456 1.60924513369814
457 1.62052869391938
458 1.63121820189332
459 1.64129247802812
460 1.65073481548937
461 1.65953280868951
462 1.6676781687498
463 1.67516652770921
464 1.68199723320702
465 1.68817313531275
466 1.69370036711795
467 1.69858812064069
468 1.70284841952569
469 1.70649588995096
470 1.70954753107731
471 1.71202248629915
472 1.71394181647594
473 1.71532827624222
474 1.7162060944124
475 1.71660075941388
476 1.71653881059953
477 1.71604763620859
478 1.71515527866349
479 1.71389024781036
480 1.71228134263201
481 1.71035748188591
482 1.70814754404483
483 1.70568021684581
484 1.70298385668392
485 1.70008635802021
486 1.69701503291028
487 1.69379650069922
488 1.69045658787184
489 1.68702023799366
490 1.68351143162793
491 1.67995311606775
492 1.6763671446794
493 1.67277422561381
494 1.66919387960756
495 1.66564440656291
496 1.6621428605677
497 1.6587050329912
498 1.65534544327043
499 1.65207733698327
500 1.64891269078954
501 1.64586222380971
502 1.64293541500169
503 1.64014052609035
504 1.63748462960106
505 1.63497364154785
506 1.63261235832867
507 1.63040449738387
508 1.62835274118071
509 1.6264587840943
510 1.62472338176554
511 1.6231464025283
512 1.62172688051072
513 1.62046307003035
514 1.61935250091807
515 1.61839203442253
516 1.61757791936405
517 1.61690584822536
518 1.61637101288516
519 1.61596815971979
520 1.61569164381776
521 1.61553548207172
522 1.6154934049323
523 1.61555890662805
524 1.61572529367524
525 1.61598573152114
526 1.61633328918301
527 1.61676098176432
528 1.61726181074748
529 1.61782880198061
530 1.6184550412925
531 1.61913370768677
532 1.61985810408174
533 1.62062168557765
534 1.6214180852471
535 1.62224113745772
536 1.62308489874916
537 1.62394366629758
538 1.62481199401212
539 1.62568470631755
540 1.62655690968649
541 1.62742400199275
542 1.62828167976469
543 1.62912594342399
544 1.62995310060105
545 1.63075976762261
546 1.63154286927195
547 1.63229963692454
548 1.63302760516514
549 1.63372460699381
550 1.63438876772966
551 1.63501849772149
552 1.63561248397453
553 1.63616968080162
554 1.63668929960618
555 1.63717079790234
556 1.63761386767574
557 1.63801842318551
558 1.6383845883054
559 1.63871268349843
560 1.63900321251579
561 1.63925684890702
562 1.63947442242429
563 1.63965690539903
564 1.63980539916523
565 1.63992112059844
566 1.64000538883544
567 1.64005961223421
568 1.64008527562948
569 1.64008392793399
570 1.64005717013094
571 1.64000664369842
572 1.63993401950168
573 1.63984098718472
574 1.63972924508807
575 1.63960049071525
576 1.63945641176617
577 1.63929867775171
578 1.63912893219963
579 1.63894878545834
580 1.63875980810159
581 1.63856352493343
582 1.63836140959015
583 1.63815487973239
584 1.63794529281823
585 1.63773394244555
586 1.63752205524929
587 1.63731078833746
588 1.63710122724778
589 1.63689438440494
590 1.63669119805728
591 1.63649253167018
592 1.63629917375242
593 1.63611183809089
594 1.63593116436841
595 1.63575771913859
596 1.63559199713165
597 1.63543442286468
598 1.63528535252973
599 1.6351450761335
600 1.63501381986229
601 1.63489174864628
602 1.63477896889803
603 1.63467553140007
604 1.63458143431764
605 1.63449662631313
606 1.63442100973964
607 1.6343544438922
608 1.63429674829564
609 1.63424770600991
610 1.63420706693391
611 1.63417455109057
612 1.63414985187675
613 1.63413263926284
614 1.63412256292792
615 1.63411925531781
616 1.63412233461415
617 1.63413140760401
618 1.63414607244083
619 1.63416592128815
620 1.6341905428393
621 1.63421952470678
622 1.63425245567636
623 1.63428892782204
624 1.63432853847869
625 1.63437089207034
626 1.63441560179297
627 1.63446229115143
628 1.63451059535087
629 1.63456016254394
630 1.63461065493568
631 1.63466174974851
632 1.63471314005053
633 1.63476453545082
634 1.63481566266582
635 1.63486626596146
636 1.63491610747594
637 1.6349649674286
638 1.63501264422036
639 1.63505895443173
640 1.63510373272433
641 1.63514683165221
642 1.63518812138924
643 1.63522748937904
644 1.63526483991383
645 1.63530009364858
646 1.63533318705701
647 1.63536407183559
648 1.63539271426192
649 1.63541909451346
650 1.63544320595267
651 1.63546505438428
652 1.6354846572903
653 1.63550204304818
654 1.63551725013717
655 1.63553032633789
656 1.63554132792974
657 1.6355503188905
658 1.63555737010224
659 1.63556255856752
660 1.6355659666392
661 1.63556768126735
662 1.63556779326618
663 1.63556639660365
664 1.63556358771633
665 1.63555946485148
666 1.63555412743839
667 1.63554767549054
668 1.6355402090399
669 1.63553182760451
670 1.63552262969027
671 1.63551271232741
672 1.63550217064221
673 1.63549109746408
674 1.63547958296804
675 1.63546771435238
676 1.63545557555114
677 1.63544324698092
678 1.63543080532132
679 1.63541832332811
680 1.63540586967838
681 1.63539350884636
682 1.63538130100902
683 1.63536930197998
684 1.63535756317051
685 1.63534613157624
686 1.63533504978806
687 1.63532435602585
688 1.63531408419333
689 1.63530426395273
690 1.63529492081744
691 1.63528607626132
692 1.63527774784302
693 1.63526994934373
694 1.63526269091681
695 1.63525597924802
696 1.63524981772454
697 1.63524420661162
698 1.63523914323541
699 1.63523462217057
700 1.63523063543142
701 1.63522717266546
702 1.63522422134797
703 1.63522176697674
704 1.63521979326578
705 1.63521828233702
706 1.63521721490929
707 1.63521657048346
708 1.63521632752321
709 1.63521646363059
710 1.63521695571588
711 1.63521778016098
712 1.63521891297611
713 1.63522032994907
714 1.63522200678704
715 1.63522391925033
716 1.63522604327801
717 1.63522835510515
718 1.63523083137157
719 1.63523344922206
720 1.63523618639796
721 1.63523902132019
722 1.63524193316375
723 1.63524490192388
724 1.63524790847388
725 1.63525093461489
726 1.63525396311781
727 1.63525697775763
728 1.63525996334028
729 1.63526290572258
730 1.6352657918253
731 1.6352686096399
732 1.63527134822907
733 1.63527399772169
734 1.6352765493023
735 1.63527899519563
736 1.63528132864658
737 1.63528354389581
738 1.63528563615168
739 1.6352876015585
740 1.63528943716189
741 1.63529114087117
742 1.63529271141963
743 1.63529414832253
744 1.63529545183359
745 1.63529662290008
746 1.63529766311683
747 1.63529857467956
748 1.63529936033779
749 1.63530002334751
750 1.63530056742405
751 1.63530099669522
752 1.63530131565505
753 1.6353015291183
754 1.63530164217598
755 1.63530166015201
756 1.63530158856118
757 1.63530143306861
758 1.63530119945081
759 1.63530089355838
760 1.63530052128059
761 1.63530008851183
762 1.63529960111997
763 1.63529906491679
764 1.63529848563039
765 1.63529786887972
766 1.63529722015119
767 1.63529654477732
768 1.6352958479175
769 1.63529513454084
770 1.63529440941095
771 1.6352936770728
772 1.63529294184148
773 1.63529220779282
774 1.6352914787559
775 1.6352907583072
776 1.63529004976662
777 1.63528935619485
778 1.63528868039254
779 1.63528802490067
780 1.63528739200242
781 1.63528678372626
782 1.63528620185018
783 1.63528564790704
784 1.63528512319088
785 1.63528462876417
786 1.6352841654658
787 1.63528373391982
788 1.63528333454481
789 1.63528296756378
790 1.63528263301452
791 1.63528233076034
792 1.63528206050107
793 1.63528182178433
794 1.63528161401687
795 1.63528143647608
796 1.63528128832144
797 1.63528116860593
798 1.63528107628738
799 1.63528101023957
800 1.81094763592987
801 1.8222809520966
802 1.83361429075938
803 1.84494765056252
804 1.85628103011804
805 1.86761442801497
806 1.87894784282814
807 1.89028127312663
808 1.90161471748172
809 1.91294817447432
810 1.92332042263294
811 1.93199720694915
812 1.93920644865353
813 1.94512525381708
814 1.94989116733621
815 1.95361093816306
816 1.95636734597672
817 1.95822451786628
818 1.9592320688581
819 1.95942832632251
820 1.95884810045553
821 1.95753233543038
822 1.95552937042123
823 1.95289146202195
824 1.94967249833741
825 1.94592654713861
826 1.94170698037419
827 1.9370659905378
828 1.93205436782425
829 1.92672144583172
830 1.92111512285086
831 1.91528185248444
832 1.90926655592149
833 1.90311248533606
834 1.89686107853705
835 1.89055182614446
836 1.88422216087669
837 1.87790737158543
838 1.87164054080677
839 1.86545250268156
840 1.85937181753544
841 1.85342475999362
842 1.84763531874618
843 1.84202520713088
844 1.83661388416584
845 1.8314185857161
846 1.82645436536082
847 1.82173414437163
848 1.8172687700816
849 1.81306708184162
850 1.80913598373007
851 1.8054805231904
852 1.80210397480295
853 1.79900792843405
854 1.79619238104016
855 1.79365583143449
856 1.79139537734969
857 1.78940681415619
858 1.78768473462192
859 1.78622262912735
860 1.78501298578064
861 1.78404738990969
862 1.78331662244204
863 1.7828107567182
864 1.78251925331917
865 1.78243105252424
866 1.78253466405019
867 1.78281825375793
868 1.78326972704716
869 1.78387680869325
870 1.78462711891404
871 1.78550824548647
872 1.78650781176448
873 1.78761354048007
874 1.78881331323853
875 1.79009522564722
876 1.79144763804344
877 1.7928592218128
878 1.79431900131295
879 1.79581639144016
880 1.79734123089696
881 1.79888381123855
882 1.80043490179321
883 1.80198577056859
884 1.80352820126993
885 1.80505450656994
886 1.80655753778129
887 1.80803069109301
888 1.80946791054096
889 1.81086368788927
890 1.81221305960638
891 1.8135116011231
892 1.81475541856401
893 1.81594113814535
894 1.8170658934337
895 1.81812731065945
896 1.81912349227808
897 1.8200529989701
898 1.82091483026758
899 1.82170840399125
900 1.8224335346778
901 1.82309041117162
902 1.82367957354939
903 1.82420188953959
904 1.82465853059206
905 1.8250509477454
906 1.82538084743249
907 1.82565016735621
908 1.82586105255962
909 1.8260158318061
910 1.82611699437677
911 1.8261671673838
912 1.82616909368982
913 1.82612561051485
914 1.82603962880396
915 1.82591411342029
916 1.82575206422014
917 1.82555649805839
918 1.8253304317652
919 1.82507686612693
920 1.8247987708973
921 1.82449907085748
922 1.82418063293738
923 1.82384625440394
924 1.82349865211613
925 1.82314045284095
926 1.82277418461914
927 1.82240226916459
928 1.82202701527684
929 1.82165061324192
930 1.82127513019291
931 1.82090250639825
932 1.82053455244283
933 1.82017294726408
934 1.81981923700319
935 1.81947483462924
936 1.81914102029292
937 1.81881894236467
938 1.81850961911149
939 1.8182139409658
940 1.81793267333937
941 1.81766645993515
942 1.81741582651017
943 1.8171811850428
944 1.81696283825842
945 1.81676098446829
946 1.81657572267752
947 1.81640705791899
948 1.81625490677175
949 1.81611910302353
950 1.81599940343885
951 1.81589549359591
952 1.81580699375718
953 1.81573346474037
954 1.81567441375891
955 1.81562930020232
956 1.81559754132964
957 1.81557851785061
958 1.81557157937174
959 1.8155760496861
960 1.81559123188819
961 1.81561641329691
962 1.81565087017182
963 1.81569387220986
964 1.81574468681161
965 1.81580258310797
966 1.8158668357401
967 1.81593672838702
968 1.81601155703708
969 1.81609063300096
970 1.81617328566562
971 1.81625886498957
972 1.81634674374181
973 1.81643631948736
974 1.81652701632405
975 1.81661828637579
976 1.81670961104899
977 1.81680050205918
978 1.81689050223616
979 1.81697918611638
980 1.81706616033189
981 1.81715106380592
982 1.81723356776541
983 1.81731337558117
984 1.81739022244681
985 1.81746387490751
986 1.81753413025017
987 1.81760081576615
988 1.81766378789825
989 1.81772293128308
990 1.81777815770031
991 1.81782940493961
992 1.81787663559643
993 1.81791983580698
994 1.81795901393286
995 1.81799419920524
996 1.81802544033823
997 1.81805280412053
998 1.81807637399419
999 1.81809624862884
1000 1.81811254049906
1001 1.81812537447246
1002 1.81813488641519
1003 1.81814122182134
1004 1.81814453447207
1005 1.81814498512984
1006 1.81814274027257
1007 1.81813797087223
1008 1.81813085122151
1009 1.81812155781216
1010 1.81811026826782
1011 1.81809716033379
1012 1.81808241092576
1013 1.81806619523913
1014 1.81804868591993
1015 1.81803005229828
1016 1.81801045968463
1017 1.81799006872895
1018 1.81796903484241
1019 1.81794750768103
1020 1.81792563069043
1021 1.81790354071029
1022 1.81788136763741
1023 1.81785923414534
1024 1.81783725545912
1025 1.81781553918267
1026 1.81779418517702
1027 1.81777328548671
1028 1.81775292431216
1029 1.81773317802529
1030 1.81771411522574
1031 1.81769579683517
1032 1.81767827622668
1033 1.81766159938675
1034 1.81764580510681
1035 1.81763092520176
1036 1.81761698475262
1037 1.81760400237068
1038 1.81759199048035
1039 1.81758095561824
1040 1.81757089874588
1041 1.81756181557351
1042 1.81755369689277
1043 1.81754652891581
1044 1.81754029361872
1045 1.81753496908724
1046 1.8175305298627
1047 1.81752694728634
1048 1.8175241898404
1049 1.8175222234842
1050 1.81752101198381
1051 1.81752051723391
1052 1.81752069957059
1053 1.81752151807404
1054 1.81752293085995
1055 1.81752489535887
1056 1.81752736858281
1057 1.8175303073782
1058 1.81753366866488
1059 1.81753740966063
1060 1.81754148809075
1061 1.81754586238272
1062 1.81755049184552
1063 1.81755533683382
1064 1.81756035889676
1065 1.81756552091178
1066 1.81757078720337
1067 1.81757612364718
1068 1.81758149775977
1069 1.8175868787743
1070 1.81759223770265
1071 1.81759754738447
1072 1.81760278252354
1073 1.8176079197122
1074 1.81761293744418
1075 1.81761781611669
1076 1.8176225380222
1077 1.81762708733066
1078 1.8176314500628
1079 1.81763561405519
1080 1.8176395689177
1081 1.81764330598404
1082 1.81764681825606
1083 1.81765010034253
1084 1.81765314839296
1085 1.81765596002709
1086 1.81765853426084
1087 1.81766087142912
1088 1.81766297310622
1089 1.81766484202437
1090 1.81766648199082
1091 1.81766789780428
1092 1.81766909517086
1093 1.81767008062024
1094 1.81767086142243
1095 1.81767144550541
1096 1.81767184137425
1097 1.81767205803186
1098 1.8176721049018
1099 1.81767199175343
1100 1.81767172862955
1101 1.81767132577702
1102 1.81767079358022
1103 1.81767014249781
1104 1.81766938300278
1105 1.817668525526
1106 1.8176675804033
1107 1.81766655782615
1108 1.81766546779608
1109 1.81766432008276
1110 1.81766312418576
1111 1.81766188930008
1112 1.81766062428524
1113 1.81765933763804
1114 1.81765803746883
1115 1.81765673148121
1116 1.81765542695517
1117 1.81765413073336
1118 1.81765284921057
1119 1.81765158832621
1120 1.81765035355961
1121 1.81764914992806
1122 1.81764798198745
1123 1.81764685383527
1124 1.81764576911591
1125 1.81764473102803
1126 1.81764374233388
1127 1.81764280537037
1128 1.81764192206176
1129 1.81764109393377
1130 1.81764032212902
1131 1.81763960742357
1132 1.81763895024438
1133 1.81763835068768
1134 1.81763780853797
1135 1.81763732328755
1136 1.81763689415647
1137 1.8176365201127
1138 1.81763619989255
1139 1.81763593202098
1140 1.81763571483195
1141 1.81763554648854
1142 1.81763542500276
1143 1.81763534825506
1144 1.8176353140133
1145 1.8176353199513
1146 1.81763536366674
1147 1.81763544269836
1148 1.81763555454257
1149 1.81763569666922
1150 1.8176358665366
1151 1.81763606160565
1152 1.81763627935323
1153 1.81763651728467
1154 1.81763677294526
1155 1.81763704393097
1156 1.81763732789823
1157 1.81763762257279
1158 1.81763792575773
1159 1.81763823534055
1160 1.81763854929941
1161 1.81763886570855
1162 1.81763918274279
1163 1.81763949868136
1164 1.81763981191081
1165 1.8176401209273
1166 1.8176404243381
1167 1.81764072086242
1168 1.81764100933164
1169 1.81764128868886
1170 1.81764155798795
1171 1.81764181639202
1172 1.81764206317144
1173 1.81764229770136
1174 1.81764251945889
1175 1.81764272801979
1176 1.81764292305498
1177 1.81764310432663
1178 1.81764327168404
1179 1.81764342505931
1180 1.81764356446282
1181 1.81764368997852
1182 1.81764380175921
1183 1.8176439000216
1184 1.81764398504141
1185 1.81764405714846
1186 1.81764411672166
1187 1.81764416418415
1188 1.81764419999844
1189 1.81764422466158
1190 1.81764423870056
1191 1.81764424266769
1192 1.81764423713619
1193 1.81764422269589
1194 1.81764419994917
1195 1.81764416950695
1196 1.817644131985
1197 1.81764408800035
1198 1.81764403816796
1199 1.81764398309755
1200 1.81764392339068
