1 2
2 2
3 2
4 2
5 2
6 2
7 2
8 2
9 2
10 2
11 2
12 2
13 2
14 2
15 2
16 2
17 2
18 2
19 2
20 2
21 2
22 2
23 2
24 2
25 2
26 2
27 2
28 2
29 2
30 2.225
31 2.275
32 2.325
33 2.375
34 2.425
35 2.475
36 2.525
37 2.575
38 2.625
39 2.675
40 2.7242115409375
41 2.77178364769687
42 2.8
43 2.8
44 2.8
45 2.8
46 2.8
47 2.8
48 2.8
49 2.8
50 2.8
51 2.8
52 2.8
53 2.8
54 2.8
55 2.8
56 2.8
57 2.79865793639394
58 2.79446243490942
59 2.78755276490184
60 2.77806146719848
61 2.76611466390669
62 2.75183235737649
63 2.73532871789387
64 2.71671235991265
65 2.69608660680664
66 2.6735497442529
67 2.64919996539409
68 2.62314492915447
69 2.59550561397209
70 2.56641477480023
71 2.53601551508346
72 2.50445996707019
73 2.47190807399406
74 2.43852646787244
75 2.40448743691409
76 2.36996797679178
77 2.33514890382725
78 2.30021397808444
79 2.26534899217272
80 2.23074082065214
81 2.19657644187826
82 2.1630419428089
83 2.13032151608631
84 2.09859645759756
85 2.0680441717
86 2.03883719036959
87 2.01114221174099
88 1.98511916300893
89 1.96092029250559
90 1.93868929577905
91 1.91856048048349
92 1.90065797480348
93 1.88509498398523
94 1.87197309934678
95 1.86138166389731
96 1.85339719842048
97 1.84808289157623
98 1.84548815725434
99 1.84564826207532
100 1.84858402558019
101 1.85430159528209
102 1.86279229836996
103 1.87403257145933
104 1.88798396937957
105 1.90459325357254
106 1.92379256025663
107 1.94549964808514
108 1.96961822460082
109 1.9960383503618
110 2.02463691918993
111 2.05527821257365
112 2.0878145258455
113 2.1220868633522
114 2.15792569944431
115 2.19515180173607
116 2.23357711272487
117 2.27300568551743
118 2.31323466908696
119 2.35405533818473
120 2.39525416275268
121 2.43661391143182
122 2.47791478353648
123 2.51893556366795
124 2.55945479297434
125 2.59925195092726
126 2.63810864138146
127 2.67580977661168
128 2.71214475298215
129 2.74690861189907
130 2.77990317972483
131 2.8
132 2.8
133 2.8
134 2.8
135 2.8
136 2.8
137 2.8
138 2.8
139 2.8
140 2.8
141 2.8
142 2.8
143 2.797439660272
144 2.79208653335247
145 2.78407669465898
146 2.77353969720376
147 2.76059886030716
148 2.7453715509308
149 2.72796945649945
150 2.7084988484654
151 2.68706083616313
152 2.66375161072398
153 2.63867165109053
154 2.61193445223417
155 2.58366616274114
156 2.55400409157904
157 2.52309532688186
158 2.49109546021403
159 2.45816740995855
160 2.42448033769749
161 2.39020865170197
162 2.35553109191342
163 2.32062985962912
164 2.28568973007244
165 2.25089712232294
166 2.21643913507782
167 2.18250255950167
168 2.14927287915464
169 2.11693326582458
170 2.0856635790207
171 2.05563937590881
172 2.02703093757575
173 2.00000231680769
174 1.97471041223112
175 1.95130407363131
176 1.92992324328251
177 1.91069813807617
178 1.89374847711777
179 1.87918275928996
180 1.86709759506019
181 1.85757709655374
182 1.85069232962605
183 1.84650083135866
184 1.84504619607424
185 1.8463577326222
186 1.85045019532563
187 1.85732359060597
188 1.86696306091331
189 1.87933884719065
190 1.89440633069043
191 1.91210615454429
192 1.93236442506396
193 1.95509299232477
194 1.98018980915589
195 2.00753936723565
196 2.03701320856749
197 2.068470510196
198 2.1017587396139
199 2.13671437791309
200 2.17316370734752
201 2.21092365960521
202 2.249802720733
203 2.28960188832317
204 2.33011567625675
205 2.37113316200754
206 2.4124390712439
207 2.45381489422445
208 2.49504002827092
209 2.53589294041671
210 2.57615234417564
211 2.61559838425211
212 2.65401382292303
213 2.6911852217634
214 2.72690411236258
215 2.76096814968734
216 2.79318224179021
217 2.8
218 2.8
219 2.8
220 2.8
221 2.8
222 2.8
223 2.8
224 2.8
225 2.8
226 2.8
227 2.8
228 2.79913421575183
229 2.79539313813966
230 2.78891678415736
231 2.7798384768846
232 2.76828513785992
233 2.75437757294101
234 2.73823075024757
235 2.71995406923114
236 2.69965162026047
237 2.67742243437181
238 2.65336375696615
239 2.62758091970973
240 2.60019283528357
241 2.57133043568582
242 2.54113522642221
243 2.50975794996543
244 2.47735735201706
245 2.44409904430792
246 2.41015445790747
247 2.37569988126925
248 2.34091556687569
249 2.30598485835029
250 2.27109328658129
251 2.23642762444453
252 2.20217491217266
253 2.16852146408927
254 2.13565186620251
255 2.10374797302962
256 2.07298791099355
257 2.0435450947919
258 2.01558726231646
259 1.98927553313967
260 1.96476349538189
261 1.94219632578105
262 1.92170994778437
263 1.9034302324048
264 1.88747224644415
265 1.87393955249187
266 1.86292356487244
267 1.85450296544398
268 1.84874318285382
269 1.84569593853871
270 1.84539886242226
271 1.84787518091072
272 1.85313347942224
273 1.86116754130397
274 1.87195626459817
275 1.88546365771458
276 1.90163891465296
277 1.92041656999968
278 1.94171673349781
279 1.96544540356314
280 1.99149485869158
281 2.0197441252788
282 2.05005951995285
283 2.08229526410726
284 2.11629416791813
285 2.15188838073567
286 2.1889002043618
287 2.22714296536152
288 2.26642194221013
289 2.30653534275212
290 2.34727532714316
291 2.38842907116532
292 2.42977986454998
293 2.47110823871322
294 2.51219311810744
295 2.55281298922106
296 2.59274708111692
297 2.63177655129017
298 2.6696856705492
299 2.7062630005786
300 2.74130255783277
301 2.77460495743142
302 2.8
303 2.8
304 2.8
305 2.8
306 2.8
307 2.8
308 2.8
309 2.8
310 2.8
311 2.8
312 2.8
313 2.8
314 2.79790818738669
315 2.79300076718951
316 2.78541490686856
317 2.77528120354381
318 2.76272397383495
319 2.74786153653567
320 2.73080648692082
321 2.7116659618872
322 2.6905418954347
323 2.66753126422728
324 2.64273365340829
325 2.61626030108344
326 2.58823535538456
327 2.55879436230315
328 2.5280828666133
329 2.49625511932249
330 2.463472885264
331 2.4299043446627
332 2.39572308275059
333 2.36110716177098
334 2.32623824429392
335 2.29130070980758
336 2.25648073189081
337 2.22196531921735
338 2.18794133186704
339 2.15459448313563
340 2.12210833585389
341 2.0906633011432
342 2.06043564654286
343 2.03159651953849
344 2.0043109917851
345 1.9787371289198
346 1.9550250907789
347 1.93331626684996
348 1.91374245175443
349 1.89642506545139
350 1.88147442268884
351 1.86898905601694
352 1.85905509642619
353 1.85174571539099
354 1.84712063179307
355 1.84522568687362
356 1.84609249002076
357 1.84973813784182
358 1.85616500859678
359 1.8653606336838
360 1.87729764746924
361 1.8919338163467
362 1.90921214749323
363 1.92906107736847
364 1.95139473957689
365 1.97611331128589
366 2.0031034369663
367 2.03223872779885
368 2.06338033467256
369 2.09637759229153
370 2.13106873150678
371 2.16728165660258
372 2.20483478389376
373 2.24353793763412
374 2.28319329889827
375 2.32359640278191
376 2.36453717897073
377 2.40580103045743
378 2.44716994494112
379 2.48842363322601
380 2.52934068874703
381 2.56969976219097
382 2.60928074505366
383 2.64786595587729
384 2.68524132284867
385 2.7211975564088
386 2.75553130552753
387 2.78804629133466
388 2.8
389 2.8
390 2.8
391 2.8
392 2.8
393 2.8
394 2.8
395 2.8
396 2.8
397 2.8
398 2.8
399 2.79961350917901
400 2.54961350917901
401 2.443570919796
402 2.33490523073441
403 2.22374437972457
404 2.11021014324815
405 1.99441841578906
406 1.87647948035129
407 1.7564982695802
408 1.63457461709721
409 1.51080485323038
410 1.38615655405819
411 1.26183799170368
412 1.2
413 1.2
414 1.2
415 1.2
416 1.2
417 1.2
418 1.2
419 1.2
420 1.2
421 1.2
422 1.2
423 1.2
424 1.2
425 1.2
426 1.2
427 1.2
428 1.2
429 1.2
430 1.2
431 1.2
432 1.2
433 1.2
434 1.2
435 1.2
436 1.2
437 1.2
438 1.2
439 1.20085369704376
440 1.2045863335416
441 1.21105703883893
442 1.22013182723297
443 1.23168326325628
444 1.24559014283855
445 1.26173718968109
446 1.28001476618653
447 1.30031859829907
448 1.32254951362699
449 1.34661020066014
450 1.37239531068768
451 1.39978590929817
452 1.42865103981196
453 1.45884917039849
454 1.49022953159368
455 1.52263335075852
456 1.55589498980176
457 1.58984299224124
458 1.62430104541286
459 1.65908887384273
460 1.69402311187492
461 1.72891820726548
462 1.76358736629726
463 1.79784352833446
464 1.83150035907283
465 1.86437325297123
466 1.89628033647887
467 1.92704346470581
468 1.95648920512892
469 1.98444980274948
470 2.01076412168386
471 2.0352785583727
472 2.05784792158672
473 2.07833627440869
474 2.09661773344828
475 2.11257722068698
476 2.12611116354317
477 2.13712813898396
478 2.14554945778018
479 2.1513096852985
480 2.15435709554226
481 2.15465405548832
482 2.15217733711818
483 2.14691835490817
484 2.13888332692421
485 2.12809335805944
486 2.11458444435781
487 2.09840739777934
488 2.07962769118329
489 2.05832522372975
490 2.03459400732739
491 2.00854177518192
492 1.98028951392462
493 1.94997092122054
494 1.91773179116879
495 1.88372933021216
496 1.84813140666547
497 1.81111573735187
498 1.77286901519933
499 1.73358598199615
500 1.69346845082973
501 1.65272428303804
502 1.61156632478385
503 1.57021130861806
504 1.52887872562796
505 1.48778967396697
506 1.44716568973495
507 1.40722756631895
508 1.36819416841418
509 1.33028124702251
510 1.29370026176983
511 1.25865721689472
512 1.22535151723743
513 1.2
514 1.2
515 1.2
516 1.2
517 1.2
518 1.2
519 1.2
520 1.2
521 1.2
522 1.2
523 1.2
524 1.2
525 1.20209145603146
526 1.2069985376784
527 1.21458407647038
528 1.22471747435481
529 1.237274413847
530 1.25213657534775
531 1.26919136282945
532 1.28833163868979
533 1.309455468266
534 1.33246587426997
535 1.35726327221927
536 1.38373642570945
537 1.41176118811526
538 1.44120201477173
539 1.47191336206498
540 1.50374097999446
541 1.5365231045925
542 1.5700915563699
543 1.6042727507109
544 1.63888862587895
545 1.67375751970597
546 1.70869505299799
547 1.74351505235698
548 1.7780305091727
549 1.81205456330881
550 1.84540150129167
551 1.87788775999084
552 1.90933292786409
553 1.93956073683145
554 1.96840003874887
555 1.99568576118793
556 2.02125983762632
557 2.04497210723468
558 2.06668117942898
559 2.08625525839292
560 2.10357292287978
561 2.11852385676732
562 2.1310095260511
563 2.14094379821356
564 2.14825350018797
565 2.152878911443
566 2.15477418903902
567 2.15390772184922
568 2.15026241149642
569 2.14383587792874
570 2.13464058794357
571 2.12270390536703
572 2.10806806200457
573 2.09079004889448
574 2.07094142781837
575 2.04860806344857
576 2.02388977693951
577 1.99689992219652
578 1.96776488647851
579 1.93662351740837
580 1.90362647887474
581 1.86893553870833
582 1.83272279140331
583 1.79516981952729
584 1.75646679781974
585 1.71681154431635
586 1.67640852315449
587 1.63546780400929
588 1.59420398338112
589 1.55283507319993
590 1.51158136242954
591 1.47066425754445
592 1.43030510791022
593 1.39072402222721
594 1.35213868229326
595 1.31476316040481
596 1.27880674674582
597 1.24447279311095
598 1.21195757927141
599 1.2
600 1.2
601 1.2
602 1.2
603 1.2
604 1.2
605 1.2
606 1.2
607 1.2
608 1.2
609 1.2
610 1.20038612864782
611 1.20367088786078
612 1.20971314947433
613 1.21837852674561
614 1.22953908117639
615 1.24307303555152
616 1.25886449468709
617 1.27680317491144
618 1.29678414294275
619 1.31870756455312
620 1.34247711010596
621 1.36798975902687
622 1.39512864720919
623 1.42376464808405
624 1.45375783670921
625 1.48495884351793
626 1.51721010422527
627 1.5503470121932
628 1.58419897932508
629 1.61859041130618
630 1.65334160748151
631 1.6882696296283
632 1.72318919841858
633 1.75791363332933
634 1.7922558237294
635 1.82602922021888
636 1.85904883653651
637 1.89113225349059
638 1.922100617413
639 1.95177962659126
640 1.98000049998879
641 2.0066009231898
642 2.03142596675503
643 2.05432897217049
644 2.07517240055993
645 2.09382863939815
646 2.11018076259351
647 2.12412323949376
648 2.13556258859915
649 2.14441797203251
650 2.15062172710903
651 2.15411983166395
652 2.15487230012832
653 2.1528535076924
654 2.14805244025945
655 2.14047286827176
656 2.13013344288135
657 2.11706771334089
658 2.10132406490197
659 2.08296557692714
660 2.06206980134619
661 2.03872846201392
662 2.01304707595391
663 1.98514449789815
664 1.95515238995326
665 1.92321461863898
666 1.88948658195022
667 1.85413446948892
668 1.81733445909378
669 1.77927185376203
670 1.74014016300685
671 1.70014013312308
672 1.65947873114269
673 1.61836808754623
674 1.57702440305688
675 1.53566682507786
676 1.49451629953957
677 1.45379440409987
678 1.41372216878744
679 1.37451889029282
680 1.33640094619498
681 1.2995806154606
682 1.26426491157009
683 1.2306544346063
684 1.2
685 1.2
686 1.2
687 1.2
688 1.2
689 1.2
690 1.2
691 1.2
692 1.2
693 1.2
694 1.2
695 1.2
696 1.20162491434278
697 1.20608817761106
698 1.21325153402177
699 1.2229833459179
700 1.23515830280201
701 1.24965713732264
702 1.26636634948443
703 1.28517793993477
704 1.30598915286015
705 1.32870222878364
706 1.3532184732455
707 1.37942889715264
708 1.40721134586619
709 1.43643203023521
710 1.4669469434738
711 1.49860317046523
712 1.53124009591032
713 1.56469051752488
714 1.59878167025036
715 1.63333616718167
716 1.66817288259963
717 1.70310783137252
718 1.7379550845661
719 1.77252772321498
720 1.80663881856193
721 1.84010242837296
722 1.87273460013295
723 1.90435437302562
724 1.93478477160779
725 1.96385378500752
726 1.99139532624395
727 2.01725016672777
728 2.04126684112775
729 2.06330251777643
730 2.08322382980989
731 2.10090766233145
732 2.11624189104399
733 2.12912606800044
734 2.13947205036779
735 2.14720456837728
736 2.15226172893671
737 2.15459545170285
738 2.15417183475195
739 2.15097144734095
740 2.14498954762272
741 2.13623622356217
742 2.1247364556964
743 2.11053010078875
744 2.09367179584168
745 2.07423078235473
746 2.05229065113933
747 2.02794900842915
748 2.00131706445132
749 1.97251914604757
750 1.94169213535261
751 1.90898483694831
752 1.87455727631335
753 1.83857993277772
754 1.8012329105664
755 1.76270505187597
756 1.72319299626863
757 1.68290019098869
758 1.64203585710534
759 1.60081391665996
760 1.55945188624558
761 1.51816974266818
762 1.47718876653316
763 1.43673036976426
764 1.39701491319546
765 1.35826052047763
766 1.32068189461066
767 1.2844891434472
768 1.24988662051642
769 1.21707178748394
770 1.2
771 1.2
772 1.2
773 1.2
774 1.2
775 1.2
776 1.2
777 1.2
778 1.2
779 1.2
780 1.2
781 1.2
782 1.20283071618252
783 1.2084410499688
784 1.21669555625672
785 1.22746528465928
786 1.24062749144749
787 1.25606535899591
788 1.27366772382183
789 1.29332881393346
790 1.31494799591623
791 1.33842953196993
792 1.36367242737379
793 1.39056188478115
794 1.41897060119943
795 1.44876025029756
796 1.4797828533131
797 1.51188204508549
798 1.54489424155253
799 1.57864971482068
800 1.72547358166834
801 1.78518671107594
802 1.8451065908643
803 1.90504821744493
804 1.96482503006946
805 2.02424987809361
806 2.08313601012497
807 2.14129807518072
808 2.19855312713649
809 2.25472162480675
810 2.30923419143501
811 2.36149555835519
812 2.41121462804861
813 2.4581137890621
814 2.50192950219876
815 2.54241286516023
816 2.57933015013938
817 2.61246330901732
818 2.64161044102878
819 2.66658621801398
820 2.68722364414965
821 2.7033770579616
822 2.71492400638866
823 2.72176601640939
824 2.7238292364374
825 2.72106495000047
826 2.71344996425885
827 2.70098687599294
828 2.68370421779663
829 2.66165648734714
830 2.63492405794052
831 2.60361295998147
832 2.56785452362082
833 2.52780488064301
834 2.48364432775151
835 2.43557655416002
836 2.38382773710386
837 2.32864550953977
838 2.27029780490645
839 2.20907158437399
840 2.14527145253592
841 2.07921816803925
842 2.01124705623008
843 1.94170633148423
844 1.87095533745305
845 1.79936271397174
846 1.72730449984705
847 1.65516218116142
848 1.5833206950997
849 1.51216639962115
850 1.44208501956208
851 1.37345957996267
852 1.30666833756426
853 1.24208272151844
854 1.2
855 1.2
856 1.2
857 1.2
858 1.2
859 1.2
860 1.2
861 1.2
862 1.2
863 1.2
864 1.2
865 1.2
866 1.2
867 1.2
868 1.2
869 1.20337758490407
870 1.21073195980171
871 1.221869025926
872 1.23660406230934
873 1.25476129392632
874 1.2761734749702
875 1.30068148784962
876 1.32813395817009
877 1.35838688572316
878 1.39130329132717
879 1.42674104328812
880 1.4645402910226
881 1.50452309047235
882 1.54649553386544
883 1.59024971974291
884 1.63556557259039
885 1.68221252114696
886 1.72995104414108
887 1.77853409184567
888 1.82770839146562
889 1.8772156854571
890 1.92679398846407
891 1.97617890303364
892 2.02510498493948
893 2.07330714200698
894 2.12052205214441
895 2.16648958794891
896 2.21095423678205
897 2.2536665066065
898 2.29438430915
899 2.33287431297958
900 2.3689132595798
901 2.40228923560303
902 2.43280289443394
903 2.46026862027141
904 2.48451562808977
905 2.50538899308142
906 2.52275060349102
907 2.5364800311128
908 2.54647531412779
909 2.55265364739527
910 2.55495197577726
911 2.55332748656249
912 2.54775799756612
913 2.53824223801194
914 2.52480001985366
915 2.50747229775804
916 2.48632111655363
917 2.46142944554025
918 2.43290089965459
919 2.40085934809169
920 2.36544841158879
921 2.32683085018224
922 2.28518784384824
923 2.24071816902942
924 2.19363727462974
925 2.14417626162527
926 2.09258077098659
927 2.03910978513539
928 1.98403434866116
929 1.92763621450037
930 1.87020642222785
931 1.81204381552533
932 1.75345350627237
933 1.69474529304947
934 1.6362320421475
935 1.57822803944188
936 1.52104732171171
937 1.46500199616086
938 1.41040055703062
939 1.35754620827838
940 1.30673520133564
941 1.25825519694831
942 1.21238366004499
943 1.2
944 1.2
945 1.2
946 1.2
947 1.2
948 1.2
949 1.2
950 1.2
951 1.2
952 1.2
953 1.2
954 1.20097336053007
955 1.20603899830866
956 1.21499764671772
957 1.22765956268628
958 1.24384411139748
959 1.26337936008002
960 1.28610168292459
961 1.3118553785167
962 1.34049230068133
963 1.3718715032576
964 1.40585548812573
965 1.44229602544663
966 1.4810254751254
967 1.52185901306831
968 1.56459669242019
969 1.60902534918632
970 1.65492036143054
971 1.7020472709579
972 1.75016327605915
973 1.79901860353169
974 1.84835777976479
975 1.89792086712445
976 1.9474447425545
977 1.99666443601176
978 2.04531451152174
979 2.09313047553687
980 2.13985019902372
981 2.18521534130886
982 2.22897276518172
983 2.27087593409623
984 2.31068628349632
985 2.34817455912251
986 2.38312211546896
987 2.41532216755148
988 2.44458098914251
989 2.47071905073286
990 2.49357209067443
991 2.51299211322828
992 2.52884830757398
993 2.54102788221722
994 2.5494368096521
995 2.55400047658408
996 2.55466423549391
997 2.55139385381977
998 2.54417585755343
999 2.53301776658514
1000 2.51794821968847
1001 2.49901698760943
1002 2.47629487330942
1003 2.44987349900718
1004 2.41986498026713
1005 2.38640148798721
1006 2.34963469974521
1007 2.30973514256559
1008 2.26689142976525
1009 2.22130939512409
1010 2.17321112820013
1011 2.1228339151677
1012 2.0704290900966
1013 2.0162608021074
1014 1.96060470433044
1015 1.9037465710609
1016 1.84598084993617
1017 1.78760915636282
1018 1.72893871778613
1019 1.67028077572275
1020 1.61194895376539
1021 1.55425760001466
1022 1.49752011259668
1023 1.44204725708321
1024 1.38814548474417
1025 1.33611526062781
1026 1.2862494104824
1027 1.23883149550319
1028 1.2
1029 1.2
1030 1.2
1031 1.2
1032 1.2
1033 1.2
1034 1.2
1035 1.2
1036 1.2
1037 1.2
1038 1.2
1039 1.2
1040 1.202719806356
1041 1.20944688207165
1042 1.21998601611506
1043 1.23415134577851
1044 1.25176594481423
1045 1.27266142162475
1046 1.2966775292493
1047 1.32366178830901
1048 1.35346912363189
1049 1.38596151494386
1050 1.42099813084424
1051 1.45842232760381
1052 1.49805900705178
1053 1.53971677228215
1054 1.58318992232549
1055 1.62826029510849
1056 1.67469896777915
1057 1.72226782316975
1058 1.77072099082412
1059 1.81980617064499
1060 1.86926588023167
1061 1.91883870625087
1062 1.96826061003277
1063 2.01726628554787
1064 2.06559055336579
1065 2.11296977602797
1066 2.15914328195077
1067 2.20385478652058
1068 2.24685380045816
1069 2.28789701682167
1070 2.32674966907961
1071 2.3631868532832
1072 2.3969948075068
1073 2.42797214170371
1074 2.45593101116783
1075 2.48069822693518
1076 2.50211629668701
1077 2.52004439001372
1078 2.53435922225203
1079 2.54495585150645
1080 2.5517483838984
1081 2.55467058254705
1082 2.55367637626938
1083 2.54874026449372
1084 2.53985761540787
1085 2.52704485490975
1086 2.51033954449227
1087 2.48980034677252
1088 2.46550687796543
1089 2.43755944720073
1090 2.40607868318599
1091 2.37120504932471
1092 2.33309824900348
1093 2.2919365233626
1094 2.24791584445778
1095 2.20124900730217
1096 2.15216462484634
1097 2.10090603050413
1098 2.04773009336306
1099 1.99290595172488
1100 1.93671367110289
1101 1.87944283325462
1102 1.82139106324885
1103 1.76286250195218
1104 1.70416623167025
1105 1.64561466298992
1106 1.58752189113948
1107 1.53020203041211
1108 1.47396753538272
1109 1.41912751778706
1110 1.36598606802531
1111 1.31484059029817
1112 1.26598016038111
1113 1.21968391499281
1114 1.2
1115 1.2
1116 1.2
1117 1.2
1118 1.2
1119 1.2
1120 1.2
1121 1.2
1122 1.2
1123 1.2
1124 1.2
1125 1.2002943539939
1126 1.20471402123885
1127 1.21305816224686
1128 1.2251355283023
1129 1.24076404503666
1130 1.25977040466592
1131 1.28198966905738
1132 1.30726488511407
1133 1.33544671344565
1134 1.36639307090018
1135 1.39996775573824
1136 1.4360258097423
1137 1.47440249281564
1138 1.51491553666305
1139 1.55736723190444
1140 1.60154635805688
1141 1.6472299656206
1142 1.69418501923007
1143 1.74216991050566
1144 1.79093584888238
1145 1.84022814192865
1146 1.88978742590545
1147 1.93935093387247
1148 1.98865382652559
1149 2.03743056823604
1150 2.08541633268117
1151 2.13234842422556
1152 2.17796770283613
1153 2.22202000180488
1154 2.26425752891562
1155 2.30444024292201
1156 2.34233719812723
1157 2.37772785023485
1158 2.41040331663646
1159 2.44016758427889
1160 2.46683865834168
1161 2.49024964513745
1162 2.51024976290705
1163 2.52670527450442
1164 2.53950033634071
1165 2.54853775837119
1166 2.55373967035401
1167 2.5550480900806
1168 2.55242538977041
1169 2.54585465733846
1170 2.53533994977936
1171 2.52090643646592
1172 2.5026004307308
1173 2.48048930868344
1174 2.45466131480888
1175 2.42522525449642
1176 2.39231007425181
1177 2.3560643309528
1178 2.31665555211187
1179 2.2742694897079
1180 2.22910927073759
1181 2.18139444821436
1182 2.13135995690376
1183 2.0792549786275
1184 2.02534172248945
1185 1.96989412587385
1186 1.9131964825356
1187 1.85554200454167
1188 1.79723132522961
1189 1.73857095072075
1190 1.67987166785994
1191 1.62144691674841
1192 1.56361113629015
1193 1.50667809138218
1194 1.45095919054581
1195 1.39676180291545
1196 1.34438758357598
1197 1.29413081626512
1198 1.24627678243578
1199 1.20110016560303
1200 1.2
