1 2
2 2
3 2
4 2
5 2
6 2
7 2
8 2
9 2
10 2
11 2
12 2
13 2
14 2
15 2
16 2
17 2
18 2
19 2
20 2
21 2
22 2
23 2
24 2
25 2
26 2
27 2
28 2
29 2
30 2
31 2
32 2
33 2
34 2
35 2
36 2
37 2
38 2
39 2
40 2
41 2
42 2
43 2
44 2
45 2
46 2
47 2
48 2
49 2
50 2
51 2
52 2
53 2
54 2
55 2
56 2
57 2
58 2
59 2
60 2
61 2
62 2
63 2
64 2
65 2
66 2
67 2
68 2
69 2
70 2
71 2
72 2
73 2
74 2
75 2
76 2
77 2
78 2
79 2
80 2
81 2
82 2
83 2
84 2
85 2
86 2
87 2
88 2
89 2
90 2
91 2
92 2
93 2
94 2
95 2
96 2
97 2
98 2
99 2
100 2
101 2
102 2
103 2
104 2
105 2
106 2
107 2
108 2
109 2
110 2
111 2
112 2
113 2
114 2
115 2
116 2
117 2
118 2
119 2
120 2
121 2
122 2
123 2
124 2
125 2
126 2
127 2
128 2
129 2
130 2
131 2
132 2
133 2
134 2
135 2
136 2
137 2
138 2
139 2
140 2
141 2
142 2
143 2
144 2
145 2
146 2
147 2
148 2
149 2
150 2
151 2
152 2
153 2
154 2
155 2
156 2
157 2
158 2
159 2
160 2
161 2
162 2
163 2
164 2
165 2
166 2
167 2
168 2
169 2
170 2
171 2
172 2
173 2
174 2
175 2
176 2
177 2
178 2
179 2
180 2
181 2
182 2
183 2
184 2
185 2
186 2
187 2
188 2
189 2
190 2
191 2
192 2
193 2
194 2
195 2
196 2
197 2
198 2
199 2
200 2
201 2.25
202 2.5
203 2.75
204 2.8
205 2.8
206 2.8
207 2.8
208 2.8
209 2.8
210 2.8
211 2.8
212 2.8
213 2.8
214 2.8
215 2.71256587798327
216 2.55678810818284
217 2.40366810263918
218 2.28896466082814
219 2.22357750923237
220 2.20308236513827
221 2.21552303801642
222 2.24705047983486
223 2.28543209736427
224 2.32175421225735
225 2.35079045403569
226 2.37053216620221
227 2.38131356524815
228 2.38485607135892
229 2.38343740027481
230 2.37928521959603
231 2.3742149281265
232 2.36947983986934
233 2.36577696024403
234 2.36334649771132
235 2.36211112273263
236 2.36181524003193
237 2.36214014069919
238 2.36278457801953
239 2.363510429557
240 2.36415930296419
241 2.36464867966111
242 2.36495635469631
243 2.36510050795922
244 2.36512060482126
245 2.36506212658333
246 2.3649662790339
247 2.36486450681886
248 2.36477687221735
249 2.3647130554528
250 2.3646747676927
251 2.36465859901996
252 2.36465863382455
253 2.36466847004914
254 2.36468252602778
255 2.36469668859079
256 2.3647084496199
257 2.36471670921004
258 2.36472141131922
259 2.36472314147522
260 2.3647227715678
261 2.36472119499177
262 2.36471916259475
263 2.36471720820407
264 2.36471564134016
265 2.36471458186394
266 2.36471401397232
267 2.36471384250211
268 2.36471394082722
269 2.36471418532742
270 2.36471447572737
271 2.36471474334213
272 2.36471495056702
273 2.36471508515696
274 2.36471515234821
275 2.36471516704598
276 2.36471514741232
277 2.36471511041801
278 2.3647150693577
279 2.36471503298612
280 2.36471500578571
281 2.36471498887257
282 2.36471498113091
283 2.36471498028841
284 2.36471498376839
285 2.36471498925864
286 2.36471499500961
287 2.36471499991699
288 2.36471500345928
289 2.36471500555852
290 2.36471500641881
291 2.36471500637942
292 2.36471500580234
293 2.36471500500031
294 2.36471500420178
295 2.3647150035444
296 2.36471500308693
297 2.36471500283011
298 2.36471500273946
299 2.36471500276516
300 2.36471500285682
301 2.36471500297244
302 2.36471500308242
303 2.36471500316985
304 2.3647150032284
305 2.36471500325927
306 2.36471500326802
307 2.36471500326185
308 2.36471500324773
309 2.36471500323126
310 2.36471500321623
311 2.3647150032047
312 2.36471500319729
313 2.36471500319366
314 2.36471500319296
315 2.36471500319415
316 2.36471500319627
317 2.36471500319859
318 2.36471500320063
319 2.36471500320214
320 2.36471500320306
321 2.36471500320348
322 2.36471500320351
323 2.3647150032033
324 2.36471500320299
325 2.36471500320266
326 2.36471500320238
327 2.36471500320219
328 2.36471500320207
329 2.36471500320203
330 2.36471500320204
331 2.36471500320208
332 2.36471500320213
333 2.36471500320217
334 2.36471500320221
335 2.36471500320223
336 2.36471500320224
337 2.36471500320225
338 2.36471500320225
339 2.36471500320224
340 2.36471500320223
341 2.36471500320223
342 2.36471500320222
343 2.36471500320222
344 2.36471500320221
345 2.36471500320221
346 2.3647150032022
347 2.3647150032022
348 2.3647150032022
349 2.36471500320221
350 2.36471500320221
351 2.36471500320222
352 2.36471500320222
353 2.36471500320222
354 2.36471500320222
355 2.36471500320222
356 2.36471500320222
357 2.36471500320222
358 2.36471500320221
359 2.36471500320221
360 2.36471500320221
361 2.36471500320221
362 2.36471500320221
363 2.36471500320221
364 2.36471500320221
365 2.3647150032022
366 2.3647150032022
367 2.36471500320221
368 2.36471500320221
369 2.36471500320221
370 2.36471439335836
371 2.364712682302
372 2.36470989240379
373 2.36470720516147
374 2.3647064918557
375 2.36470971719387
376 2.36471848704291
377 2.36473366545493
378 2.36475502983646
379 2.36478100722848
380 2.36480863023244
381 2.3648339559255
382 2.3648532912533
383 2.36486458159948
384 2.36486817273405
385 2.36486622475506
386 2.36486130597389
387 2.36485535611791
388 2.36484923892691
389 2.36484276966515
390 2.36483505443597
391 2.36481323532357
392 2.36477355917719
393 2.36471805166463
394 2.36466137957406
395 2.3646148620857
396 2.3645838069662
397 2.36456921222342
398 2.36456910723961
399 2.3645797643818
400 2.1145797643818
401 1.8645797643818
402 1.6145797643818
403 1.3645797643818
404 1.2
405 1.2
406 1.2
407 1.2
408 1.2
409 1.2
410 1.2
411 1.2
412 1.2
413 1.2
414 1.2
415 1.2
416 1.2
417 1.2
418 1.2
419 1.2
420 1.2
421 1.2
422 1.24012223727044
423 1.38646342316254
424 1.55033435527593
425 1.68350560394571
426 1.76723660525247
427 1.80185841183157
428 1.79796288563914
429 1.7697726376876
430 1.73078977024156
431 1.69146412802675
432 1.65841939343969
433 1.63471450981745
434 1.62066081179121
435 1.6148179597326
436 1.61491551694808
437 1.61856354970934
438 1.6237084943345
439 1.62885348319599
440 1.63309655206363
441 1.63605125067266
442 1.63770947139263
443 1.63829293240064
444 1.63812349996208
445 1.63752740076814
446 1.6367765700103
447 1.63606265562503
448 1.63549529446915
449 1.63511536741866
450 1.63491500529605
451 1.6348581928849
452 1.63489814461896
453 1.6349896991536
454 1.63509653989714
455 1.63519402604966
456 1.63526887355856
457 1.63531698480545
458 1.63534053558168
459 1.63534511969267
460 1.63533742559966
461 1.63532363961485
462 1.6353085668809
463 1.63529533984806
464 1.63528553309631
465 1.63527950410476
466 1.6352768114388
467 1.63527660697612
468 1.63527794412184
469 1.63527998150612
470 1.63528208795212
471 1.6352838694088
472 1.63528514396257
473 1.63528588977401
474 1.63528618569294
475 1.63528615778243
476 1.63528593873084
477 1.63528564213193
478 1.63528535024253
479 1.63528511202939
480 1.63528494778361
481 1.63528485690691
482 1.63528482626164
483 1.63528483740821
484 1.63528487190878
485 1.63528491453712
486 1.63528495466214
487 1.63528498628515
488 1.63528500725581
489 1.63528501812749
490 1.63528502099361
491 1.63528501851521
492 1.63528501323355
493 1.63528500717486
494 1.63528500170086
495 1.63528499753391
496 1.63528499488365
497 1.63528499361286
498 1.63528499339828
499 1.63528499386036
500 1.63528499465152
501 1.6352849955041
502 1.6352849962454
503 1.63528499679027
504 1.63528499712137
505 1.63528499726543
506 1.6352849972712
507 1.63528499719226
508 1.6352849970758
509 1.6352849969569
510 1.63528499685723
511 1.63528499678655
512 1.63528499674573
513 1.63528499673009
514 1.63528499673241
515 1.6352849967452
516 1.6352849967621
517 1.63528499677854
518 1.63528499679184
519 1.63528499680092
520 1.63528499680587
521 1.63528499680746
522 1.63528499680674
523 1.63528499680474
524 1.63528499680232
525 1.63528499680007
526 1.63528499679831
527 1.63528499679715
528 1.63528499679656
529 1.63528499679641
530 1.63528499679656
531 1.63528499679686
532 1.6352849967972
533 1.63528499679751
534 1.63528499679774
535 1.63528499679789
536 1.63528499679796
537 1.63528499679797
538 1.63528499679794
539 1.63528499679939
540 1.6352849968062
541 1.63528499682313
542 1.63528499685027
543 1.63528499687614
544 1.63528499687369
545 1.63528499680268
546 1.63528499662021
547 1.63528499629915
548 1.63528499585201
549 1.63528499535479
550 1.63528499496229
551 1.63528499490283
552 1.63528499544332
553 1.63528499682634
554 1.63528499919573
555 1.63528500253538
556 1.63528500664274
557 1.6352850111478
558 1.63528501557577
559 1.63528501943949
560 1.63528502239597
561 1.63528502432839
562 1.63528502531961
563 1.63528502549186
564 1.63528502483709
565 1.63528502312545
566 1.63528501992033
567 1.63528501469554
568 1.63528500702821
569 1.6352856067094
570 1.63528730557817
571 1.63529008231163
572 1.63529324477587
573 1.63529522996466
574 1.63529358541469
575 1.63528583058488
576 1.63527012919497
577 1.63524584427816
578 1.63521397523989
579 1.63517736545066
580 1.6351404333957
581 1.63510803834015
582 1.63508402743224
583 1.63507032394336
584 1.63506657674197
585 1.63507052792157
586 1.63507906262233
587 1.63508925241705
588 1.63509888946799
589 1.6351066453652
590 1.63512374407158
591 1.63515312411206
592 1.63519285083214
593 1.63523906448508
594 1.63528401497999
595 1.63531644100361
596 1.63533410408724
597 1.63534009006591
598 1.63533975652722
599 1.63533846557818
600 1.63534010722822
601 1.63534634776828
602 1.63535653815492
603 1.63536827614451
604 1.63537853661
605 1.6353848627087
606 1.63538606678364
607 1.63538234804927
608 1.63537497503988
609 1.63536576024199
610 1.63535653242903
611 1.6353487420001
612 1.6353413692404
613 1.63532920199768
614 1.63531023700542
615 1.63528667755075
616 1.63526315607593
617 1.63524443520251
618 1.63523373164655
619 1.63523201838178
620 1.63523818627413
621 1.63524973497112
622 1.63526363721563
623 1.63527710150928
624 1.63528807857973
625 1.63529547120153
626 1.63529908955616
627 1.63529943801815
628 1.63529742842332
629 1.63529410000105
630 1.63529039909604
631 1.63528704268515
632 1.63528446537786
633 1.63528283344777
634 1.63528210194574
635 1.63528209062534
636 1.63528255886935
637 1.63528326653399
638 1.63528401455134
639 1.63528466486064
640 1.63528514310592
641 1.63528542945778
642 1.63528554320666
643 1.63528552594515
644 1.63528542674752
645 1.63528529122414
646 1.63528515499631
647 1.63528504117254
648 1.63528496085608
649 1.63528491552646
650 1.63528490022075
651 1.63528490668227
652 1.63528492594635
653 1.63528495011954
654 1.63528497333562
655 1.63528499202024
656 1.63528500466804
657 1.63528501134685
658 1.635285013113
659 1.63528501147056
660 1.63528500795122
661 1.63528500384312
662 1.63528500006055
663 1.63528499712549
664 1.63528499522302
665 1.63528499429397
666 1.63528499413529
667 1.63528499448789
668 1.63528499510168
669 1.63528499577494
670 1.63528499637086
671 1.63528499681674
672 1.63528499709263
673 1.63528499721502
674 1.63528499722047
675 1.63528499715184
676 1.63528499704861
677 1.63528499694138
678 1.63528499684996
679 1.63528499678404
680 1.63528499674529
681 1.6352849967301
682 1.6352849967322
683 1.63528499674471
684 1.63528499676158
685 1.63528499677826
686 1.63528499679197
687 1.6352849968015
688 1.63528499680678
689 1.63528499680852
690 1.63528499680777
691 1.63528499680559
692 1.6352849968029
693 1.63528499680036
694 1.63528499679834
695 1.63528499679699
696 1.63528499679629
697 1.63528499679612
698 1.63528499679629
699 1.63528499679666
700 1.63528499679708
701 1.63528499679746
702 1.63528499679775
703 1.63528499679794
704 1.63528499679803
705 1.63528499679804
706 1.635284996798
707 1.63528499679795
708 1.63528499679788
709 1.63528499679783
710 1.63528499679779
711 1.63528499679776
712 1.63528499679775
713 1.63528499679775
714 1.63528499679775
715 1.63528499679776
716 1.63528499679777
717 1.63528499679779
718 1.6352849967978
719 1.63528499679781
720 1.63528499679781
721 1.6352849967978
722 1.63528499679778
723 1.63528499679773
724 1.63528499679766
725 1.63528499679756
726 1.63528499679746
727 1.63528499679739
728 1.63528499679737
729 1.63528499679744
730 1.63528499679766
731 1.63528499679802
732 1.63528499679855
733 1.63528499679921
734 1.63528499679997
735 1.63528499680076
736 1.63528499680153
737 1.63528499680223
738 1.63528499680132
739 1.63528499679487
740 1.63528499677811
741 1.63528499674972
742 1.6352849967182
743 1.63528499670823
744 1.63528499676219
745 1.63528499693269
746 1.63528499726451
747 1.63528499776738
748 1.63528499838457
749 1.63528499896677
750 1.63528499926509
751 1.63528499895572
752 1.63528499769889
753 1.6352849952227
754 1.63528499141132
755 1.63528498637045
756 1.6352849804466
757 1.63528497418907
758 1.63528496825921
759 1.63528496324884
760 1.63528495954938
761 1.635284957315
762 1.63528495651286
763 1.63528495704946
764 1.63528495893273
765 1.63528496235195
766 1.6352849676443
767 1.6352849751606
768 1.63528498506673
769 1.63528499713559
770 1.63528501060632
771 1.63528502421665
772 1.63528503644963
773 1.63528504591
774 1.63528505169978
775 1.63528505365705
776 1.63528505235769
777 1.63528504889
778 1.63528504451517
779 1.63528504034129
780 1.63528503655046
781 1.63528503260527
782 1.63528502776412
783 1.63528502150638
784 1.63528501390429
785 1.63528500584873
786 1.63528499854294
787 1.63528499291613
788 1.63528498927043
789 1.63528498724141
790 1.63528498601437
791 1.63528498467743
792 1.63528498257968
793 1.63528497957422
794 1.63528497605896
795 1.63528497280749
796 1.63528497067572
797 1.63528497030611
798 1.63528497193071
799 1.63528497532041
800 1.88528497532041
801 2.13528497532041
802 2.38528497532041
803 2.63528497532041
804 2.8
805 2.64040055612863
806 2.39040055612863
807 2.14040055612863
808 1.89040055612863
809 1.64733043394508
810 1.53112084199807
811 1.51142849605779
812 1.55328198314835
813 1.62491806204222
814 1.70199802522379
815 1.76888609095358
816 1.81791928262323
817 1.84758416185521
818 1.86034663735224
819 1.86064802188513
820 1.85334965535491
821 1.84271926062683
822 1.83192133119821
823 1.82290111004325
824 1.81652686587364
825 1.81286365429853
826 1.81147894549407
827 1.81171429330232
828 1.81288912884492
829 1.8144279758124
830 1.81591915834742
831 1.81712181792937
832 1.8179404197959
833 1.81838401991655
834 1.81852340008045
835 1.81845437610319
836 1.81827123111521
837 1.81805090295704
838 1.81784643389321
839 1.8176871669482
840 1.81758299147226
841 1.8175303002506
842 1.81751794523341
843 1.81753215536987
844 1.81755996991413
845 1.81759117537329
846 1.81761899949451
847 1.81763993209598
848 1.81765304860974
849 1.81765915042537
850 1.81765994403984
851 1.81765738662717
852 1.81765324628902
853 1.81764886881507
854 1.81764511004851
855 1.81764238026263
856 1.81764074860582
857 1.81764006571694
858 1.81764007598776
859 1.81764050401132
860 1.81764111035306
861 1.81764171904307
862 1.81764222316504
863 1.81764257621506
864 1.81764277635188
865 1.8176428490874
866 1.81764283204692
867 1.81764276363589
868 1.8176426760446
869 1.81764259209627
870 1.81764252497055
871 1.81764247971526
872 1.81764245557741
873 1.81764244842413
874 1.8176424527965
875 1.81764246338352
876 1.81764247588852
877 1.81764248737694
878 1.81764249624963
879 1.81764250199415
880 1.81764250484505
881 1.81764250544814
882 1.8176425045857
883 1.81764250298642
884 1.81764250121963
885 1.8176424996591
886 1.81764249849514
887 1.81764249777388
888 1.81764249744616
889 1.8176424974137
890 1.8176424975656
891 1.81764249780264
892 1.81764249804993
893 1.81764249826037
894 1.81764249841185
895 1.81764249850128
896 1.81764249853757
897 1.81764249853538
898 1.81764249851029
899 1.8176424984757
900 1.8176424984414
901 1.81764249841323
902 1.81764249839369
903 1.81764249838278
904 1.81764249837898
905 1.81764249838015
906 1.81764249838412
907 1.8176424983891
908 1.81764249839382
909 1.81764249839756
910 1.81764249840006
911 1.81764249840137
912 1.81764249840173
913 1.81764249840146
914 1.81764249840085
915 1.81764249840013
916 1.81764249839948
917 1.81764249839897
918 1.81764249839865
919 1.81764249839849
920 1.81764249839846
921 1.81764249839853
922 1.81764249839867
923 1.81764249839885
924 1.81764249839906
925 1.81764249839925
926 1.81764249839941
927 1.8176424983995
928 1.81764249839947
929 1.81764249839928
930 1.81764249839888
931 1.81764249839827
932 1.81764249839744
933 1.81764249839645
934 1.81764249839536
935 1.81764249839425
936 1.81764249839321
937 1.81764249839231
938 1.81764249839162
939 1.81764249839121
940 1.81764249839112
941 1.81764249839142
942 1.81764249839219
943 1.8176424983935
944 1.81764249839542
945 1.81764249839796
946 1.81764249840103
947 1.81764249840448
948 1.81764249840803
949 1.81764249841137
950 1.81764249841416
951 1.81764249841615
952 1.81764249841718
953 1.81764249841724
954 1.81764249841643
955 1.81764249841489
956 1.81764249841279
957 1.81764249841025
958 1.81764249840732
959 1.81764249840404
960 1.81764249840047
961 1.81764249839674
962 1.81764249839306
963 1.81764249838973
964 1.81764249838706
965 1.8176424983853
966 1.81764249838455
967 1.81764249838473
968 1.81764249838561
969 1.81764188854302
970 1.81764017748799
971 1.817637387591
972 1.81763421247468
973 1.81763221639814
974 1.8176342424419
975 1.81764330616645
976 1.81766140735911
977 1.81768873157732
978 1.81772314501589
979 1.81775978692043
980 1.81779169018003
981 1.81781157042672
982 1.8178140370286
983 1.81779720381109
984 1.81776350637002
985 1.81771933432313
986 1.81767317151545
987 1.81763314472902
988 1.81760522477526
989 1.81759224918978
990 1.81758195487756
991 1.81756815458743
992 1.81754821212742
993 1.81752152672369
994 1.81749265498182
995 1.81747902145488
996 1.81748947863556
997 1.81752251984755
998 1.81757178463245
999 1.81762944775122
1000 1.8176829794015
1001 1.81772187013667
1002 1.81774078742284
1003 1.81773993091204
1004 1.81772366548144
1005 1.81769846528149
1006 1.81767094822656
1007 1.81764645483969
1008 1.81762832640974
1009 1.81761781919051
1010 1.8176144697425
1011 1.81761669072378
1012 1.81762240170579
1013 1.81762955774739
1014 1.81763650509718
1015 1.81764215148428
1016 1.81764597906654
1017 1.81764794917429
1018 1.81764835218407
1019 1.81764764827748
1020 1.81764633109849
1021 1.81764483123388
1022 1.81764346337024
1023 1.8176424117024
1024 1.81764174310218
1025 1.81764143617323
1026 1.81764141558071
1027 1.8176415837918
1028 1.81764184556737
1029 1.81764212346114
1030 1.81764236478442
1031 1.81764254183561
1032 1.81764264774094
1033 1.81764269018882
1034 1.81764268489618
1035 1.81764265003508
1036 1.81764260224029
1037 1.81764255432004
1038 1.81764251445156
1039 1.81764248646387
1040 1.81764247076488
1041 1.81764246551895
1042 1.81764246778051
1043 1.81764247440423
1044 1.81764248265646
1045 1.81764249053183
1046 1.81764249682854
1047 1.81764250105799
1048 1.81764250326524
1049 1.8176425038241
1050 1.81764250325143
1051 1.81764250206564
1052 1.81764250069729
1053 1.81764249944797
1054 1.81764249848659
1055 1.81764249786982
1056 1.8176424975742
1057 1.8176424975301
1058 1.81764249765086
1059 1.81764249785404
1060 1.81764249807397
1061 1.81764249826674
1062 1.81764249840957
1063 1.8176424984968
1064 1.81764249853442
1065 1.81764249853468
1066 1.8176424985116
1067 1.81764249847795
1068 1.81764249844348
1069 1.81764249841441
1070 1.81764249839368
1071 1.81764249838168
1072 1.81764249837718
1073 1.81764249837811
1074 1.81764249838225
1075 1.81764249838767
1076 1.81764249839296
1077 1.81764249839726
1078 1.8176424984002
1079 1.8176424984018
1080 1.8176424984023
1081 1.81764249840202
1082 1.81764249840131
1083 1.81764249840045
1084 1.81764249839966
1085 1.81764249839903
1086 1.81764249839862
1087 1.81764249839841
1088 1.81764249839837
1089 1.81764249839843
1090 1.81764249839855
1091 1.81764249839868
1092 1.8176424983988
1093 1.81764249839889
1094 1.81764249839894
1095 1.81764249839897
1096 1.81764249839897
1097 1.81764249839896
1098 1.81764249839894
1099 1.81764249839892
1100 1.8176424983989
1101 1.81764249839889
1102 1.81764249839889
1103 1.81764249839889
1104 1.81764249839889
1105 1.81764249839889
1106 1.81764249839889
1107 1.81764249839889
1108 1.81764249839889
1109 1.81764249839889
1110 1.81764249839889
1111 1.81764249839889
1112 1.81764249839889
1113 1.81764249839889
1114 1.81764249839889
1115 1.81764249839889
1116 1.81764249839889
1117 1.81764249839889
1118 1.81764249839889
1119 1.81764249839889
1120 1.81764249839889
1121 1.81764249839889
1122 1.81764249839889
1123 1.81764249839889
1124 1.81764249839889
1125 1.8176424983989
1126 1.8176424983989
1127 1.8176424983989
1128 1.8176424983989
1129 1.8176424983989
1130 1.8176424983989
1131 1.8176424983989
1132 1.81764249839889
1133 1.81764249839889
1134 1.81764249839889
1135 1.81764249839889
1136 1.81764249839889
1137 1.81764249839889
1138 1.81764249840038
1139 1.81764249840724
1140 1.81764249842421
1141 1.81764249845257
1142 1.81764249848373
1143 1.81764249849197
1144 1.81764249843182
1145 1.81764249824617
1146 1.81764249788772
1147 1.81764249735157
1148 1.81764249671278
1149 1.81764249615615
1150 1.8176424959804
1151 1.81764249656057
1152 1.81764249826542
1153 1.81764250134188
1154 1.81764250579514
1155 1.81764251130422
1156 1.81764251721116
1157 1.81764252260311
1158 1.81764252647986
1159 1.81764252803052
1160 1.8176425268539
1161 1.81764252305169
1162 1.81764251717765
1163 1.81764251004394
1164 1.81764250239704
1165 1.81764249465882
1166 1.81764248684991
1167 1.81764247870581
1168 1.81764246994205
1169 1.81764246061297
1170 1.81764245141479
1171 1.81764244374954
1172 1.81764243945788
1173 1.81764244029342
1174 1.81764244730053
1175 1.81764246031011
1176 1.81764247777869
1177 1.81764249706703
1178 1.81764251504893
1179 1.81764252884406
1180 1.81764253702059
1181 1.81764253971702
1182 1.81764253825518
1183 1.81764253457715
1184 1.81764253051152
1185 1.81764252672988
1186 1.81764252280173
1187 1.81764251788047
1188 1.81764251132338
1189 1.8176425030145
1190 1.81764249363961
1191 1.81764248456107
1192 1.81764247737229
1193 1.81764247337101
1194 1.81764247316974
1195 1.81764247655796
1196 1.81764248261677
1197 1.81764249000646
1198 1.81764249731488
1199 1.81764250336404
1200 1.81764250740785
