0 0.8
1 0.8
2 0.8
3 0.8
4 0.8
5 0.8
6 0.8
7 0.8
8 0.8
9 0.8
10 0.8
11 0.8
12 0.8
13 0.8
14 0.8
15 0.8
16 0.8
17 0.8
18 0.8
19 0.8
20 0.8
21 0.80031149
22 0.8011322177
23 0.8023213185992
24 0.803770451660102
25 0.805396542127317
26 0.807136131881422
27 0.808940981816101
28 0.810774649321459
29 0.812609825177121
30 0.814426261846096
31 0.816209162306031
32 0.817947927488609
33 0.819635182935739
34 0.821266022836718
35 0.822837423285067
36 0.824347787245269
37 0.825796592016273
38 0.827184116441111
39 0.828511230145627
40 0.829779231010031
41 0.83098972013087
42 0.832144505909554
43 0.833245530756177
44 0.834294815340271
45 0.835294416443877
46 0.836246395347528
47 0.837152794361271
48 0.838015619643643
49 0.838836828864785
50 0.839618322591675
51 0.840361938523988
52 0.841069447904134
53 0.841742553576811
54 0.842382889291543
55 0.842992019933596
56 0.84357144244016
57 0.844122587214271
58 0.844646819892169
59 0.845145443353376
60 0.845619699888824
61 0.846070773462617
62 0.846499792018689
63 0.846907829795756
64 0.847295909623373
65 0.847665005179143
66 0.848016043192731
67 0.848349905586611
68 0.848667431546798
69 0.848969419519288
70 0.849256629129869
71 0.849529783026394
72 0.849789568643673
73 0.850036639891941
74 0.850271618770451
75 0.850495096908134
76 0.850707637033545
77 0.85090977437655
78 0.85110201800424
79 0.8512848520937
80 0.851458737144199
81 0.85162411113141
82 0.851781390606174
83 0.85193097174031
84 0.85207323132187
85 0.852208527702179
86 0.852337201696901
87 0.852459577443311
88 0.85257596321583
89 0.852686652201832
90 0.852791923239619
91 0.852892041520379
92 0.852987259255881
93 0.853077816313547
94 0.853163940820494
95 0.853245849738054
96 0.853323749408194
97 0.853397836073231
98 0.853468296370111
99 0.853535307800521
100 0.853599039177996
101 0.853659651053151
102 0.853717296118108
103 0.853772119591132
104 0.853824259582441
105 0.853873847442121
106 0.853921008091005
107 0.853965860335367
108 0.854008517166206
109 0.854049086043891
110 0.854087669168862
111 0.854124363739096
112 0.854159262194959
113 0.854192452452083
114 0.854224018122834
115 0.85425403872695
116 0.854282589891866
117 0.854309743543229
118 0.854335568086094
119 0.854360128577248
120 0.854383486889099
121 0.854405701865544
122 0.854426829470209
123 0.854446922927429
124 0.854466032856332
125 0.854484207398357
126 0.854501492338529
127 0.854517931220805
128 0.854533565457763
129 0.854548434434933
130 0.854562575610015
131 0.854576024607238
132 0.854588815307111
133 0.854600979931768
134 0.854612549126144
135 0.854623552035177
136 0.854634016377227
137 0.854643968513902
138 0.854653433516474
139 0.85466243522903
140 0.854670996328549
141 0.854679138382019
142 0.854686881900777
143 0.854694246392177
144 0.854701250408733
145 0.854707911594855
146 0.854714246731302
147 0.854720271777452
148 0.854726001911509
149 0.854731451568738
150 0.854736634477833
151 0.854741563695499
152 0.854746251639344
153 0.854750710119166
154 0.854754950366699
155 0.854758983063908
156 0.854762818369903
157 0.854766465946528
158 0.854769934982701
159 0.854773234217567
160 0.854776371962506
161 0.854779356122077
162 0.85478219421393
163 0.854784893387741
164 0.854787460443229
165 0.85478990184728
166 0.854792223750241
167 0.854794432001415
168 0.854796532163795
169 0.854798529528076
170 0.85480042912599
171 0.854802235742973
172 0.854803953930227
173 0.854805588016184
174 0.854807142117407
175 0.854808620148965
176 0.854810025834292
177 0.854811362714569
178 0.854812634157644
179 0.854813843366517
180 0.854814993387409
181 0.854816087117434
182 0.854817127311901
183 0.854818116591251
184 0.854819057447662
185 0.854819952251324
186 0.854820803256414
187 0.85482161260677
188 0.854822382341296
189 0.854823114399094
190 0.854823810624355
191 0.854824472770996
192 0.854825102507089
193 0.854825701419055
194 0.854826271015663
195 0.854826812731832
196 0.854827327932247
197 0.854827817914791
198 0.854828283913821
199 0.854828727103275
200 0.854829148599629
