1 2
2 2
3 2
4 2
5 2
6 2
7 2
8 2
9 2
10 2
11 2
12 2
13 2
14 2
15 2
16 2
17 2
18 2
19 2
20 2
21 2
22 2
23 2
24 2
25 2
26 2
27 2
28 2
29 2
30 2.25
31 2.27642666666667
32 2.30309333333333
33 2.32976
34 2.35642666666667
35 2.38309333333333
36 2.40976
37 2.43642666666667
38 2.46309333333333
39 2.48976
40 2.51543934719667
41 2.53929731885012
42 2.56142880866047
43 2.58190017706247
44 2.60075745198543
45 2.61803109979803
46 2.63373972890755
47 2.64789296176329
48 2.66049365972226
49 2.67153964442923
50 2.68102892677807
51 2.68896690783509
52 2.69536813176898
53 2.70025455664605
54 2.70365431525748
55 2.70560082019267
56 2.70613211609397
57 2.70529040826291
58 2.7031217161733
59 2.69967561472127
60 2.69500502111799
61 2.68916597261807
62 2.68221736411266
63 2.67422065285026
64 2.66523954655752
65 2.65533968523823
66 2.64458832296723
67 2.63305401338666
68 2.62080630092803
69 2.60791541872651
70 2.59445199361569
71 2.58048675847313
72 2.56609027240095
73 2.55133264948136
74 2.53628329696627
75 2.52101066375999
76 2.50558199999202
77 2.49006312838743
78 2.47451822804554
79 2.45900963114494
80 2.44359763300823
81 2.4283403158846
82 2.41329338674081
83 2.39851002928605
84 2.38404077039441
85 2.36993336102618
86 2.35623267168897
87 2.34298060241952
88 2.33021600720942
89 2.31797463274183
90 2.30628907125272
91 2.29518872727931
92 2.28469979800965
93 2.27484526690188
94 2.26564491019889
95 2.25711531592377
96 2.24926991490472
97 2.24211902334361
98 2.23566989641137
99 2.22992679232523
100 2.22489104633758
101 2.22056115404419
102 2.21693286340065
103 2.21399927481943
104 2.21175094870748
105 2.21017601979355
106 2.20926031758775
107 2.20898749231108
108 2.20933914563124
109 2.21029496554199
110 2.21183286472699
111 2.21392912175536
112 2.21655852446432
113 2.21969451489573
114 2.22330933516581
115 2.22737417366281
116 2.23185931098412
117 2.2367342650435
118 2.24196793479923
119 2.24752874207652
120 2.25338477098054
121 2.25950390442161
122 2.26585395729982
123 2.27240280592323
124 2.27911851326183
125 2.2859694496676
126 2.29292440872069
127 2.29995271789062
128 2.30702434373207
129 2.31410999136438
130 2.32118119801439
131 2.32821042043242
132 2.33517111602102
133 2.342037817546
134 2.34878620132863
135 2.35539314884656
136 2.36183680169956
137 2.36809660992345
138 2.37415337366277
139 2.3799892782384
140 2.38558792267147
141 2.39093434174908
142 2.39601502174006
143 2.40081790989106
144 2.40533241785382
145 2.40954941921394
146 2.41346124130959
147 2.41706165154568
148 2.42034583842424
149 2.42331038752634
150 2.42595325269343
151 2.42827372266764
152 2.43027238346062
153 2.43195107672923
154 2.43331285444384
155 2.43436193014086
156 2.43510362705593
157 2.43554432343751
158 2.43569139534273
159 2.4355531572181
160 2.43513880056727
161 2.43445833100666
162 2.43352250400668
163 2.43234275961274
164 2.4309311564353
165 2.4293003051922
166 2.42746330207994
167 2.4254336622426
168 2.42322525359883
169 2.42085223127789
170 2.41832897290558
171 2.41567001497062
172 2.41288999049035
173 2.41000356818309
174 2.40702539334233
175 2.40397003059488
176 2.40085190871272
177 2.39768526763443
178 2.39448410783913
179 2.39126214220174
180 2.38803275044509
181 2.38480893629033
182 2.38160328739346
183 2.37842793814211
184 2.37529453537308
185 2.37221420705786
186 2.36919753399011
187 2.36625452449607
188 2.3633945921766
189 2.36062653667677
190 2.35795852746768
191 2.35539809061321
192 2.35295209848364
193 2.35062676236769
194 2.34842762792423
195 2.34635957340577
196 2.34442681057662
197 2.34263288824064
198 2.34098069828529
199 2.33947248414216
200 2.33810985155692
201 2.33689378155644
202 2.3358246454949
203 2.33490222205663
204 2.33412571608888
205 2.33349377913471
206 2.33300453153321
207 2.33265558595204
208 2.33244407221585
209 2.33236666329306
210 2.33241960230306
211 2.33259873040597
212 2.33289951543807
213 2.33331708115673
214 2.33384623696086
215 2.33448150795478
216 2.33521716522609
217 2.33604725621142
218 2.33696563502703
219 2.33796599264544
220 2.33904188680333
221 2.34018677153045
222 2.34139402619424
223 2.34265698395988
224 2.34396895957084
225 2.34532327636065
226 2.3467132924122
227 2.34813242578702
228 2.34957417875276
229 2.35103216094343
230 2.35250011139304
231 2.35397191938967
232 2.35544164410308
233 2.35690353294543
234 2.35835203863082
235 2.35978183490559
236 2.36118783092732
237 2.36256518427674
238 2.36390931259229
239 2.36521590382319
240 2.36648092510222
241 2.3677006302449
242 2.36887156588706
243 2.36999057627785
244 2.37105480674971
245 2.37206170589195
246 2.37300902645842
247 2.37389482504412
248 2.3747174605693
249 2.37547559161321
250 2.37616817264282
251 2.37679444918505
252 2.3773539519935
253 2.37784649026328
254 2.37827214394968
255 2.37863125524808
256 2.37892441929441
257 2.37915247414643
258 2.37931649010736
259 2.37941775845393
260 2.37945777963166
261 2.37943825098004
262 2.3793610540505
263 2.37922824157983
264 2.3790420241807
265 2.37880475681093
266 2.3785189250814
267 2.37818713146189
268 2.37781208144243
269 2.3773965697063
270 2.37694346636898
271 2.37645570333566
272 2.37593626082751
273 2.375388154125
274 2.37481442057419
275 2.37421810689939
276 2.3736022568631
277 2.37296989931154
278 2.37232403664148
279 2.37166763372107
280 2.37100360729496
281 2.37033481590073
282 2.36966405032133
283 2.3689940245947
284 2.36832736759967
285 2.3676666152336
286 2.36701420319509
287 2.36637246038174
288 2.36574360291065
289 2.36512972876629
290 2.36453281307804
291 2.36395470402694
292 2.36339711937874
293 2.36286164363815
294 2.36234972581653
295 2.36186267780341
296 2.36140167332994
297 2.36096774751046
298 2.36056179694639
299 2.36018458037515
300 2.35983671984494
301 2.35951870239475
302 2.35923088221774
303 2.35897348328474
304 2.35874660240359
305 2.35855021268885
306 2.358384167416
307 2.35824820423293
308 2.35814194970145
309 2.35806492414076
310 2.35801654674448
311 2.35799614094295
312 2.35800293998186
313 2.3580360926888
314 2.35809466939906
315 2.35817766801259
316 2.35828402015395
317 2.35841259740796
318 2.35856221760393
319 2.35873165112229
320 2.35891962719776
321 2.35912484019452
322 2.35934595582906
323 2.359581617318
324 2.35983045142855
325 2.36009107441084
326 2.36036209779205
327 2.36064213401369
328 2.36092980189454
329 2.36122373190267
330 2.36152257122182
331 2.36182498859798
332 2.36212967895388
333 2.36243536776007
334 2.36274081515272
335 2.36304481978937
336 2.36334622243556
337 2.36364390927612
338 2.36393681494636
339 2.36422392527977
340 2.36450427976986
341 2.36477697374504
342 2.36504116025669
343 2.36529605168163
344 2.36554092104129
345 2.36577510304086
346 2.365997994833
347 2.3662090565112
348 2.36640781133918
349 2.36659384572339
350 2.36676680893643
351 2.36692641260015
352 2.36707242993766
353 2.36720469480426
354 2.36732310050779
355 2.36742759842952
356 2.36751819645693
357 2.3675949572405
358 2.36765799628653
359 2.36770747989862
360 2.36774362298053
361 2.3677666867133
362 2.36777697611957
363 2.36777483752834
364 2.36776065595294
365 2.36773485239552
366 2.36769788109066
367 2.36765022670113
368 2.36759240147812
369 2.36752494239835
370 2.36744840829014
371 2.36736337696
372 2.3672704423313
373 2.36717021160572
374 2.3670633024583
375 2.36695034027593
376 2.36683195544904
377 2.36670878072556
378 2.36658144863568
379 2.36645058899552
380 2.3663168264972
381 2.36618077839218
382 2.36604305227419
383 2.36590424396766
384 2.36576493552658
385 2.36562569334857
386 2.36548706640796
387 2.36534958461147
388 2.36521375727901
389 2.36508007175212
390 2.3649489921314
391 2.3648209581443
392 2.36469638414354
393 2.36457565823636
394 2.36445914154395
395 2.36434716759015
396 2.36424004181788
397 2.36413804123125
398 2.36404141416118
399 2.36395038015145
400 2.11395038015145
401 2.06101774254317
402 2.00761118450372
403 1.95421081158123
404 1.90081670165131
405 1.84742890544737
406 1.7940474471822
407 1.74067232525575
408 1.6873035130435
409 1.63394095976006
410 1.58157157418544
411 1.53113343357366
412 1.4827140685324
413 1.43640088710092
414 1.39227805400712
415 1.35042641682658
416 1.31092348569898
417 1.27384345458018
418 1.23925725304958
419 1.20723262020711
420 1.2
421 1.2
422 1.2
423 1.2
424 1.2
425 1.2
426 1.2
427 1.2
428 1.2
429 1.2
430 1.2
431 1.2
432 1.20135868037005
433 1.20451863946278
434 1.20932319376813
435 1.21563847448797
436 1.22334896287947
437 1.23235398420057
438 1.24256494974253
439 1.25390318290171
440 1.26629820144095
441 1.27968635629153
442 1.29400438340912
443 1.3091828261276
444 1.32514617640382
445 1.34181498975883
446 1.35910745320181
447 1.37694054664111
448 1.3952309009073
449 1.41389542955772
450 1.43285179213366
451 1.45201873191409
452 1.47131634144072
453 1.49066631792445
454 1.50999223372044
455 1.52921981100113
456 1.54827718673486
457 1.56709515990183
458 1.58560741673858
459 1.60375073231278
460 1.62146514831373
461 1.63869412789788
462 1.65538468887741
463 1.67148751650109
464 1.68695705674356
465 1.70175159071445
466 1.71583329065187
467 1.72916825793536
468 1.74172654358283
469 1.75348215175085
470 1.76441302681663
471 1.77450102467393
472 1.78373186891796
473 1.79209509262757
474 1.79958396647784
475 1.80619541393723
476 1.8119299143217
477 1.81679139449494
478 1.82078711001868
479 1.82392751656942
480 1.82622613244826
481 1.82769939301734
482 1.82836649790047
483 1.82824925178671
484 1.82737189967322
485 1.82576095737878
486 1.82344503815119
487 1.82045467618108
488 1.81682214782093
489 1.81258129129223
490 1.80776732564489
491 1.80241666971234
492 1.79656676178234
493 1.79025588067874
494 1.78352296892193
495 1.77640745860724
496 1.76894910060976
497 1.76118779769246
498 1.75316344206108
499 1.74491575787528
500 1.73648414918991
501 1.72790755376468
502 1.71922430314357
503 1.71047198936842
504 1.70168733865364
505 1.69290609231157
506 1.68416289518029
507 1.6754911917685
508 1.66692313029497
509 1.6584894747632
510 1.65021952517611
511 1.64214104595999
512 1.63428020263242
513 1.62666150671499
514 1.61930776885934
515 1.61224006012304
516 1.60547768130185
517 1.59903814019559
518 1.59293713665738
519 1.58718855524953
520 1.58180446530477
521 1.57679512816828
522 1.57216901137427
523 1.56793280949098
524 1.56409147134955
525 1.56064823335571
526 1.55760465856804
527 1.55496068121368
528 1.55271465630039
529 1.55086341397432
530 1.54940231826478
531 1.54832532985035
532 1.54762507247633
533 1.54729290265012
534 1.54731898223926
535 1.54769235359708
536 1.54840101684203
537 1.54943200891962
538 1.55077148408027
539 1.55240479541147
540 1.55431657706991
541 1.55649082686686
542 1.55891098886936
543 1.56156003568987
544 1.56442055014814
545 1.56747480600136
546 1.57070484745115
547 1.57409256714998
548 1.57761978244382
549 1.5812683096027
550 1.58502003580639
551 1.58885698866855
552 1.59276140309856
553 1.59671578531733
554 1.60070297385995
555 1.60470619741503
556 1.60870912936776
557 1.61269593893075
558 1.61665133876367
559 1.62056062899963
560 1.62440973761304
561 1.62818525707995
562 1.63187447729827
563 1.63546541475075
564 1.63894683790936
565 1.64230828889427
566 1.6455401014153
567 1.64863341503738
568 1.65158018582511
569 1.65437319343381
570 1.65700604472686
571 1.65947317401009
572 1.66176983998495
573 1.66389211953179
574 1.665836898444
575 1.66760185924203
576 1.66918546620392
577 1.67058694775601
578 1.67180627637347
579 1.67284414614551
580 1.67370194816506
581 1.67438174390588
582 1.67488623675376
583 1.67521874186014
584 1.67538315448842
585 1.67538391702378
586 1.67522598481762
587 1.67491479103706
588 1.67445621068871
589 1.67385652398413
590 1.67312237921185
591 1.67226075527783
592 1.67127892407268
593 1.6701844128197
594 1.66898496655338
595 1.66768851087293
596 1.66630311510975
597 1.66483695604215
598 1.66329828228435
599 1.66169537947009
600 1.66003653634474
601 1.65833001187237
602 1.65658400345735
603 1.65480661637234
604 1.65300583447714
605 1.65118949230517
606 1.64936524858653
607 1.647540561269
608 1.64572266409029
609 1.64391854474738
610 1.64213492470083
611 1.64037824064455
612 1.63865462766375
613 1.63696990409674
614 1.63532955810872
615 1.63373873597885
616 1.63220223209504
617 1.63072448064441
618 1.6293095489807
619 1.62796113264433
620 1.62668255200448
621 1.62547675048761
622 1.62434629435108
623 1.6232933739562
624 1.62231980649004
625 1.62142704008151
626 1.62061615925301
627 1.61988789164578
628 1.6192426159536
629 1.61868037099689
630 1.61820086586683
631 1.6178034910668
632 1.61748733057692
633 1.61725117476599
634 1.617093534074
635 1.61701265338779
636 1.61700652703192
637 1.61707291429684
638 1.61720935542657
639 1.6174131879888
640 1.61768156355093
641 1.6180114645869
642 1.61839972154083
643 1.61884302997529
644 1.61933796773367
645 1.61988101204841
646 1.62046855652898
647 1.62109692796606
648 1.62176240289093
649 1.62246122383207
650 1.62318961521374
651 1.62394379884445
652 1.62472000894658
653 1.62551450668143
654 1.62632359412761
655 1.62714362767402
656 1.6279710307921
657 1.62880230615567
658 1.62963404708013
659 1.63046294825643
660 1.63128581575866
661 1.63209957630769
662 1.63290128577667
663 1.6336881369279
664 1.63445746637347
665 1.63520676075588
666 1.63593366214771
667 1.63663597267259
668 1.63731165835296
669 1.63795885219254
670 1.63857585650482
671 1.63916114450092
672 1.63971336115315
673 1.64023132335275
674 1.64071401938255
675 1.6411606077274
676 1.64157041524721
677 1.64194293473898
678 1.64227782191619
679 1.64257489183498
680 1.64283411479811
681 1.64305561176875
682 1.64323964932698
683 1.643386634203
684 1.64349710742128
685 1.64357173809084
686 1.64361131687679
687 1.64361674918869
688 1.6435890481212
689 1.64352932718263
690 1.64343879284631
691 1.64331873695991
692 1.64317052904685
693 1.64299560853363
694 1.64279547693602
695 1.64257169003639
696 1.6423258500832
697 1.6420595980431
698 1.64177460593448
699 1.64147256927044
700 1.64115519963782
701 1.64082421743742
702 1.64048134480928
703 1.64012829876551
704 1.63976678455142
705 1.63939848925436
706 1.63902507567806
707 1.63864817649871
708 1.63826938871724
709 1.63789026842087
710 1.63751232586536
711 1.63713702088747
712 1.63676575865607
713 1.63639988576818
714 1.63604068669519
715 1.63568938058246
716 1.63534711840447
717 1.6350149804759
718 1.63469397431767
719 1.63438503287579
720 1.63408901308915
721 1.63380669480151
722 1.63353878001159
723 1.6332858924538
724 1.63304857750143
725 1.63282730238285
726 1.63262245670033
727 1.63243435324042
728 1.63226322906357
729 1.63210924686055
730 1.63197249656191
731 1.63185299718674
732 1.63175069891584
733 1.63166548537463
734 1.63159717611014
735 1.63154552924656
736 1.63151024430339
737 1.63149096516003
738 1.63148728315084
739 1.63149874027419
740 1.63152483249968
741 1.63156501315712
742 1.63161869639166
743 1.63168526066928
744 1.6317640523172
745 1.63185438908426
746 1.63195556370645
747 1.63206684746341
748 1.6321874937121
749 1.63231674138428
750 1.63245381843515
751 1.63259794523087
752 1.63274833786357
753 1.63290421138271
754 1.63306478293278
755 1.63322927478754
756 1.63339691727211
757 1.63356695156465
758 1.63373863237011
759 1.63391123045962
760 1.63408403506921
761 1.63425635615286
762 1.6344275264853
763 1.63459690361078
764 1.63476387163478
765 1.63492784285636
766 1.63508825923945
767 1.63524459372222
768 1.63539635136416
769 1.63554307033135
770 1.63568432272088
771 1.63581971522593
772 1.63594888964396
773 1.63607152323045
774 1.6361873289017
775 1.63629605529033
776 1.63639748665781
777 1.63649144266861
778 1.63657777803114
779 1.63665638201091
780 1.63672717782163
781 1.6367901219005
782 1.63684520307395
783 1.63689244162052
784 1.63693188823764
785 1.63696362291941
786 1.63698775375237
787 1.63700441563667
788 1.63701376893982
789 1.63701599809054
790 1.63701131011991
791 1.63699993315736
792 1.63698211488868
793 1.63695812098341
794 1.6369282334987
795 1.63689274926669
796 1.6368519782723
797 1.63680624202805
798 1.63675587195262
799 1.63670120775928
800 1.76342926252694
801 1.77658038779315
802 1.78984827200776
803 1.8031132723526
804 1.81637574659889
805 1.82963605167364
806 1.84289454227293
807 1.85615156952591
808 1.86940747971349
809 1.88266261304498
810 1.89541658671771
811 1.90724748248834
812 1.9182050445484
813 1.92832433169974
814 1.9376299117135
815 1.94613831361361
816 1.95385993149177
817 1.96080050101217
818 1.96696224339269
819 1.97234475068089
820 1.97694764727626
821 1.98077424655502
822 1.98383243861316
823 1.98613381084898
824 1.98769301866413
825 1.98852733183978
826 1.98865630698742
827 1.98810154989227
828 1.98688654148032
829 1.98503650843756
830 1.98257831705347
831 1.97954036245373
832 1.97595243752138
833 1.97184558521821
834 1.96725194257869
835 1.96220458159416
836 1.95673735018672
837 1.95088471514446
838 1.94468160803313
839 1.93816327456266
840 1.93136512759374
841 1.92432260391036
842 1.91707102499373
843 1.9096454621625
844 1.90208060650521
845 1.89441064403096
846 1.88666913643268
847 1.87888890781231
848 1.87110193766839
849 1.86333926039968
850 1.85563087153585
851 1.84800564086881
852 1.8404912326239
853 1.83311403277811
854 1.82589908360125
855 1.8188700254651
856 1.81204904593534
857 1.80545683613106
858 1.7991125543081
859 1.79303379659439
860 1.78723657477892
861 1.78173530103057
862 1.77654277939911
863 1.77167020392798
864 1.76712716318715
865 1.76292165101496
866 1.75906008323895
867 1.75554732012948
868 1.75238669432406
869 1.74958004394692
870 1.74712775063572
871 1.74502878217688
872 1.74328073944137
873 1.7418799073054
874 1.740821309234
875 1.74009876520079
876 1.7397049526138
877 1.73963146991551
878 1.73986890252437
879 1.74040689078617
880 1.74123419960565
881 1.74233878943184
882 1.74370788827543
883 1.74532806444195
884 1.74718529967135
885 1.74926506238228
886 1.7515523807281
887 1.75403191518136
888 1.75668803037376
889 1.7595048659299
890 1.76246640604515
891 1.76555654757029
892 1.76875916637879
893 1.77205818180617
894 1.77543761896491
895 1.77888166875265
896 1.78237474538618
897 1.7859015413085
898 1.78944707933125
899 1.79299676189009
900 1.79653641730538
901 1.80005234295607
902 1.80353134528937
903 1.80696077660373
904 1.81032856855745
905 1.81362326236947
906 1.81683403569305
907 1.81995072615686
908 1.82296385158124
909 1.82586462689044
910 1.82864497775398
911 1.83129755100223
912 1.83381572187286
913 1.83619359815532
914 1.83842602131109
915 1.84050856465682
916 1.84243752870658
917 1.84420993377768
918 1.84582350997228
919 1.84727668465392
920 1.84856856754438
921 1.84969893357205
922 1.85066820360773
923 1.85147742322805
924 1.85212823965047
925 1.8526228769863
926 1.85296410996086
927 1.85315523625099
928 1.8532000475915
929 1.85310279980193
930 1.85286818188516
931 1.85250128434815
932 1.85200756689377
933 1.85139282563062
934 1.85066315994513
935 1.84982493917743
936 1.84888476923857
937 1.84784945930314
938 1.84672598870673
939 1.84552147417304
940 1.84424313749028
941 1.8428982737512
942 1.84149422026539
943 1.84003832624634
944 1.83853792336993
945 1.8370002972943
946 1.83543266022474
947 1.83384212460047
948 1.83223567797347
949 1.8306201591426
950 1.82900223559941
951 1.82738838233528
952 1.82578486205229
953 1.82419770681375
954 1.82263270116332
955 1.82109536673507
956 1.81959094837009
957 1.8181244017491
958 1.81670038254395
959 1.81532323708492
960 1.81399699453492
961 1.81272536055579
962 1.8115117124466
963 1.81035909572858
964 1.80927022214641
965 1.80824746905076
966 1.80729288012282
967 1.80640816739711
968 1.80559471453539
969 1.80485358130078
970 1.80418550917789
971 1.80359092808221
972 1.80306996409897
973 1.80262244818994
974 1.80224792580407
975 1.80194566732682
976 1.80171467930128
977 1.80155371635336
978 1.80146129375244
979 1.80143570053866
980 1.80147501314761
981 1.80157710946351
982 1.80173968323226
983 1.80196025876644
984 1.80223620587517
985 1.80256475495311
986 1.80294301216379
987 1.80336797465458
988 1.80383654574208
989 1.80434555000858
990 1.8048917482528
991 1.80547185223996
992 1.80608253919898
993 1.80672046601712
994 1.80738228308502
995 1.80806464774792
996 1.80876423732191
997 1.80947776163668
998 1.81020197506963
999 1.81093368803908
1000 1.81166977792752
1001 1.81240719940887
1002 1.81314299415706
1003 1.81387429991616
1004 1.81459835891552
1005 1.81531252561655
1006 1.81601427378068
1007 1.81670120285101
1008 1.81737104364341
1009 1.81802166334525
1010 1.81865106982311
1011 1.81925741524323
1012 1.81983899901139
1013 1.82039427004095
1014 1.82092182836068
1015 1.82142042607588
1016 1.82188896769854
1017 1.82232650986454
1018 1.82273226045737
1019 1.82310557715999
1020 1.82344596545772
1021 1.82375307611686
1022 1.82402670216479
1023 1.82426677539865
1024 1.8244733624507
1025 1.82464666043934
1026 1.82478699223553
1027 1.82489480137511
1028 1.82497064664774
1029 1.82501519639368
1030 1.82502922254003
1031 1.82501359440758
1032 1.82496927232009
1033 1.82489730104696
1034 1.82479880311052
1035 1.8246749719884
1036 1.82452706524106
1037 1.82435639759402
1038 1.82416433400345
1039 1.82395228273315
1040 1.82372168846981
1041 1.82347402550289
1042 1.82321079099386
1043 1.82293349835899
1044 1.82264367078824
1045 1.82234283492182
1046 1.8220325147048
1047 1.82171422543845
1048 1.8213894680461
1049 1.82105972356963
1050 1.82072644791133
1051 1.82039106683459
1052 1.82005497123533
1053 1.81971951269463
1054 1.81938599932172
1055 1.81905569189489
1056 1.81872980030669
1057 1.81840948031811
1058 1.81809583062536
1059 1.8177898902413
1060 1.81749263619236
1061 1.81720498153058
1062 1.81692777365898
1063 1.81666179296743
1064 1.81640775177508
1065 1.81616629357416
1066 1.81593799256899
1067 1.81572335350325
1068 1.8155228117672
1069 1.81533673377618
1070 1.81516541761055
1071 1.81500909390663
1072 1.81486792698753
1073 1.81474201622213
1074 1.81463139759987
1075 1.8145360455087
1076 1.81445587470282
1077 1.81439074244683
1078 1.8143404508224
1079 1.81430474918339
1080 1.81428333674522
1081 1.81427586529425
1082 1.81428194200265
1083 1.81430113233459
1084 1.81433296302938
1085 1.81437692514749
1086 1.81443247716545
1087 1.81449904810588
1088 1.8145760406893
1089 1.81466283449445
1090 1.8147587891145
1091 1.81486324729664
1092 1.81497553805326
1093 1.81509497973321
1094 1.81522088304216
1095 1.81535255400175
1096 1.81548929683756
1097 1.81563041678671
1098 1.81577522281643
1099 1.8159230302454
1100 1.81607316326067
1101 1.81622495732309
1102 1.81637776145535
1103 1.81653094040701
1104 1.81668387669164
1105 1.81683597249203
1106 1.8169866514298
1107 1.81713536019656
1108 1.81728157004435
1109 1.8174247781338
1110 1.81756450873881
1111 1.81770031430757
1112 1.81783177637982
1113 1.81795850636132
1114 1.8180801461566
1115 1.81819636866186
1116 1.81830687812035
1117 1.81841141034289
1118 1.81850973279679
1119 1.8186016445669
1120 1.8186869761926
1121 1.81876558938537
1122 1.8188373766315
1123 1.81890226068512
1124 1.81896019395675
1125 1.81901115780311
1126 1.8190551617238
1127 1.81909224247111
1128 1.81912246307877
1129 1.81914591181631
1130 1.81916270107514
1131 1.81917296619297
1132 1.81917686422299
1133 1.81917457265455
1134 1.81916628809156
1135 1.81915222489542
1136 1.81913261379876
1137 1.81910770049644
1138 1.81907774421991
1139 1.81904301630139
1140 1.8190037987335
1141 1.81896038273046
1142 1.81891306729633
1143 1.81886215780583
1144 1.81880796460296
1145 1.8187508016224
1146 1.81869098503847
1147 1.81862883194618
1148 1.81856465907857
1149 1.81849878156437
1150 1.81843151172967
1151 1.81836315794691
1152 1.81829402353449
1153 1.81822440570961
1154 1.81815459459711
1155 1.81808487229626
1156 1.8180155120077
1157 1.81794677722199
1158 1.81787892097119
1159 1.81781218514445
1160 1.8177467998685
1161 1.81768298295344
1162 1.81762093940399
1163 1.8175608609963
1164 1.8175029259199
1165 1.81744729848426
1166 1.81739412888914
1167 1.81734355305779
1168 1.81729569253163
1169 1.81725065442505
1170 1.81720853143873
1171 1.81716940192947
1172 1.81713333003478
1173 1.8171003658499
1174 1.81707054565503
1175 1.81704389219033
1176 1.81702041497621
1177 1.81700011067619
1178 1.81698296349963
1179 1.81696894564158
1180 1.8169580177568
1181 1.81695012946512
1182 1.81694521988515
1183 1.81694321819331
1184 1.81694404420538
1185 1.81694760897735
1186 1.81695381542281
1187 1.8169625589438
1188 1.81697372807234
1189 1.81698720511961
1190 1.81700286683015
1191 1.81702058503826
1192 1.8170402273239
1193 1.81706165766557
1194 1.81708473708772
1195 1.81710932430012
1196 1.8171352763271
1197 1.81716244912439
1198 1.81719069818146
1199 1.81721987910746
1200 1.81724984819901
