1 2
2 2
3 2
4 2
5 2
6 2
7 2
8 2
9 2
10 2
11 2
12 2
13 2
14 2
15 2
16 2
17 2
18 2
19 2
20 2
21 2
22 2
23 2
24 2
25 2
26 2
27 2
28 2
29 2
30 2
31 2
32 2
33 2
34 2
35 2
36 2
37 2
38 2
39 2
40 2
41 2
42 2
43 2
44 2
45 2
46 2
47 2
48 2
49 2
50 2
51 2
52 2
53 2
54 2
55 2
56 2
57 2
58 2
59 2
60 2
61 2
62 2
63 2
64 2
65 2
66 2
67 2
68 2
69 2
70 2
71 2
72 2
73 2
74 2
75 2
76 2
77 2
78 2
79 2
80 2
81 2
82 2
83 2
84 2
85 2
86 2
87 2
88 2
89 2
90 2
91 2
92 2
93 2
94 2
95 2
96 2
97 2
98 2
99 2
100 2
101 2
102 2
103 2
104 2
105 2
106 2
107 2
108 2
109 2
110 2
111 2
112 2
113 2
114 2
115 2
116 2
117 2
118 2
119 2
120 2
121 2
122 2
123 2
124 2
125 2
126 2
127 2
128 2
129 2
130 2
131 2
132 2
133 2
134 2
135 2
136 2
137 2
138 2
139 2
140 2
141 2
142 2
143 2
144 2
145 2
146 2
147 2
148 2
149 2
150 2
151 2
152 2
153 2
154 2
155 2
156 2
157 2
158 2
159 2
160 2
161 2
162 2
163 2
164 2
165 2
166 2
167 2
168 2
169 2
170 2
171 2
172 2
173 2
174 2
175 2
176 2
177 2
178 2
179 2
180 2
181 2
182 2
183 2
184 2
185 2
186 2
187 2
188 2
189 2
190 2
191 2
192 2
193 2
194 2
195 2
196 2
197 2
198 2
199 2
200 2
201 2.25
202 2.5
203 2.75
204 2.8
205 2.8
206 2.8
207 2.8
208 2.8
209 2.8
210 2.8
211 2.8
212 2.8
213 2.8
214 2.8
215 2.73387116319063
216 2.56580678622685
217 2.39472000410893
218 2.26909253357345
219 2.20264240285517
220 2.18850684930862
221 2.21052636041549
222 2.25106358663704
223 2.29552243876439
224 2.33420204707956
225 2.3623145490917
226 2.37897344045698
227 2.38580417660157
228 2.38561995147174
229 2.38140235749778
230 2.37566403069713
231 2.37016191952748
232 2.36587339052319
233 2.36313196387607
234 2.36183081077561
235 2.36162680738415
236 2.36210553549094
237 2.36289152831047
238 2.36370514217778
239 2.36437718960801
240 2.36483603166831
241 2.36508106821617
242 2.36515341929491
243 2.36511065757861
244 2.36500881928957
245 2.36489216906262
246 2.36478949147184
247 2.36471492363212
248 2.36467128491824
249 2.36465422247201
250 2.36465602982758
251 2.3646685331237
252 2.36468487135863
253 2.36470028372264
254 2.36471216287767
255 2.36471966818718
256 2.36472315640903
257 2.36472361602519
258 2.36472221348824
259 2.36471999305041
260 2.36471772475845
261 2.36471586868716
262 2.364714614161
263 2.36471395526213
264 2.36471377292584
265 2.36471390495918
266 2.36471419540044
267 2.36471452220504
268 2.36471480687017
269 2.36471501161852
270 2.36471512984544
271 2.36471517447679
272 2.36471516736291
273 2.36471513133787
274 2.36471508537993
275 2.36471504252682
276 2.36471500980827
277 2.36471498937261
278 2.36471498009356
279 2.36471497914653
280 2.3647149832609
281 2.36471498953971
282 2.36471499586699
283 2.36471500099463
284 2.36471500442483
285 2.36471500619559
286 2.36471500665124
287 2.3647150062486
288 2.36471500542164
289 2.36471500450679
290 2.36471500371805
291 2.3647150031562
292 2.36471500283623
293 2.36471500271995
294 2.36471500274548
295 2.36471500284906
296 2.36471500297823
297 2.36471500309731
298 2.36471500318737
299 2.36471500324297
300 2.36471500326761
301 2.36471500326933
302 2.36471500325732
303 2.36471500323958
304 2.36471500322195
305 2.36471500320779
306 2.36471500319842
307 2.36471500319366
308 2.36471500319253
309 2.36471500319375
310 2.36471500319611
311 2.36471500319868
312 2.36471500320087
313 2.36471500320242
314 2.36471500320329
315 2.36471500320359
316 2.3647150032035
317 2.36471500320319
318 2.36471500320283
319 2.3647150032025
320 2.36471500320225
321 2.3647150032021
322 2.36471500320203
323 2.36471500320203
324 2.36471500320206
325 2.36471500320211
326 2.36471500320216
327 2.3647150032022
328 2.36471500320222
329 2.36471500320224
330 2.36471500320224
331 2.36471500320224
332 2.36471500321327
333 2.36471500325469
334 2.36471500334535
335 2.36471500348342
336 2.36471500363568
337 2.36471500373744
338 2.36471500370132
339 2.36471500343478
340 2.36471500286681
341 2.36471500198335
342 2.3647150008677
343 2.36471499973799
344 2.36471499896777
345 2.36471499907134
346 2.36471500063042
347 2.36471500414759
348 2.36471500982998
349 2.36471501731944
350 2.36471502541532
351 2.36471503187473
352 2.36471503341318
353 2.36471502604998
354 2.36471500593081
355 2.36471497069387
356 2.36471492131207
357 2.36471486413658
358 2.36471481260637
359 2.36471478781984
360 2.36471481697391
361 2.36471492867977
362 2.36471514450056
363 2.3647154668478
364 2.3647158646825
365 2.36471626022683
366 2.36471652184119
367 2.36471646985244
368 2.36471590267161
369 2.36471464908058
370 2.36471264817544
371 2.36471005054569
372 2.36470732303445
373 2.3647053263409
374 2.36470532299973
375 2.36470886806149
376 2.36471754297473
377 2.36473252241266
378 2.36475402087471
379 2.36478075428479
380 2.36480966893782
381 2.36483632536122
382 2.36485645935295
383 2.3648678200934
384 2.36487086034812
385 2.36486798441298
386 2.36486203762074
387 2.36485522896582
388 2.3648486388648
389 2.36484217638367
390 2.36483485790256
391 2.3648116467304
392 2.36476869194799
393 2.36470880450667
394 2.36464918056904
395 2.36460225188001
396 2.36457317621382
397 2.36456228493113
398 2.36456671137723
399 2.36458178903365
400 2.11458178903365
401 1.86458178903365
402 1.61458178903365
403 1.36458178903365
404 1.2
405 1.2
406 1.2
407 1.2
408 1.2
409 1.2
410 1.2
411 1.2
412 1.2
413 1.2
414 1.2
415 1.2
416 1.2
417 1.2
418 1.2
419 1.2
420 1.2
421 1.2
422 1.20988390473566
423 1.3699960874264
424 1.55709026024641
425 1.70622807677448
426 1.79402432341242
427 1.82293283466808
428 1.80829232954225
429 1.76897740830151
430 1.72166833177202
431 1.67817272612996
432 1.64494945470394
433 1.62395322187259
434 1.61405291893384
435 1.61248985200015
436 1.61606421458438
437 1.6219251478074
438 1.62797128729074
439 1.63294314693257
440 1.63631577131116
441 1.63809448093741
442 1.63859305254647
443 1.6382443894432
444 1.63746679455984
445 1.63658865268108
446 1.63582186809303
447 1.6352689668303
448 1.63494850905923
449 1.63482627721992
450 1.63484378586226
451 1.63493968661394
452 1.63506285743604
453 1.63517808216918
454 1.63526628936703
455 1.63532155932733
456 1.63534681983968
457 1.63534960953097
458 1.63533870295302
459 1.63532189509558
460 1.63530489458739
461 1.63529108071982
462 1.63528181330296
463 1.63527700600893
464 1.63527574268279
465 1.63527679919039
466 1.63527900868491
467 1.63528146431786
468 1.63528358744664
469 1.6352851038651
470 1.63528597080351
471 1.63528628927662
472 1.635286224866
473 1.63528594881452
474 1.63528560244406
475 1.63528528213268
476 1.6352850392429
477 1.63528488881645
478 1.6352848217134
479 1.63528481641166
480 1.63528484831762
481 1.63528489581276
482 1.63528494321594
483 1.6352849813652
484 1.63528500669311
485 1.63528501959967
486 1.6352850227298
487 1.63528501952926
488 1.63528501324389
489 1.63528500637252
490 1.63528500049171
491 1.63528499633214
492 1.63528499398748
493 1.63528499316034
494 1.63528499338209
495 1.63528499417484
496 1.63528499514798
497 1.63528499603787
498 1.6352849967063
499 1.63528499711536
500 1.63528499729319
501 1.63528499730115
502 1.63528499720811
503 1.635284997074
504 1.63528499694189
505 1.63528499683658
506 1.6352849967674
507 1.63528499673281
508 1.63528499672519
509 1.63528499673485
510 1.63528499675278
511 1.63528499677209
512 1.63528499678846
513 1.63528499679993
514 1.63528499680624
515 1.63528499680823
516 1.63528499680718
517 1.63528499680441
518 1.63528499680103
519 1.63528499679788
520 1.63528499679551
521 1.63528499679429
522 1.63528499679442
523 1.63528499679599
524 1.63528499679894
525 1.63528499680297
526 1.63528499680747
527 1.63528499681143
528 1.63528499681343
529 1.6352849968118
530 1.63528499680492
531 1.63528499678068
532 1.63528499671983
533 1.63528499660552
534 1.63528499643517
535 1.63528499623504
536 1.63528499607379
537 1.63528499605822
538 1.63528499631444
539 1.63528499695511
540 1.63528499803382
541 1.63528499949073
542 1.63528500109855
543 1.63528500242462
544 1.63528500283164
545 1.63528500154344
546 1.63528499779998
547 1.63528499111403
548 1.63528498161752
549 1.63528497044828
550 1.63528496007991
551 1.63528495444861
552 1.63528495869505
553 1.63528497833788
554 1.63528501775828
555 1.63528507799328
556 1.63528515407999
557 1.63528523250815
558 1.63528528968852
559 1.63528529264197
560 1.63528520323002
561 1.63528498701516
562 1.63528462709044
563 1.63528414182968
564 1.63528360347759
565 1.63528315202401
566 1.63528299638448
567 1.63528339338551
568 1.63528459557115
569 1.6352867626722
570 1.63528983974182
571 1.63529341775278
572 1.63529660877709
573 1.63529798477568
574 1.63529564082398
575 1.63528744192806
576 1.63527148750119
577 1.63524676924142
578 1.63521389963536
579 1.63517564858969
580 1.63513685300191
581 1.63510307798767
582 1.63507876558668
583 1.63506607002788
584 1.63506439200788
585 1.63507084211289
586 1.6350816071858
587 1.63509327102945
588 1.63510341123498
589 1.63511070094727
590 1.63512838737008
591 1.63515938494307
592 1.63520116359249
593 1.63524925575031
594 1.63529481348779
595 1.6353251820222
596 1.63533868789243
597 1.63533976698476
598 1.63533518200544
599 1.63533136135569
600 1.63533273759495
601 1.63534091903007
602 1.63535458774434
603 1.63537015115107
604 1.63538327931671
605 1.6353906706605
606 1.63539102218344
607 1.63538505939657
608 1.63537491434706
609 1.63536325603408
610 1.63535250815724
611 1.63534434481452
612 1.63533897144203
613 1.63532798488179
614 1.63530775074849
615 1.63528120484344
616 1.63525487875736
617 1.63523521616882
618 1.63522610279267
619 1.6352280756386
620 1.63523886830734
621 1.635254651599
622 1.63527136448559
623 1.63528573024213
624 1.63529578685555
625 1.63530095095945
626 1.63530174789678
627 1.63529937808835
628 1.63529527146986
629 1.63529073315693
630 1.63528672775914
631 1.63528380274837
632 1.63528212073831
633 1.63528155743548
634 1.63528182299456
635 1.63528257424811
636 1.6352834984924
637 1.63528436209429
638 1.63528502668732
639 1.63528544125994
640 1.63528562029005
641 1.63528561720477
642 1.63528550001602
643 1.63528533306577
644 1.63528516617914
645 1.63528503059765
646 1.63528493997289
647 1.63528489435161
648 1.63528488527052
649 1.63528490056577
650 1.63528492807929
651 1.63528495796506
652 1.63528498368101
653 1.63528500197373
654 1.63528501224127
655 1.63528501563306
656 1.63528501415971
657 1.63528500997966
658 1.63528500493163
659 1.63528500030802
660 1.63528499682006
661 1.63528499468729
662 1.63528499378648
663 1.63528499380814
664 1.63528499438799
665 1.63528499519769
666 1.63528499599346
667 1.63528499662951
668 1.63528499704757
669 1.63528499725374
670 1.63528499729209
671 1.63528499722135
672 1.63528499709796
673 1.63528499696618
674 1.63528499685441
675 1.63528499677607
676 1.63528499673286
677 1.63528499671913
678 1.63528499672583
679 1.63528499674359
680 1.63528499676463
681 1.63528499678364
682 1.6352849967978
683 1.63528499680632
684 1.63528499680982
685 1.63528499680963
686 1.63528499680726
687 1.63528499680402
688 1.63528499680088
689 1.6352849967984
690 1.6352849967968
691 1.63528499679602
692 1.63528499679589
693 1.63528499679618
694 1.63528499679665
695 1.63528499679716
696 1.63528499679758
697 1.63528499679787
698 1.63528499679802
699 1.63528499679807
700 1.63528499679805
701 1.63528499679799
702 1.63528499679793
703 1.63528499679787
704 1.63528499679784
705 1.63528499679781
706 1.6352849967978
707 1.63528499679777
708 1.63528499679772
709 1.63528499679764
710 1.63528499679752
711 1.6352849967974
712 1.63528499679729
713 1.63528499679727
714 1.63528499679738
715 1.6352849967977
716 1.63528499679827
717 1.63528499679907
718 1.63528499679999
719 1.63528499680084
720 1.6352849968013
721 1.63528499680099
722 1.63528499679951
723 1.63528499679659
724 1.6352849967922
725 1.63528499678677
726 1.63528499678127
727 1.63528499677731
728 1.63528499677701
729 1.63528499678268
730 1.63528499679627
731 1.63528499681858
732 1.63528499684832
733 1.63528499688123
734 1.63528499690963
735 1.63528499692264
736 1.63528499690743
737 1.63528499685187
738 1.63528499674843
739 1.63528499659889
740 1.63528499641915
741 1.6352849962426
742 1.63528499612029
743 1.63528499611642
744 1.6352849962975
745 1.63528499671527
746 1.6352849973848
747 1.63528499826127
748 1.635284999221
749 1.63528500005375
750 1.63528500047271
751 1.63528500014695
752 1.63528499875595
753 1.6352849960597
754 1.63528499197087
755 1.63528498660986
756 1.63528498032313
757 1.63528497365045
758 1.63528496723997
759 1.63528496172822
760 1.63528495761942
761 1.63528495520654
762 1.63528495456694
763 1.63528495563797
764 1.63528495834335
765 1.63528496271426
766 1.63528496894029
767 1.63528497730209
768 1.63528498797781
769 1.63528500077215
770 1.63528501488229
771 1.63528502888541
772 1.63528504103466
773 1.63528504974786
774 1.63528505410279
775 1.63528505414033
776 1.63528505082741
777 1.63528504570418
778 1.63528504039714
779 1.63528503618843
780 1.63528503301946
781 1.6352850299093
782 1.63528502570479
783 1.6352850196455
784 1.63528501183984
785 1.63528500351786
786 1.63528499626281
787 1.63528499119702
788 1.63528498854284
789 1.63528498763123
790 1.63528498724897
791 1.63528498614889
792 1.63528498354491
793 1.63528497943367
794 1.63528497460799
795 1.63528497034192
796 1.6352849679003
797 1.6352849680884
798 1.63528497100505
799 1.63528497605475
800 1.88528497605475
801 2.13528497605475
802 2.38528497605475
803 2.63528497605475
804 2.8
805 2.68224175375155
806 2.43224175375155
807 2.18224175375155
808 1.93224175375155
809 1.68224175375155
810 1.47552906650275
811 1.43173602433458
812 1.48731015899994
813 1.58763891103141
814 1.693160910051
815 1.78034787515749
816 1.83935763184819
817 1.87011479282708
818 1.87818549658811
819 1.87130528867368
820 1.8569475115473
821 1.84096357078121
822 1.82710922864857
823 1.81717839591059
824 1.81146476631418
825 1.80932471326711
826 1.80968959741956
827 1.81144866772369
828 1.81368168218236
829 1.81575828331612
830 1.81734001250079
831 1.81832489583516
832 1.81876914154171
833 1.81881062116691
834 1.81860823756251
835 1.81830235572617
836 1.81799524071248
837 1.81774700273321
838 1.8175814062336
839 1.8174963253756
840 1.81747488999927
841 1.8174948723757
842 1.81753522220648
843 1.81757966380918
844 1.8176178753112
845 1.81764502346105
846 1.81766042608393
847 1.81766596344219
848 1.81766465092496
849 1.81765958319235
850 1.81765330069083
851 1.81764752637307
852 1.81764317023383
853 1.81764048974586
854 1.81763931042224
855 1.81763923876983
856 1.81763982945813
857 1.81764069324118
858 1.81764154925048
859 1.81764223457344
860 1.81764268696751
861 1.81764291520291
862 1.81764296791878
863 1.81764290765374
864 1.81764279294561
865 1.81764266862902
866 1.81764256281516
867 1.81764248836935
868 1.81764244673507
869 1.81764243238921
870 1.81764243680234
871 1.81764245134056
872 1.81764246898443
873 1.81764248502202
874 1.81764249700668
875 1.81764250429274
876 1.81764250741414
877 1.81764250749172
878 1.81764250577238
879 1.81764250333482
880 1.8176425009499
881 1.81764249905866
882 1.81764249782348
883 1.81764249721208
884 1.81764249708451
885 1.81764249726493
886 1.81764249759063
887 1.81764249793816
888 1.81764249823103
889 1.81764249843505
890 1.81764249854746
891 1.81764249858444
892 1.81764249857007
893 1.81764249852844
894 1.81764249847892
895 1.81764249843439
896 1.81764249840143
897 1.81764249838163
898 1.81764249837339
899 1.81764249837351
900 1.81764249837851
901 1.81764249838539
902 1.81764249839204
903 1.81764249839727
904 1.81764249840065
905 1.81764249840229
906 1.81764249840259
907 1.81764249840205
908 1.81764249840113
909 1.81764249840017
910 1.81764249839936
911 1.81764249839881
912 1.81764249839851
913 1.81764249839841
914 1.81764249839843
915 1.81764249839852
916 1.81764249839862
917 1.81764249839869
918 1.81764249839873
919 1.81764249839875
920 1.81764249839877
921 1.81764249839881
922 1.8176424983989
923 1.81764249839903
924 1.81764249839921
925 1.81764249839942
926 1.81764249839962
927 1.81764249839975
928 1.81764249839977
929 1.8176424983996
930 1.81764249839921
931 1.8176424984096
932 1.81764249845014
933 1.81764249853971
934 1.81764249868538
935 1.81764249886794
936 1.81764249902267
937 1.81764249903754
938 1.81764249877515
939 1.81764249811233
940 1.81764249699296
941 1.81764249549042
942 1.81764249387183
943 1.81764249263647
944 1.81764249250166
945 1.8176424943096
946 1.81764249883343
947 1.81764250647572
948 1.81764251688066
949 1.81764252852421
950 1.81764253839961
951 1.81764254196846
952 1.81764253358125
953 1.81764250756146
954 1.81764246006482
955 1.81764239164822
956 1.81764231020016
957 1.8176422335186
958 1.81764219043249
959 1.81764221906517
960 1.81764236079283
961 1.81764264885595
962 1.81764309161911
963 1.81764365225092
964 1.81764422904608
965 1.81764464340413
966 1.81764464493383
967 1.81764394422445
968 1.81764228219248
969 1.81763953922318
970 1.81763587663224
971 1.81763188733837
972 1.81762871386092
973 1.81762807402602
974 1.81763212502924
975 1.81764310421137
976 1.81766272081852
977 1.81769134685475
978 1.81772717209771
979 1.8177656450396
980 1.81779970242175
981 1.81782146653557
982 1.81782468978835
983 1.81780668600739
984 1.8177695478626
985 1.81772006502202
986 1.81766781241196
987 1.81762231884455
988 1.81759086966661
989 1.8175772574704
990 1.81756762471907
991 1.81755542972884
992 1.81753768968256
993 1.81751324792955
994 1.81748673122016
995 1.81747527082196
996 1.81748941707645
997 1.81752690530028
998 1.81758002128742
999 1.81764027951803
1000 1.81769852347578
1001 1.81774115565973
1002 1.81775973960465
1003 1.81775373791011
1004 1.81772905435959
1005 1.81769481352981
1006 1.81766014027672
1007 1.8176319125562
1008 1.8176137794557
1009 1.81760627416167
1010 1.81760762567985
1011 1.81761483913583
1012 1.81762470180292
1013 1.81763451059916
1014 1.81764245304438
1015 1.81764767602539
1016 1.81765013405687
1017 1.81765032471635
1018 1.81764900532688
1019 1.81764695574447
1020 1.81764481946468
1021 1.81764302755203
1022 1.81764179125846
1023 1.81764114026249
1024 1.81764098254201
1025 1.8176411662307
1026 1.81764153056214
1027 1.81764193989357
1028 1.8176423003637
1029 1.81764256233592
1030 1.81764271341327
1031 1.81764276688695
1032 1.81764274956319
1033 1.81764269156001
1034 1.81764261930867
1035 1.81764255190546
1036 1.81764250025254
1037 1.81764246809688
1038 1.81764245404579
1039 1.81764245379873
1040 1.81764246208287
1041 1.81764247403304
1042 1.81764248596355
1043 1.81764249561698
1044 1.81764250204345
1045 1.81764250527593
1046 1.81764250594304
1047 1.81764250491771
1048 1.8176425030554
1049 1.81764250103749
1050 1.81764249930895
1051 1.81764249808554
1052 1.81764249740222
1053 1.81764249717716
1054 1.81764249727318
1055 1.8176424975457
1056 1.81764249787325
1057 1.81764249817169
1058 1.81764249839555
1059 1.81764249853157
1060 1.81764249858848
1061 1.8176424985867
1062 1.8176424985498
1063 1.81764249849874
1064 1.81764249844887
1065 1.81764249840926
1066 1.81764249838341
1067 1.81764249837079
1068 1.81764249836856
1069 1.81764249837302
1070 1.81764249838064
1071 1.81764249838872
1072 1.81764249839552
1073 1.81764249840026
1074 1.81764249840284
1075 1.81764249840364
1076 1.81764249840321
1077 1.81764249840213
1078 1.81764249840086
1079 1.81764249839972
1080 1.81764249839888
1081 1.81764249839838
1082 1.81764249839818
1083 1.81764249839819
1084 1.81764249839834
1085 1.81764249839853
1086 1.81764249839871
1087 1.81764249839886
1088 1.81764249839895
1089 1.817642498399
1090 1.817642498399
1091 1.81764249839898
1092 1.81764249839896
1093 1.81764249839893
1094 1.81764249839891
1095 1.81764249839889
1096 1.81764249839889
1097 1.81764249839889
1098 1.81764249839889
1099 1.81764249839889
1100 1.81764249839889
1101 1.81764249839888
1102 1.81764249839887
1103 1.81764249839886
1104 1.81764249839885
1105 1.81764249839884
1106 1.81764249839885
1107 1.81764249839888
1108 1.81764249839895
1109 1.81764249839905
1110 1.81764249839918
1111 1.81764249839932
1112 1.81764249839941
1113 1.8176424983994
1114 1.81764249839922
1115 1.8176424983988
1116 1.81764249839812
1117 1.81764249839722
1118 1.81764249839624
1119 1.81764249839544
1120 1.81764249839519
1121 1.81764249839592
1122 1.81764249839804
1123 1.81764249840178
1124 1.81764249840702
1125 1.8176424984131
1126 1.81764249841867
1127 1.81764249842176
1128 1.81764249841987
1129 1.81764249841052
1130 1.81764249839192
1131 1.81764249836396
1132 1.81764249832926
1133 1.81764249829401
1134 1.8176424982683
1135 1.81764249826543
1136 1.81764249829991
1137 1.81764249838392
1138 1.81764249852238
1139 1.81764249870736
1140 1.81764249891301
1141 1.81764249909286
1142 1.81764249918149
1143 1.8176424991026
1144 1.81764249878454
1145 1.81764249818285
1146 1.81764249730714
1147 1.81764249624703
1148 1.81764249518962
1149 1.81764249441967
1150 1.81764249429491
1151 1.81764249519216
1152 1.81764249742708
1153 1.81764250115889
1154 1.81764250630058
1155 1.81764251246139
1156 1.81764251894856
1157 1.81764252484599
1158 1.81764252916862
1159 1.81764253106551
1160 1.8176425300196
1161 1.81764252597915
1162 1.81764251936677
1163 1.81764251094772
1164 1.81764250159028
1165 1.81764249199852
1166 1.81764248252426
1167 1.81764247315301
1168 1.81764246370477
1169 1.81764245420395
1170 1.81764244527046
1171 1.81764243828315
1172 1.81764243515117
1173 1.81764243774769
1174 1.8176424471791
1175 1.81764246315298
1176 1.81764248375132
1177 1.81764250576127
1178 1.81764252543122
1179 1.81764253937969
1180 1.81764254614681
1181 1.81764254624629
1182 1.81764254161957
1183 1.81764253490407
1184 1.81764252847403
1185 1.81764252320398
1186 1.81764251847454
1187 1.81764251314038
1188 1.81764250636262
1189 1.81764249796904
1190 1.8176424885263
1191 1.817642479468
1192 1.81764247267676
1193 1.81764246975535
1194 1.81764247140482
1195 1.81764247718232
1196 1.81764248568043
1197 1.8176424949934
1198 1.81764250326451
1199 1.81764250913083
1200 1.81764251195812
