1 0.8
2 0.8
3 0.8
4 0.8
5 0.8
6 0.8
7 0.8
8 0.8
9 0.8
10 0.8
11 0.8
12 0.8
13 0.8
14 0.8
15 0.8
16 0.8
17 0.8
18 0.8
19 0.8
20 0.8
21 0.8
22 0.8
23 0.8
24 0.8
25 0.8
26 0.8
27 0.8
28 0.8
29 0.8
30 0.8
31 0.8
32 0.8
33 0.8
34 0.8
35 0.8
36 0.8
37 0.8
38 0.8
39 0.8
40 0.8
41 0.8
42 0.8
43 0.8
44 0.8
45 0.8
46 0.8
47 0.8
48 0.8
49 0.8
50 0.8
51 0.8
52 0.8
53 0.8
54 0.8
55 0.8
56 0.8
57 0.8
58 0.8
59 0.8
60 0.8
61 0.8
62 0.8
63 0.8
64 0.8
65 0.8
66 0.8
67 0.8
68 0.8
69 0.8
70 0.8
71 0.8
72 0.8
73 0.8
74 0.8
75 0.8
76 0.8
77 0.8
78 0.8
79 0.8
80 0.8
81 0.8
82 0.8
83 0.8
84 0.8
85 0.8
86 0.8
87 0.8
88 0.8
89 0.8
90 0.8
91 0.8
92 0.8
93 0.8
94 0.8
95 0.8
96 0.8
97 0.8
98 0.8
99 0.8
100 0.8
101 0.8
102 0.8
103 0.8
104 0.8
105 0.8
106 0.8
107 0.8
108 0.8
109 0.8
110 0.8
111 0.8
112 0.8
113 0.8
114 0.8
115 0.8
116 0.8
117 0.8
118 0.8
119 0.8
120 0.8
121 0.8
122 0.8
123 0.8
124 0.8
125 0.8
126 0.8
127 0.8
128 0.8
129 0.8
130 0.8
131 0.8
132 0.8
133 0.8
134 0.8
135 0.8
136 0.8
137 0.8
138 0.8
139 0.8
140 0.8
141 0.8
142 0.8
143 0.8
144 0.8
145 0.8
146 0.8
147 0.8
148 0.8
149 0.8
150 0.8
151 0.8
152 0.8
153 0.8
154 0.8
155 0.8
156 0.8
157 0.8
158 0.8
159 0.8
160 0.8
161 0.8
162 0.8
163 0.8
164 0.8
165 0.8
166 0.8
167 0.8
168 0.8
169 0.8
170 0.8
171 0.8
172 0.8
173 0.8
174 0.8
175 0.8
176 0.8
177 0.8
178 0.8
179 0.8
180 0.8
181 0.8
182 0.8
183 0.8
184 0.8
185 0.8
186 0.8
187 0.8
188 0.8
189 0.8
190 0.8
191 0.8
192 0.8
193 0.8
194 0.8
195 0.8
196 0.8
197 0.8
198 0.8
199 0.8
200 0.8
201 0.8
202 0.8
203 0.8
204 0.8
205 0.8
206 0.8
207 0.8
208 0.8
209 0.8
210 0.8
211 0.800778725
212 0.80360926925
213 0.809412565748
214 0.818215714898255
215 0.829286889816548
216 0.841918473471702
217 0.85556936539215
218 0.869827678611113
219 0.884381706727413
220 0.89899733176974
221 0.913500447983848
222 0.927763291690398
223 0.941693812748994
224 0.955227414305679
225 0.968111383972604
226 0.979664288036382
227 0.989104592264683
228 0.996008337059132
229 1.00039825092381
230 1.00264535091007
231 1.00330633825295
232 1.00297036705692
233 1.00215002873654
234 1.00122465640334
235 1.0004283857042
236 0.999868600773015
237 0.99955971296014
238 0.999460040202502
239 0.999503753776753
240 0.99962398009209
241 0.999766380490051
242 0.999894597405581
243 0.999989920511803
244 1.00004765118326
245 1.00007224593195
246 1.00007268900822
247 1.00005889719603
248 1.00003942669617
249 1.00002038800563
250 1.00000527982065
251 0.999995394710505
252 0.999990482287152
253 0.999989435679677
254 0.999990859346078
255 0.999993457784159
256 0.999996244213196
257 0.99999860340052
258 1.0000002568133
259 1.00000117720055
260 1.0000014899934
261 1.00000138599891
262 1.00000105756567
263 1.00000066083652
264 1.00000030058874
265 1.00000003125065
266 0.999999867212082
267 0.99999979659799
268 0.999999794416257
269 0.99999983280167
270 0.999999887579891
271 0.999999941406087
272 0.999999984288524
273 1.00000001247701
274 1.00000002660653
275 1.00000002976216
276 1.00000002587108
277 1.00000001859677
278 1.00000001074119
279 1.00000000406027
280 0.9999999993575
281 0.999999996722568
282 0.999999995809127
283 0.999999996081846
284 0.99999999699781
285 0.999999998114408
286 0.999999999133273
287 0.99999999989822
288 1.00000000036662
289 1.00000000057067
290 1.00000000058027
291 1.00000000047394
292 1.00000000032012
293 1.00000000016812
294 1.00000000004651
295 0.999999999966193
296 0.999999999925598
297 0.999999999916138
298 0.999999999926768
299 0.999999999947135
300 0.999999999969283
301 0.999999999988203
302 1.00000000000158
303 1.00000000000912
304 1.00000000001179
305 1.00000000001108
306 1.00000000000852
307 1.00000000000538
308 1.0000000000025
309 1.00000000000033
310 0.999999999998989
311 0.999999999998399
312 0.999999999998361
313 0.999999999998655
314 0.999999999999087
315 0.999999999999515
316 0.99999999999986
317 1.00000000000009
318 1.0000000000002
319 1.00000000000023
320 1.0000000000002
321 1.00000000000015
322 1.00000000000008
323 1.00000000000003
324 0.999999999999994
325 0.999999999999973
326 0.999999999999965
327 0.999999999999968
328 0.999999999999975
329 0.999999999999984
330 0.999999999999992
331 0.999999999999999
332 1
333 1
334 1
335 1
336 1
337 1
338 1
339 0.999999999999999
340 0.999999999999999
341 0.999999999999999
342 0.999999999999999
343 0.999999999999999
344 0.999999999999999
345 0.999999999999999
346 1
347 1
348 1
349 1
350 1
351 1
352 1
353 1
354 1
355 1
356 1
357 1
358 1
359 1
360 1
361 1
362 1
363 1
364 1
365 1
366 1
367 1
368 1
369 1
370 1
371 1
372 1
373 1
374 1
375 1
376 1
377 1
378 0.999999999772494
379 0.999999997947238
380 0.999999990577636
381 0.999999970323197
382 0.999999927716646
383 0.999999855248805
384 0.999999753756514
385 0.999999639717893
386 0.999999551509445
387 0.999999552343905
388 0.999999727571449
389 1.00000017456617
390 1.00000098494976
391 1.00000222188923
392 1.00000390010068
393 1.00000597852372
394 1.00000837019539
395 1.00001096447422
396 1.00001365106108
397 1.00001633701374
398 1.00001895342922
399 1.00002145272581
400 1.00002379982849
401 1.00002591928643
402 1.0000276516871
403 1.00002877427278
404 1.00002908039451
405 1.00002846424791
406 1.00002694718366
407 1.00002466068964
408 1.0000218091208
409 1.00001862660261
410 0.999236549714346
411 0.996402564370771
412 0.990595797926751
413 0.981166215000823
414 0.96793752562905
415 0.951573643941346
416 0.933064206282017
417 0.913165569963261
418 0.892453090738597
419 0.87136180943759
420 0.850218111646064
421 0.829264357480135
422 0.808678036970996
423 0.78858666265139
424 0.769079343038051
425 0.750215772030426
426 0.732033206703187
427 0.714551879360934
428 0.697779191104561
429 0.681712957342723
430 0.66634391584883
431 0.65165766135984
432 0.63767155825037
433 0.624883568215243
434 0.614149258440637
435 0.60603853628889
436 0.600650753451802
437 0.597677276153028
438 0.5965637936124
439 0.596680329001277
440 0.597451578508965
441 0.598432175561912
442 0.599331236529138
443 0.600000145417504
444 0.60039980268637
445 0.600561370552926
446 0.600550323996843
447 0.600439112546476
448 0.600289993716206
449 0.600147055518127
450 0.60003511620955
451 0.599962840060186
452 0.599927707297545
453 0.599921102386697
454 0.599932483847331
455 0.59995220713167
456 0.599973010568706
457 0.599990429066093
458 0.600002498240993
459 0.600009098945456
460 0.600011217051519
461 0.60001029619822
462 0.600007769873337
463 0.600004788934471
464 0.600002116329232
465 0.600000140199608
466 0.599998953898736
467 0.599998459817911
468 0.59999846714613
469 0.599998767206371
470 0.599999181100584
471 0.599999581916142
472 0.59999989772376
473 0.600000102728006
474 0.600000203174781
475 0.600000222901915
476 0.600000191468218
477 0.600000136085579
478 0.60000007733873
479 0.600000027952901
480 0.599999993587284
481 0.599999974663859
482 0.599999968450753
483 0.599999970892963
484 0.59999997794164
485 0.599999986332739
486 0.599999993892385
487 0.59999999950569
488 0.600000002894129
489 0.600000004323573
490 0.600000004327967
491 0.600000003495502
492 0.600000002332707
493 0.600000001200474
494 0.600000000304625
495 0.599999999720297
496 0.599999999431465
497 0.599999999371714
498 0.599999999457883
499 0.599999999613031
500 0.599999999778712
501 0.599999999918604
502 0.600000000016377
503 0.600000000070576
504 0.600000000088754
505 0.600000000082294
506 0.600000000062626
507 0.600000000039004
508 0.600000000017621
509 0.600000000001676
510 0.599999999991999
511 0.599999999987866
512 0.599999999987782
513 0.59999999999009
514 0.599999999993357
515 0.599999999996555
516 0.599999999999097
517 0.600000000000762
518 0.600000000001593
519 0.600000000001774
520 0.600000000001538
521 0.600000000001104
522 0.600000000000637
523 0.60000000000024
524 0.599999999999962
525 0.599999999999807
526 0.599999999999754
527 0.599999999999771
528 0.599999999999826
529 0.599999999999892
530 0.599999999999952
531 0.599999999999997
532 0.600000000000025
533 0.600000000000037
534 0.600000000000037
535 0.600000000000031
536 0.600000000000021
537 0.600000000000012
538 0.600000000000005
539 0.6
540 0.599999999999997
541 0.599999999999997
542 0.599999999999997
543 0.599999999999998
544 0.599999999999999
545 0.6
546 0.600000000000001
547 0.600000000000006
548 0.600000000000027
549 0.600000000000092
550 0.600000000000254
551 0.600000000000587
552 0.600000000001163
553 0.600000000001984
554 0.600000000002873
555 0.60000000000334
556 0.600000000002448
557 0.599999999998773
558 0.599999999990529
559 0.599999999975967
560 0.599999999954081
561 0.599999999925575
562 0.599999999893898
563 0.599999999866056
564 0.599999999852858
565 0.599999999868312
566 0.599999999928086
567 0.600000000047168
568 0.600000000237169
569 0.600000000503959
570 0.600000000846349
571 0.600000001256218
572 0.60000000171994
573 0.600000002220405
574 0.600000002738699
575 0.600000003254642
576 0.600000003745899
577 0.600000004413612
578 0.600000006595876
579 0.60000001420119
580 0.600000034710657
581 0.600000078616851
582 0.600000156214861
583 0.600000271216715
584 0.600000411984071
585 0.600000542477621
586 0.600000595783806
587 0.600000473378503
588 0.600000052933545
589 0.599999206042272
590 0.599997824167154
591 0.599995845820795
592 0.599993274755184
593 0.599990182426259
594 0.599986694057113
595 0.599982962859762
596 0.599979141345281
597 0.59997535877316
598 0.599971709021314
599 0.599968248340525
600 0.599965042228075
601 0.599962208540398
602 0.599959902499866
603 0.599958283393952
604 0.599957470778672
605 0.599957488748694
606 0.599958249467868
607 0.599959592321048
608 0.599961338450627
609 0.59996333704246
610 0.599965492144733
611 0.599967767378243
612 0.599970171526963
613 0.599972731907025
614 0.599975465635248
615 0.59997835946155
616 0.599981364145017
617 0.599984402544752
618 0.599987386026356
619 0.599990232480976
620 0.599992880507313
621 0.599995296821077
622 0.599997474624467
623 0.599999401764372
624 0.600001028130458
625 0.600002275005734
626 0.600003071381979
627 0.600003390528618
628 0.600003268675221
629 0.600002800942967
630 0.600002119840444
631 0.600001366279276
632 0.600000662815157
633 0.600000095628244
634 0.599999707664075
635 0.599999501857384
636 0.599999451212714
637 0.599999511828118
638 0.599999635409311
639 0.599999778939541
640 0.599999910464382
641 0.600000011065008
642 0.600000073837706
643 0.600000101030936
644 0.600000100479425
645 0.600000082236024
646 0.600000055962837
647 0.600000029307295
648 0.600000007223459
649 0.599999992032863
650 0.599999983950989
651 0.599999981814253
652 0.599999983799091
653 0.59999998800122
654 0.599999992817412
655 0.599999997130496
656 0.6000000003353
657 0.600000002259459
658 0.600000003032987
659 0.600000002950217
660 0.600000002352899
661 0.600000001548496
662 0.600000000765804
663 0.600000000142139
664 0.599999999732559
665 0.599999999531009
666 0.599999999494871
667 0.599999999566995
668 0.599999999692005
669 0.599999999826016
670 0.599999999940438
671 0.60000000002144
672 0.600000000066833
673 0.600000000081972
674 0.600000000075815
675 0.600000000057834
676 0.600000000036032
677 0.600000000016006
678 0.60000000000083
679 0.599999999991459
680 0.59999999998738
681 0.599999999987283
682 0.599999999989621
683 0.599999999992994
684 0.599999999996358
685 0.599999999999081
686 0.600000000000902
687 0.600000000001832
688 0.600000000002049
689 0.600000000001792
690 0.600000000001298
691 0.600000000000755
692 0.600000000000284
693 0.599999999999946
694 0.599999999999752
695 0.599999999999683
696 0.599999999999701
697 0.599999999999768
698 0.599999999999853
699 0.599999999999931
700 0.599999999999992
701 0.60000000000003
702 0.600000000000047
703 0.600000000000048
704 0.60000000000004
705 0.600000000000028
706 0.600000000000015
707 0.600000000000004
708 0.599999999999997
709 0.599999999999993
710 0.599999999999992
711 0.599999999999993
712 0.599999999999995
713 0.599999999999997
714 0.599999999999998
715 0.6
716 0.6
717 0.600000000000001
718 0.600000000000001
719 0.600000000000001
720 0.6
721 0.6
722 0.6
723 0.6
724 0.6
725 0.6
726 0.6
727 0.6
728 0.6
729 0.600000000000001
730 0.600000000000001
731 0.600000000000001
732 0.600000000000001
733 0.600000000000001
734 0.6
735 0.599999999999998
736 0.599999999999994
737 0.599999999999989
738 0.599999999999983
739 0.599999999999976
740 0.599999999999969
741 0.599999999999964
742 0.599999999999963
743 0.59999999999997
744 0.599999999999986
745 0.600000000000014
746 0.600000000000052
747 0.600000000000088
748 0.600000000000094
749 0.600000000000012
750 0.599999999999757
751 0.599999999999236
752 0.599999999998409
753 0.599999999997405
754 0.59999999999668
755 0.599999999997188
756 0.600000000000494
757 0.600000000008712
758 0.600000000024161
759 0.600000000048649
760 0.600000000082379
761 0.60000000012264
762 0.600000000162562
763 0.600000000190359
764 0.600000000189441
765 0.600000000139705
766 0.600000000020004
767 0.599999999811461
768 0.599999999500934
769 0.599999999083748
770 0.599999998564963
771 0.599999997958889
772 0.599999997287143
773 0.599999996576065
774 0.599999995854531
775 0.599999995152924
776 0.599999994503458
777 0.59999999394128
778 0.599999993505173
779 0.599999993236397
780 0.599999993174621
781 0.599999993351055
782 0.599999993780569
783 0.599999994455601
784 0.59999999534447
785 0.599999996395355
786 0.599999997545172
787 0.599999998730741
788 0.599999999898969
789 0.60000000101341
790 0.600000002053756
791 0.600000003008634
792 0.600000003867069
793 0.600000004612989
794 0.600000005225103
795 0.600000005682819
796 0.600000005974844
797 0.600000006104924
798 0.600000006091741
799 0.600000005963268
800 0.600000005748209
801 0.600000005467981
802 0.600000005132221
803 0.600000004739356
804 0.600000004281903
805 0.600000003754271
806 0.600000003159925
807 0.600000002515226
808 0.60000000184869
809 0.600000001196172
810 0.600778725574928
811 0.603609269233575
812 0.609412565168764
813 0.618838693783442
814 0.632064394421175
815 0.648052562383302
816 0.664797564156055
817 0.680438712633214
818 0.693609517285408
819 0.703324383718855
820 0.709042418942698
821 0.711037966624857
822 0.71030431841404
823 0.708017441245976
824 0.705205854777829
825 0.702596938750524
826 0.700591604822878
827 0.69931636088671
828 0.698709096884514
829 0.698607146237186
830 0.698819133313186
831 0.699173120437591
832 0.699541370864562
833 0.699846504311677
834 0.700055483687346
835 0.700167585158343
836 0.7002011373928
837 0.70018208431047
838 0.700135816736652
839 0.700082493350909
840 0.700035308836224
841 0.700000823646699
842 0.699980438721846
843 0.699972256838864
844 0.699972811354869
845 0.699978383431745
846 0.699985823593545
847 0.699992923926827
848 0.699998454816464
849 0.700001997771788
850 0.700003690871192
851 0.700003972051256
852 0.70000337065731
853 0.700002367522786
854 0.700001322246224
855 0.700000453920423
856 0.699999856937124
857 0.699999534319219
858 0.699999434904218
859 0.699999485612757
860 0.699999614607769
861 0.699999764641234
862 0.699999898069292
863 0.699999996011953
864 0.700000054239814
865 0.700000077934308
866 0.700000076798047
867 0.700000061313971
868 0.700000040400216
869 0.700000020336241
870 0.700000004641954
871 0.69999999453923
872 0.699999989666042
873 0.699999988801016
874 0.699999990454289
875 0.699999993265946
876 0.699999996214689
877 0.69999999867492
878 0.700000000373884
879 0.70000000129845
880 0.700000001590325
881 0.700000001454716
882 0.700000001094486
883 0.700000000671984
884 0.70000000029447
885 0.700000000016184
886 0.699999999849804
887 0.699999999781176
888 0.699999999783135
889 0.699999999826126
890 0.699999999884894
891 0.699999999941579
892 0.699999999986105
893 0.700000000014908
894 0.700000000028928
895 0.700000000031572
896 0.700000000027032
897 0.700000000019153
898 0.700000000010836
899 0.700000000003866
900 0.699999999999031
901 0.699999999996382
902 0.699999999995526
903 0.699999999995887
904 0.699999999996893
905 0.699999999998082
906 0.69999999999915
907 0.69999999999994
908 0.700000000000415
909 0.700000000000613
910 0.700000000000611
911 0.700000000000491
912 0.700000000000326
913 0.700000000000165
914 0.700000000000039
915 0.699999999999957
916 0.699999999999917
917 0.699999999999909
918 0.699999999999922
919 0.699999999999945
920 0.699999999999968
921 0.699999999999988
922 0.700000000000002
923 0.70000000000001
924 0.700000000000012
925 0.700000000000011
926 0.700000000000009
927 0.700000000000005
928 0.700000000000002
929 0.699999999999999
930 0.699999999999997
931 0.699999999999996
932 0.699999999999996
933 0.699999999999998
934 0.7
935 0.700000000000004
936 0.70000000000001
937 0.700000000000018
938 0.700000000000028
939 0.700000000000038
940 0.700000000000047
941 0.700000000000051
942 0.700000000000048
943 0.700000000000033
944 0.700000000000002
945 0.699999999999954
946 0.699999999999886
947 0.699999999999797
948 0.69999999999969
949 0.699999999999566
950 0.699999999999431
951 0.699999999999289
952 0.69999999999915
953 0.69999999999902
954 0.69999999999891
955 0.699999999998831
956 0.699999999998794
957 0.69999999999881
958 0.699999999998886
959 0.699999999999028
960 0.699999999999235
961 0.699999999999502
962 0.699999999999816
963 0.700000000000163
964 0.700000000000524
965 0.700000000000882
966 0.70000000000122
967 0.700000000001522
968 0.700000000001778
969 0.700000000001977
970 0.700000000002112
971 0.700000000002175
972 0.700000000002163
973 0.700000000002076
974 0.700000000001917
975 0.700000000001696
976 0.700000000001429
977 0.699999999773624
978 0.699999997948062
979 0.699999990578157
980 0.699999970141425
981 0.699999926106516
982 0.699999848259378
983 0.699999733654239
984 0.699999596549894
985 0.699999478685675
986 0.699999456034685
987 0.699999637910803
988 0.700000154853383
989 0.700001133595577
990 0.700002661611078
991 0.700004750511361
992 0.700007311956535
993 0.700010156635423
994 0.700013020047605
995 0.700015611219816
996 0.700017671637668
997 0.70001902671104
998 0.70001961610077
999 0.700019497756406
1000 0.700018785005878
1001 0.700017572197973
1002 0.700015911015754
1003 0.700013808935357
1004 0.700011251534498
1005 0.700008274473492
1006 0.700005030754233
1007 0.7000017809794
1008 0.699998832471884
1009 0.699996476008308
1010 0.699994933873278
1011 0.699994307024603
1012 0.699994542193676
1013 0.699995447817644
1014 0.699996748699206
1015 0.699998154920158
1016 0.699999421973457
1017 0.700000388075928
1018 0.700000984970154
1019 0.700001226532646
1020 0.700001183757386
1021 0.700000955377155
1022 0.700000641589324
1023 0.700000325375732
1024 0.700000062868833
1025 0.699999881848089
1026 0.699999786061718
1027 0.699999762633379
1028 0.699999790099014
1029 0.699999845316116
1030 0.69999990830638
1031 0.699999964819782
1032 0.700000006925648
1033 0.700000032212231
1034 0.700000042240154
1035 0.700000040809511
1036 0.700000032435848
1037 0.700000021247822
1038 0.700000010361462
1039 0.700000001674834
1040 0.699999995967225
1041 0.69999999317152
1042 0.69999999270397
1043 0.699999993767629
1044 0.699999995581919
1045 0.699999997522645
1046 0.699999999179675
1047 0.700000000352473
1048 0.70000000100785
1049 0.700000001222265
1050 0.700000001125479
1051 0.700000000855709
1052 0.70000000053037
1053 0.700000000231985
1054 0.700000000006096
1055 0.699999999866975
1056 0.699999999807029
1057 0.699999999806707
1058 0.699999999842831
1059 0.69999999989438
1060 0.699999999945621
1061 0.69999999998702
1062 0.700000000014626
1063 0.700000000028639
1064 0.700000000031748
1065 0.700000000027647
1066 0.700000000019944
1067 0.700000000011512
1068 0.70000000000423
1069 0.699999999999022
1070 0.699999999996056
1071 0.699999999995007
1072 0.699999999995317
1073 0.69999999999639
1074 0.699999999997722
1075 0.699999999998957
1076 0.6999999999999
1077 0.700000000000488
1078 0.70000000000075
1079 0.700000000000766
1080 0.70000000000063
1081 0.700000000000429
1082 0.700000000000226
1083 0.700000000000062
1084 0.699999999999951
1085 0.699999999999893
1086 0.699999999999879
1087 0.699999999999893
1088 0.699999999999922
1089 0.699999999999954
1090 0.699999999999982
1091 0.700000000000002
1092 0.700000000000014
1093 0.700000000000018
1094 0.700000000000017
1095 0.700000000000013
1096 0.700000000000008
1097 0.700000000000003
1098 0.7
1099 0.699999999999998
1100 0.699999999999997
1101 0.699999999999997
1102 0.699999999999998
1103 0.699999999999998
1104 0.699999999999999
1105 0.7
1106 0.7
1107 0.7
1108 0.700000000000001
1109 0.700000000000001
1110 0.7
1111 0.7
1112 0.7
1113 0.7
1114 0.7
1115 0.7
1116 0.7
1117 0.7
1118 0.7
1119 0.7
1120 0.7
1121 0.7
1122 0.7
1123 0.7
1124 0.7
1125 0.7
1126 0.7
1127 0.7
1128 0.7
1129 0.7
1130 0.7
1131 0.7
1132 0.7
1133 0.7
1134 0.7
1135 0.7
1136 0.7
1137 0.7
1138 0.7
1139 0.7
1140 0.7
1141 0.7
1142 0.7
1143 0.7
1144 0.7
1145 0.700000000000001
1146 0.700000000000006
1147 0.700000000000027
1148 0.700000000000093
1149 0.700000000000259
1150 0.700000000000608
1151 0.700000000001228
1152 0.700000000002146
1153 0.700000000003207
1154 0.700000000003907
1155 0.700000000003213
1156 0.699999999999462
1157 0.69999999999046
1158 0.699999999973912
1159 0.699999999948279
1160 0.699999999914046
1161 0.699999999875197
1162 0.699999999840515
1163 0.699999999824181
1164 0.699999999845145
1165 0.699999999924916
1166 0.700000000083808
1167 0.700000000336174
1168 0.700000000685694
1169 0.70000000112205
1170 0.700000001620156
1171 0.700000002142514
1172 0.700000002644348
1173 0.700000003080202
1174 0.700000003410132
1175 0.700000003603698
1176 0.700000003640796
1177 0.700000003509558
1178 0.700000003202876
1179 0.700000002715897
1180 0.700000002046822
1181 0.700000001201939
1182 0.700000000203539
1183 0.699999999097392
1184 0.699999997955732
1185 0.69999999687266
1186 0.699999995951289
1187 0.699999995285216
1188 0.699999994939246
1189 0.699999994934777
1190 0.699999995246275
1191 0.699999995810613
1192 0.699999996544469
1193 0.699999997363756
1194 0.699999998199381
1195 0.699999999003562
1196 0.699999999745595
1197 0.700000000402778
1198 0.700000000953028
1199 0.700000001372221
1200 0.700000001636358
