1 2
2 2
3 2
4 2
5 2
6 2
7 2
8 2
9 2
10 2
11 2
12 2
13 2
14 2
15 2
16 2
17 2
18 2
19 2
20 2
21 2
22 2
23 2
24 2
25 2
26 2
27 2
28 2
29 2
30 2.25
31 2.2671
32 2.2861
33 2.3051
34 2.3241
35 2.3431
36 2.3621
37 2.3811
38 2.4001
39 2.4191
40 2.436576035175
41 2.45138980472122
42 2.46392768962214
43 2.47447369278528
44 2.48324910249191
45 2.49042630156076
46 2.49613957748371
47 2.50049354298193
48 2.50356969520331
49 2.50543152501759
50 2.50613778678753
51 2.5057588409364
52 2.50437792927941
53 2.50208444057019
54 2.49896965226785
55 2.49512405343587
56 2.49063575861041
57 2.48558966114295
58 2.48006707661113
59 2.47414570102089
60 2.46789970543661
61 2.46139976459276
62 2.45471293704441
63 2.44790246420505
64 2.4410275691394
65 2.4341432946474
66 2.42730039617734
67 2.42054529122132
68 2.41392005946658
69 2.40746248465588
70 2.40120612856583
71 2.39518042929592
72 2.38941081905849
73 2.38391885903059
74 2.37872238981001
75 2.37383569610008
76 2.36926968400212
77 2.3650320690092
78 2.36112757259906
79 2.35755812525812
80 2.3543230738251
81 2.35141939118704
82 2.3488418865445
83 2.34658341464718
84 2.34463508256741
85 2.34298645272382
86 2.34162574099879
87 2.34054000891522
88 2.33971534895675
89 2.33913706223255
90 2.33878982780345
91 2.33865786310009
92 2.33872507497378
93 2.33897520102586
94 2.33939194096121
95 2.33995907780401
96 2.34066058890094
97 2.34148074671668
98 2.34240420950015
99 2.34341610196706
100 2.34450208620514
101 2.34564842306268
102 2.34684202432963
103 2.34807049606262
104 2.34932217344161
105 2.35058614757662
106 2.35185228470825
107 2.35311123826559
108 2.35435445426028
109 2.35557417050559
110 2.35676341015588
111 2.35791597006321
112 2.35902640444643
113 2.36009000436263
114 2.36110277346252
115 2.36206140050006
116 2.36296322905294
117 2.36380622489448
118 2.36458894143974
119 2.36531048366893
120 2.36597047091054
121 2.36656899884424
122 2.36710660106112
123 2.36758421049486
124 2.36800312101389
125 2.36836494944019
126 2.36867159823638
127 2.3689252190786
128 2.36912817750919
129 2.36928301883991
130 2.36939243545373
131 2.36945923563151
132 2.36948631400875
133 2.36947662374744
134 2.36943315048884
135 2.3693588881349
136 2.36925681648908
137 2.36912988077124
138 2.36898097300666
139 2.36881291527563
140 2.36862844479752
141 2.3684302008122
142 2.36822071321145
143 2.36800239286407
144 2.36777752357066
145 2.36754825557724
146 2.36731660057115
147 2.36708442807816
148 2.36685346317575
149 2.36662528543486
150 2.36640132900047
151 2.36618288372016
152 2.36597109722938
153 2.36576697790251
154 2.36557139857972
155 2.36538510098111
156 2.36520870072166
157 2.36504269284296
158 2.36488745778082
159 2.36474326769073
160 2.36461029305712
161 2.36448860951594
162 2.36437820482415
163 2.36427898591409
164 2.36419078597461
165 2.36411337150581
166 2.36404644929801
167 2.36398967329064
168 2.36394265127065
169 2.36390495137462
170 2.36387610836308
171 2.36385562963955
172 2.36384300099075
173 2.36383769202876
174 2.36383916131902
175 2.36384686118198
176 2.36386024215954
177 2.36387875714031
178 2.36390186514091
179 2.3639290347432
180 2.36395974718961
181 2.36399349914145
182 2.36402980510673
183 2.36406819954621
184 2.36410823866778
185 2.364149501921
186 2.36419159320464
187 2.36423414180123
188 2.36427680305348
189 2.36431925879811
190 2.36436121757325
191 2.36440241461575
192 2.36444261166505
193 2.36448159659056
194 2.36451918285898
195 2.3645552088583
196 2.36458953709465
197 2.36462205327789
198 2.36465266531153
199 2.36468130220162
200 2.36470791289924
201 2.36473246509002
202 2.3647549439438
203 2.36477535083657
204 2.36479370205622
205 2.3648100275027
206 2.36482436939256
207 2.3648367809768
208 2.36484732528029
209 2.36485607387036
210 2.36486310566085
211 2.36486850575786
212 2.36487236435193
213 2.36487477566125
214 2.36487583692936
215 2.36487564748037
216 2.36487430783394
217 2.36487191888179
218 2.36486858112673
219 2.3648643939848
220 2.36485945515063
221 2.36485386002558
222 2.3648477012078
223 2.36484106804303
224 2.36483404623462
225 2.3648267175108
226 2.36481915934719
227 2.36481144474215
228 2.3648036420423
229 2.36479581481575
230 2.36478802176983
231 2.36478031671077
232 2.364772748542
233 2.36476536129812
234 2.36475819421159
235 2.36475128180881
236 2.36474465403281
237 2.36473833638941
238 2.36473235011396
239 2.36472671235584
240 2.36472143637796
241 2.36471653176866
242 2.36471200466336
243 2.36470785797382
244 2.36470409162246
245 2.36470070277992
246 2.36469768610362
247 2.3646950339757
248 2.36469273673863
249 2.36469078292684
250 2.36468915949321
251 2.36468785202897
252 2.36468684497614
253 2.36468612183142
254 2.36468566534073
255 2.3646854576839
256 2.36468548064868
257 2.36468571579392
258 2.3646861446014
259 2.36468674861623
260 2.36468750957563
261 2.36468840952615
262 2.36468943092932
263 2.36469055675593
264 2.36469177056915
265 2.36469305659678
266 2.36469439979291
267 2.36469578588948
268 2.36469720143808
269 2.36469863384251
270 2.36470007138256
271 2.36470150322958
272 2.36470291945433
273 2.36470431102772
274 2.3647056698149
275 2.36470698856339
276 2.36470826088577
277 2.36470948123739
278 2.3647106448898
279 2.36471174790036
280 2.36471278707854
281 2.36471375994944
282 2.36471466471505
283 2.36471550021362
284 2.36471626587764
285 2.36471696169093
286 2.36471758814497
287 2.3647181461952
288 2.36471863721724
289 2.36471906296368
290 2.36471942552146
291 2.36471972727025
292 2.36471997084201
293 2.3647201590819
294 2.36472029501077
295 2.36472038178929
296 2.36472042268404
297 2.36472042103532
298 2.36472038022719
299 2.36472030365941
300 2.36472019472155
301 2.36472005676925
302 2.36471989310255
303 2.36471970694639
304 2.36471950143316
305 2.36471927958734
306 2.36471904431212
307 2.36471879837796
308 2.36471854441303
309 2.36471828489541
310 2.36471802214706
311 2.36471775832929
312 2.36471749543992
313 2.36471723531164
314 2.36471697961189
315 2.36471672984386
316 2.36471648734855
317 2.36471625330797
318 2.36471602874914
319 2.36471581454892
320 2.36471561143956
321 2.36471542001488
322 2.36471524073688
323 2.36471507394289
324 2.36471491985297
325 2.36471477857763
326 2.36471465012569
327 2.36471453441231
328 2.36471443126699
329 2.36471434044162
330 2.36471426161841
331 2.36471419441775
332 2.36471413840583
333 2.36471409310208
334 2.3647140579864
335 2.36471403250601
336 2.36471401608208
337 2.36471400811601
338 2.36471400799528
339 2.36471401509906
340 2.3647140288033
341 2.36471404848559
342 2.36471407352948
343 2.36471410332849
344 2.36471413728974
345 2.36471417483715
346 2.36471421541431
347 2.36471425848692
348 2.36471430354492
349 2.36471435010431
350 2.36471439770853
351 2.36471444592965
352 2.36471449436916
353 2.36471454265857
354 2.36471459045965
355 2.36471463746456
356 2.36471468339559
357 2.36471472800484
358 2.36471477107365
359 2.36471481241183
360 2.36471485185684
361 2.36471488927273
362 2.36471492454904
363 2.36471495759958
364 2.36471498836113
365 2.36471501679206
366 2.36471504287097
367 2.36471506659517
368 2.36471508797929
369 2.36471510705374
370 2.36471512386329
371 2.36471513846556
372 2.36471515092962
373 2.36471516133456
374 2.36471516976816
375 2.3647151763255
376 2.36471518110774
377 2.3647151842209
378 2.3647151857747
379 2.36471518588145
380 2.36471518465509
381 2.36471518221015
382 2.36471517866094
383 2.36471517412074
384 2.36471516870099
385 2.3647151625107
386 2.36471515565584
387 2.36471514823878
388 2.36471514035785
389 2.36471513210697
390 2.36471512357529
391 2.36471511484692
392 2.36471510600074
393 2.36471509711023
394 2.36471508824337
395 2.36471507946257
396 2.3647150708247
397 2.36471506238104
398 2.36471505417745
399 2.36471504625436
400 2.11471504625436
401 2.08051503899287
402 2.0425150321025
403 2.00451502560378
404 1.9665150195128
405 1.92851501384142
406 1.89051500859749
407 1.85251500378518
408 1.81451499940515
409 1.77651499545492
410 1.74003895670768
411 1.70632942312173
412 1.67518656486136
413 1.64648160047161
414 1.62011406588862
415 1.59600566390685
416 1.57409536614817
417 1.55433559765388
418 1.5366892647883
419 1.52112744004232
420 1.50761826865736
421 1.49611168586924
422 1.4865378936744
423 1.47881364484635
424 1.47284653436981
425 1.46853805334035
426 1.46578574134557
427 1.46448468661429
428 1.46452855706104
429 1.4658102962654
430 1.46822263872045
431 1.47165863825717
432 1.47601229951749
433 1.48117925929164
434 1.48705744601124
435 1.49354768024347
436 1.5005541994786
437 1.50798510308657
438 1.5157527206447
439 1.52377391072952
440 1.53197029862527
441 1.540268460435
442 1.54860005872059
443 1.55690193279622
444 1.56511614597246
445 1.57318999202189
446 1.58107596341984
447 1.58873168425019
448 1.59611981093031
449 1.60320790405373
450 1.6099682746718
451 1.61637780826067
452 1.62241776949007
453 1.62807359076146
454 1.63333464733682
455 1.63819402173845
456 1.64264825996243
457 1.64669712191003
458 1.65034332829761
459 1.65359230615724
460 1.65645193488581
461 1.65893229464214
462 1.66104541873226
463 1.66280505146286
464 1.66422641278575
465 1.66532597090106
466 1.66612122383689
467 1.66663049087717
468 1.66687271456889
469 1.66686727390571
470 1.66663380915643
471 1.6661920586854
472 1.66556170799742
473 1.66476225113289
474 1.66381286443897
475 1.66273229265128
476 1.66153874713614
477 1.66024981606735
478 1.65888238624278
479 1.65745257618499
480 1.65597568011662
481 1.65446612235466
482 1.65293742162862
483 1.65140216479449
484 1.64987198939057
485 1.64835757446058
486 1.64686863905557
487 1.64541394781654
488 1.64400132303629
489 1.64263766259931
490 1.64132896320382
491 1.64008034827885
492 1.63889610002168
493 1.63777969499699
494 1.63673384275696
495 1.63576052696308
496 1.63486104851305
497 1.63403607020114
498 1.63328566246664
499 1.63260934981242
500 1.63200615750383
501 1.63147465818715
502 1.63101301809591
503 1.63061904254257
504 1.63029022042253
505 1.6300237674858
506 1.62981666816042
507 1.62966571573898
508 1.62956755076665
509 1.62951869749483
510 1.62951559828954
511 1.62955464590685
512 1.62963221357069
513 1.62974468280881
514 1.62988846902297
515 1.63006004478727
516 1.6302559608859
517 1.6304728651169
518 1.63070751890245
519 1.63095681175934
520 1.63121777369408
521 1.6314875855973
522 1.63176358772066
523 1.63204328632668
524 1.63232435860818
525 1.63260465597864
526 1.63288220583884
527 1.63315521192775
528 1.63342205336709
529 1.63368128251033
530 1.63393162170621
531 1.63417195908642
532 1.63440134348519
533 1.63461897859657
534 1.63482421647197
535 1.63501655045766
536 1.63519560766748
537 1.63536114108246
538 1.63551302136404
539 1.63565122846301
540 1.63577584310109
541 1.63588703819718
542 1.63598507030461
543 1.63607027112083
544 1.63614303912514
545 1.63620383139507
546 1.63625315564655
547 1.63629156253785
548 1.63631963827215
549 1.63633799752876
550 1.63634727674812
551 1.63634812779133
552 1.63634121199037
553 1.63632719460131
554 1.63630673966868
555 1.63628050530569
556 1.63624913939163
557 1.63621327568443
558 1.63617353034383
559 1.63613049885764
560 1.63608475336165
561 1.63603684034121
562 1.63598727870103
563 1.63593655818795
564 1.63588513815018
565 1.63583344661527
566 1.63578187966836
567 1.63573080111123
568 1.63568054238259
569 1.63563140271925
570 1.63558364953814
571 1.63553751901869
572 1.63549321686565
573 1.63545091923238
574 1.63541077378527
575 1.6353729008904
576 1.63533739490405
577 1.63530432554963
578 1.63527373936401
579 1.63524566119739
580 1.63522009575162
581 1.63519702914259
582 1.63517643047368
583 1.63515825340778
584 1.63514243772677
585 1.63512891086802
586 1.63511758942859
587 1.63510838062895
588 1.63510118372858
589 1.63509589138714
590 1.63509239096565
591 1.63509056576296
592 1.63509029618366
593 1.63509146083449
594 1.63509393754681
595 1.63509760432375
596 1.635102340211
597 1.63510802609104
598 1.63511454540115
599 1.63512178477595
600 1.63512963461587
601 1.63513798958327
602 1.63514674902832
603 1.63515581734716
604 1.63516510427507
605 1.63517452511775
606 1.63518400092383
607 1.63519345860211
608 1.63520283098697
609 1.63521205685572
610 1.63522108090139
611 1.63522985366488
612 1.63523833143001
613 1.63524647608532
614 1.63525425495613
615 1.63526164061051
616 1.63526861064267
617 1.63527514743696
618 1.63528123791599
619 1.63528687327568
620 1.63529204871039
621 1.63529676313086
622 1.63530101887752
623 1.63530482143165
624 1.63530817912672
625 1.63531110286187
626 1.63531360581951
627 1.63531570318876
628 1.63531741189625
629 1.63531875034569
630 1.63531973816729
631 1.63532039597824
632 1.63532074515498
633 1.63532080761799
634 1.63532060562973
635 1.63532016160609
636 1.6353194979417
637 1.63531863684921
638 1.63531760021264
639 1.63531640945474
640 1.63531508541822
641 1.63531364826053
642 1.63531211736207
643 1.63531051124719
644 1.63530884751773
645 1.6353071427985
646 1.63530541269416
647 1.63530367175689
648 1.63530193346432
649 1.63530021020694
650 1.63529851328439
651 1.63529685291004
652 1.63529523822295
653 1.63529367730678
654 1.63529217721478
655 1.63529074400037
656 1.63528938275242
657 1.6352880976348
658 1.63528689192953
659 1.63528576808282
660 1.6352847277536
661 1.63528377186389
662 1.63528290065045
663 1.63528211371745
664 1.63528141008942
665 1.63528078826426
666 1.63528024626589
667 1.63527978169611
668 1.63527939178546
669 1.6352790734427
670 1.63527882330275
671 1.63527863777275
672 1.63527851307621
673 1.63527844529488
674 1.63527843040847
675 1.63527846433181
676 1.63527854294964
677 1.63527866214884
678 1.63527881784808
679 1.63527900602487
680 1.63527922274007
681 1.63527946415987
682 1.63527972657518
683 1.63528000641869
684 1.63528030027949
685 1.63528060491537
686 1.63528091726299
687 1.6352812344459
688 1.6352815537806
689 1.63528187278067
690 1.63528218915921
691 1.63528250082959
692 1.63528280590471
693 1.63528310269488
694 1.63528338970441
695 1.63528366562707
696 1.63528392934057
697 1.63528417990011
698 1.63528441653116
699 1.63528463862157
700 1.63528484571314
701 1.63528503749278
702 1.63528521378323
703 1.63528537453358
704 1.63528551980967
705 1.63528564978433
706 1.63528576472762
707 1.63528586499723
708 1.63528595102889
709 1.63528602332702
710 1.63528608245569
711 1.63528612902973
712 1.63528616370629
713 1.63528618717671
714 1.6352862001588
715 1.63528620338952
716 1.63528619761816
717 1.63528618359988
718 1.63528616208981
719 1.63528613383755
720 1.63528609958217
721 1.63528606004772
722 1.63528601593915
723 1.63528596793868
724 1.63528591670271
725 1.63528586285908
726 1.63528580700477
727 1.63528574970405
728 1.63528569148694
729 1.63528563284812
730 1.6352855742461
731 1.63528551610282
732 1.63528545880344
733 1.63528540269647
734 1.63528534809417
735 1.63528529527315
736 1.63528524447516
737 1.63528519590815
738 1.63528514974741
739 1.63528510613688
740 1.63528506519062
741 1.63528502699432
742 1.63528499160695
743 1.63528495906245
744 1.63528492937143
745 1.63528490252301
746 1.63528487848653
747 1.6352848572134
748 1.63528483863881
749 1.63528482268357
750 1.63528480925573
751 1.63528479825234
752 1.63528478956099
753 1.63528478306147
754 1.63528477862715
755 1.63528477612651
756 1.6352847754244
757 1.63528477638336
758 1.63528477886477
759 1.63528478272997
760 1.63528478784125
761 1.63528479406277
762 1.63528480126143
763 1.63528480930758
764 1.63528481807569
765 1.63528482744497
766 1.63528483729982
767 1.63528484753031
768 1.63528485803246
769 1.6352848687086
770 1.63528487946752
771 1.63528489022463
772 1.63528490090209
773 1.63528491142877
774 1.63528492174029
775 1.63528493177894
776 1.63528494149355
777 1.63528495083935
778 1.63528495977781
779 1.63528496827639
780 1.63528497630833
781 1.63528498385237
782 1.63528499089248
783 1.63528499741754
784 1.63528500342106
785 1.63528500890083
786 1.63528501385864
787 1.63528501829989
788 1.63528502223333
789 1.63528502567067
790 1.63528502862631
791 1.63528503111698
792 1.63528503316148
793 1.63528503478034
794 1.63528503599555
795 1.6352850368303
796 1.63528503730867
797 1.63528503745545
798 1.63528503729584
799 1.63528503685528
800 1.83098503615924
801 1.839535035233
802 1.84903503410152
803 1.85853503278927
804 1.8680350313201
805 1.87753502971708
806 1.88703502800245
807 1.89653502619748
808 1.90603502432242
809 1.91553502239642
810 1.92384206077247
811 1.93009455644225
812 1.93464772511786
813 1.93776778091621
814 1.93966211740683
815 1.94049228328575
816 1.94038411649279
817 1.93943563815861
818 1.93772320157652
819 1.93530628192975
820 1.9322384793526
821 1.92858061160695
822 1.92440164230472
823 1.91977328179426
824 1.91476666320487
825 1.90945035337074
826 1.90388927134247
827 1.89814421043116
828 1.89227174980645
829 1.88632440677974
830 1.88035088335426
831 1.87439624615221
832 1.86850197728369
833 1.86270595288369
834 1.85704241521038
835 1.8515419699272
836 1.84623162040106
837 1.8411348396119
838 1.83627167447707
839 1.83165887495616
840 1.82731004010624
841 1.82323577488536
842 1.81944385402859
843 1.81593939128113
844 1.812725013085
845 1.80980103589563
846 1.80716564612321
847 1.80481508148464
848 1.80274381241797
849 1.80094472218195
850 1.79940928432984
851 1.79812773637941
852 1.79708924866008
853 1.79628208747312
854 1.79569377183583
855 1.79531122319589
856 1.79512090760247
857 1.7951089699118
858 1.79526135969053
859 1.79556394856294
860 1.79600263882751
861 1.79656346324527
862 1.79723267597405
863 1.79799683469013
864 1.79884287399988
865 1.79975817029953
866 1.80073059829089
867 1.80174857940479
868 1.80280112242269
869 1.80387785662035
870 1.80496905778587
871 1.80606566748819
872 1.80715930599111
873 1.80824227922301
874 1.80930758022251
875 1.81034888548769
876 1.81136054665905
877 1.81233757796635
878 1.81327563986628
879 1.8141710192912
880 1.81502060692093
881 1.81582187187833
882 1.81657283423621
883 1.8172720357084
884 1.81791850888149
885 1.81851174532587
886 1.81905166290617
887 1.81953857259154
888 1.81997314504609
889 1.8203563772591
890 1.8206895594539
891 1.82097424249312
892 1.8212122059774
893 1.82140542721398
894 1.82155605121099
895 1.82166636183397
896 1.82173875424148
897 1.82177570869835
898 1.82177976584724
899 1.82175350350222
900 1.82169951501204
901 1.82162038922557
902 1.8215186920776
903 1.82139694980026
904 1.82125763375278
905 1.82110314685148
906 1.82093581157142
907 1.82075785948225
908 1.82057142227246
909 1.82037852420927
910 1.82018107597488
911 1.81998086981483
912 1.8197795759296
913 1.8195787400371
914 1.8193797820309
915 1.81918399565714
916 1.81899254913162
917 1.81880648661826
918 1.8186267304898
919 1.8184540842923
920 1.81828923633647
921 1.81813276383967
922 1.81798513754532
923 1.81784672674811
924 1.81771780465657
925 1.81759855402727
926 1.81748907300834
927 1.81738938113339
928 1.81729942541032
929 1.81721908645346
930 1.81714818461114
931 1.81708648604453
932 1.81703370871769
933 1.81698952826225
934 1.8169535836843
935 1.81692548288454
936 1.81690480796645
937 1.81689112031082
938 1.81688396539837
939 1.81688287736544
940 1.81688738328088
941 1.81689700713524
942 1.81691127353609
943 1.81692971110602
944 1.81695185558223
945 1.81697725261887
946 1.81700546029542
947 1.81703605133607
948 1.81706861504717
949 1.81710275898081
950 1.81713811033426
951 1.81717431709609
952 1.81721104895073
953 1.81724799795393
954 1.81728487899261
955 1.81732143004265
956 1.81735741223883
957 1.81739260977134
958 1.81742682962335
959 1.81745990116405
960 1.81749167561168
961 1.81752202538066
962 1.81755084332684
963 1.81757804190428
964 1.81760355224676
965 1.81762732318676
966 1.81764932022368
967 1.81766952445315
968 1.81768793146799
969 1.81770455024128
970 1.8177194020008
971 1.81773251910392
972 1.81774394392095
973 1.81775372773434
974 1.81776192966052
975 1.81776861560046
976 1.81777385722407
977 1.81777773099341
978 1.81778031722845
979 1.81778169921896
980 1.81778196238525
981 1.81778119348996
982 1.81777947990258
983 1.81777690891791
984 1.81777356712897
985 1.81776953985483
986 1.81776491062291
987 1.8177597607054
988 1.81775416870866
989 1.81774821021458
990 1.81774195747228
991 1.81773547913836
992 1.81772884006383
993 1.81772210112551
994 1.81771531909958
995 1.81770854657494
996 1.81770183190375
997 1.8176952191866
998 1.81768874828974
999 1.81768245489158
1000 1.81767637055593
1001 1.81767052282921
1002 1.81766493535912
1003 1.81765962803219
1004 1.81765461712765
1005 1.81764991548527
1006 1.8176455326849
1007 1.81764147523535
1008 1.81763774677056
1009 1.81763434825113
1010 1.81763127816922
1011 1.81762853275511
1012 1.81762610618377
1013 1.81762399078003
1014 1.81762217722085
1015 1.81762065473349
1016 1.81761941128852
1017 1.81761843378667
1018 1.81761770823857
1019 1.81761721993672
1020 1.81761695361906
1021 1.81761689362357
1022 1.81761702403353
1023 1.81761732881312
1024 1.81761779193312
1025 1.8176183974866
1026 1.81761912979459
1027 1.81761997350168
1028 1.8176209136617
1029 1.81762193581368
1030 1.81762302604824
1031 1.81762417106471
1032 1.81762535821935
1033 1.81762657556496
1034 1.81762781188227
1035 1.81762905670363
1036 1.81763030032933
1037 1.81763153383706
1038 1.817632749085
1039 1.81763393870897
1040 1.81763509611425
1041 1.81763621546236
1042 1.81763729165348
1043 1.81763832030489
1044 1.81763929772589
1045 1.81764022088975
1046 1.81764108740303
1047 1.81764189547269
1048 1.8176426438716
1049 1.81764333190248
1050 1.81764395936106
1051 1.81764452649843
1052 1.81764503398315
1053 1.81764548286331
1054 1.81764587452886
1055 1.81764621067443
1056 1.8176464932629
1057 1.81764672448992
1058 1.81764690674952
1059 1.81764704260103
1060 1.81764713473744
1061 1.81764718595529
1062 1.81764719912615
1063 1.81764717716987
1064 1.8176471230296
1065 1.81764703964859
1066 1.81764692994884
1067 1.81764679681158
1068 1.81764664305965
1069 1.81764647144163
1070 1.81764628461782
1071 1.81764608514792
1072 1.81764587548045
1073 1.81764565794384
1074 1.81764543473902
1075 1.8176452079336
1076 1.81764497945741
1077 1.81764475109947
1078 1.81764452450615
1079 1.81764430118054
1080 1.81764408248292
1081 1.81764386963221
1082 1.81764366370832
1083 1.81764346565535
1084 1.81764327628552
1085 1.81764309628371
1086 1.81764292621261
1087 1.81764276651828
1088 1.81764261753624
1089 1.8176424794977
1090 1.81764235253622
1091 1.81764223669446
1092 1.81764213193107
1093 1.81764203812765
1094 1.81764195509573
1095 1.81764188258366
1096 1.81764182028346
1097 1.81764176783752
1098 1.81764172484514
1099 1.81764169086879
1100 1.81764166544029
1101 1.81764164806656
1102 1.8176416382352
1103 1.81764163541974
1104 1.81764163908455
1105 1.81764164868949
1106 1.81764166369413
1107 1.81764168356174
1108 1.81764170776286
1109 1.81764173577856
1110 1.8176417671034
1111 1.817641801248
1112 1.8176418377413
1113 1.81764187613257
1114 1.81764191599302
1115 1.8176419569172
1116 1.81764199852409
1117 1.8176420404579
1118 1.81764208238867
1119 1.81764212401262
1120 1.81764216505226
1121 1.81764220525635
1122 1.81764224439959
1123 1.81764228228225
1124 1.81764231872956
1125 1.81764235359101
1126 1.81764238673952
1127 1.8176424180705
1128 1.81764244750082
1129 1.81764247496773
1130 1.81764250042768
1131 1.81764252385514
1132 1.81764254524131
1133 1.81764256459291
1134 1.81764258193089
1135 1.81764259728911
1136 1.81764261071312
1137 1.81764262225888
1138 1.81764263199154
1139 1.81764263998422
1140 1.81764264631686
1141 1.81764265107513
1142 1.81764265434928
1143 1.8176426562332
1144 1.81764265682342
1145 1.81764265621818
1146 1.81764265451662
1147 1.81764265181796
1148 1.81764264822079
1149 1.81764264382241
1150 1.8176426387182
1151 1.81764263300111
1152 1.81764262676117
1153 1.81764262008505
1154 1.81764261305574
1155 1.81764260575219
1156 1.81764259824909
1157 1.81764259061666
1158 1.81764258292049
1159 1.81764257522143
1160 1.81764256757553
1161 1.81764256003403
1162 1.81764255264332
1163 1.81764254544504
1164 1.81764253847613
1165 1.81764253176895
1166 1.81764252535138
1167 1.817642519247
1168 1.81764251347526
1169 1.81764250805163
1170 1.81764250298785
1171 1.81764249829212
1172 1.81764249396932
1173 1.81764249002124
1174 1.81764248644679
1175 1.81764248324229
1176 1.81764248040166
1177 1.81764247791664
1178 1.81764247577708
1179 1.81764247397111
1180 1.81764247248539
1181 1.81764247130531
1182 1.81764247041519
1183 1.81764246979852
1184 1.8176424694381
1185 1.81764246931622
1186 1.81764246941487
1187 1.81764246971585
1188 1.81764247020095
1189 1.81764247085206
1190 1.8176424716513
1191 1.81764247258113
1192 1.81764247362446
1193 1.81764247476474
1194 1.81764247598601
1195 1.81764247727299
1196 1.81764247861116
1197 1.81764247998674
1198 1.81764248138681
1199 1.81764248279926
1200 1.81764248421288
