1 2
2 2
3 2
4 2
5 2
6 2
7 2
8 2
9 2
10 2
11 2
12 2
13 2
14 2
15 2
16 2
17 2
18 2
19 2
20 2
21 2
22 2
23 2
24 2
25 2
26 2
27 2
28 2
29 2
30 2.25
31 2.28705428571429
32 2.32476857142857
33 2.36248285714286
34 2.40019714285714
35 2.43791142857143
36 2.47562571428571
37 2.51334
38 2.55105428571428
39 2.58876857142857
40 2.6238370722075
41 2.65404369997274
42 2.67967704063497
43 2.70095022672797
44 2.71802613673444
45 2.73102865144714
46 2.74005142099995
47 2.74516468675558
48 2.74642058837938
49 2.74385729128605
50 2.73753019624785
51 2.72755718924454
52 2.7141235529356
53 2.69746272753979
54 2.67784253538999
55 2.65555528758133
56 2.63091072298921
57 2.60423100449098
58 2.57584720182237
59 2.54609684250788
60 2.51532192864105
61 2.48386654014496
62 2.45207362721857
63 2.4202813210725
64 2.38881919348565
65 2.35800470942522
66 2.32813999765414
67 2.29950898900713
68 2.27237492646887
69 2.24697822531308
70 2.22353465158335
71 2.20223379436956
72 2.18323782551963
73 2.16668055497273
74 2.15266679359384
75 2.1412720315829
76 2.132542433884
77 2.1264951470719
78 2.12311890620262
79 2.12237492557898
80 2.12419805433551
81 2.12849817588715
82 2.1351618290949
83 2.14405402800753
84 2.15502025602222
85 2.1678886092787
86 2.18247206317087
87 2.19857083514468
88 2.21597481653396
89 2.23446604611063
90 2.25382119829456
91 2.27381405955813
92 2.29421796743441
93 2.31480818765932
94 2.33536420631523
95 2.35567191537446
96 2.37552567174547
97 2.3947302117841
98 2.41310240522848
99 2.43047283462554
100 2.44668718851783
101 2.46160745892315
102 2.47511293594344
103 2.48710099465382
104 2.49748767172612
105 2.5062080315064
106 2.51321632347282
107 2.51848593512578
108 2.52200914638717
109 2.52379669349246
110 2.5238771521299
111 2.52229615120232
112 2.51911543004487
113 2.5144117532161
114 2.50827569808149
115 2.50081033132131
116 2.49212979121365
117 2.48235779306738
118 2.47162607550762
119 2.4600728054503
120 2.44784095954681
121 2.43507669963967
122 2.42192775935365
123 2.4085418583629
124 2.39506516013395
125 2.3816407880589
126 2.36840741387632
127 2.35549793114283
128 2.34303822528213
129 2.33114605041453
130 2.3199300217771
131 2.30948873109645
132 2.29990999079192
133 2.29127021138077
134 2.28363391494733
135 2.2770533860388
136 2.27156845987865
137 2.26720644635767
138 2.26398218688721
139 2.26189823989141
140 2.26094518948784
141 2.26110207076811
142 2.26233690405311
143 2.26460732956756
144 2.26786133316407
145 2.27203805303203
146 2.27706865675616
147 2.2828772776452
148 2.28938199893556
149 2.29649587428554
150 2.30412797291372
151 2.31218443779567
152 2.32056954551338
153 2.32918675664595
154 2.33793974599265
155 2.34673340242217
156 2.35547478873807
157 2.36407405263034
158 2.37244528053754
159 2.38050728706359
160 2.38818433346678
161 2.39540676965654
162 2.40211159508394
163 2.40824293488481
164 2.41375242861886
165 2.41859952993294
166 2.42275171645292
167 2.42618461016429
168 2.42888200946966
169 2.43083583500075
170 2.43204599210628
171 2.43252015372757
172 2.43227346810309
173 2.43132819640734
174 2.42971328602101
175 2.42746388564621
176 2.42462080891793
177 2.42122995351891
178 2.41734168307839
179 2.41301017932493
180 2.40829277207
181 2.40324925462348
182 2.39794119218695
183 2.39243123063756
184 2.38678241290892
185 2.38105750989921
186 2.37531837249579
187 2.3696253109051
188 2.3640365070224
189 2.35860746507462
190 2.3533905052265
191 2.34843430426414
192 2.34378348686558
193 2.33947827034441
194 2.33555416511504
195 2.33204173248505
196 2.32896640073783
197 2.32634833983348
198 2.32420239443526
199 2.32253807436761
200 2.32135960103676
201 2.3206660078006
202 2.32045129176634
203 2.32070461402613
204 2.32141054491709
205 2.32254935051499
206 2.32409731624417
207 2.3260271032108
208 2.32830813264533
209 2.33090699367231
210 2.33378786951273
211 2.33691297716543
212 2.34024301560866
213 2.34373761760932
214 2.34735580032389
215 2.35105641001927
216 2.35479855643089
217 2.35854203250571
218 2.3622477155469
219 2.36587794607973
220 2.36939688109141
221 2.37277081865655
222 2.3759684913405
223 2.37896132616976
224 2.38172366936838
225 2.38423297447613
226 2.3864699528846
227 2.38841868624583
228 2.3900667006214
229 2.39140500264258
230 2.39242807834184
231 2.39313385568739
232 2.39352363220343
233 2.39360196938536
234 2.39337655591952
235 2.39285804198756
236 2.39205984717531
237 2.39099794471279
238 2.38969062494459
239 2.38815824106767
240 2.3864229402755
241 2.38450838351462
242 2.38243945709037
243 2.38024197935592
244 2.3779424056811
245 2.37556753482871
246 2.37314421976547
247 2.37069908580602
248 2.36825825883253
249 2.36584710615241
250 2.36348999235474
251 2.36121005230469
252 2.35902898317825
253 2.35696685718836
254 2.35504195639282
255 2.35327063070549
256 2.35166717995957
257 2.35024376059743
258 2.3490103172885
259 2.34797453950841
260 2.34714184285091
261 2.34651537459216
262 2.34609604278675
263 2.34588256794912
264 2.34587155616363
265 2.34605759227477
266 2.34643335163601
267 2.34698972874352
268 2.34771598095053
269 2.34859988534994
270 2.3496279068273
271 2.35078537522456
272 2.35205666951584
273 2.35342540688074
274 2.35487463456727
275 2.35638702246487
276 2.3579450543576
277 2.35953121589647
278 2.36112817741802
279 2.36271896984101
280 2.36428715199374
281 2.36581696785902
282 2.3672934923703
283 2.36870276454948
284 2.37003190694191
285 2.37126923047605
286 2.37240432405074
287 2.37342812833219
288 2.37433299342115
289 2.37511272022891
290 2.37576258557509
291 2.37627935118967
292 2.37666125696509
293 2.37690799895888
294 2.3770206927932
295 2.37700182323223
296 2.37685518084135
297 2.37658578674251
298 2.37619980657629
299 2.37570445486413
300 2.37510789103115
301 2.3744191084033
302 2.37364781752953
303 2.37280432520231
304 2.37189941055718
305 2.3709441996247
306 2.36995003968698
307 2.36892837475592
308 2.36789062344271
309 2.36684806042842
310 2.36581170267495
311 2.36479220143486
312 2.36379974102935
313 2.36284394526627
314 2.3619337922667
315 2.36107753835961
316 2.36028265159164
317 2.35955575528355
318 2.35890258194829
319 2.35832793776878
320 2.35783567771788
321 2.35742869128967
322 2.35710889870114
323 2.35687725731798
324 2.3567337779581
325 2.35667755063286
326 2.35670677919952
327 2.35681882431949
328 2.35701025404733
329 2.35727690131344
330 2.3576139275124
331 2.35801589136587
332 2.35847682219722
333 2.35899029673223
334 2.35954951852767
335 2.36014739912663
336 2.36077664004616
337 2.36142981471834
338 2.3620994495306
339 2.36277810314363
340 2.36345844330587
341 2.36413332043086
342 2.36479583725759
343 2.36543941397372
344 2.3660578482453
345 2.36664536966568
346 2.3671966882073
347 2.36770703633441
348 2.36817220451005
349 2.36858856990709
350 2.36895311820914
351 2.36926345846244
352 2.36951783101344
353 2.36971510863814
354 2.36985479103727
355 2.36993699293603
356 2.36996242608731
357 2.36993237553292
358 2.36984867052729
359 2.36971365057333
360 2.36953012705831
361 2.36930134101067
362 2.36903091752473
363 2.36872281742015
364 2.36838128671643
365 2.36801080450968
366 2.36761602983949
367 2.36720174812828
368 2.36677281776404
369 2.36633411738031
370 2.36589049436467
371 2.36544671510009
372 2.36500741741103
373 2.36457706565077
374 2.36415990882681
375 2.36375994211838
376 2.36338087209538
377 2.36302608590075
378 2.36269862460976
379 2.3624011609303
380 2.36213598135844
381 2.36190497285394
382 2.36170961405123
383 2.36155097097387
384 2.36142969717423
385 2.36134603817595
386 2.36129984005541
387 2.3612905619594
388 2.36131729232094
389 2.36137876850281
390 2.36147339957011
391 2.3615992918686
392 2.36175427706514
393 2.36193594229014
394 2.36214166200998
395 2.3623686312493
396 2.36261389977939
397 2.36287440688941
398 2.3631470163614
399 2.36342855127833
400 2.11342855127833
401 2.03960984265123
402 1.96447062267423
403 1.88932788415852
404 1.81417873879176
405 1.73902044404831
406 1.66385042784223
407 1.58866631072732
408 1.51346592547948
409 1.43824733392826
410 1.36565766616544
411 1.29830581581262
412 1.23657039154844
413 1.2
414 1.2
415 1.2
416 1.2
417 1.2
418 1.2
419 1.2
420 1.2
421 1.2
422 1.20445600697155
423 1.21528832795242
424 1.23154398605789
425 1.25212816160827
426 1.27618329587273
427 1.30303653641901
428 1.33215914519829
429 1.36313486792493
430 1.39563528440616
431 1.42940059720834
432 1.46417749847402
433 1.49965466314888
434 1.53546679840149
435 1.57122672944847
436 1.60654937486271
437 1.64106634522261
438 1.67443413863698
439 1.70633804376981
440 1.73649324106429
441 1.76464414386197
442 1.79056319684657
443 1.81405052203982
444 1.83493480076686
445 1.85307474533984
446 1.86836047260598
447 1.88071441678893
448 1.8900916540758
449 1.89647964484427
450 1.89989746820262
451 1.90039465232274
452 1.89804970395565
453 1.89296841423809
454 1.88528197998798
455 1.87514495313762
456 1.86273302361014
457 1.84824064560309
458 1.83187852572032
459 1.81387099921858
460 1.79445332595557
461 1.77386894002341
462 1.75236668688434
463 1.73019807992242
464 1.70761460571033
465 1.68486510475523
466 1.66219325234204
467 1.63983516227006
468 1.61801713457209
469 1.59695356652239
470 1.57684504426438
471 1.55787663018292
472 1.54021635873503
473 1.5240139509007
474 1.50939975479463
475 1.49648391735469
476 1.48535578943816
477 1.47608356414184
478 1.46871414573406
479 1.46327324426078
480 1.45976568867786
481 1.45817594928294
482 1.45846885829069
483 1.46059051563032
484 1.4644693654608
485 1.47001742751019
486 1.47713166616034
487 1.48569547922535
488 1.4955802876149
489 1.50664720653378
490 1.51874877854658
491 1.53173074872765
492 1.54543386221733
493 1.55969566480902
494 1.57435228768858
495 1.58924019812848
496 1.60419789879144
497 1.61906755930799
498 1.63369656494597
499 1.6479389684697
500 1.66165683267707
501 1.67472145258604
502 1.68701444779936
503 1.69842871719053
504 1.7088692497062
505 1.71825378675133
506 1.72651333329744
507 1.7335925165111
508 1.73944979232514
509 1.74405750195078
510 1.747401781841
511 1.74948233204974
512 1.75031204927476
513 1.74991653211316
514 1.74833346718679
515 1.74561190580253
516 1.74181144169084
517 1.73700130111106
518 1.73125935721855
519 1.72467108105425
520 1.71732844184191
521 1.70932876946017
522 1.70077359200102
523 1.69176746123264
524 1.68241677856166
525 1.67282863373979
526 1.66310966809285
527 1.65336497347195
528 1.6436970374481
529 1.63420474450076
530 1.6249824421004
531 1.61611907966397
532 1.60769742738367
533 1.599793380904
534 1.59247535676259
535 1.58580378242833
536 1.57983068367793
537 1.57459937096065
538 1.57014422532257
539 1.56649058340642
540 1.56365472002185
541 1.56164392580332
542 1.56045667654771
543 1.56008288995983
544 1.56050426473758
545 1.56169469620783
546 1.56362076208225
547 1.56624227134641
548 1.56951286882678
549 1.57338068760254
550 1.57778904114379
551 1.58267714686434
552 1.58798087267649
553 1.59363349812481
554 1.59956648175371
555 1.60571022652641
556 1.61199483535685
557 1.61835084913613
558 1.6247099600258
559 1.63100569324612
560 1.63717405110127
561 1.64315411354869
562 1.648888590229
563 1.65432431951852
564 1.65941271084082
565 1.66411012716903
566 1.66837820535879
567 1.67218411266535
568 1.67550073850974
569 1.67830682126023
570 1.68058701048056
571 1.68233186575768
572 1.68353779385344
573 1.68420692652131
574 1.68434694188435
575 1.68397083278132
576 1.68309662594796
577 1.68174705630863
578 1.67994920100506
579 1.67773407808334
580 1.67513621499443
581 1.67219319223827
582 1.66894516759523
583 1.66543438644273
584 1.66170468364993
585 1.65780098248149
586 1.65376879582386
587 1.64965373487872
588 1.64550103024918
589 1.64135507008085
590 1.63725895961413
591 1.63325410616181
592 1.62937983315068
593 1.62567302646329
594 1.62216781589009
595 1.618895294059
596 1.61588327475349
597 1.61315609206661
598 1.61073444137284
599 1.60863526263573
600 1.60687166611364
601 1.60545290008101
602 1.60438435975467
603 1.60366763620656
604 1.60330060365984
605 1.60327754320865
606 1.60358930067471
607 1.60422347602038
608 1.60516464147823
609 1.60639458533563
610 1.60789257812781
611 1.60963565784839
612 1.61159893067961
613 1.61375588367879
614 1.61607870582925
615 1.61853861387549
616 1.62110617940946
617 1.62375165375903
618 1.62644528734607
619 1.62915764033106
620 1.63185988153861
621 1.63452407286286
622 1.63712343657995
623 1.63963260324327
624 1.64202783810364
625 1.64428724427692
626 1.64639094117282
627 1.64832121699765
628 1.65006265444688
629 1.65160222900747
630 1.65292937959162
631 1.65403605152029
632 1.65491671216292
633 1.65556833981686
634 1.65599038667367
635 1.65618471696666
636 1.65615552162344
637 1.65590921095635
638 1.65545428711104
639 1.65480119815794
640 1.65396217585138
641 1.65295105919657
642 1.65178310605418
643 1.65047479507623
644 1.64904362030563
645 1.64750788078413
646 1.64588646750191
647 1.64419864998581
648 1.64246386476443
649 1.64070150786738
650 1.63893073341515
651 1.63717026023609
652 1.63543818831045
653 1.63375182668957
654 1.63212753437352
655 1.6305805754546
656 1.62912498964957
657 1.6277734791521
658 1.62653731254089
659 1.62542624628112
660 1.62444846415813
661 1.62361053478605
662 1.6229173871411
663 1.62237230388307
664 1.62197693204841
665 1.62173131052911
666 1.62163391359184
667 1.62168170954484
668 1.62187023352632
669 1.62219367326849
670 1.62264496658763
671 1.6232159092617
672 1.62389727188557
673 1.6246789242385
674 1.62554996566018
675 1.62649885990989
676 1.62751357297826
677 1.62858171233207
678 1.62969066609915
679 1.63082774074162
680 1.6319802958214
681 1.63313587453031
682 1.63428232873753
683 1.63540793739853
684 1.63650151727054
685 1.63755252498855
686 1.63855114967231
687 1.63948839535569
688 1.64035615265607
689 1.64114725922912
690 1.64185554868417
691 1.64247588776469
692 1.64300420172596
693 1.64343748796774
694 1.64377381809994
695 1.64401232873608
696 1.64415320141828
697 1.64419763218039
698 1.64414779135002
699 1.6440067742758
700 1.64377854374232
701 1.64346786490077
702 1.64308023359947
703 1.64262179904256
704 1.64209928173951
705 1.64151988773065
706 1.6408912200861
707 1.64022118867657
708 1.63951791920539
709 1.6387896624717
710 1.63804470480587
711 1.6372912805804
712 1.63653748765292
713 1.6357912065442
714 1.63506002409307
715 1.63435116226284
716 1.63367141270221
717 1.63302707758647
718 1.63242391718521
719 1.63186710452036
720 1.63136118739419
721 1.63091005798249
722 1.63051693010377
723 1.63018432419214
724 1.62991405992037
725 1.62970725634123
726 1.62956433934012
727 1.6294850561217
728 1.62946849638696
729 1.62951311979697
730 1.62961678926477
731 1.62977680956868
732 1.62998997073847
733 1.63025259563098
734 1.63056059108414
735 1.63090950201742
736 1.63129456783337
737 1.63171078046866
738 1.63215294344317
739 1.63261573126363
740 1.63309374855162
741 1.63358158828631
742 1.63407388857784
743 1.63456538741881
744 1.63505097489737
745 1.63552574239607
746 1.63598502834524
747 1.63642446014704
748 1.63683999193737
749 1.63722793790476
750 1.63758500093984
751 1.63790829644382
752 1.63819537117956
753 1.63844421710383
754 1.63865328017345
755 1.63882146417062
756 1.63894812964349
757 1.63903308810664
758 1.63907659169121
759 1.63907931847737
760 1.63904235377986
761 1.63896716769284
762 1.63885558923052
763 1.63870977742651
764 1.63853218977694
765 1.63832554842909
766 1.6380928045304
767 1.63783710116022
768 1.63756173526998
769 1.6372701190565
770 1.63696574118686
771 1.63665212828415
772 1.63633280706873
773 1.63601126753269
774 1.63569092750352
775 1.63537509892934
776 1.63506695619037
777 1.63476950671237
778 1.63448556412599
779 1.63421772418262
780 1.63396834360298
781 1.63373952199929
782 1.63353308697561
783 1.63335058247529
784 1.63319326040842
785 1.63306207555715
786 1.63295768372244
787 1.63288044304325
788 1.63283041838753
789 1.6328073886854
790 1.63281085704752
791 1.63284006348697
792 1.63289400004068
793 1.63297142806693
794 1.63307089747903
795 1.63319076766128
796 1.63332922980298
797 1.6334843303786
798 1.63365399549755
799 1.63383605584561
800 1.88383605584561
801 1.90256328619719
802 1.92162608380705
803 1.94069214934217
804 1.9597592121531
805 1.97882505319869
806 1.99788752680572
807 2.01694458106817
808 2.03599427671025
809 2.05503480425823
810 2.07142074870243
811 2.08313199390509
812 2.09078979052256
813 2.09487168570381
814 2.09574877778129
815 2.0937093301829
816 2.08897716567366
817 2.08172599117177
818 2.07209055236976
819 2.06017531864079
820 2.04608922308043
821 2.02999157577601
822 2.01209416474548
823 1.99263921312252
824 1.97188463517207
825 1.95009436567347
826 1.92753223741479
827 1.90445830798404
828 1.88112684957043
829 1.85778544354505
830 1.83467449113872
831 1.81202623299448
832 1.79006292242078
833 1.76899454746734
834 1.74901656455319
835 1.73030788296113
836 1.7130292022763
837 1.69732172349278
838 1.68330620951278
839 1.67108234883046
840 1.66072837153149
841 1.65230087919043
842 1.64583487238464
843 1.64134397608549
844 1.63882086747307
845 1.6382379071249
846 1.63954796833541
847 1.64268545325774
848 1.64756747984058
849 1.65409522052833
850 1.66215537228922
851 1.67162173730075
852 1.68235689395079
853 1.69421393819922
854 1.70703827557555
855 1.72066944419412
856 1.73494294927923
857 1.74969208993077
858 1.76474975930868
859 1.77995020010496
860 1.79513069809775
861 1.81013319771058
862 1.82480582478725
863 1.83900430320129
864 1.85259325341618
865 1.86544736268002
866 1.87745241815982
867 1.88850619598268
868 1.89851920084078
869 1.90741525251789
870 1.91513191739014
871 1.92162078462554
872 1.92684758843684
873 1.93079217931427
874 1.93344834866273
875 1.93482351267874
876 1.9349382626126
877 1.93382578976137
878 1.93153119461762
879 1.92811069055125
880 1.92363071321869
881 1.91816694757295
882 1.91180328488356
883 1.9046307225676
884 1.89674621988055
885 1.8882515226201
886 1.87925196996055
887 1.86985529636344
888 1.8601704412082
889 1.85030637836043
890 1.84037097735357
891 1.83046990721087
892 1.82070559318793
893 1.81117623588305
894 1.8019749012532
895 1.79318868909992
896 1.78489798656358
897 1.77717581209837
898 1.77008725430596
899 1.76368900889596
900 1.7580290159275
901 1.75314619838018
902 1.74907030201632
903 1.74582183543951
904 1.74341210823869
905 1.74184336413998
906 1.74110900518107
907 1.74119390208114
908 1.74207478521124
909 1.7437207098814
910 1.74609358905625
911 1.74914878609541
912 1.75283575968982
913 1.75709875283477
914 1.76187751744278
915 1.76710806605725
916 1.77272344207766
917 1.77865449994875
918 1.78483068689546
919 1.79118081799892
920 1.79763383670304
921 1.80411955320866
922 1.81056935364989
923 1.81691687344584
924 1.82309862877574
925 1.82905460072799
926 1.83472876731647
927 1.84006957923339
928 1.84503037590785
929 1.8495697391566
930 1.85365178243901
931 1.85724637445509
932 1.86032929654512
933 1.86288233405583
934 1.86489330252257
935 1.86635601017468
936 1.86727015889477
937 1.86764118634702
938 1.86748005252987
939 1.86680297449961
940 1.86563111345041
941 1.86399021871928
942 1.86191023360957
943 1.85942486819147
944 1.85657114444201
945 1.85338891922932
946 1.8499203907268
947 1.84620959386351
948 1.84230189037827
949 1.83824345894914
950 1.83408079072011
951 1.82986019534452
952 1.82562732241567
953 1.82142670286101
954 1.817301314543
955 1.81329217594109
956 1.80943797139012
957 1.80577471092633
958 1.80233542734707
959 1.79914991263096
960 1.79624449539528
961 1.79364186059354
962 1.79136091218178
963 1.78941667901397
964 1.78782026376835
965 1.78657883426249
966 1.78569565609008
967 1.78517016510985
968 1.7849980779414
969 1.78517153827592
970 1.78567929649611
971 1.78650691981979
972 1.7876370299396
973 1.78904956492634
974 1.79072206199867
975 1.79262995763691
976 1.79474690143348
977 1.79704508002796
978 1.79949554746903
979 1.80206855837839
980 1.80473390036149
981 1.80746122221494
982 1.81022035461852
983 1.81298162016874
984 1.81571612980787
985 1.81839606292509
986 1.82099492865111
987 1.82348780613171
988 1.82585156184575
989 1.82806504232552
990 1.83010924093905
991 1.83196743770161
992 1.83362531139316
993 1.83507102356755
994 1.83629527434421
995 1.83729133017037
996 1.83805502402969
997 1.83858472884761
998 1.83888130510329
999 1.83894802389961
1000 1.8387904669648
1001 1.83841640525998
1002 1.83783565804429
1003 1.83705993440308
1004 1.83610265937267
1005 1.83497878689791
1006 1.83370460193517
1007 1.8322975140634
1008 1.83077584499029
1009 1.8291586123388
1010 1.82746531207329
1011 1.82571570187411
1012 1.82392958769647
1013 1.82212661565525
1014 1.82032607126332
1015 1.81854668791845
1016 1.81680646638606
1017 1.81512250686212
1018 1.81351085502611
1019 1.81198636330925
1020 1.8105625684109
1021 1.80925158589828
1022 1.80806402252336
1023 1.80700890668839
1024 1.80609363729054
1025 1.80532395097766
1026 1.80470390765419
1027 1.80423589389002
1028 1.80392064370782
1029 1.80375727605697
1030 1.80374334812711
1031 1.80387492351212
1032 1.80414665410689
1033 1.80455187450706
1034 1.80508270758433
1035 1.80573017982977
1036 1.80648434499417
1037 1.80733441450774
1038 1.80826889313222
1039 1.80927571828625
1040 1.81034240148882
1041 1.81145617038627
1042 1.81260410986378
1043 1.81377330079315
1044 1.81495095503276
1045 1.81612454537236
1046 1.81728192920414
1047 1.81841146480024
1048 1.81950211918428
1049 1.82054356670066
1050 1.82152627750603
1051 1.82244159533474
1052 1.82328180401893
1053 1.82404018237597
1054 1.82471104720804
1055 1.82528978428936
1056 1.82577286734582
1057 1.82615786515675
1058 1.82644343702907
1059 1.82662931700879
1060 1.8267162873022
1061 1.82670614147913
1062 1.82660163812145
1063 1.82640644566182
1064 1.8261250792293
1065 1.82576283037943
1066 1.825325690637
1067 1.82482026981862
1068 1.82425371013062
1069 1.82363359705462
1070 1.82296786803874
1071 1.82226472000806
1072 1.82153251669203
1073 1.82077969674155
1074 1.82001468357355
1075 1.81924579783705
1076 1.81848117334328
1077 1.81772867724274
1078 1.81699583516697
1079 1.81628976198072
1080 1.81561709871452
1081 1.81498395616721
1082 1.81439586558515
1083 1.81385773673976
1084 1.8133738236391
1085 1.81294769802278
1086 1.81258223070467
1087 1.81227958074354
1088 1.81204119234105
1089 1.81186779928844
1090 1.81175943670917
1091 1.81171545977579
1092 1.81173456901491
1093 1.81181484175637
1094 1.81195376923014
1095 1.81214829876961
1096 1.81239488054095
1097 1.81268951818708
1098 1.81302782275064
1099 1.81340506922317
1100 1.8138162550585
1101 1.81425615998574
1102 1.81471940646172
1103 1.81520052011445
1104 1.81569398954647
1105 1.81619432489145
1106 1.81669611454643
1107 1.81719407953744
1108 1.8176831250152
1109 1.81815838842197
1110 1.81861528391723
1111 1.81904954270076
1112 1.819457248924
1113 1.81983487093537
1114 1.82017928766065
1115 1.82048780997597
1116 1.82075819698684
1117 1.82098866718267
1118 1.82117790449005
1119 1.82132505930092
1120 1.82142974460242
1121 1.82149202738224
1122 1.82151241552858
1123 1.82149184048437
1124 1.82143163595288
1125 1.82133351298496
1126 1.82119953180677
1127 1.82103207077128
1128 1.82083379283615
1129 1.82060760998574
1130 1.82035664602475
1131 1.82008419817641
1132 1.81979369791902
1133 1.81948867149034
1134 1.81917270048141
1135 1.81884938292877
1136 1.81852229529772
1137 1.81819495572914
1138 1.81787078889924
1139 1.81755309281499
1140 1.81724500783904
1141 1.81694948820676
1142 1.81666927626458
1143 1.81640687962435
1144 1.81616455139267
1145 1.81594427359749
1146 1.8157477438978
1147 1.81557636562549
1148 1.81543124117222
1149 1.81531316869923
1150 1.81522264211338
1151 1.81515985422072
1152 1.81512470293766
1153 1.81511680041151
1154 1.81513548487571
1155 1.81517983504109
1156 1.81524868680387
1157 1.81534065203245
1158 1.81545413918028
1159 1.81558737545946
1160 1.81573843030115
1161 1.81590523982251
1162 1.81608563201737
1163 1.8162773523877
1164 1.81647808973634
1165 1.81668550184716
1166 1.81689724078775
1167 1.81711097758058
1168 1.81732442600245
1169 1.81753536528741
1170 1.81774166152617
1171 1.81794128757412
1172 1.81813234130077
1173 1.81831306203553
1174 1.81848184508722
1175 1.81863725423836
1176 1.81877803213928
1177 1.81890310855053
1178 1.81901160640669
1179 1.81910284569752
1180 1.81917634518562
1181 1.81923182200177
1182 1.81926918918015
1183 1.8192885512154
1184 1.81929019774201
1185 1.81927459545326
1186 1.81924237839216
1187 1.81919433676037
1188 1.81913140440218
1189 1.81905464513069
1190 1.81896523807039
1191 1.81886446219614
1192 1.81875368025186
1193 1.81863432223391
1194 1.81850786862335
1195 1.81837583354905
1196 1.8182397480595
1197 1.81810114367472
1198 1.81796153638259
1199 1.81782241123452
1200 1.81768520768477
