1 2
2 2
3 2
4 2
5 2
6 2
7 2
8 2
9 2
10 2
11 2
12 2
13 2
14 2
15 2
16 2
17 2
18 2
19 2
20 2
21 2
22 2
23 2
24 2
25 2
26 2
27 2
28 2
29 2
30 2.25
31 2.27615384615385
32 2.30230769230769
33 2.32846153846154
34 2.35461538461538
35 2.38076923076923
36 2.40692307692308
37 2.43307692307692
38 2.45923076923077
39 2.48538461538462
40 2.51016371240385
41 2.53244965524149
42 2.55245188588974
43 2.57032998000094
44 2.58620484463702
45 2.60016743218035
46 2.61228551988281
47 2.62260898304621
48 2.63117389519901
49 2.63800571492428
50 2.64312932132019
51 2.64658244547477
52 2.6484178666446
53 2.64869887050582
54 2.64749608942123
55 2.64488533121657
56 2.64094610957151
57 2.63576066783226
58 2.62941334597187
59 2.62199018290529
60 2.61357863583165
61 2.60426726966454
62 2.59414534373341
63 2.58330233003426
64 2.57182741613109
65 2.55980902286163
66 2.54733435229755
67 2.53448897227249
68 2.52135643835589
69 2.50801795113465
70 2.49455204541671
71 2.48103430834654
72 2.46753712483305
73 2.45412944998004
74 2.44087660877111
75 2.42784012327558
76 2.41507756741488
77 2.4026424490306
78 2.39058411871521
79 2.37894770464301
80 2.36777407248307
81 2.35709980937746
82 2.34695723090654
83 2.33737440991714
84 2.32837522604642
85 2.3199794347314
86 2.31220275445253
87 2.30505697092256
88 2.29855005690103
89 2.29268630629206
90 2.28746648116965
91 2.28288797036903
92 2.27894495828574
93 2.27562860253417
94 2.27292721913374
95 2.27082647391409
96 2.26930957885859
97 2.26835749213929
98 2.26794912063474
99 2.26806152376509
100 2.26867011752563
101 2.26974887765057
102 2.27127054089283
103 2.27320680346185
104 2.27552851572063
105 2.27820587230403
106 2.2812085968827
107 2.28450612086059
108 2.2880677553584
109 2.29186285589994
110 2.29586097928304
111 2.30003203218132
112 2.30434641108678
113 2.30877513326601
114 2.31328995846481
115 2.31786350115592
116 2.3224693331833
117 2.32708207671289
118 2.3316774874542
119 2.33623252816929
120 2.34072543253523
121 2.34513575947323
122 2.34944443810167
123 2.35363380351201
124 2.35768762360454
125 2.36159111725691
126 2.36533096413015
127 2.36889530644692
128 2.37227374310234
129 2.37545731649131
130 2.3784384924561
131 2.38121113377529
132 2.38377046762897
133 2.38611304748654
134 2.38823670987179
135 2.39014052646536
136 2.391824752008
137 2.39329076846812
138 2.39454102593544
139 2.39557898069816
140 2.39640903095443
141 2.39703645060071
142 2.39746732152891
143 2.39770846485228
144 2.39776737146601
145 2.39765213233339
146 2.39737136887173
147 2.39693416379454
148 2.39634999274759
149 2.39562865705691
150 2.3947802178862
151 2.39381493208041
152 2.39274318995028
153 2.39157545523137
154 2.39032220742858
155 2.38899388673549
156 2.38760084169534
157 2.38615327974901
158 2.38466122079337
159 2.38313445385208
160 2.38158249694041
161 2.38001456018483
162 2.37843951223884
163 2.37686585001733
164 2.37530167175349
165 2.37375465336504
166 2.3722320280997
167 2.37074056941462
168 2.36928657702933
169 2.36787586607853
170 2.36651375927794
171 2.36520508200528
172 2.3639541601873
173 2.36276482087477
174 2.36164039537841
175 2.36058372483166
176 2.35959716803945
177 2.35868261146713
178 2.35784148121897
179 2.35707475685252
180 2.35638298687258
181 2.355766305747
182 2.35522445228598
183 2.35475678922671
184 2.35436232386617
185 2.35403972958687
186 2.35378736812271
187 2.35360331241534
188 2.35348536991527
189 2.35343110618649
190 2.35343786867795
191 2.35350281053125
192 2.35362291429899
193 2.35379501545531
194 2.35401582558584
195 2.35428195515185
196 2.35458993573003
197 2.35493624163673
198 2.35531731085276
199 2.35572956517272
200 2.3561694295097
201 2.35663335029451
202 2.35711781291547
203 2.35761935815261
204 2.3581345975674
205 2.35866022781622
206 2.35919304386307
207 2.35972995107349
208 2.36026797617875
209 2.3608042771053
210 2.36133615167092
211 2.36186104515454
212 2.36237655675258
213 2.36288044493934
214 2.36337063175437
215 2.36384520604397
216 2.36430242568808
217 2.36474071884787
218 2.36515868427272
219 2.36555509070816
220 2.36592887544946
221 2.36627914208757
222 2.3666051574965
223 2.36690634811251
224 2.36718229555715
225 2.36743273165716
226 2.36765753291463
227 2.36785671448167
228 2.36803042369352
229 2.36817893321398
230 2.36830263384677
231 2.36840202706515
232 2.36847771731192
233 2.36853040412001
234 2.36856087410295
235 2.36856999286271
236 2.36855869686072
237 2.36852798529587
238 2.36847891203136
239 2.36841257761
240 2.36833012139527
241 2.36823271387311
242 2.36812154914707
243 2.36799783765663
244 2.36786279914639
245 2.36771765591092
246 2.36756362633756
247 2.3674019187671
248 2.36723372568938
249 2.36706021828856
250 2.36688254135021
251 2.36670180853996
252 2.36651909806116
253 2.36633544869649
254 2.36615185623642
255 2.36596927029523
256 2.36578859151322
257 2.36561066914187
258 2.36543629900677
259 2.36526622184151
260 2.3651011219841
261 2.36494162642596
262 2.36478830420214
263 2.36464166611028
264 2.36450216474452
265 2.3643701948298
266 2.36424609384082
267 2.36413014288952
268 2.36402256786394
269 2.36392354080102
270 2.36383318147554
271 2.36375155918682
272 2.36367869472498
273 2.36361456249812
274 2.36355909280217
275 2.36351217421484
276 2.36347365609574
277 2.36344335117463
278 2.36342103821051
279 2.36340646470427
280 2.3633993496486
281 2.36339938629894
282 2.36340624495036
283 2.36341957570553
284 2.36343901121985
285 2.36346416941069
286 2.36349465611812
287 2.36353006770584
288 2.36356999359127
289 2.36361401869517
290 2.36366172580175
291 2.36371269782102
292 2.36376651994638
293 2.36382278170079
294 2.3638810788664
295 2.36394101529263
296 2.36400220457922
297 2.36406427163112
298 2.36412685408307
299 2.36418960359259
300 2.36425218700059
301 2.36431428735981
302 2.36437560483176
303 2.36443585745358
304 2.36449478177691
305 2.36455213338122
306 2.36460768726487
307 2.36466123811735
308 2.36471260047697
309 2.36476160877816
310 2.36480811729356
311 2.36485199997582
312 2.36489315020456
313 2.36493148044431
314 2.3649669218192
315 2.36499942361046
316 2.36502895268284
317 2.36505549284639
318 2.36507904415962
319 2.36509962218056
320 2.36511725717197
321 2.36513199326676
322 2.36514388760014
323 2.36515300941409
324 2.36515943914047
325 2.36516326746825
326 2.36516459440053
327 2.36516352830673
328 2.36516018497501
329 2.3651546866699
330 2.36514716119978
331 2.36513774099851
332 2.36512656222543
333 2.3651137638875
334 2.36509948698712
335 2.36508387369881
336 2.36506706657786
337 2.36504920780332
338 2.36503043845797
339 2.36501089784702
340 2.36499072285752
341 2.36497004735977
342 2.36494900165195
343 2.36492771194896
344 2.36490629991582
345 2.36488488224638
346 2.364863570287
347 2.36484246970552
348 2.36482168020474
349 2.36480129528022
350 2.36478140202126
351 2.36476208095444
352 2.36474340592829
353 2.36472544403795
354 2.36470825558834
355 2.36469189409425
356 2.36467640631561
357 2.36466183232621
358 2.3646482056139
359 2.36463555321034
360 2.36462389584828
361 2.36461324814425
362 2.36460361880454
363 2.36459501085235
364 2.364587421874
365 2.3645808442819
366 2.36457526559233
367 2.36457066871576
368 2.3645670322577
369 2.36456433082804
370 2.36456253535681
371 2.36456161341451
372 2.36456152953513
373 2.36456224553998
374 2.3645637208607
375 2.36456591285979
376 2.36456877714709
377 2.36457226789077
378 2.36457633812146
379 2.3645809400283
380 2.36458602524568
381 2.36459154512964
382 2.36459745102302
383 2.36460369450845
384 2.36461022764836
385 2.36461700321161
386 2.36462397488583
387 2.36463109747533
388 2.36463832708406
389 2.36464562128342
390 2.36465293926467
391 2.36466024197602
392 2.36466749224417
393 2.36467465488057
394 2.36468169677253
395 2.36468858695927
396 2.36469529669339
397 2.36470179948797
398 2.36470807114981
399 2.36471408979921
400 2.11471408979921
401 2.06241185375312
402 2.01010931294432
403 1.95780645469556
404 1.90550326856013
405 1.85319974627334
406 1.80089588169476
407 1.74859167074227
408 1.69628711131835
409 1.64398220322955
410 1.593051728832
411 1.54475793883136
412 1.49913716225839
413 1.45622797539333
414 1.4160702022906
415 1.3787041608324
416 1.34417009883161
417 1.31250777702732
418 1.28375616541255
419 1.25795322680556
420 1.23512820747976
421 1.21528923848223
422 1.2
423 1.2
424 1.2
425 1.2
426 1.2
427 1.2
428 1.2
429 1.20212671382026
430 1.20657218192507
431 1.21321206674628
432 1.2219071299416
433 1.23243881012486
434 1.24455488043321
435 1.258051343061
436 1.27276213650893
437 1.28855110003763
438 1.30530569724787
439 1.32292041597601
440 1.34128358511584
441 1.36027817900897
442 1.37978410730858
443 1.39968055739942
444 1.41984845768815
445 1.44017236921543
446 1.46054157516738
447 1.48085062655896
448 1.5009995274694
449 1.52089375311631
450 1.54044428742145
451 1.5595677357022
452 1.57818647965509
453 1.59622884094038
454 1.61362922559141
455 1.63032822955434
456 1.64627269676586
457 1.66141572975746
458 1.67571665735565
459 1.68914096576367
460 1.70166019872621
461 1.71325183080341
462 1.72389911636177
463 1.73359091611403
464 1.74232150274714
465 1.75009034719473
466 1.75690188727481
467 1.76276528059293
468 1.76769414373496
469 1.77170627982197
470 1.77482339647994
471 1.77707081621728
472 1.77847718112382
473 1.77907415372336
474 1.77889611573137
475 1.77797986639192
476 1.77636432199043
477 1.77409021805965
478 1.7711998157134
479 1.76773661345583
480 1.76374506572286
481 1.75927030931895
482 1.75435789881606
483 1.74905355188492
484 1.74340290543105
485 1.73745128331052
486 1.73124347630406
487 1.7248235349324
488 1.71823457560163
489 1.71151860047526
490 1.70471633137967
491 1.69786705796226
492 1.69100850023713
493 1.68417668557189
494 1.67740584009161
495 1.67072829440169
496 1.66417440346163
497 1.65777248037555
498 1.65154874380398
499 1.64552727864379
500 1.6397300095708
501 1.63417668699119
502 1.62888488490414
503 1.62387001013949
504 1.61914532239934
505 1.61472196450305
506 1.61060900220951
507 1.60681347296976
508 1.60334044294639
509 1.60019307162377
510 1.59737268332487
511 1.59487884494612
512 1.59270944922111
513 1.59086080282699
514 1.58932771865386
515 1.58810361156722
516 1.58718059700605
517 1.58654959177496
518 1.58620041640663
519 1.58612189849166
520 1.58630197639548
521 1.58672780280671
522 1.58738584758795
523 1.58826199942773
524 1.58934166582189
525 1.59060987094276
526 1.59205135098623
527 1.59365064661815
528 1.59539219217462
529 1.59726040130301
530 1.59923974876358
531 1.60131484814456
532 1.60347052527567
533 1.60569188715791
534 1.60796438625844
535 1.61027388005086
536 1.61260668571109
537 1.61494962990851
538 1.61729009365996
539 1.61961605224166
540 1.62191611017961
541 1.62417953136393
542 1.62639626435547
543 1.62855696297509
544 1.63065300228613
545 1.6326764900995
546 1.63462027414795
547 1.63647794509197
548 1.6382438355337
549 1.63991301522796
550 1.64148128269045
551 1.64294515341272
552 1.64430184490122
553 1.64554925876459
554 1.6466859600779
555 1.64771115425651
556 1.6486246616741
557 1.64942689026059
558 1.65011880631508
559 1.65070190376744
560 1.6511781721195
561 1.65155006329297
562 1.65182045760635
563 1.65199262909745
564 1.65207021040164
565 1.65205715738828
566 1.65195771375007
567 1.65177637573104
568 1.65151785716979
569 1.65118705502477
570 1.65078901553813
571 1.65032890118436
572 1.64981195853883
573 1.64924348719058
574 1.64862880981253
575 1.64797324349092
576 1.6472820724047
577 1.64656052193447
578 1.64581373426924
579 1.64504674556861
580 1.64426446472715
581 1.64347165377729
582 1.64267290995687
583 1.64187264945766
584 1.64107509286166
585 1.64028425226307
586 1.63950392006488
587 1.63873765943118
588 1.63798879636835
589 1.63726041340117
590 1.63655534480317
591 1.63587617333432
592 1.6352252284336
593 1.63460458580868
594 1.63401606836058
595 1.63346124837691
596 1.63294145092395
597 1.63245775836467
598 1.63201101592741
599 1.63160183824796
600 1.63123061680615
601 1.6308975281773
602 1.63060254301815
603 1.63034543570668
604 1.63012579455596
605 1.62994303252232
606 1.62979639832978
607 1.62968498793365
608 1.62960775624837
609 1.62956352906647
610 1.62955101509814
611 1.62956881806329
612 1.62961544877105
613 1.62968933712459
614 1.62978884399248
615 1.62991227289111
616 1.6300578814263
617 1.6302238924459
618 1.63040850485879
619 1.63060990407954
620 1.63082627206187
621 1.63105579688773
622 1.63129668188277
623 1.63154715423282
624 1.63180547307951
625 1.6320699370772
626 1.63233889139681
627 1.6326107341656
628 1.63288392233564
629 1.63315697697677
630 1.63342848799307
631 1.63369711826512
632 1.63396160722275
633 1.63422077385627
634 1.63447351917621
635 1.63471882813436
636 1.63495577102094
637 1.63518350435469
638 1.6354012712848
639 1.63560840152495
640 1.63580431084142
641 1.63598850011844
642 1.63616055402515
643 1.63632013930938
644 1.63646700274439
645 1.63660096875504
646 1.63672193675072
647 1.63682987819212
648 1.6369248334195
649 1.63700690826984
650 1.63707627051015
651 1.63713314611384
652 1.63717781540686
653 1.63721060910941
654 1.63723190429873
655 1.63724212031736
656 1.63724171465078
657 1.6372311787972
658 1.6372110341511
659 1.6371818279215
660 1.63714412910434
661 1.63709852452744
662 1.63704561498521
663 1.63698601147902
664 1.63692033157782
665 1.63684919591242
666 1.63677322481539
667 1.63669303511734
668 1.63660923710897
669 1.63652243167699
670 1.63643320762083
671 1.63634213915562
672 1.63624978360589
673 1.63615667929315
674 1.63606334361935
675 1.63597027134714
676 1.6358779330768
677 1.63578677391866
678 1.63569721235894
679 1.63560963931582
680 1.63552441738216
681 1.63544188024987
682 1.6353623323108
683 1.63528604842793
684 1.63521327387032
685 1.63514422440447
686 1.63507908653459
687 1.63501801788347
688 1.63496114770571
689 1.6349085775243
690 1.63486038188188
691 1.63481660919716
692 1.63477728271747
693 1.63474240155798
694 1.63471194181813
695 1.63468585776608
696 1.63466408308178
697 1.63464653214952
698 1.6346331013911
699 1.63462367063062
700 1.63461810448257
701 1.63461625375478
702 1.63461795685841
703 1.63462304121724
704 1.63463132466898
705 1.63464261685176
706 1.63465672056934
707 1.63467343312871
708 1.63469254764472
709 1.63471385430627
710 1.63473714159933
711 1.63476219748245
712 1.6347888105109
713 1.63481677090583
714 1.63484587156559
715 1.63487590901654
716 1.63490668430123
717 1.63493800380231
718 1.63496968000062
719 1.6350015321669
720 1.63503338698629
721 1.63506507911565
722 1.63509645167384
723 1.63512735666556
724 1.63515765533947
725 1.63518721848202
726 1.63521592664811
727 1.63524367033059
728 1.63527035007031
729 1.63529587650903
730 1.63532017038752
731 1.63534316249131
732 1.63536479354686
733 1.63538501407102
734 1.63540378417654
735 1.63542107333684
736 1.63543686011305
737 1.63545113184649
738 1.63546388431976
739 1.63547512138973
740 1.63548485459545
741 1.63549310274441
742 1.63549989148005
743 1.6355052528338
744 1.63550922476463
745 1.63551185068904
746 1.63551317900444
747 1.6355132626086
748 1.63551215841797
749 1.63550992688727
750 1.63550663153295
751 1.63550233846263
752 1.63549711591288
753 1.63549103379718
754 1.63548416326604
755 1.63547657628099
756 1.63546834520392
757 1.63545954240339
758 1.63545023987888
759 1.63544050890445
760 1.63543041969242
761 1.63542004107814
762 1.63540944022642
763 1.63539868236012
764 1.63538783051135
765 1.63537694529546
766 1.63536608470802
767 1.63535530394472
768 1.63534465524408
769 1.63533418775275
770 1.63532394741311
771 1.63531397687254
772 1.6353043154141
773 1.63529499890777
774 1.63528605978166
775 1.6352775270124
776 1.63526942613388
777 1.63526177926345
778 1.63525460514458
779 1.63524791920513
780 1.6352417336301
781 1.63523605744783
782 1.6352308966286
783 1.63522625419462
784 1.63522213034012
785 1.63521852256069
786 1.63521542579057
787 1.635212832547
788 1.63521073308031
789 1.63520911552902
790 1.6352079660786
791 1.63520726912314
792 1.63520700742882
793 1.63520716229831
794 1.63520771373518
795 1.63520864060746
796 1.63520992080957
797 1.63521153142183
798 1.63521344886685
799 1.63521564906215
800 1.81175656910673
801 1.82483618434744
802 1.83791600851663
803 1.85099601694088
804 1.8640761851279
805 1.87715648888527
806 1.89023690443207
807 1.90331740850325
808 1.91639797844656
809 1.92947859231181
810 1.94158844454343
811 1.951967397834
812 1.96081399883802
813 1.96828176424794
814 1.97448919071454
815 1.97952754932948
816 1.98346695452953
817 1.98636108899095
818 1.98825088172966
819 1.98916737091697
820 1.98913927007907
821 1.98820266579046
822 1.98640246955514
823 1.98378907465585
824 1.98041610108914
825 1.97633890916926
826 1.97161365050105
827 1.96629668978808
828 1.96044427837425
829 1.95411239501425
830 1.94735666513183
831 1.9402322527144
832 1.93279367472216
833 1.92509456495036
834 1.91718742654985
835 1.90912339488294
836 1.90095202131803
837 1.89272108181342
838 1.88447641023015
839 1.87626175423573
840 1.86811865089201
841 1.86008631941204
842 1.85220156967321
843 1.84449872604842
844 1.8370095665433
845 1.82976327725255
846 1.8227864220006
847 1.81610292683716
848 1.8097340788815
849 1.80369853887626
850 1.79801236672841
851 1.79268905927317
852 1.78773959947989
853 1.78317251631174
854 1.77899395444451
855 1.77520775304123
856 1.77181553277125
857 1.76881679025517
858 1.76620899911336
859 1.76398771679737
860 1.76214669638871
861 1.76067800256086
862 1.75957213091467
863 1.75881812991645
864 1.75840372468962
865 1.75831544193576
866 1.75853873528808
867 1.75905811042993
868 1.75985724934291
869 1.76091913308221
870 1.7622261625125
871 1.76376027647367
872 1.76550306688371
873 1.76743589032419
874 1.7695399756929
875 1.77179652754783
876 1.77418682480593
877 1.77669231449971
878 1.77929470033404
879 1.78197602582423
880 1.7847187518344
881 1.78750582837281
882 1.79032076053675
883 1.79314766853525
884 1.79597134175143
885 1.7987772868393
886 1.8015517698806
887 1.80428185265729
888 1.80695542312271
889 1.80956122018126
890 1.81208885291025
891 1.81452881438076
892 1.81687249025475
893 1.81911216235482
894 1.82124100741971
895 1.8232530912742
896 1.82514335865493
897 1.82690761894514
898 1.82854252808111
899 1.83004556690047
900 1.83141501620871
901 1.8326499288447
902 1.83375009902816
903 1.83471602927364
904 1.83554889515458
905 1.83625050819953
906 1.83682327719881
907 1.83727016819596
908 1.83759466343169
909 1.837800719502
910 1.83789272498338
911 1.83787545776973
912 1.83775404235534
913 1.83753390728826
914 1.83722074300672
915 1.83682046025963
916 1.83633914930018
917 1.83578304002827
918 1.83515846324502
919 1.83447181316896
920 1.83372951135033
921 1.83293797210607
922 1.83210356958491
923 1.83123260655816
924 1.83033128501856
925 1.82940567865656
926 1.82846170726996
927 1.82750511315099
928 1.8265414394818
929 1.82557601075811
930 1.82461391524913
931 1.82365998949071
932 1.82271880479869
933 1.82179465577919
934 1.82089155080352
935 1.82001320440645
936 1.81916303155885
937 1.81834414375785
938 1.81755934687126
939 1.81681114066637
940 1.81610171994818
941 1.81543297722691
942 1.81480650683046
943 1.81422361037397
944 1.81368530349561
945 1.81319232376524
946 1.81274513967091
947 1.812343960587
948 1.81198874762697
949 1.81167922528371
950 1.81141489376087
951 1.81119504189928
952 1.81101876060413
953 1.81088495668006
954 1.81079236698366
955 1.8107395728054
956 1.81072501439578
957 1.81074700555366
958 1.81080374819836
959 1.81089334685058
960 1.81101382295135
961 1.81116312895207
962 1.81133916211321
963 1.81153977795349
964 1.81176280329593
965 1.81200604886154
966 1.81226732136636
967 1.81254443508186
968 1.81283522282351
969 1.81313754633692
970 1.81344930605525
971 1.81376845020657
972 1.81409298325355
973 1.81442097365269
974 1.81475056092414
975 1.81507996202714
976 1.81540747704009
977 1.81573149414782
978 1.81605049394201
979 1.81636305304431
980 1.81666784706433
981 1.81696365290797
982 1.81724935045402
983 1.81752392361938
984 1.81778646083561
985 1.81803615496146
986 1.81827230265773
987 1.81849430325265
988 1.81870165712691
989 1.81889396364911
990 1.81907091869276
991 1.81923231176728
992 1.81937802279548
993 1.81950801857052
994 1.81962234892563
995 1.81972114264956
996 1.81980460318073
997 1.81987300411254
998 1.81992668454198
999 1.81996604429274
1000 1.81999153904347
1001 1.82000367539081
1002 1.82000300587579
1003 1.81999012400105
1004 1.81996565926529
1005 1.81993027223967
1006 1.81988464971003
1007 1.81982949990687
1008 1.81976554784392
1009 1.81969353078448
1010 1.819614193853
1011 1.81952828580821
1012 1.81943655499207
1013 1.81933974546756
1014 1.81923859335662
1015 1.819133823388
1016 1.81902614566325
1017 1.81891625264762
1018 1.81880481639102
1019 1.81869248598299
1020 1.81857988524394
1021 1.81846761065388
1022 1.81835622951835
1023 1.81824627837027
1024 1.81813826160486
1025 1.81803265034434
1026 1.81792988152736
1027 1.81783035721776
1028 1.81773444412607
1029 1.81764247333638
1030 1.81755474023058
1031 1.81747150460136
1032 1.81739299094442
1033 1.81731938892048
1034 1.81725085397653
1035 1.81718750811599
1036 1.81712944080686
1037 1.8170767100167
1038 1.81702934336338
1039 1.81698733937019
1040 1.81695066881405
1041 1.81691927615544
1042 1.81689308103908
1043 1.81687197985402
1044 1.81685584734257
1045 1.81684453824736
1046 1.8168378889862
1047 1.81683571934487
1048 1.81683783417814
1049 1.81684402510989
1050 1.81685407222346
1051 1.81686774573409
1052 1.81688480763536
1053 1.81690501331248
1054 1.8169281131155
1055 1.8169538538862
1056 1.81698198043275
1057 1.81701223694699
1058 1.81704436835969
1059 1.81707812162941
1060 1.81711324696152
1061 1.81714949895424
1062 1.81718663766903
1063 1.8172244296234
1064 1.81726264870437
1065 1.81730107700178
1066 1.81733950556053
1067 1.81737773505177
1068 1.81741557636323
1069 1.81745285110935
1070 1.81748939206227
1071 1.81752504350513
1072 1.81755966150932
1073 1.81759311413785
1074 1.81762528157717
1075 1.81765605620002
1076 1.81768534256216
1077 1.81771305733608
1078 1.81773912918491
1079 1.81776349857996
1080 1.81778611756544
1081 1.81780694947391
1082 1.81782596859642
1083 1.81784315981087
1084 1.81785851817273
1085 1.8178720484717
1086 1.81788376475838
1087 1.8178936898447
1088 1.81790185478192
1089 1.81790829831996
1090 1.81791306635167
1091 1.81791621134574
1092 1.81791779177152
1093 1.81791787151934
1094 1.81791651931929
1095 1.8179138081618
1096 1.81790981472275
1097 1.81790461879598
1098 1.81789830273573
1099 1.81789095091157
1100 1.8178826491779
1101 1.81787348436027
1102 1.8178635437603
1103 1.81785291468091
1104 1.81784168397346
1105 1.81782993760811
1106 1.81781776026849
1107 1.81780523497174
1108 1.81779244271476
1109 1.81777946214714
1110 1.81776636927139
1111 1.81775323717074
1112 1.81774013576453
1113 1.81772713159137
1114 1.81771428761979
1115 1.81770166308614
1116 1.81768931335928
1117 1.81767728983164
1118 1.81766563983581
1119 1.81765440658619
1120 1.81764362914451
1121 1.81763334240861
1122 1.81762357712327
1123 1.81761435991212
1124 1.8176057133294
1125 1.81759765593051
1126 1.81759020235999
1127 1.81758336345577
1128 1.81757714636833
1129 1.81757155469355
1130 1.81756658861778
1131 1.81756224507403
1132 1.81755851790771
1133 1.81755539805088
1134 1.81755287370347
1135 1.81755093052038
1136 1.81754955180314
1137 1.81754871869495
1138 1.81754841037796
1139 1.81754860427154
1140 1.81754927623069
1141 1.8175504007433
1142 1.81755195112547
1143 1.81755389971392
1144 1.81755621805458
1145 1.81755887708663
1146 1.81756184732114
1147 1.81756509901379
1148 1.8175686023309
1149 1.81757232750827
1150 1.81757624500237
1151 1.8175803256334
1152 1.81758454071988
1153 1.81758886220446
1154 1.81759326277066
1155 1.81759771595045
1156 1.81760219622242
1157 1.81760667910054
1158 1.81761114121346
1159 1.81761556037436
1160 1.81761991564147
1161 1.8176241873693
1162 1.81762835725081
1163 1.8176324083507
1164 1.81763632513008
1165 1.81764009346266
1166 1.81764370064296
1167 1.81764713538678
1168 1.81765038782419
1169 1.8176534494856
1170 1.81765631328113
1171 1.81765897347386
1172 1.8176614256472
1173 1.81766366666699
1174 1.81766569463867
1175 1.81766750885999
1176 1.81766910976969
1177 1.8176704988927
1178 1.81767167878214
1179 1.81767265295874
1180 1.81767342584797
1181 1.8176740027154
1182 1.81767438960073
1183 1.81767459325071
1184 1.81767462105165
1185 1.8176744809616
1186 1.81767418144274
1187 1.81767373139425
1188 1.81767314008606
1189 1.81767241709363
1190 1.81767157223424
1191 1.81767061550494
1192 1.81766955702238
1193 1.81766840696486
1194 1.81766717551668
1195 1.81766587281505
1196 1.81766450889968
1197 1.81766309366518
1198 1.81766163681645
1199 1.8176601478271
1200 1.81765863590091
