1 2
2 2
3 2
4 2
5 2
6 2
7 2
8 2
9 2
10 2
11 2
12 2
13 2
14 2
15 2
16 2
17 2
18 2
19 2
20 2
21 2
22 2
23 2
24 2
25 2
26 2
27 2
28 2
29 2
30 2.25
31 2.26894117647059
32 2.30188235294118
33 2.33482352941176
34 2.36776470588235
35 2.40070588235294
36 2.43364705882353
37 2.46658823529412
38 2.49952941176471
39 2.53247058823529
40 2.56420290866176
41 2.59379359902398
42 2.62139124088765
43 2.64699798963125
44 2.67060755330796
45 2.69220468797224
46 2.7117676827984
47 2.7292702710777
48 2.74468309521794
49 2.75797482548774
50 2.76911885547503
51 2.77810252186437
52 2.78492820844005
53 2.78961062495302
54 2.792175450728
55 2.7926582628725
56 2.79110371273955
57 2.78756488301466
58 2.78210277637042
59 2.77478589969954
60 2.76568988936231
61 2.75489709716985
62 2.74249610006682
63 2.72858115478909
64 2.71325162243848
65 2.69661137593221
66 2.67876819917701
67 2.65983318368426
68 2.6399201262628
69 2.61914493005913
70 2.59762501047116
71 2.57547870743693
72 2.55282470606819
73 2.52978146801726
74 2.50646667609685
75 2.48299669462159
76 2.45948604780638
77 2.43604691838285
78 2.41278866840852
79 2.38981738405944
80 2.36723544602281
81 2.34514112694283
82 2.32362821721494
83 2.30278568026581
84 2.28269733829666
85 2.26344158930382
86 2.24509115602632
87 2.22771286730433
88 2.21136747216812
89 2.19610948681426
90 2.18198707446658
91 2.16904195796302
92 2.1573093647584
93 2.14681800388631
94 2.13759007428234
95 2.12964130373541
96 2.12298101760573
97 2.11761223632537
98 2.11353180058373
99 2.1107305229927
100 2.10919336492828
101 2.10889963715443
102 2.10982322275376
103 2.11193282081628
104 2.1151922092738
105 2.11956052521226
106 2.12499256094866
107 2.13143907412261
108 2.13884711002458
109 2.14716033436465
110 2.15631937467578
111 2.16626216854461
112 2.17692431687058
113 2.18823944037003
114 2.20013953756631
115 2.21255534253831
116 2.22541668073977
117 2.2386528212477
118 2.25219282385172
119 2.26596587945573
120 2.27990164232848
121 2.29393055281091
122 2.30798414916396
123 2.32199536732094
124 2.33589882739338
125 2.34963110586732
126 2.36313099251807
127 2.37633973116578
128 2.38920124348953
129 2.40166233521538
130 2.41367288409257
131 2.4251860091708
132 2.43615822099121
133 2.44654955240228
134 2.45632366981021
135 2.46544796476996
136 2.47389362591836
137 2.48163569134372
138 2.48865308157681
139 2.49492861347584
140 2.50044899536218
141 2.50520480384496
142 2.50919044284889
143 2.51240408543337
144 2.51484759905862
145 2.51652645501889
146 2.51744962282173
147 2.51762945034608
148 2.51708153066127
149 2.51582455643209
150 2.51388016287393
151 2.5112727602545
152 2.50802935696612
153 2.50417937421473
154 2.49975445338808
155 2.49478825717688
156 2.4893162655284
157 2.48337556751257
158 2.47700465017632
159 2.47024318545188
160 2.46313181617097
161 2.45571194221736
162 2.44802550782686
163 2.44011479101624
164 2.43202219609055
165 2.42379005014284
166 2.41546040442121
167 2.40707484139567
168 2.3986742883118
169 2.39029883797042
170 2.38198757742136
171 2.37377842520742
172 2.36570797773951
173 2.3578113653281
174 2.35012211833891
175 2.34267204388233
176 2.3354911133871
177 2.32860736134972
178 2.32204679549156
179 2.3158333184965
180 2.3099886614434
181 2.30453232898976
182 2.299481556306
183 2.29485127770437
184 2.29065410685211
185 2.28690032840636
186 2.28359790085775
187 2.28075247032112
188 2.27836739496612
189 2.27644377973647
190 2.27498052096613
191 2.2739743604621
192 2.27341994858863
193 2.27330991585487
194 2.2736349524793
195 2.27438389537768
196 2.27554382199862
197 2.27710015041115
198 2.27903674503235
199 2.28133602736961
200 2.28397909114272
201 2.28694582114375
202 2.29021501518959
203 2.29376450852148
204 2.29757130000863
205 2.30161167951856
206 2.30586135582564
207 2.3102955844404
208 2.31488929475636
209 2.31961721592772
210 2.32445400091007
211 2.32937434811778
212 2.3343531201749
213 2.33936545926179
214 2.34438689858692
215 2.34939346954176
216 2.35436180412738
217 2.3592692322722
218 2.36409387369359
219 2.36881472398906
220 2.37341173467722
221 2.37786588694358
222 2.38215925888138
223 2.38627508605297
224 2.3901978152331
225 2.39391315123028
226 2.39740809671803
227 2.40067098504182
228 2.40369150600209
229 2.40646072464649
230 2.40897109313719
231 2.41121645579017
232 2.41319204741376
233 2.41489448510253
234 2.41632175367006
235 2.41747318493045
236 2.41834943106245
237 2.41895243231342
238 2.41928537932111
239 2.41935267035059
240 2.41915986376139
241 2.41871362603511
242 2.41802167570799
243 2.4170927235642
244 2.41593640945564
245 2.41456323612212
246 2.41298450039124
247 2.41121222214189
248 2.40925907141674
249 2.40713829406989
250 2.40486363633401
251 2.40244926868769
252 2.39990970939912
253 2.39725974811487
254 2.39451436985467
255 2.3916886797628
256 2.38879782895556
257 2.38585694179156
258 2.38288104487763
259 2.37988499810786
260 2.37688342801736
261 2.37389066371487
262 2.37092067564039
263 2.36798701737533
264 2.36510277071296
265 2.3622804941771
266 2.35953217515633
267 2.35686918580045
268 2.35430224280457
269 2.35184137118526
270 2.34949587213188
271 2.34727429499506
272 2.34518441345347
273 2.3432332058792
274 2.34142683990179
275 2.33977066115114
276 2.3382691861401
277 2.33692609922887
278 2.33574425359525
279 2.33472567611754
280 2.33387157606047
281 2.33318235743883
282 2.33265763491903
283 2.3322962531049
284 2.33209630904183
285 2.33205517776121
286 2.33216954067735
287 2.33243541663908
288 2.33284819543055
289 2.3334026735083
290 2.33409309175615
291 2.33491317503442
292 2.33585617329674
293 2.336914904045
294 2.33808179589201
295 2.33934893300118
296 2.34070810017337
297 2.3421508283533
298 2.34366844033077
299 2.34525209641618
300 2.34689283987453
301 2.34858164190847
302 2.35030944598721
303 2.35206721132606
304 2.35384595532964
305 2.35563679482066
306 2.35743098588618
307 2.3592199621831
308 2.36099537155589
309 2.36274911083039
310 2.36447335865953
311 2.36616060630842
312 2.36780368627877
313 2.36939579868502
314 2.3709305353069
315 2.37240190125619
316 2.37380433420771
317 2.37513272115754
318 2.37638241268379
319 2.37754923469767
320 2.37862949768481
321 2.37962000344851
322 2.38051804937839
323 2.38132143027889
324 2.38202843780298
325 2.38263785754671
326 2.38314896387017
327 2.38356151251958
328 2.38387573113412
329 2.38409230772924
330 2.38421237725568
331 2.38423750634045
332 2.38416967632216
333 2.38401126469873
334 2.38376502511043
335 2.38343406598545
336 2.38302182797852
337 2.38253206033618
338 2.38196879632437
339 2.38133632785512
340 2.38063917945054
341 2.37988208168166
342 2.37906994421961
343 2.37820782863536
344 2.37730092108204
345 2.3763545049921
346 2.3753739339179
347 2.37436460464128
348 2.37333193067338
349 2.37228131626154
350 2.37121813101503
351 2.37014768525611
352 2.36907520619689
353 2.36800581503674
354 2.36694450506796
355 2.36589612087132
356 2.36486533867567
357 2.36385664794888
358 2.36287433427997
359 2.36192246360499
360 2.36100486782137
361 2.36012513182845
362 2.35928658202359
363 2.35849227627642
364 2.35774499539583
365 2.3570472360971
366 2.35640120546926
367 2.35580881693577
368 2.35527168769435
369 2.35479113761578
370 2.3543681895741
371 2.35400357117545
372 2.35369771784608
373 2.35345077723503
374 2.35326261488153
375 2.35313282109229
376 2.3530607189693
377 2.35304537352486
378 2.35308560181652
379 2.35317998403137
380 2.35332687544634
381 2.35352441918841
382 2.3537705597167
383 2.35406305694659
384 2.35439950093493
385 2.35477732704432
386 2.35519383150408
387 2.35564618728558
388 2.35613146020974
389 2.35664662520537
390 2.35718858263804
391 2.35775417463068
392 2.35834020129871
393 2.35894343682499
394 2.35956064530175
395 2.36018859626996
396 2.36082407988901
397 2.36146392167335
398 2.36210499673571
399 2.36274424348045
400 2.11274424348045
401 2.07548861383184
402 2.01022247843744
403 1.94494315304775
404 1.87964807522483
405 1.81433481377598
406 1.74900107735759
407 1.68364472222667
408 1.61826375912232
409 1.55285635926375
410 1.48863278325388
411 1.42661803503936
412 1.36688428646992
413 1.30966958695103
414 1.25518142593819
415 1.20360796877263
416 1.2
417 1.2
418 1.2
419 1.2
420 1.2
421 1.2
422 1.2
423 1.2
424 1.2
425 1.2
426 1.2
427 1.2
428 1.2
429 1.2
430 1.2
431 1.20180893746682
432 1.20567805248535
433 1.21145691358971
434 1.21901341468869
435 1.22823045488307
436 1.23900331645168
437 1.25123758842503
438 1.26484751680815
439 1.27975468872411
440 1.29588697817042
441 1.31316895001026
442 1.33151387069801
443 1.35082571817112
444 1.37100200578378
445 1.39193585390244
446 1.4135175748789
447 1.43563588734116
448 1.45817884779283
449 1.48103456629475
450 1.50409175690422
451 1.52724020363418
452 1.55037123588206
453 1.57337823466425
454 1.59615714261795
455 1.61860695754415
456 1.64063019795296
457 1.66213333425865
458 1.68302718274278
459 1.70322726165797
460 1.72265411025875
461 1.74123357218088
462 1.75889704438655
463 1.77558169228458
464 1.79123063121787
465 1.80579307439796
466 1.81922444742344
467 1.83148646965626
468 1.84254720289764
469 1.85238106797346
470 1.86096882999157
471 1.86829755316535
472 1.87436052620886
473 1.87915715940733
474 1.8826928545578
475 1.88497884906064
476 1.88603203552527
477 1.88587475832943
478 1.88453458864276
479 1.88204407948816
480 1.87844050247032
481 1.87376556784752
482 1.86806512966144
483 1.86138887766951
484 1.85379001784536
485 1.84532494322604
486 1.8360528968887
487 1.82603562883578
488 1.8153370485558
489 1.80402287500683
490 1.79216028574263
491 1.77981756686613
492 1.76706376545334
493 1.75396834604202
494 1.74060085272419
495 1.72703057832085
496 1.71332624205036
497 1.69955567703028
498 1.68578552887603
499 1.67208096657898
500 1.65850540676196
501 1.64512025232257
502 1.63198464638403
503 1.61915524238019
504 1.60668599100681
505 1.59462794467496
506 1.5830290800053
507 1.57193413880494
508 1.56138448787081
509 1.55141799786719
510 1.54206894142883
511 1.53336791054688
512 1.52534175320247
513 1.51801352912195
514 1.51140248444058
515 1.5055240449763
516 1.5003898277338
517 1.49600767018143
518 1.49238167676897
519 1.4895122820851
520 1.48739632998727
521 1.48602716797635
522 1.48539475603211
523 1.48548578907447
524 1.48628383216959
525 1.48776946755877
526 1.48992045255301
527 1.49271188730514
528 1.49611639144738
529 1.50010428856173
530 1.50464379743714
531 1.50970122905791
532 1.51524118826417
533 1.52122677902667
534 1.52761981228424
535 1.53438101530361
536 1.54147024153689
537 1.54884667997247
538 1.55646906299962
539 1.56429587183586
540 1.5722855385987
541 1.58039664413939
542 1.58858811079641
543 1.59681938926829
544 1.60505063885179
545 1.61324290033878
546 1.62135826091612
547 1.62936001046479
548 1.63721278870883
549 1.64488272272001
550 1.65233755434071
551 1.65954675714508
552 1.66648164261605
553 1.6731154552745
554 1.67942345655447
555 1.68538299727663
556 1.69097357862893
557 1.69617690162033
558 1.7009769050283
559 1.70535979191513
560 1.70931404484051
561 1.71283042994818
562 1.71590199015377
563 1.71852402770684
564 1.72069407644505
565 1.72241186409952
566 1.72367926505007
567 1.7245002439652
568 1.72488079079516
569 1.72482884761709
570 1.72435422785885
571 1.72346852845226
572 1.72218503548818
573 1.72051862396356
574 1.71848565222579
575 1.71610385173117
576 1.71339221274306
577 1.7103708666004
578 1.7070609651899
579 1.70348455825403
580 1.69966446916362
581 1.69562416977681
582 1.69138765499707
583 1.68697931763053
584 1.68242382412845
585 1.67774599178324
586 1.67297066792729
587 1.6681226116619
588 1.66322637862029
589 1.65830620924292
590 1.65338592101621
591 1.64848880509711
592 1.64363752771577
593 1.63885403671722
594 1.63415947357082
595 1.62957409114289
596 1.62511717749436
597 1.62080698593069
598 1.61666067149694
599 1.6126942340759
600 1.60892246821265
601 1.60535891975409
602 1.60201584935802
603 1.59890420289249
604 1.59603358871309
605 1.59341226177354
606 1.59104711449373
607 1.58894367427882
608 1.58710610755406
609 1.58553723015213
610 1.5842385238632
611 1.58321015893321
612 1.58245102227209
613 1.58195875111224
614 1.58172977183739
615 1.58175934368351
616 1.58204160699742
617 1.58256963572355
618 1.58333549377716
619 1.58433029495107
620 1.58554426599415
621 1.58696681249299
622 1.58858658718279
623 1.59039156031045
624 1.5923690916714
625 1.59450600394221
626 1.59678865693317
627 1.59920302238911
628 1.60173475897225
629 1.60436928706809
630 1.6070918630643
631 1.60988765276262
632 1.61274180359549
633 1.61563951533203
634 1.61856610897216
635 1.62150709354286
636 1.62444823052671
637 1.62737559567033
638 1.63027563793793
639 1.63313523539428
640 1.63594174782034
641 1.63868306588495
642 1.64134765671593
643 1.64392460573457
644 1.6464036546382
645 1.64877523543623
646 1.65103050046589
647 1.65316134833449
648 1.65516044575563
649 1.65702124526676
650 1.65873799883529
651 1.66030576737997
652 1.66172042625269
653 1.66297866674412
654 1.66407799369421
655 1.66501671930471
656 1.66579395326735
657 1.66640958933564
658 1.66686428848272
659 1.66715945880037
660 1.66729723230649
661 1.66728043883912
662 1.6671125772252
663 1.6667977839206
664 1.6663407993259
665 1.66574693198887
666 1.66502202090958
667 1.66417239616882
668 1.66320483810302
669 1.66212653525127
670 1.66094504130048
671 1.65966823125473
672 1.65830425705339
673 1.65686150286028
674 1.65534854024277
675 1.65377408345537
676 1.65214694503726
677 1.65047599192681
678 1.64877010228948
679 1.64703812324766
680 1.64528882969255
681 1.64353088434904
682 1.64177279925497
683 1.64002289880581
684 1.63828928450492
685 1.63657980154869
686 1.63490200736397
687 1.63326314220356
688 1.63167010189351
689 1.63012941281346
690 1.6286472091791
691 1.62722921268346
692 1.62588071454101
693 1.62460655996659
694 1.6234111351086
695 1.62229835644421
696 1.62127166263207
697 1.62033400880694
698 1.61948786328909
699 1.61873520667068
700 1.61807753323087
701 1.61751585462135
702 1.61705070575482
703 1.61668215281952
704 1.61640980333518
705 1.61623281815734
706 1.61614992533034
707 1.61615943568232
708 1.61625926005004
709 1.61644692801592
710 1.61671960803497
711 1.61707412882595
712 1.61750700189712
713 1.61801444507528
714 1.6185924069042
715 1.61923659177793
716 1.61994248567373
717 1.62070538234948
718 1.62152040987139
719 1.62238255733908
720 1.62328670167727
721 1.62422763436562
722 1.62520008798174
723 1.62619876243582
724 1.62721835077947
725 1.62825356447611
726 1.62929915802515
727 1.63034995283779
728 1.63140086026786
729 1.63244690370753
730 1.63348323966388
731 1.63450517773915
732 1.63550819944439
733 1.63648797578322
734 1.63744038354975
735 1.6383615202918
736 1.63924771789839
737 1.64009555477735
738 1.64090186659679
739 1.64166375557126
740 1.64237859828091
741 1.64304405201897
742 1.64365805967031
743 1.6442188531301
744 1.64472495527916
745 1.6451751805381
746 1.64556863402947
747 1.64590470938239
748 1.64618308522026
749 1.64640372037722
750 1.64656684789417
751 1.6466729678497
752 1.64672283908573
753 1.64671746989141
754 1.64665810771244
755 1.64654622795604
756 1.64638352196467
757 1.64617188423363
758 1.64591339895004
759 1.64561032593157
760 1.64526508604511
761 1.64488024618565
762 1.64445850389628
763 1.64400267171012
764 1.64351566129426
765 1.6430004674754
766 1.6424601522251
767 1.64189782868164
768 1.64131664528309
769 1.64071977008434
770 1.64011037532823
771 1.63949162233813
772 1.63886664679646
773 1.63823854447023
774 1.63761035744126
775 1.63698506089516
776 1.63636555051915
777 1.63575463055499
778 1.635155002549
779 1.63456925483701
780 1.63399985279785
781 1.63344912990431
782 1.63291927959652
783 1.6324123479978
784 1.63193022748903
785 1.63147465115276
786 1.63104718809427
787 1.63064923964227
788 1.6302820364277
789 1.62994663633521
790 1.62964392331746
791 1.629374607059
792 1.62913922347236
793 1.62893813600572
794 1.62877153773789
795 1.62863945423337
796 1.6285417471271
797 1.62847811840585
798 1.62844811535047
799 1.62845113610114
800 1.78372172992302
801 1.7932590156597
802 1.80982668891926
803 1.82642361794764
804 1.84304855755521
805 1.85970015751984
806 1.87637697130129
807 1.89307746501867
808 1.90980002664269
809 1.92654297535446
810 1.94255394252867
811 1.95726301730874
812 1.97078760192606
813 1.98315643804234
814 1.99438824721628
815 2.00449272781189
816 2.01347277437497
817 2.02132619757983
818 2.0280470555881
819 2.03362668312765
820 2.03805811509746
821 2.041341970577
822 2.04348714133047
823 2.04450902405546
824 2.04442862380768
825 2.0432718739651
826 2.04106913388682
827 2.03785481398012
828 2.03366709182743
829 2.02854769295752
830 2.02254169961225
831 2.01569733607549
832 2.00806570736331
833 1.99970050527221
834 1.99065769806855
835 1.98099521218625
836 1.97077261139545
837 1.9600507767776
838 1.94889158945974
839 1.93735761717876
840 1.92551180528522
841 1.91341717280011
842 1.90113651445161
843 1.8887321098946
844 1.87626544140429
845 1.86379692130433
846 1.85138563030793
847 1.83908906784381
848 1.82696291532779
849 1.81506081323277
850 1.80343415271117
851 1.79213188243269
852 1.78120033121405
853 1.77068304693282
854 1.76062065213102
855 1.75105071662789
856 1.7420076473733
857 1.7335225956865
858 1.72562338193821
859 1.71833443764989
860 1.71167676490098
861 1.70566791285535
862 1.70032197114083
863 1.69564957974157
864 1.6916579549923
865 1.68835093119613
866 1.68572901732425
867 1.68378946819627
868 1.68252636948442
869 1.68193073583433
870 1.6819906213479
871 1.68269124163263
872 1.68401510658382
873 1.68594216303435
874 1.6884499463786
875 1.69151374025461
876 1.69510674335057
877 1.69920024238874
878 1.70376379033142
879 1.70876538885011
880 1.71417167410005
881 1.71994810484773
882 1.726059152009
883 1.73246848866946
884 1.73913917967722
885 1.74603386992
886 1.75311497042479
887 1.7603448414472
888 1.76768597175067
889 1.7751011533113
890 1.78255365072253
891 1.79000736461515
892 1.79742698845161
893 1.80477815809898
894 1.81202759363249
895 1.81914323287023
896 1.82609435619001
897 1.8328517022304
898 1.83938757412997
899 1.84567593601131
900 1.85169249946883
901 1.85741479987217
902 1.86282226234945
903 1.8678962573662
904 1.87262014586717
905 1.87697931399832
906 1.88096119747494
907 1.88455529570985
908 1.88775317586115
909 1.89054846700352
910 1.89293684466899
911 1.89491600604354
912 1.89648563614354
913 1.89764736533175
914 1.89840471856548
915 1.89876305680002
916 1.89872951099837
917 1.89831290922296
918 1.89752369730769
919 1.89637385362764
920 1.89487679850048
921 1.8930472987672
922 1.89090136811034
923 1.88845616367593
924 1.88572987957015
925 1.88274163780393
926 1.87951137725819
927 1.87605974123904
928 1.87240796418626
929 1.86857775809016
930 1.86459119916079
931 1.86047061528029
932 1.85623847475394
933 1.8519172768575
934 1.84752944465935
935 1.84309722057434
936 1.83864256508317
937 1.83418705902689
938 1.82975180985961
939 1.82535736221579
940 1.82102361311989
941 1.81676973213693
942 1.81261408673274
943 1.80857417308183
944 1.8046665525299
945 1.80090679388662
946 1.79730942169289
947 1.79388787057518
948 1.79065444576837
949 1.78762028985762
950 1.78479535575884
951 1.78218838592785
952 1.77980689775886
953 1.77765717510424
954 1.77574426582051
955 1.77407198521886
956 1.77264292527304
957 1.77145846941389
958 1.77051881271683
959 1.76982298726738
960 1.76936889247023
961 1.7691533300489
962 1.76917204346669
963 1.76941976148451
964 1.76989024555776
965 1.77057634076323
966 1.77147002993667
967 1.77256249069392
968 1.77384415500179
969 1.77530477096048
970 1.77693346645596
971 1.77871881433994
972 1.7806488987949
973 1.78271138254399
974 1.78489357456893
975 1.78718249800416
976 1.78956495788197
977 1.79202760841136
978 1.79455701948232
979 1.79713974209807
980 1.79976237244917
981 1.80241161435631
982 1.80507433982227
983 1.80773764744837
984 1.81038891848607
985 1.81301587031071
986 1.81560660712151
987 1.81814966768891
988 1.8206340699889
989 1.82304935258166
990 1.82538561261089
991 1.82763354031865
992 1.82978444998935
993 1.8318303072556
994 1.83376375271699
995 1.83557812184168
996 1.8372674611388
997 1.83882654060758
998 1.8402508624867
999 1.84153666634431
1000 1.8426809305655
1001 1.84368137030991
1002 1.84453643202734
1003 1.84524528463326
1004 1.84580780746005
1005 1.84622457511224
1006 1.846496839366
1007 1.84662650826376
1008 1.84661612256528
1009 1.84646882972469
1010 1.84618835557182
1011 1.84577897388237
1012 1.84524547402768
1013 1.84459312689989
1014 1.84382764931163
1015 1.84295516707281
1016 1.84198217694825
1017 1.84091550770114
1018 1.83976228042691
1019 1.83852986838096
1020 1.83722585650146
1021 1.83585800082584
1022 1.83443418799503
1023 1.83296239503556
1024 1.83145064960342
1025 1.82990699086786
1026 1.82833943120599
1027 1.82675591887154
1028 1.8251643017931
1029 1.8235722926479
1030 1.82198743534859
1031 1.82041707306998
1032 1.81886831793343
1033 1.81734802245532
1034 1.81586275285604
1035 1.81441876431437
1036 1.81302197824168
1037 1.81167796163845
1038 1.81039190858512
1039 1.80916862390739
1040 1.80801250904531
1041 1.80692755014428
1042 1.80591730837515
1043 1.80498491247993
1044 1.80413305352915
1045 1.8033639818668
1046 1.80267950620884
1047 1.80208099485202
1048 1.80156937894042
1049 1.801145157729
1050 1.80080840577475
1051 1.80055878197904
1052 1.80039554039724
1053 1.80031754272542
1054 1.80032327236795
1055 1.80041084998437
1056 1.80057805040927
1057 1.80082232083476
1058 1.80114080014142
1059 1.80153033926095
1060 1.80198752245124
1061 1.80250868936304
1062 1.80308995777614
1063 1.80372724688288
1064 1.80441630099637
1065 1.80515271356209
1066 1.80593195135231
1067 1.80674937872489
1068 1.80760028183013
1069 1.80847989265231
1070 1.80938341277575
1071 1.81030603676902
1072 1.81124297508502
1073 1.81218947637929
1074 1.81314084915379
1075 1.81409248263859
1076 1.81503986682954
1077 1.81597861160568
1078 1.81690446485638
1079 1.81781332955415
1080 1.81870127971583
1081 1.81956457520102
1082 1.82039967530355
1083 1.82120325109835
1084 1.82197219651275
1085 1.82270363809804
1086 1.82339494348392
1087 1.82404372850471
1088 1.82464786299325
1089 1.82520547524434
1090 1.8257149551561
1091 1.82617495606366
1092 1.82658439528538
1093 1.82694245340745
1094 1.82724857233837
1095 1.82750245216943
1096 1.8277040468827
1097 1.82785355895229
1098 1.8279514328888
1099 1.82799834778106
1100 1.82799520889255
1101 1.82794313837314
1102 1.82784346514985
1103 1.82769771406246
1104 1.8275075943122
1105 1.82727498729335
1106 1.82700193387907
1107 1.82669062123356
1108 1.82634336922364
1109 1.82596261650276
1110 1.82555090634066
1111 1.8251108722713
1112 1.82464522363115
1113 1.82415673105847
1114 1.82364821202336
1115 1.82312251645619
1116 1.8225825125403
1117 1.82203107273263
1118 1.82147106007342
1119 1.82090531484321
1120 1.82033664162291
1121 1.81976779680891
1122 1.81920147663264
1123 1.81864030572979
1124 1.81808682630132
1125 1.81754348790447
1126 1.81701263790804
1127 1.81649651264255
1128 1.81599722927172
1129 1.81551677840779
1130 1.81505701748921
1131 1.81461966493518
1132 1.81420629508746
1133 1.81381833394604
1134 1.81345705570132
1135 1.81312358006144
1136 1.81281887037002
1137 1.8125437325056
1138 1.81229881455075
1139 1.81208460721531
1140 1.81190144499527
1141 1.81174950804525
1142 1.81162882474018
1143 1.81153927489867
1144 1.81148059363824
1145 1.8114523758301
1146 1.81145408111925
1147 1.81148503947358
1148 1.8115444572239
1149 1.81163142355569
1150 1.81174491741157
1151 1.81188381476295
1152 1.8120468962082
1153 1.8122328548541
1154 1.81244030443707
1155 1.81266778764044
1156 1.81291378456399
1157 1.81317672130238
1158 1.81345497858939
1159 1.81374690046565
1160 1.81405080292831
1161 1.81436498252207
1162 1.81468772483222
1163 1.81501731284173
1164 1.81535203511571
1165 1.81569019377844
1166 1.81603011224972
1167 1.8163701427093
1168 1.81670867326009
1169 1.81704413476277
1170 1.81737500731694
1171 1.81769982636579
1172 1.81801718840374
1173 1.81832575626894
1174 1.81862426400453
1175 1.8189115212755
1176 1.81918641732978
1177 1.8194479244951
1178 1.81969510120521
1179 1.81992709455165
1180 1.82014314235937
1181 1.82034257478707
1182 1.82052481545503
1183 1.82068938210563
1184 1.82083588680381
1185 1.82096403568659
1186 1.82107362827294
1187 1.82116455634685
1188 1.82123680242845
1189 1.82129043784951
1190 1.82132562045107
1191 1.82134259192261
1192 1.82134167480319
1193 1.82132326916626
1194 1.82128784901085
1195 1.82123595838262
1196 1.82116820724928
1197 1.82108526715513
1198 1.82098786668036
1199 1.82087678673083
1200 1.82075285568431
