1 2
2 2
3 2
4 2
5 2
6 2
7 2
8 2
9 2
10 2
11 2
12 2
13 2
14 2
15 2
16 2
17 2
18 2
19 2
20 2
21 2
22 2
23 2
24 2
25 2
26 2
27 2
28 2
29 2
30 2.25
31 2.29
32 2.33
33 2.37
34 2.41
35 2.45
36 2.49
37 2.53
38 2.57
39 2.61
40 2.6475859525
41 2.680683320225
42 2.7094728102582
43 2.7340874380576
44 2.75462344894417
45 2.77114880681158
46 2.78370978873722
47 2.79233610505323
48 2.79704487164978
49 2.79784368900859
50 2.7947563366706
51 2.7878609510601
52 2.77729562994507
53 2.76324374805152
54 2.74592317570765
55 2.72557837798199
56 2.7024746337349
57 2.67689381008721
58 2.64913127434541
59 2.6194936347362
60 2.5882968575989
61 2.55586408596809
62 2.52252282986893
63 2.48860174639713
64 2.45442732114525
65 2.42032063593143
66 2.38659432427712
67 2.35354976226957
68 2.32147450886891
69 2.29063998974105
70 2.26129940986807
71 2.2336858835757
72 2.20801078230541
73 2.18446231044892
74 2.16320432254712
75 2.14437539300792
76 2.12808814519121
77 2.11442884193327
78 2.10345723521809
79 2.09520666914041
80 2.08968442763098
81 2.08687231648475
82 2.08672746774779
83 2.08918335318699
84 2.09415099224077
85 2.10152033852118
86 2.11116182767052
87 2.12292806823794
88 2.13665565629294
89 2.15216709376592
90 2.16927279001379
91 2.18777312584615
92 2.20746055920045
93 2.22812175180708
94 2.2495396965229
95 2.27149582552413
96 2.29377208022824
97 2.31615292464971
98 2.33842728487822
99 2.3603903984875
100 2.38184555892629
101 2.40260574129491
102 2.42249509735633
103 2.4413503091528
104 2.45902179218231
105 2.47537474071609
106 2.49029000949366
107 2.50366482769854
108 2.51541334278105
109 2.52546699333837
110 2.53377471187178
111 2.54030295980334
112 2.54503559863422
113 2.54797360255408
114 2.54913461915226
115 2.5485523861275
116 2.54627601303408
117 2.54236913813095
118 2.5369089713092
119 2.52998523485742
120 2.52169901447957
121 2.51216153350303
122 2.50149286360413
123 2.48982058563444
124 2.4772784142541
125 2.46400480007115
126 2.45014152285113
127 2.43583228910366
128 2.42122134697815
129 2.40645213091498
130 2.39166594790941
131 2.37700071656082
132 2.36258976930833
133 2.34856072740534
134 2.33503445726889
135 2.3221241158664
136 2.30993429178187
137 2.29856024754675
138 2.28808726773913
139 2.27859011625773
140 2.27013260507663
141 2.26276727569173
142 2.25653519339168
143 2.2514658534332
144 2.24757719718334
145 2.24487573531683
146 2.24335677423439
147 2.24300474100419
148 2.24379360133001
149 2.24568736432298
150 2.24864066720218
151 2.25259943247916
152 2.25750158969396
153 2.26327785336909
154 2.26985254853439
155 2.27714447495042
156 2.28506780102079
157 2.29353297833418
158 2.30244766781205
159 2.31171766855717
160 2.32124784069612
161 2.33094301378377
162 2.34070887268363
163 2.35045281325028
164 2.36008476061405
165 2.36951794339642
166 2.37866961776204
167 2.38746173583295
168 2.39582155364542
169 2.40368217451312
170 2.41098302436499
171 2.41767025634499
172 2.42369708268697
173 2.42902403260409
174 2.43361913565198
175 2.43745803073169
176 2.44052400158562
177 2.44280794030221
178 2.44430824097618
179 2.44503062626737
180 2.44498791015589
181 2.44419970070231
182 2.44269204708358
183 2.44049703558685
184 2.43765233960003
185 2.43420072893964
186 2.43018954410035
187 2.42567014119673
188 2.42069731349547
189 2.4153286955057
190 2.40962415560784
191 2.40364518315727
192 2.3974542759021
193 2.39111433340411
194 2.38468806195384
195 2.37823739622556
196 2.37182294263083
197 2.36550344900265
198 2.35933530488147
199 2.35337207628195
200 2.34766407840181
201 2.3422579892938
202 2.33719650706547
203 2.33251805270175
204 2.32825652012887
205 2.32444107465769
206 2.32109600046643
207 2.31824059730974
208 2.31588912617885
209 2.31405080318893
210 2.31272984053955
211 2.31192553298543
212 2.31163238787029
213 2.31184029642079
214 2.3125347436713
215 2.31369705409711
216 2.31530466977501
217 2.31733145766735
218 2.31974804244061
219 2.32252216108179
220 2.32561903546719
221 2.32900175896793
222 2.33263169314391
223 2.33646887058359
224 2.34047239998873
225 2.34460086968004
226 2.3488127458109
227 2.35306676171817
228 2.35732229501173
229 2.36153972920335
230 2.36568079689989
231 2.36970890183191
232 2.37358941725398
233 2.37728995853491
234 2.38078062805061
235 2.38403423079754
236 2.38702645945661
237 2.38973604795342
238 2.39214489287774
239 2.39423814243999
240 2.39600425295254
241 2.39743501312593
242 2.39852553676228
243 2.39927422470724
244 2.39968269718646
245 2.39975569789921
246 2.39950097147068
247 2.39892911607125
248 2.39805341319737
249 2.39688963677026
250 2.39545584384756
251 2.39377214935587
252 2.39186048734054
253 2.38974436129181
254 2.38744858614365
255 2.38499902455382
256 2.3824223200616
257 2.37974562968328
258 2.37699635844647
259 2.37420189828358
260 2.37138937360335
261 2.36858539573907
262 2.3658158283344
263 2.36310556557405
264 2.36047832499941
265 2.35795645646988
266 2.35556076864107
267 2.35331037413404
268 2.35122255436612
269 2.34931264480681
270 2.34759394121301
271 2.34607762718897
272 2.34477272320907
273 2.34368605703874
274 2.34282225529128
275 2.34218375566838
276 2.3417708392511
277 2.34158168203767
278 2.34161242476534
279 2.34185725990788
280 2.34230853460835
281 2.34295686818964
282 2.34379128278394
283 2.34479934553661
284 2.34596732077158
285 2.34728033045254
286 2.34872252123968
287 2.35027723642234
288 2.3519271910062
289 2.35365464824748
290 2.3554415959559
291 2.35726992093242
292 2.35912157996646
293 2.36097876588849
294 2.36282406725772
295 2.36464062035979
296 2.36641225229365
297 2.36812361404072
298 2.36976030253027
299 2.3713089708421
300 2.37275742581927
301 2.37409471249943
302 2.37531118491025
303 2.37639856291307
304 2.37734997491632
305 2.37815998641632
306 2.37882461445589
307 2.3793413282198
308 2.37970903610983
309 2.37992805975884
310 2.38000009555382
311 2.3799281643391
312 2.37971655006457
313 2.37937072822689
314 2.37889728502565
315 2.37830382821939
316 2.37759889071909
317 2.37679182799805
318 2.37589271042755
319 2.37491221166704
320 2.37386149424602
321 2.37275209347212
322 2.37159580078727
323 2.37040454767055
324 2.36919029115382
325 2.36796490197431
326 2.36674005633827
327 2.36552713221163
328 2.36433711098848
329 2.36318048531698
330 2.36206717378523
331 2.36100644308836
332 2.36000683821296
333 2.35907612108663
334 2.3582212180509
335 2.35744817642444
336 2.35676213033217
337 2.35616727588555
338 2.35566685571004
339 2.35526315272891
340 2.35495749302875
341 2.35475025755212
342 2.3546409022868
343 2.35462798655062
344 2.35470920890549
345 2.35488145017509
346 2.35514082298766
347 2.35548272721945
348 2.35590191067482
349 2.35639253430734
350 2.35694824126113
351 2.35756222899446
352 2.35822732373745
353 2.35893605653277
354 2.35968074011229
355 2.3604535458739
356 2.36124658023979
357 2.36205195970182
358 2.36286188388885
359 2.36366870602613
360 2.36446500019699
361 2.36524362486155
362 2.36599778213563
363 2.36672107238507
364 2.36740754374533
365 2.36805173623308
366 2.36864872017565
367 2.36919412874323
368 2.36968418442959
369 2.3701157193869
370 2.37048618957984
371 2.37079368278256
372 2.37103692049878
373 2.37121525393961
374 2.3713286542459
375 2.37137769719045
376 2.37136354264096
377 2.37128790910635
378 2.37115304372656
379 2.37096168809946
380 2.37071704036708
381 2.37042271400779
382 2.37008269380042
383 2.36970128944079
384 2.36928308730109
385 2.36883290082727
386 2.36835572007016
387 2.36785666084122
388 2.36734091397543
389 2.36681369517037
390 2.36628019585361
391 2.3657455355095
392 2.36521471587215
393 2.36469257736371
394 2.36418375812675
395 2.36369265596665
396 2.36322339348477
397 2.3627797866467
398 2.36236531699157
399 2.36198310764951
400 2.11198310764951
401 2.03167325847609
402 1.95140270824597
403 1.87117298641605
404 1.79098520431672
405 1.71084005531495
406 1.63073781886058
407 1.55067836828064
408 1.47066118215501
409 1.39068535907786
410 1.31316033041119
411 1.24054293161816
412 1.2
413 1.2
414 1.2
415 1.2
416 1.2
417 1.2
418 1.2
419 1.2
420 1.2
421 1.2
422 1.2
423 1.20542995632222
424 1.21570971405542
425 1.22998761869125
426 1.24758948758731
427 1.26797990746518
428 1.29073206133833
429 1.31550420068494
430 1.34202129512227
431 1.3700607162281
432 1.39944106484013
433 1.42996101530537
434 1.46136143427459
435 1.49335037768244
436 1.52562348010425
437 1.55787720346124
438 1.58981709545995
439 1.62116260673113
440 1.65164957501599
441 1.68103116323176
442 1.70907780470673
443 1.73557704642668
444 1.76033420772231
445 1.78317377277598
446 1.80394094942546
447 1.82250305445008
448 1.83875056630577
449 1.8525977953102
450 1.86398318331631
451 1.8728692768515
452 1.87924243094644
453 1.88311229812466
454 1.8845111383765
455 1.8834929640605
456 1.88013252259137
457 1.87452411925436
458 1.8667802865946
459 1.8570303119818
460 1.84541863938774
461 1.8321031644445
462 1.8172534433651
463 1.80104883653353
464 1.78367660697588
465 1.76532999305047
466 1.74620627389161
467 1.72650484549373
468 1.70642532475626
469 1.68616569822083
470 1.66592053153343
471 1.6458792548069
472 1.62622453803214
473 1.60713076950533
474 1.58876264893565
475 1.5712739055082
476 1.55480614972962
477 1.53948786640047
478 1.52543355455446
479 1.51274301869021
480 1.50150081410861
481 1.49177584766762
482 1.48362113378987
483 1.47707370411785
484 1.47215466782189
485 1.46886941823736
486 1.46720798025311
487 1.46714549170211
488 1.46864281092712
489 1.47164724171574
490 1.47609336592829
491 1.48190397338226
492 1.48899107791414
493 1.4972570080152
494 1.50659556003515
495 1.5168932016662
496 1.52803031326037
497 1.53988245449307
498 1.55232164396297
499 1.5652176395092
500 1.57843920732641
501 1.59185536836138
502 1.60533661097488
503 1.61875605944243
504 1.63199058853988
505 1.6449218752057
506 1.65743737908293
507 1.66943124461077
508 1.68080511824938
509 1.69146887537112
510 1.70134125232939
511 1.71035038020991
512 1.7184342177717
513 1.72554088208484
514 1.73162887636096
515 1.73666721544081
516 1.74063545034381
517 1.74352359418723
518 1.74533195264228
519 1.74607086290256
520 1.74576034589109
521 1.74442967712045
522 1.74211688224095
523 1.73886816386079
524 1.73473726669557
525 1.72978478850127
526 1.72407744456146
527 1.71768729373634
528 1.71069093423788
529 1.7031686773713
530 1.69520370748157
531 1.68688123626484
532 1.67828765945194
533 1.66950972364839
534 1.66063371082497
535 1.65174464760082
536 1.64292554605096
537 1.63425668230777
538 1.62581491871742
539 1.61767307476185
540 1.60989935137308
541 1.60255681265357
542 1.59570292838157
543 1.58938918003054
544 1.583660732372
545 1.57855617206983
546 1.57410731401486
547 1.57033907550061
548 1.56726941770677
549 1.56490935334496
550 1.56326301873442
551 1.56232780801953
552 1.56209456672089
553 1.56254784132987
554 1.5636661812183
555 1.56542248874193
556 1.56778441307135
557 1.57071478298992
558 1.57417207365481
559 1.57811090212772
560 1.58248254634393
561 1.58723548210485
562 1.59231593264712
563 1.59766842536141
564 1.60323635030358
565 1.60896251525905
566 1.61478969228433
567 1.62066115085694
568 1.62652117301139
569 1.63231554612251
570 1.63799202931442
571 1.64350078981966
572 1.64879480598447
573 1.65383023400996
574 1.6585667359286
575 1.66296776673935
576 1.66700081905626
577 1.67063762406221
578 1.67385430799591
579 1.67663150383333
580 1.67895441825001
581 1.68081285436431
582 1.68220119116037
583 1.68311832087001
584 1.6835675459516
585 1.68355643763845
586 1.68309665833738
587 1.68220375043692
588 1.68089689433276
589 1.67919863869385
590 1.67713460617493
591 1.67473317792894
592 1.67202516038578
593 1.669043437842
594 1.66582261444858
595 1.66239864919281
596 1.65880848744499
597 1.65508969258293
598 1.65128008111854
599 1.6474173646318
600 1.64353880167158
601 1.63968086261049
602 1.63587891024529
603 1.63216689871841
604 1.6285770931004
605 1.62513981172266
606 1.62188319308565
607 1.61883298889335
608 1.61601238448267
609 1.61344184763035
610 1.61113900643057
611 1.60911855664945
612 1.60739219867769
613 1.60596860392473
614 1.60485341022751
615 1.60404924558811
616 1.60355577930821
617 1.6033697993567
618 1.60348531459242
619 1.60389368026696
620 1.60458374505594
621 1.60554201771067
622 1.6067528512875
623 1.60819864280028
624 1.60986004605156
625 1.61171619533245
626 1.61374493763749
627 1.61592307102114
628 1.61822658672492
629 1.6206309127284
630 1.62311115642344
631 1.6256423441765
632 1.62819965562918
633 1.63075865069013
634 1.63329548729049
635 1.63578712810981
636 1.63821153462655
637 1.6405478470068
638 1.64277654851375
639 1.64487961329746
640 1.64684063660777
641 1.6486449466607
642 1.65027969757848
643 1.65173394301421
644 1.65299869026132
645 1.65406693483462
646 1.6549336756917
647 1.65559591143918
648 1.65605261803659
649 1.65630470866987
650 1.6563549766153
651 1.65620802205242
652 1.65587016390968
653 1.65534933793841
654 1.654654982309
655 1.65379791210649
656 1.65279018417165
657 1.65164495378691
658 1.65037632474493
659 1.64899919436022
660 1.64752909499243
661 1.64598203364268
662 1.64437433116325
663 1.64272246258559
664 1.64104290002378
665 1.63935195954976
666 1.63766565336468
667 1.63599954850831
668 1.63436863325648
669 1.63278719225587
670 1.63126869133831
671 1.62982567284257
672 1.62846966215362
673 1.62721108604666
674 1.62605920329912
675 1.62502204790785
676 1.62410638512317
677 1.62331768038669
678 1.62266008113802
679 1.6221364113362
680 1.62174817842776
681 1.62149559238389
682 1.62137759632677
683 1.62139190816907
684 1.62153507260296
685 1.62180252269514
686 1.62218865027388
687 1.62268688423262
688 1.62328977582315
689 1.62398908996958
690 1.6247759016026
691 1.62564069599213
692 1.62657347204475
693 1.62756384753071
694 1.62860116521358
695 1.62967459887259
696 1.63077325823452
697 1.63188629186643
698 1.63300298712359
699 1.63411286629701
700 1.63520577816163
701 1.63627198418942
702 1.63730223875937
703 1.63828786276923
704 1.63922081012995
705 1.64009372670325
706 1.64090000132371
707 1.64163380862989
708 1.64229014351149
709 1.64286484706298
710 1.64335462401535
711 1.64375705169808
712 1.64407058066037
713 1.64429452715554
714 1.64442905776269
715 1.64447516648607
716 1.64443464473403
717 1.64431004463567
718 1.64410463620341
719 1.64382235889468
720 1.64346776816365
721 1.64304597762605
722 1.64256259748499
723 1.64202366988445
724 1.64143560186877
725 1.64080509663171
726 1.64013908373757
727 1.63944464898907
728 1.63872896460307
729 1.63799922033594
730 1.63726255617519
731 1.63652599718404
732 1.6357963910509
733 1.6350803488566
734 1.63438418952952
735 1.63371388841252
736 1.63307503031691
737 1.63247276738728
738 1.63191178204834
739 1.63139625525075
740 1.63092984017828
741 1.6305156415235
742 1.63015620038522
743 1.62985348478676
744 1.62960888576211
745 1.62942321890672
746 1.6292967312411
747 1.62922911319017
748 1.62921951543832
749 1.6292665703811
750 1.62936841785864
751 1.62952273482378
752 1.62972676857045
753 1.62997737312359
754 1.63027104837299
755 1.6306039815181
756 1.63097209038028
757 1.63137106813293
758 1.63179642899768
759 1.6322435544576
760 1.63270773954447
761 1.63318423876786
762 1.63366831126782
763 1.63415526479075
764 1.63464049810894
765 1.63511954152846
766 1.63558809515655
767 1.63604206462889
768 1.63647759402831
769 1.63689109575922
770 1.6372792771764
771 1.637639163802
772 1.63796811900043
773 1.63826386001721
774 1.63852447032373
775 1.63874840824607
776 1.6389345118908
777 1.63908200041496
778 1.6391904717202
779 1.63925989668236
780 1.63929061005709
781 1.6392832982296
782 1.63923898400165
783 1.63915900863177
784 1.63904501136464
785 1.63889890670301
786 1.63872285969038
787 1.63851925948411
788 1.63829069150781
789 1.63803990847752
790 1.63776980059961
791 1.6374833652382
792 1.63718367634765
793 1.63687385396027
794 1.63655703401158
795 1.63623633877541
796 1.6359148481684
797 1.63559557216893
798 1.63528142457912
799 1.63497519834011
800 1.88497519834011
801 1.90469259739146
802 1.92442535175759
803 1.94417556137667
804 1.96394511111651
805 1.98373565864482
806 2.00354862471703
807 2.02338518591142
808 2.0432462698176
809 2.06313255266155
810 2.08062755691993
811 2.09384804841057
812 2.10330384267906
813 2.1093896447767
814 2.11241055681108
815 2.11260194566878
816 2.11014491813421
817 2.1051783748699
818 2.09780839992017
819 2.08811557508074
820 2.07618401621224
821 2.06214032113876
822 2.04615673188419
823 2.0284339300399
824 2.0091893212203
825 1.9886492187003
826 1.96704377114871
827 1.94460379963039
828 1.92155894414975
829 1.89813669195045
830 1.87456175964937
831 1.85105512656851
832 1.82783242083257
833 1.80510192956403
834 1.78306257213518
835 1.76190201937056
836 1.74179504351891
837 1.72290212448726
838 1.70536830395221
839 1.68932226143623
840 1.67487558127997
841 1.6621221866381
842 1.65113793125379
843 1.64198035129161
844 1.63468858297582
845 1.62928344979584
846 1.62576771904109
847 1.6241265232545
848 1.62432793871852
849 1.62632371062245
850 1.63005011309487
851 1.63542893158455
852 1.64236855477676
853 1.65076516301657
854 1.66050399992867
855 1.6714607135778
856 1.68350275317634
857 1.69649080709046
858 1.71028026777783
859 1.7247227093358
860 1.73966736355244
861 1.75496258072116
862 1.77045726198191
863 1.78600225056789
864 1.80145167004984
865 1.81666419846962
866 1.83150426813076
867 1.84584318176017
868 1.85956013676245
869 1.8725431503482
870 1.88468987941899
871 1.89590833022388
872 1.90611745395277
873 1.91524762559001
874 1.92324100450502
875 1.93005177639552
876 1.93564627731206
877 1.94000300157106
878 1.94311249639809
879 1.944977147125
880 1.94561085768636
881 1.94503863201534
882 1.94329606272023
883 1.94042873412479
884 1.93649154737462
885 1.93154797584267
886 1.92566925950919
887 1.91893354734055
888 1.91142499694899
889 1.90323284097903
890 1.89445042973914
891 1.88517425957865
892 1.87550299640447
893 1.86553650354095
894 1.85537488286524
895 1.84511753780245
896 1.83486226634615
897 1.82470439178555
898 1.81473593827697
899 1.8050448578012
900 1.79571431440584
901 1.78682203095115
902 1.7784397028653
903 1.77063248267888
904 1.76345853835526
905 1.75696868767156
906 1.75120611014097
907 1.74620613720863
908 1.74199612070673
909 1.73859537882733
910 1.73601521816883
911 1.73425902974069
912 1.73332245617665
913 1.73319362681305
914 1.7338534567419
915 1.73527600545095
916 1.737428890219
917 1.74027374904677
918 1.74376674757404
919 1.74785912416402
920 1.75249776712699
921 1.75762581790772
922 1.763183293975
923 1.76910772512503
924 1.77533479694432
925 1.78179899526756
926 1.78843424561183
927 1.7951745417662
928 1.8019545579629
929 1.80871023934877
930 1.81537936581032
931 1.82190208457751
932 1.82822140743681
933 1.83428366881792
934 1.84003894147605
935 1.84544140696866
936 1.85044967861591
937 1.85502707513454
938 1.85914184363857
939 1.86276733120435
940 1.86588210469574
941 1.86847001903432
942 1.870520234574
943 1.87202718469653
944 1.87299049517927
945 1.87341485729594
946 1.87330985699247
947 1.87268976282952
948 1.8715732756994
949 1.86998324360469
950 1.86794634502893
951 1.86549274463235
952 1.86265572517014
953 1.85947129965341
954 1.85597780785601
955 1.85221550131302
956 1.84822612095962
957 1.84405247152311
958 1.8397379967081
959 1.83532635910593
960 1.83086102861661
961 1.82638488299745
962 1.82193982394905
963 1.81756641191892
964 1.81330352254934
965 1.80918802742115
966 1.8052545014526
967 1.80153495900533
968 1.79805862043096
969 1.79485171046511
970 1.79193728954434
971 1.78933511878799
972 1.78706155905544
973 1.78512950416198
974 1.78354834801659
975 1.78232398513572
976 1.78145884368992
977 1.78095194995943
978 1.78079902281031
979 1.7809925965588
980 1.78152217036831
981 1.78237438212344
982 1.78353320454926
983 1.78498016119323
984 1.78669455976245
985 1.78865374021012
986 1.7908333348937
987 1.79320753808198
988 1.79574938206976
989 1.79843101716642
990 1.80122399285671
991 1.80409953748989
992 1.80702883393249
993 1.80998328872268
994 1.81293479238591
995 1.81585596871294
996 1.81872041095882
997 1.82150290309459
998 1.8241796244292
999 1.82672833611621
1000 1.82912854826556
1001 1.83136166659303
1002 1.83341111775752
1003 1.83526245275541
1004 1.83690342796147
1005 1.83832406362382
1006 1.83951667983515
1007 1.84047591021097
1008 1.84119869370779
1009 1.84168424520593
1010 1.84193400566384
1011 1.84195157282064
1012 1.84174261357949
1013 1.84131475934698
1014 1.84067748572965
1015 1.83984197809943
1016 1.83882098463311
1017 1.83762865850711
1018 1.83628039098759
1019 1.83479263719677
1020 1.83318273635994
1021 1.83146872834331
1022 1.8296691682824
1023 1.82780294107269
1024 1.82588907745146
1025 1.82394657334139
1026 1.82199421405413
1027 1.8200504048668
1028 1.81813300938721
1029 1.8162591970154
1030 1.81444530069176
1031 1.81270668599663
1032 1.81105763253346
1033 1.80951122839063
1034 1.80807927833479
1035 1.806772226245
1036 1.80559909215132
1037 1.80456742409681
1038 1.80368326489836
1039 1.80295113374145
1040 1.80237402240751
1041 1.80195340580155
1042 1.80168926632308
1043 1.80158013150603
1044 1.8016231242445
1045 1.8018140248211
1046 1.80214734386469
1047 1.80261640528449
1048 1.80321343815887
1049 1.80392967649911
1050 1.80475546576286
1051 1.80568037495696
1052 1.80669331314668
1053 1.80778264917734
1054 1.80893633341397
1055 1.8101420203162
1056 1.81138719068737
1057 1.81265927246919
1058 1.81394575899479
1059 1.81523432366443
1060 1.81651293006696
1061 1.81776993663734
1062 1.81899419501397
1063 1.8201751413393
1064 1.82130287983179
1065 1.82236825804595
1066 1.82336293332935
1067 1.82427943007939
1068 1.82511118749846
1069 1.82585259764196
1070 1.82649903364882
1071 1.82704686813884
1072 1.82749348185232
1073 1.82783726269683
1074 1.82807759545079
1075 1.82821484245429
1076 1.82825031569294
1077 1.82818624075055
1078 1.82802571317016
1079 1.82777264781966
1080 1.82743172190893
1081 1.82700831234746
1082 1.82650842816759
1083 1.82593863876534
1084 1.82530599873167
1085 1.82461797005846
1086 1.823882342509
1087 1.82310715293948
1088 1.8223006043482
1089 1.82147098541223
1090 1.82062659124766
1091 1.81977564609958
1092 1.81892622863249
1093 1.81808620045053
1094 1.81726313843139
1095 1.81646427140725
1096 1.81569642167276
1097 1.8149659517426
1098 1.81427871672213
1099 1.81364002259319
1100 1.81305459065432
1101 1.81252652829177
1102 1.81205930619405
1103 1.81165574206024
1104 1.81131799079042
1105 1.81104754108677
1106 1.81084521833595
1107 1.81071119358823
1108 1.81064499839681
1109 1.81064554523208
1110 1.81071115314109
1111 1.81083957828182
1112 1.8110280489258
1113 1.81127330449152
1114 1.81157163814416
1115 1.81191894247611
1116 1.81231075776593
1117 1.81274232230221
1118 1.81320862425248
1119 1.81370445455596
1120 1.8142244603225
1121 1.81476319822833
1122 1.8153151874122
1123 1.81587496139237
1124 1.81643711854631
1125 1.81699637071961
1126 1.81754758955904
1127 1.818085850196
1128 1.81860647194059
1129 1.81910505568287
1130 1.81957751773621
1131 1.82002011989725
1132 1.8204294955379
1133 1.82080267158637
1134 1.82113708629607
1135 1.82143060274271
1136 1.82168151803158
1137 1.8218885682369
1138 1.82205092913456
1139 1.822168212827
1140 1.8222404603949
1141 1.82226813074355
1142 1.82225208584346
1143 1.82219357259283
1144 1.82209420155542
1145 1.82195592285009
1146 1.82178099948773
1147 1.82157197846766
1148 1.82133165995848
1149 1.82106306489834
1150 1.82076940135537
1151 1.82045402999248
1152 1.82012042898003
1153 1.8197721586968
1154 1.81941282655257
1155 1.81904605225671
1156 1.8186754338444
1157 1.8183045147575
1158 1.81793675225982
1159 1.81757548744686
1160 1.8172239170891
1161 1.81688506752454
1162 1.81656177079186
1163 1.81625664317003
1164 1.81597206626334
1165 1.81571017074403
1166 1.81547282283688
1167 1.81526161360264
1168 1.81507785104977
1169 1.81492255507665
1170 1.81479645522043
1171 1.81469999116289
1172 1.81463331591931
1173 1.8145963016135
1174 1.81458854772014
1175 1.81460939163599
1176 1.81465792142308
1177 1.8147329905508
1178 1.81483323444976
1179 1.81495708867768
1180 1.81510280848819
1181 1.81526848958514
1182 1.81545208983957
1183 1.81565145174345
1184 1.81586432537252
1185 1.81608839163216
1186 1.81632128556287
1187 1.81656061948709
1188 1.8168040057861
1189 1.81704907910448
1190 1.81729351778998
1191 1.8175350643885
1192 1.8177715450275
1193 1.81800088753524
1194 1.81822113815925
1195 1.81843047676366
1196 1.8186272304022
1197 1.81880988518149
1198 1.81897709634713
1199 1.81912769654358
1200 1.81926070221658
