1 2
2 2
3 2
4 2
5 2
6 2
7 2
8 2
9 2
10 2
11 2
12 2
13 2
14 2
15 2
16 2
17 2
18 2
19 2
20 2
21 2
22 2
23 2
24 2
25 2
26 2
27 2
28 2
29 2
30 2.25
31 2.29577857142857
32 2.34220714285714
33 2.38863571428571
34 2.43506428571429
35 2.48149285714286
36 2.52792142857143
37 2.57435
38 2.62077857142857
39 2.66720714285714
40 2.71101193945625
41 2.74986857707429
42 2.7838447440937
43 2.8
44 2.8
45 2.8
46 2.8
47 2.8
48 2.8
49 2.79988373103305
50 2.79482768106185
51 2.78489559725171
52 2.77022884167068
53 2.75116665995629
54 2.7283125792334
55 2.70229725302464
56 2.67362193876461
57 2.64268675905672
58 2.6098125844722
59 2.57525932252653
60 2.53929071616047
61 2.50221923124245
62 2.46439467310224
63 2.42619243717115
64 2.38799954000066
65 2.35020069670544
66 2.31316828396134
67 2.27725655196186
68 2.24279870531788
69 2.21010586511892
70 2.17946667840295
71 2.15114636294944
72 2.12538500059041
73 2.10239546510443
74 2.08236131684691
75 2.06543494889648
76 2.05173617093382
77 2.04135129898413
78 2.03433273639452
79 2.03069898887149
80 2.03043504457303
81 2.0334930649482
82 2.0397933569258
83 2.0492256144469
84 2.06165042395686
85 2.07690102756266
86 2.09478533214255
87 2.1150881458471
88 2.13757361741571
89 2.16198784959531
90 2.18806165582486
91 2.21551342878657
92 2.24405208970643
93 2.27338008783049
94 2.30319642002739
95 2.33319964093174
96 2.36309083452999
97 2.39257651872546
98 2.42137145530654
99 2.4492013389363
100 2.47580534028925
101 2.50093848025123
102 2.52437381412396
103 2.54590440698823
104 2.56534508373895
105 2.58253393977893
106 2.59733360092242
107 2.60963222369077
108 2.61934422986074
109 2.62641077182669
110 2.63079992803624
111 2.63250663042867
112 2.63155232841954
113 2.62798439650793
114 2.62187529500911
115 2.61332149571353
116 2.60244218642098
117 2.58937777027794
118 2.57428817764007
119 2.55735100977526
120 2.53875953510264
121 2.51872055981999
122 2.49745219569656
123 2.47518154849559
124 2.45214235093714
125 2.42857256431566
126 2.40471197285062
127 2.38079979457507
128 2.35707233206328
129 2.33376068557235
130 2.31108855023427
131 2.28927011779702
132 2.26850810208947
133 2.24899190589117
134 2.23089594524162
135 2.21437814544267
136 2.19957862111191
137 2.18661855065421
138 2.17559925345488
139 2.16660147598118
140 2.15968489083201
141 2.15488781061991
142 2.1522271164252
143 2.15169839845216
144 2.15327630446013
145 2.15691508955846
146 2.16254935906248
147 2.17009499432401
148 2.17945024979182
149 2.19049700803865
150 2.2031021781248
151 2.21711922146594
152 2.23238978834303
153 2.24874544734393
154 2.2660094893644
155 2.2839987873246
156 2.30252569247852
157 2.32139994810712
158 2.34043060148984
159 2.35942789534006
160 2.37820512036196
161 2.39658041123202
162 2.41437846911973
163 2.43143219482749
164 2.44758421773879
165 2.46268830700254
166 2.47661065273605
167 2.48923100648527
168 2.50044367172165
169 2.51015833676479
170 2.51830074418168
171 2.52481319240999
172 2.52965486706652
173 2.53280200111698
174 2.53424786478089
175 2.53400258771079
176 2.53209281760105
177 2.52856122093386
178 2.52346583304347
179 2.51687926606176
180 2.50888778458571
181 2.49959026006963
182 2.48909701598256
183 2.47752857667474
184 2.46501433366058
185 2.45169114364274
186 2.43770187306918
187 2.42319390433025
188 2.40831761886384
189 2.39322487244596
190 2.37806747780172
191 2.36299570938303
192 2.34815684472804
193 2.33369375625031
194 2.31974356661055
195 2.30643638000863
196 2.29389410080886
197 2.28222934988737
198 2.27154448797891
199 2.26193075411281
200 2.25346752597832
201 2.24622170775998
202 2.24024724964807
203 2.23558480187206
204 2.23226150473809
205 2.23029091479071
206 2.22967306587579
207 2.23039466256998
208 2.23242940217432
209 2.23573842025693
210 2.24027085358465
211 2.24596451321486
212 2.25274665953697
213 2.260534870166
214 2.2692379908065
215 2.2787571585288
216 2.28898688633741
217 2.29981619746715
218 2.3111297975177
219 2.32280927233547
220 2.33473429947076
221 2.34678386107894
222 2.35883744629422
223 2.37077623137949
224 2.38248422634257
225 2.39384937720137
226 2.40476461367295
227 2.4151288327451
228 2.42484780935809
229 2.43383502626778
230 2.44201241607147
231 2.44931100934357
232 2.45567148384044
233 2.46104461078044
234 2.46539159527667
235 2.46868430908487
236 2.47090541491589
237 2.47204838264198
238 2.47211739878585
239 2.47112717171375
240 2.46910263594634
241 2.46607855994627
242 2.46209906263027
243 2.45721704467731
244 2.45149354145721
245 2.44499700507849
246 2.43780252364514
247 2.42999098631491
248 2.42164820316251
249 2.41286398916734
250 2.4037312218657
251 2.39434488232959
252 2.38480108916077
253 2.37519613511807
254 2.36562553583277
255 2.35618309981181
256 2.3469600285873
257 2.3380440554468
258 2.32951863067772
259 2.32146216068726
260 2.31394730772314
261 2.30704035622659
262 2.30080065110639
263 2.29528011243811
264 2.29052283027538
265 2.28656474241745
266 2.28343339711963
267 2.28114780186733
268 2.27971835847074
269 2.27914688388268
270 2.27942671530626
271 2.28054289734891
272 2.28247244820315
273 2.28518470109885
274 2.28864171658434
275 2.29279876055888
276 2.29760484240444
277 2.30300330705325
278 2.30893247438457
279 2.31532631897237
280 2.32211518290814
281 2.3292265142013
282 2.33658562311515
283 2.34411644872901
284 2.35174232802699
285 2.35938675989925
286 2.36697415660076
287 2.37443057544298
288 2.38168442379238
289 2.38866713081164
290 2.39531377980134
291 2.40156369547617
292 2.40736098103474
293 2.4126550004507
294 2.4174008020178
295 2.42155947981757
296 2.4250984704374
297 2.42799178294312
298 2.43022016079674
299 2.43177117509885
300 2.43263924922102
301 2.43282561556877
302 2.43233820587339
303 2.4311914770461
304 2.4294061752339
305 2.42700904128717
306 2.42403246138073
307 2.42051406701677
308 2.41649628907601
309 2.41202587096982
310 2.40715334627596
311 2.40193248651416
312 2.3964197249303
313 2.39067356231062
314 2.38475396093806
315 2.37872173283207
316 2.37263792838159
317 2.36656323138947
318 2.36055736639718
319 2.35467852395363
320 2.3489828092338
321 2.34352371910564
322 2.33835165238997
323 2.33351345766335
324 2.32905202252162
325 2.32500590775693
326 2.32140902940937
327 2.31829039113989
328 2.31567386884058
329 2.31357804885597
330 2.31201612064122
331 2.31099582413495
332 2.31051945158107
333 2.31058390300173
334 2.31118079400576
335 2.31229661412064
336 2.31391293336401
337 2.3160066543279
338 2.31855030664
339 2.32151238029313
340 2.32485769400178
341 2.32854779445432
342 2.33254138208417
343 2.33679475878496
344 2.3412622928436
345 2.34589689626363
346 2.3506505095982
347 2.35547458940773
348 2.36032059350185
349 2.36514045921615
350 2.36988707011082
351 2.37451470665893
352 2.37897947671277
353 2.38323972179665
354 2.38725639556935
355 2.39099341112582
356 2.39441795416255
357 2.39750075941032
358 2.40021634813665
359 2.40254322493573
360 2.40446403245026
361 2.40596566310333
362 2.40703932735557
363 2.40768057843779
364 2.40788929393931
365 2.40766961505131
366 2.40702984467083
367 2.40598230595878
368 2.40454316331225
369 2.40273220805381
370 2.40057261145474
371 2.39809064799403
372 2.39531539200626
373 2.39227839108867
374 2.38901331981841
375 2.38555561747415
376 2.38194211356069
377 2.37821064500132
378 2.37439966888893
379 2.37054787467541
380 2.36669379962838
381 2.36287545129738
382 2.35912994060919
383 2.35549312905487
384 2.35199929324325
385 2.3486808098769
386 2.34556786396222
387 2.34268818279567
388 2.34006679797786
389 2.33772583739885
390 2.33568434881481
391 2.33395815630171
392 2.33255975052932
393 2.33149821345209
394 2.33077917766572
395 2.33040482033334
396 2.33037389124557
397 2.33068177424913
398 2.33132058096034
399 2.33227927537783
400 2.08227927537783
401 1.99227570037508
402 1.9012416920726
403 1.81045542425212
404 1.71989294240834
405 1.62952843027253
406 1.53933449086144
407 1.44928243907426
408 1.35934260278893
409 1.26948462936958
410 1.2
411 1.2
412 1.2
413 1.2
414 1.2
415 1.2
416 1.2
417 1.2
418 1.2
419 1.2
420 1.2
421 1.2
422 1.20292956449014
423 1.21118486461002
424 1.22389581385182
425 1.24036962460533
426 1.26005235179159
427 1.28249890134141
428 1.30734963410846
429 1.33431210895797
430 1.36314683059914
431 1.39365611842034
432 1.42564466179453
433 1.45886596190615
434 1.49301892563531
435 1.52777411338254
436 1.56279139194242
437 1.597731523775
438 1.63226349898993
439 1.66606891437759
440 1.69884433550316
441 1.73030230865883
442 1.76017181621519
443 1.78819922181295
444 1.81415014713022
445 1.83781184778981
446 1.85899555525539
447 1.87753850562098
448 1.89330553411482
449 1.90619020868201
450 1.91611552907882
451 1.9230342444649
452 1.92692884922777
453 1.92781130390957
454 1.92572250352183
455 1.92073149644496
456 1.91293445166346
457 1.90245337575938
458 1.88943458795366
459 1.87404696842855
460 1.85648000073459
461 1.83694163279608
462 1.81565598294305
463 1.79286091795426
464 1.76880552994726
465 1.74374753866908
466 1.71795064558397
467 1.69168186610385
468 1.66520886622975
469 1.63879732963114
470 1.61270838068911
471 1.58719608822471
472 1.5625050735265
473 1.53886824491263
474 1.51650467945713
475 1.49561767072161
476 1.47639295939603
477 1.45899716169075
478 1.44357640815668
479 1.43025520335787
480 1.41913551449958
481 1.41029609474663
482 1.40379204457231
483 1.39965461208341
484 1.39789123089542
485 1.39848579180799
486 1.40139914227769
487 1.40656980552375
488 1.41391490905353
489 1.42333131047609
490 1.43469690670066
491 1.44787211100846
492 1.4627014810532
493 1.47901547960027
494 1.49663234876656
495 1.5153600776787
496 1.53499844283433
497 1.55534110003029
498 1.57617770651579
499 1.59729605203585
500 1.61848417764765
501 1.6395324616152
502 1.66023565230783
503 1.68039482883749
504 1.69981927115735
505 1.71832822249777
506 1.73575252832154
507 1.75193613742315
508 1.76673745236099
509 1.78003051807886
510 1.79170603932737
511 1.80167221931637
512 1.80985541389987
513 1.81620059749328
514 1.82067163883249
515 1.82325138658474
516 1.82394156669452
517 1.8227624951754
518 1.81975261182414
519 1.81496784201901
520 1.8084807953556
521 1.80037981135541
522 1.79076786384258
523 1.77976133681058
524 1.76748868568286
525 1.75408899880151
526 1.73971047474847
527 1.72450883170943
528 1.70864566552759
529 1.69228677336199
530 1.67560045996087
531 1.65875584348864
532 1.64192117760635
533 1.62526220610613
534 1.60894056584578
535 1.59311225302794
536 1.57792616702887
537 1.56352274501367
538 1.55003269949104
539 1.53757586977196
540 1.5262601970172
541 1.5161808312022
542 1.50741937690861
543 1.5000432833848
544 1.49410538281822
545 1.48964357924572
546 1.4866806890086
547 1.4852244321534
548 1.48526757270011
549 1.48678820426321
550 1.48975017612825
551 1.49410365357369
552 1.49978580499336
553 1.5067216072326
554 1.51482475950903
555 1.52399869535735
556 1.5341376812226
557 1.54512798963597
558 1.55684913434495
559 1.56917515434015
560 1.58197593342668
561 1.59511854182865
562 1.60846858629228
563 1.62189155526288
564 1.63525414595228
565 1.64842556048031
566 1.66127875876236
567 1.67369165641801
568 1.68554825668526
569 1.6967397061331
570 1.70716526486224
571 1.71673318285967
572 1.72536147521693
573 1.73297859002299
574 1.73952396388859
575 1.74494846123865
576 1.74921469470963
577 1.75229722519871
578 1.754182641318
579 1.75486951919898
580 1.75436826475763
581 1.7527008416586
582 1.7499003892968
583 1.74601073613619
584 1.74108581470055
585 1.73518898538955
586 1.72839227708905
587 1.72077555325044
588 1.71242561272353
589 1.70343523513766
590 1.69390218103167
591 1.68392815723282
592 1.67361775817715
593 1.66307739394718
594 1.65241421577957
595 1.64173504966624
596 1.63114534844024
597 1.62074817240689
598 1.61064320815521
599 1.60092583467026
600 1.59168624527059
601 1.58300863322239
602 1.57497044814234
603 1.56764172950162
604 1.56108452269341
605 1.5553523822344
606 1.55048996574693
607 1.5465327214214
608 1.54350667069915
609 1.54142828695252
610 1.54030446998212
611 1.54013261520953
612 1.54090077552677
613 1.54258791288034
614 1.54516423582492
615 1.54859161848906
616 1.55282409565812
617 1.55780842800571
618 1.56348473089909
619 1.56978715967198
620 1.57664464380338
621 1.58398166206789
622 1.59171905043253
623 1.59977483427068
624 1.6080650763446
625 1.61650473197545
626 1.62500850287151
627 1.63349168122098
628 1.64187097587194
629 1.65006531271548
630 1.6579966017555
631 1.66559046378428
632 1.67277691008273
633 1.67949096912107
634 1.68567325484444
635 1.69127047178105
636 1.69623585290113
637 1.70052952687608
638 1.70411881213071
639 1.70697843584016
640 1.70909067678919
641 1.71044543177712
642 1.71104020600972
643 1.71088002866175
644 1.70997729551447
645 1.7083515412635
646 1.70602914474822
647 1.70304297096843
648 1.69943195432114
649 1.69524062800623
650 1.69051860500924
651 1.68532001646894
652 1.67970291357438
653 1.67372863940691
654 1.66746117734752
655 1.66096648280525
656 1.65431180509042
657 1.64756500625553
658 1.64079388365893
659 1.63406550287264
660 1.62744554735933
661 1.62099769108568
662 1.61478299992542
663 1.60885936733742
664 1.60328098938827
665 1.5980978837281
666 1.59335545662957
667 1.5890941216674
668 1.58534897305558
669 1.58214951607794
670 1.57951945644991
671 1.57747654984272
672 1.57603251219041
673 1.5751929907928
674 1.57495759562759
675 1.57531998970079
676 1.57626803669894
677 1.57778400366737
678 1.57984481592912
679 1.58242236098391
680 1.58548383769134
681 1.58899214664858
682 1.59290631732601
683 1.59718196722542
684 1.60177178807774
685 1.60662605390226
686 1.61169314560815
687 1.61692008673226
688 1.62225308487478
689 1.62763807341648
690 1.63302124817567
691 1.63834959378968
692 1.64357139478163
693 1.64863672649619
694 1.65349792135558
695 1.65811000619532
696 1.66243110678501
697 1.6664228160184
698 1.67005052266572
699 1.67328369801384
700 1.67609613817351
701 1.67846616030151
702 1.68037675146434
703 1.68181566935564
704 1.6827754945645
705 1.68325363457407
706 1.68325228014267
707 1.68277831517937
708 1.68184318166868
709 1.68046270161902
710 1.67865685840543
711 1.67644954024267
712 1.67386824885899
713 1.67094377673962
714 1.66770985657061
715 1.66420278673542
716 1.66046103689736
717 1.6565248378396
718 1.65243575982962
719 1.64823628382702
720 1.6439693698622
721 1.63967802687922
722 1.63540488826041
723 1.63119179713357
724 1.6270794054078
725 1.62310679029191
726 1.61931109182337
727 1.61572717467847
728 1.61238731724766
729 1.60932093064933
730 1.60655431002144
731 1.60411042007908
732 1.60200871656009
733 1.60026500480355
734 1.5988913363228
735 1.59789594384746
736 1.59728321492339
737 1.59705370377817
738 1.59720418078694
739 1.59772771851237
740 1.59861381294698
741 1.59984853825881
742 1.60141473303555
743 1.60329221574079
744 1.60545802684082
745 1.60788669483419
746 1.61055052322018
747 1.61341989527874
748 1.61646359340352
749 1.61964912963306
750 1.6229430839629
751 1.62631144699374
752 1.62971996347719
753 1.63313447336138
754 1.63652124701182
755 1.63984731138797
756 1.64308076409125
757 1.64619107236391
758 1.64914935430832
759 1.65192863981052
760 1.65450410888788
761 1.65685330543599
762 1.65895632462108
763 1.66079597244922
764 1.66235789633871
765 1.66363068582465
766 1.66460594283131
767 1.665278321256
768 1.66564553591413
769 1.66570834119637
770 1.66547048008211
771 1.66493860443649
772 1.66412216778767
773 1.66303329203517
774 1.66168660977628
775 1.66009908415332
776 1.65828980831902
777 1.656279786788
778 1.65409170108816
779 1.65174966224617
780 1.64927895273433
781 1.64670576057274
782 1.6440569083187
783 1.64135957968738
784 1.63864104653097
785 1.63592839886153
786 1.63324828053395
787 1.63062663311234
788 1.62808845032624
789 1.62565754538441
790 1.62335633325455
791 1.62120562983985
792 1.61922446978887
793 1.61742994446706
794 1.61583706139743
795 1.61445862624772
796 1.61330514820381
797 1.61238476932665
798 1.61170321824507
799 1.61126378829218
800 1.86126378829218
801 1.88419806128845
802 1.90769486716655
803 1.93142301865336
804 1.95537413764347
805 1.97953776914198
806 2.00390151403868
807 2.02845117913539
808 2.05317094270105
809 2.07804353370084
810 2.10042458616311
811 2.11820890515671
812 2.13185690522696
813 2.14171258498748
814 2.14803475716489
815 2.15101620029671
816 2.15079861728651
817 2.14748432269827
818 2.14114537958835
819 2.13183074694497
820 2.11959943283693
821 2.1045661324119
822 2.08690562223484
823 2.06683329868342
824 2.04459179279609
825 2.02044184744902
826 1.99465621596225
827 1.96751568081137
828 1.93930654130949
829 1.91031910278056
830 1.88084654484012
831 1.85118329721101
832 1.82162254269076
833 1.79245318361634
834 1.76395670015393
835 1.73640413871566
836 1.71005334889997
837 1.68514651348463
838 1.66190797265899
839 1.64054232018615
840 1.62123274129609
841 1.60413957071026
842 1.5893990681655
843 1.57712242390807
844 1.56739501095287
845 1.56027589779138
846 1.55579762925761
847 1.55396627689779
848 1.55476175465284
849 1.55813839142553
850 1.5640257491949
851 1.57232967346923
852 1.58293356153966
853 1.59569983276185
854 1.61047158374633
855 1.6270744098933
856 1.64531837327827
857 1.66500009560068
858 1.68590495384023
859 1.70780935547665
860 1.73048306963442
861 1.75369159030361
862 1.77719850783977
863 1.80076786523526
864 1.82416647616356
865 1.84716618251594
866 1.86954603006629
867 1.89109434200945
868 1.91161067140831
869 1.93090761504579
870 1.9488124727911
871 1.96516873833901
872 1.97983740904604
873 1.99269810454669
874 2.0036499858664
875 2.01261246883268
876 2.01952572770225
877 2.02435098704723
878 2.02707060205784
879 2.02768792950132
880 2.02622699360739
881 2.02273195310992
882 2.01726637754454
883 2.00991234266535
884 2.00076935648512
885 1.989953128947
886 1.97759419959089
887 1.96383643877022
888 1.94883543899881
889 1.93275681385168
890 1.91577442250562
891 1.89806853847845
892 1.87982398140992
893 1.8612282308216
894 1.84246954069897
895 1.82373507346114
896 1.8052090714265
897 1.78707108325374
898 1.76949426204533
899 1.75264375085576
900 1.73667517025973
901 1.72173322141998
902 1.70795041676391
903 1.69544594894731
904 1.68432470726781
905 1.67467644910656
906 1.66657513234089
907 1.66007841299877
908 1.65522731073741
909 1.65204604303697
910 1.65054202732577
911 1.65070604860954
912 1.65251258858176
913 1.65592031065819
914 1.66087269392228
915 1.66729880760146
916 1.67511421642933
917 1.68422200609787
918 1.69451391697468
919 1.70587157336339
920 1.71816779482592
921 1.73126797547021
922 1.74503151663895
923 1.7593132981178
924 1.77396517281495
925 1.78883746984832
926 1.80378049110985
927 1.81864598665431
928 1.83328859467885
929 1.84756723241219
930 1.86134642491226
931 1.87449755956906
932 1.88690005501641
933 1.89844243416154
934 1.90902329213372
935 1.91855215112002
936 1.92695019528633
937 1.93415088026045
938 1.94010041296932
939 1.94475809896006
940 1.94809655568142
941 1.9501017915449
942 1.95077315190941
943 1.95012313442893
944 1.94817707745407
945 1.94497272637695
946 1.94055968394118
947 1.93499875159571
948 1.92836116994346
949 1.92072776721474
950 1.91218802547341
951 1.90283907493548
952 1.89278462733937
953 1.88213385975075
954 1.87100026051039
955 1.85950044923831
956 1.84775298289291
957 1.83587715984883
958 1.82399183380563
959 1.81221424907317
960 1.80065890840354
961 1.7894364840586
962 1.77865278222305
963 1.76840777020257
964 1.75879467509243
965 1.74989916177358
966 1.74179859719885
967 1.73456140698192
968 1.72824652930621
969 1.72290297013978
970 1.71856946268744
971 1.71527423294164
972 1.71303487212226
973 1.71185831573034
974 1.71174092789468
975 1.7126686886713
976 1.71461748097532
977 1.71755347289027
978 1.72143359022134
979 1.72620607334323
980 1.7318111116482
981 1.73818154823092
982 1.74524364686039
983 1.75291791278944
984 1.76111995854255
985 1.76976140550703
986 1.77875081193077
987 1.7879946178047
988 1.79739809707763
989 1.80686630771646
990 1.81630503028107
991 1.82562168593097
992 1.83472622511281
993 1.8435319785926
994 1.85195646298691
995 1.85992213350775
996 1.86735707726087
997 1.87419564111777
998 1.88037898891267
999 1.8858555834867
1000 1.89058158990672
1001 1.89452119701505
1002 1.89764685531224
1003 1.89993943002764
1004 1.90138826908497
1005 1.90199118651245
1006 1.90175436267279
1007 1.90069216348771
1008 1.89882688159909
1009 1.89618840313559
1010 1.89281380443414
1011 1.88874688369357
1012 1.88403763310741
1013 1.87874165752983
1014 1.87291954616893
1015 1.8666362041711
1016 1.85996015125735
1017 1.85296279479424
1018 1.84571768482836
1019 1.83829975868301
1020 1.83078458270986
1021 1.8232475987074
1022 1.81576338236453
1023 1.80840492086371
1024 1.80124291648693
1025 1.79434512271374
1026 1.78777571888715
1027 1.78159472905647
1028 1.77585749009016
1029 1.77061417359366
1030 1.76590936557168
1031 1.76178170714939
1032 1.75826359901749
1033 1.75538097160033
1034 1.75315312226989
1035 1.75159262024891
1036 1.75070527917019
1037 1.75049019659318
1038 1.7509398591289
1039 1.7520403111974
1040 1.75377138484315
1041 1.75610698746906
1042 1.75901544382416
1043 1.76245988809788
1044 1.76639870153955
1045 1.77078599063894
1046 1.77557210057495
1047 1.78070415836812
1048 1.78612663995948
1049 1.79178195528538
1050 1.79761104532567
1051 1.80355398507075
1052 1.80955058638166
1053 1.81554099480449
1054 1.82146627454538
1055 1.82726897601186
1056 1.83289368057816
1057 1.83828751753327
1058 1.84340064851674
1059 1.8481867151348
1060 1.85260324587402
1061 1.85661201888629
1062 1.86017937770281
1063 1.86327649744088
1064 1.86587959958975
1065 1.86797011399616
1066 1.86953478720989
1067 1.87056573689054
1068 1.8710604525122
1069 1.87102174312864
1070 1.87045763347217
1071 1.86938121015037
1072 1.86781042017102
1073 1.86576782446363
1074 1.86328030947083
1075 1.86037876025243
1076 1.85709769887423
1077 1.85347489214241
1078 1.84955093298748
1079 1.84536880000028
1080 1.84097339977289
1081 1.83641109680033
1082 1.83172923575327
1083 1.82697566093802
1084 1.82219823771922
1085 1.81744438059231
1086 1.81276059246077
1087 1.80819201949691
1088 1.80378202574914
1089 1.79957179140411
1090 1.79559993832328
1091 1.79190218615266
1092 1.78851104195615
1093 1.78545552595011
1094 1.78276093552443
1095 1.78044864932644
1096 1.77853597276416
1097 1.7770360258576
1098 1.77595767393641
1099 1.77530550125269
1100 1.77507982715412
1101 1.77527676404821
1102 1.77588831598764
1103 1.77690251632344
1104 1.77830360250963
1105 1.78007222580487
1106 1.7821856933047
1107 1.7846182394564
1108 1.78734132395868
1109 1.79032395273292
1110 1.79353301847279
1111 1.79693365713624
1112 1.80048961663877
1113 1.8041636339404
1114 1.80791781669064
1115 1.81171402560558
1116 1.81551425379912
1117 1.81928099937429
1118 1.82297762770006
1119 1.82656871995183
1120 1.83002040467824
1121 1.83330066937051
1122 1.83637964925083
1123 1.83922989076088
1124 1.84182658751666
1125 1.84414778679938
1126 1.84617456496986
1127 1.84789117052346
1128 1.84928513383961
1129 1.85034734302177
1130 1.85107208556652
1131 1.85145705594069
1132 1.85150332948051
1133 1.85121530335249
1134 1.85060060562958
1135 1.84966997383561
1136 1.84843710459198
1137 1.84691847626228
1138 1.84513314672915
1139 1.84310252865242
1140 1.84085014474535
1141 1.83840136576683
1142 1.83578313405869
1143 1.83302367555929
1144 1.83015220329616
1145 1.82719861540115
1146 1.8241931907023
1147 1.82116628492641
1148 1.81814803049696
1149 1.81516804283373
1150 1.81225513595505
1151 1.80943705005135
1152 1.80674019354286
1153 1.80418940195559
1154 1.80180771575014
1155 1.79961617902117
1156 1.79763366075177
1157 1.79587670006075
1158 1.7943593766239
1159 1.79309320718536
1160 1.79208706880471
1161 1.79134714921327
1162 1.79087692438
1163 1.79067716311845
1164 1.79074595830164
1165 1.79107878399628
1166 1.79166857758182
1167 1.79250584568728
1168 1.79357879256072
1169 1.7948734692851
1170 1.79637394207159
1171 1.79806247769869
1172 1.79991974402438
1173 1.80192502337963
1174 1.80405643655607
1175 1.80629117502902
1176 1.80860573900979
1177 1.81097617889813
1178 1.81337833770704
1179 1.81578809205732
1180 1.81818158938782
1181 1.82053547909841
1182 1.82282713543498
1183 1.82503487003872
1184 1.82713813221361
1185 1.82911769511466
1186 1.83095582622418
1187 1.83263644066146
1188 1.83414523606131
1189 1.8354698079565
1190 1.83659974480652
1191 1.83752670202818
1192 1.83824445459925
1193 1.83874892802398
1194 1.83903820766546
1195 1.83911252666269
1196 1.83897423285853
1197 1.83862773536481
1198 1.83807943158322
1199 1.83733761568083
1200 1.83641236968793
