1 2
2 2
3 2
4 2
5 2
6 2
7 2
8 2
9 2
10 2
11 2
12 2
13 2
14 2
15 2
16 2
17 2
18 2
19 2
20 2
21 2
22 2
23 2
24 2
25 2
26 2
27 2
28 2
29 2
30 2.25
31 2.26666
32 2.28366
33 2.30066
34 2.31766
35 2.33466
36 2.35166
37 2.36866
38 2.38566
39 2.40266
40 2.418301747855
41 2.43156758300371
42 2.44281022632049
43 2.45230159142484
44 2.46025349406067
45 2.46683093478833
46 2.47216244723775
47 2.47634815887364
48 2.47946606992623
49 2.48157694436535
50 2.48273549912387
51 2.48300393792251
52 2.48245336687695
53 2.48115860838085
54 2.47919489232178
55 2.47663582831873
56 2.4735522543486
57 2.47001167339979
58 2.46607807445276
59 2.46181199541035
60 2.45727068967377
61 2.45250824497617
62 2.44757559092986
63 2.44252044118762
64 2.43738722812485
65 2.43221705893006
66 2.42704770455908
67 2.4219136229818
68 2.41684601286255
69 2.4118728914694
70 2.40701919023045
71 2.40230686256251
72 2.3977550006259
73 2.39337995930113
74 2.38919548642103
75 2.38521285842638
76 2.38144102051337
77 2.37788673019994
78 2.3745547031421
79 2.37144776000929
80 2.36856697327666
81 2.36591181289211
82 2.36348028989794
83 2.36126909720782
84 2.35927374684768
85 2.35748870306198
86 2.35590751076881
87 2.35452291892122
88 2.35332699840118
89 2.3523112541392
90 2.35146673121566
91 2.35078411476114
92 2.35025382353
93 2.34986609707548
94 2.34961107650344
95 2.34947887882756
96 2.34945966498903
97 2.34954370164097
98 2.34972141683039
99 2.34998344973958
100 2.35032069467419
101 2.35072433950727
102 2.3511858988073
103 2.35169724189356
104 2.35225061607495
105 2.35283866533807
106 2.35345444475746
107 2.35409143090556
108 2.3547435285425
109 2.3554050738661
110 2.35607083460074
111 2.35673600720088
112 2.35739621143973
113 2.35804748264768
114 2.35868626185748
115 2.35930938410482
116 2.35991406512336
117 2.36049788666322
118 2.36105878065114
119 2.361595012399
120 2.36210516305586
121 2.36258811148662
122 2.36304301574819
123 2.36346929432188
124 2.36386660724843
125 2.3642348373
126 2.36457407131138
127 2.36488458178108
128 2.36516680884139
129 2.36542134268537
130 2.36564890652806
131 2.36585034016886
132 2.36602658421223
133 2.3661786649943
134 2.36630768025439
135 2.3664147855818
136 2.36650118166061
137 2.36656810232774
138 2.36661680345304
139 2.36664855264349
140 2.36666461976846
141 2.36666626829733
142 2.36665474743625
143 2.36663128504684
144 2.36659708132555
145 2.36655330321949
146 2.36650107955172
147 2.36644149682626
148 2.36637559568182
149 2.36630436796086
150 2.36622875436001
151 2.36614964262665
152 2.36606786626601
153 2.36598420372279
154 2.36589937800133
155 2.36581405668852
156 2.36572885234422
157 2.36564432322439
158 2.36556097430304
159 2.36547925856022
160 2.36539957850408
161 2.36532228789646
162 2.36524769365279
163 2.36517605788828
164 2.3651076000841
165 2.36504249934861
166 2.36498089675015
167 2.36492289769976
168 2.36486857436342
169 2.3648179680853
170 2.36477109180476
171 2.36472793245164
172 2.3646884533057
173 2.36465259630766
174 2.36462028431062
175 2.36459142326208
176 2.36456590430804
177 2.36454360581204
178 2.36452439528302
179 2.36450813120713
180 2.3644946647797
181 2.36448384153454
182 2.36447550286862
183 2.3644694874612
184 2.36446563258704
185 2.36446377532433
186 2.36446375365834
187 2.36446540748267
188 2.36446857950028
189 2.3644731160271
190 2.36447886770129
191 2.36448569010179
192 2.36449344427986
193 2.36450199720767
194 2.3645112221483
195 2.36452099895136
196 2.36453121427898
197 2.36454176176651
198 2.36455254212282
199 2.36456346317453
200 2.36457443985904
201 2.36458539417062
202 2.36459625506432
203 2.36460695832165
204 2.36461744638269
205 2.36462766814826
206 2.36463757875648
207 2.36464713933706
208 2.36465631674727
209 2.3646650832927
210 2.36467341643606
211 2.36468129849707
212 2.36468871634617
213 2.36469566109462
214 2.3647021277834
215 2.36470811507309
216 2.36471362493668
217 2.36471866235713
218 2.36472323503129
219 2.36472735308159
220 2.36473102877669
221 2.36473427626227
222 2.3647371113028
223 2.36473955103507
224 2.36474161373408
225 2.36474331859183
226 2.36474468550927
227 2.36474573490173
228 2.36474648751786
229 2.36474696427227
230 2.36474718609153
231 2.3647471737737
232 2.36474694786083
233 2.36474652852443
234 2.36474593546335
235 2.36474518781372
236 2.36474430407057
237 2.36474330202049
238 2.36474219868496
239 2.36474101027369
240 2.36473975214746
241 2.36473843878991
242 2.36473708378752
243 2.36473569981747
244 2.3647342986425
245 2.36473289111243
246 2.3647314871715
247 2.36473009587121
248 2.36472872538797
249 2.36472738304501
250 2.36472607533808
251 2.36472480796444
252 2.36472358585463
253 2.36472241320655
254 2.36472129352151
255 2.3647202296417
256 2.36471922378883
257 2.36471827760354
258 2.3647173921852
259 2.36471656813185
260 2.36471580558006
261 2.36471510424428
262 2.36471446345564
263 2.36471388219992
264 2.36471335915442
265 2.36471289272381
266 2.3647124810745
267 2.36471212216776
268 2.36471181379119
269 2.36471155358862
270 2.36471133908846
271 2.36471116773019
272 2.36471103688925
273 2.36471094390009
274 2.36471088607758
275 2.3647108607366
276 2.36471086520991
277 2.36471089686446
278 2.36471095311587
279 2.36471103144147
280 2.36471112939172
281 2.36471124460014
282 2.36471137479186
283 2.36471151779077
284 2.3647116715254
285 2.36471183403362
286 2.36471200346615
287 2.36471217808904
288 2.36471235628517
289 2.3647125365548
290 2.36471271751536
291 2.36471289790039
292 2.36471307655789
293 2.36471325244797
294 2.36471342463998
295 2.36471359230924
296 2.36471375473321
297 2.36471391128742
298 2.36471406144108
299 2.36471420475241
300 2.36471434086383
301 2.36471446949698
302 2.36471459044766
303 2.36471470358073
304 2.36471480882496
305 2.36471490616792
306 2.36471499565094
307 2.36471507736414
308 2.36471515144157
309 2.36471521805646
310 2.36471527741666
311 2.36471532976023
312 2.36471537535122
313 2.36471541447561
314 2.36471544743752
315 2.3647154745556
316 2.36471549615961
317 2.36471551258727
318 2.3647155241813
319 2.36471553128671
320 2.36471553424832
321 2.36471553340842
322 2.36471552910476
323 2.36471552166869
324 2.36471551142347
325 2.36471549868288
326 2.3647154837499
327 2.36471546691568
328 2.36471544845861
329 2.36471542864356
330 2.36471540772134
331 2.36471538592822
332 2.36471536348563
333 2.36471534060001
334 2.36471531746268
335 2.36471529424997
336 2.36471527112327
337 2.36471524822931
338 2.36471522570047
339 2.3647152036551
340 2.364715182198
341 2.36471516142089
342 2.36471514140295
343 2.36471512221137
344 2.36471510390197
345 2.36471508651979
346 2.36471507009979
347 2.36471505466741
348 2.36471504023933
349 2.36471502682404
350 2.36471501442256
351 2.36471500302903
352 2.36471499263141
353 2.36471498321206
354 2.36471497474834
355 2.36471496721325
356 2.36471496057593
357 2.36471495480222
358 2.36471494985522
359 2.36471494569571
360 2.36471494228265
361 2.36471493957362
362 2.3647149375252
363 2.36471493609335
364 2.36471493523378
365 2.36471493490224
366 2.36471493505484
367 2.36471493564828
368 2.36471493664011
369 2.36471493798892
370 2.36471493965456
371 2.36471494159824
372 2.36471494378273
373 2.36471494617245
374 2.36471494873353
375 2.36471495143395
376 2.36471495424352
377 2.364714957134
378 2.36471496007905
379 2.36471496305427
380 2.36471496603719
381 2.36471496900726
382 2.3647149719458
383 2.36471497483598
384 2.36471497766276
385 2.36471498041283
386 2.36471498307455
387 2.36471498563791
388 2.36471498809441
389 2.364714990437
390 2.36471499266002
391 2.3647149947591
392 2.36471499673106
393 2.36471499857387
394 2.36471500028652
395 2.36471500186896
396 2.36471500332203
397 2.36471500464733
398 2.36471500584719
399 2.36471500692456
400 2.11471500692456
401 2.08139500776801
402 2.04739500850092
403 2.01339500912806
404 1.97939500965449
405 1.94539501008549
406 1.91139501042653
407 1.87739501068319
408 1.84339501086114
409 1.80939501096607
410 1.77675326315385
411 1.74657794191792
412 1.71867047258536
413 1.69288057103618
414 1.66909113597376
415 1.64721091889487
416 1.62716881087147
417 1.60890939217423
418 1.59238946558744
419 1.57757535597179
420 1.56443342730204
421 1.5529173861172
422 1.54296672796054
423 1.53451168085627
424 1.52747663148792
425 1.52178249041253
426 1.51734829786846
427 1.51409229029899
428 1.51193258750634
429 1.51078761600569
430 1.51057639168611
431 1.51121880842938
432 1.51263600210576
433 1.51475075397752
434 1.51748788189196
435 1.52077459231112
436 1.52454078151659
437 1.52871928356229
438 1.53324606779202
439 1.53806039141073
440 1.54310491344291
441 1.54832577566938
442 1.55367265445788
443 1.55909878595352
444 1.56456096642327
445 1.57001952942521
446 1.57543830157259
447 1.58078453881001
448 1.58602884523065
449 1.59114507650627
450 1.59611022997389
451 1.60090432333978
452 1.60551026384763
453 1.60991370963691
454 1.61410292490099
455 1.61806863034618
456 1.62180385035074
457 1.62530375812379
458 1.62856552006702
459 1.63158814044472
460 1.63437230737084
461 1.6369202410257
462 1.6392355449203
463 1.64132306093426
464 1.64318872876419
465 1.64483945033444
466 1.64628295964018
467 1.64752769841609
468 1.64858269795022
469 1.64945746729416
470 1.65016188805591
471 1.65070611590174
472 1.6511004888377
473 1.65135544228991
474 1.65148143095589
475 1.65148885735637
476 1.65138800697859
477 1.6511889898676
478 1.65090168849172
479 1.65053571168158
480 1.65010035441921
481 1.64960456323418
482 1.64905690694779
483 1.64846555249291
484 1.64783824552741
485 1.64718229555166
486 1.64650456523569
487 1.64581146365954
488 1.64510894316988
489 1.64440249955797
490 1.64369717526756
491 1.64299756534665
492 1.64230782586368
493 1.64163168451669
494 1.64097245317316
495 1.64033304208813
496 1.63971597555931
497 1.63912340878905
498 1.63855714573541
499 1.63801865774684
500 1.63750910278765
501 1.63702934507462
502 1.63657997495761
503 1.63616132889056
504 1.63577350935152
505 1.63541640458353
506 1.63508970804017
507 1.63479293743204
508 1.63452545328185
509 1.63428647690749
510 1.63407510776288
511 1.63389034007727
512 1.63373107874319
513 1.63359615441269
514 1.63348433777044
515 1.63339435296036
516 1.63332489015011
517 1.63327461722513
518 1.63324219061001
519 1.63322626522152
520 1.63322550356255
521 1.6332385839715
522 1.6332642080458
523 1.63330110726214
524 1.63334804881957
525 1.63340384073422
526 1.63346733621713
527 1.63353743736854
528 1.63361309822378
529 1.63369332718698
530 1.63377718888992
531 1.63386380551381
532 1.63395235761202
533 1.63404208447195
534 1.63413228405385
535 1.63422231254391
536 1.63431158355828
537 1.63439956703386
538 1.6344857878406
539 1.63456982414883
540 1.63465130558394
541 1.63472991119927
542 1.63480536729665
543 1.63487744512229
544 1.63494595846442
545 1.63501076117721
546 1.63507174465387
547 1.63512883527026
548 1.63518199181868
549 1.63523120294966
550 1.63527648463828
551 1.6353178776896
552 1.63535544529652
553 1.63538927066177
554 1.63541945469423
555 1.63544611378844
556 1.63546937769491
557 1.63548938748742
558 1.63550629363244
559 1.63552025416459
560 1.63553143297101
561 1.6355399981867
562 1.63554612070162
563 1.63554997277996
564 1.63555172679081
565 1.63555155404909
566 1.63554962376475
567 1.63554610209782
568 1.63554115131637
569 1.63553492905401
570 1.63552758766316
571 1.63551927366003
572 1.63551012725702
573 1.63550028197807
574 1.63548986435215
575 1.63547899368022
576 1.63546778187076
577 1.63545633333895
578 1.63544474496469
579 1.63543310610445
580 1.63542149865238
581 1.63540999714575
582 1.63539866891031
583 1.63538757424103
584 1.63537676661395
585 1.63536629292496
586 1.63535619375171
587 1.63534650363466
588 1.63533725137392
589 1.63532846033846
590 1.63532014878444
591 1.63531233017995
592 1.63530501353325
593 1.63529820372207
594 1.63529190182176
595 1.63528610543009
596 1.63528080898685
597 1.6352760040867
598 1.63527167978352
599 1.63526782288526
600 1.63526441823793
601 1.63526144899794
602 1.63525889689182
603 1.63525674246291
604 1.63525496530432
605 1.63525354427792
606 1.63525245771904
607 1.63525168362686
608 1.63525119984036
609 1.63525098420004
610 1.6352510146954
611 1.6352512695987
612 1.635251727585
613 1.63525236783914
614 1.63525317014992
615 1.63525411499207
616 1.63525518359646
617 1.63525635800916
618 1.63525762113986
619 1.6352589568004
620 1.63526034973382
621 1.63526178563471
622 1.63526325116148
623 1.63526473394103
624 1.63526622256668
625 1.63526770658973
626 1.63526917650546
627 1.63527062373398
628 1.63527204059666
629 1.63527342028856
630 1.63527475684748
631 1.63527604512004
632 1.63527728072544
633 1.63527846001707
634 1.63527958004277
635 1.63528063850376
636 1.63528163371292
637 1.63528256455258
638 1.63528343043222
639 1.63528423124634
640 1.63528496733279
641 1.63528563943178
642 1.63528624864576
643 1.63528679640045
644 1.63528728440708
645 1.63528771462599
646 1.63528808923185
647 1.63528841058037
648 1.63528868117681
649 1.63528890364619
650 1.63528908070532
651 1.63528921513664
652 1.63528930976395
653 1.63528936742997
654 1.63528939097569
655 1.63528938322161
656 1.63528934695067
657 1.63528928489301
658 1.63528919971238
659 1.63528909399413
660 1.63528897023483
661 1.63528883083339
662 1.63528867808359
663 1.63528851416792
664 1.63528834115282
665 1.63528816098495
666 1.63528797548873
667 1.63528778636485
668 1.63528759518966
669 1.63528740341562
670 1.63528721237237
671 1.63528702326858
672 1.6352868371945
673 1.635286655125
674 1.63528647792315
675 1.63528630634425
676 1.63528614104016
677 1.63528598256403
678 1.63528583137521
679 1.63528568784438
680 1.63528555225883
681 1.63528542482781
682 1.63528530568796
683 1.63528519490876
684 1.63528509249787
685 1.63528499840656
686 1.63528491253489
687 1.63528483473689
688 1.63528476482551
689 1.63528470257751
690 1.63528464773806
691 1.63528460002523
692 1.6352845591342
693 1.63528452474133
694 1.63528449650795
695 1.6352844740839
696 1.63528445711089
697 1.63528444522563
698 1.63528443806263
699 1.63528443525685
700 1.63528443644612
701 1.63528444127326
702 1.63528444938806
703 1.635284460449
704 1.63528447412473
705 1.63528449009546
706 1.635284508054
707 1.63528452770679
708 1.63528454877459
709 1.63528457099315
710 1.63528459411363
711 1.63528461790291
712 1.6352846421438
713 1.63528466663507
714 1.6352846911914
715 1.63528471564323
716 1.63528473983653
717 1.63528476363244
718 1.63528478690688
719 1.63528480955011
720 1.63528483146618
721 1.63528485257236
722 1.63528487279858
723 1.63528489208673
724 1.63528491039007
725 1.63528492767248
726 1.63528494390783
727 1.63528495907925
728 1.63528497317844
729 1.63528498620498
730 1.63528499816563
731 1.63528500907369
732 1.63528501894831
733 1.63528502781386
734 1.6352850356993
735 1.63528504263763
736 1.63528504866525
737 1.63528505382147
738 1.635285058148
739 1.6352850616884
740 1.63528506448769
741 1.63528506659192
742 1.63528506804771
743 1.63528506890197
744 1.63528506920151
745 1.63528506899276
746 1.63528506832147
747 1.63528506723249
748 1.63528506576954
749 1.63528506397502
750 1.63528506188982
751 1.63528505955321
752 1.63528505700271
753 1.63528505427399
754 1.63528505140079
755 1.63528504841487
756 1.63528504534596
757 1.63528504222175
758 1.63528503906789
759 1.63528503590799
760 1.63528503276362
761 1.63528502965437
762 1.63528502659791
763 1.63528502360998
764 1.6352850207045
765 1.63528501789364
766 1.63528501518786
767 1.63528501259602
768 1.63528501012542
769 1.63528500778195
770 1.63528500557012
771 1.63528500349317
772 1.63528500155315
773 1.63528499975103
774 1.63528499808678
775 1.63528499655944
776 1.63528499516724
777 1.63528499390763
778 1.63528499277744
779 1.63528499177289
780 1.6352849908897
781 1.63528499012314
782 1.63528498946815
783 1.63528498891933
784 1.63528498847106
785 1.63528498811756
786 1.63528498785289
787 1.63528498767106
788 1.63528498756603
789 1.6352849875318
790 1.63528498756241
791 1.63528498765198
792 1.63528498779478
793 1.63528498798518
794 1.63528498821777
795 1.63528498848729
796 1.63528498878874
797 1.6352849891173
798 1.63528498946842
799 1.63528498983778
800 1.80970499022133
801 1.81803499061526
802 1.82653499101604
803 1.8350349914204
804 1.84353499182532
805 1.85203499222807
806 1.86053499262613
807 1.86903499301727
808 1.87753499339947
809 1.88603499377098
810 1.89358736877372
811 1.89950000977824
812 1.90404947470346
813 1.90744951596117
814 1.90986663630998
815 1.91143053264606
816 1.91224223202619
817 1.91238042920399
818 1.91190642323906
819 1.91086796285712
820 1.9093073902411
821 1.90727124882253
822 1.90481124365184
823 1.90198057518305
824 1.89883165400781
825 1.89541475283355
826 1.89177729302572
827 1.88796355104035
828 1.88401463397379
829 1.87996861959662
830 1.87586076137554
831 1.87172365192634
832 1.86758730172607
833 1.86347916707139
834 1.85942416892658
835 1.85544472319801
836 1.85156079038628
837 1.84778994541573
838 1.84414746474303
839 1.84064642627425
840 1.83729781744949
841 1.83411064778789
842 1.83109206367116
843 1.82824746432691
844 1.82558061850139
845 1.823093781407
846 1.82078781146007
847 1.81866228622754
848 1.81671561693685
849 1.81494516089225
850 1.81334733117917
851 1.81191770311077
852 1.81065111695823
853 1.80954177659012
854 1.80858334372008
855 1.80776902752357
856 1.80709166943786
857 1.80654382300578
858 1.80611782866675
859 1.80580588343851
860 1.80560010547081
861 1.80549259348754
862 1.80547548116684
863 1.80554098653794
864 1.80568145650074
865 1.80588940659706
866 1.80615755618344
867 1.80647885917256
868 1.80684653052565
869 1.80725406869029
870 1.80769527418822
871 1.80816426456558
872 1.8086554859234
873 1.80916372125037
874 1.80968409578156
875 1.81021207960705
876 1.81074348775343
877 1.81127447795824
878 1.81180154635378
879 1.81232152127167
880 1.8128315553736
881 1.8133291163069
882 1.81381197607624
883 1.81427819931422
884 1.8147261306255
885 1.81515438116958
886 1.81556181463827
887 1.81594753277422
888 1.81631086056718
889 1.81665133125471
890 1.81696867124465
891 1.81726278506648
892 1.81753374044959
893 1.81778175361668
894 1.81800717487173
895 1.81821047455276
896 1.8183922294113
897 1.81855310947196
898 1.81869386541798
899 1.81881531654071
900 1.81891833928433
901 1.81900385640996
902 1.81907282679753
903 1.81912623589755
904 1.81916508683973
905 1.81919039220037
906 1.81920316642584
907 1.8192044189054
908 1.81919514768276
909 1.81917633379263
910 1.8191489362053
911 1.81911388735993
912 1.8190720892649
913 1.81902441014169
914 1.81897168158712
915 1.81891469622774
916 1.81885420583889
917 1.81879091990044
918 1.81872550456066
919 1.81865858197957
920 1.81859073002289
921 1.81852248227805
922 1.81845432836409
923 1.81838671450758
924 1.81832004435759
925 1.81825468001337
926 1.81819094323928
927 1.81812911684257
928 1.81806944619047
929 1.81801214084455
930 1.81795737629092
931 1.81790529574658
932 1.81785601202312
933 1.81780960943037
934 1.81776614570379
935 1.81772565394071
936 1.81768814453175
937 1.81765360707486
938 1.81762201226089
939 1.81759331372046
940 1.81756744982332
941 1.81754434542224
942 1.81752391353473
943 1.8175060569568
944 1.81749066980386
945 1.81747763897496
946 1.8174668455372
947 1.81745816602816
948 1.81745147367468
949 1.81744663952737
950 1.81744353351044
951 1.81744202538739
952 1.81744198564339
953 1.81744328628582
954 1.81744580156466
955 1.81744940861513
956 1.8174539880248
957 1.81745942432826
958 1.81746560643227
959 1.81747242797451
960 1.8174797876196
961 1.81748758929561
962 1.81749574237492
963 1.81750416180293
964 1.81751276817839
965 1.81752148778898
966 1.81753025260591
967 1.81753900024107
968 1.81754767387028
969 1.8175562221262
970 1.8175645989642
971 1.81757276350442
972 1.8175806798532
973 1.81758831690691
974 1.81759564814093
975 1.81760265138653
976 1.81760930859822
977 1.81761560561391
978 1.81762153191014
979 1.81762708035442
980 1.81763224695659
981 1.81763703062097
982 1.81764143290083
983 1.81764545775666
984 1.8176491113195
985 1.81765240166044
986 1.81765533856743
987 1.81765793332995
988 1.81766019853269
989 1.81766214785841
990 1.81766379590087
991 1.81766515798791
992 1.81766625001518
993 1.81766708829048
994 1.8176676893891
995 1.81766807001992
996 1.8176682469023
997 1.81766823665374
998 1.81766805568795
999 1.8176677201232
1000 1.81766724570068
1001 1.81766664771248
1002 1.81766594093886
1003 1.81766513959437
1004 1.81766425728254
1005 1.81766330695852
1006 1.81766230089933
1007 1.81766125068127
1008 1.81766016716389
1009 1.81765906048023
1010 1.81765794003268
1011 1.81765681449417
1012 1.81765569181398
1013 1.81765457922801
1014 1.81765348327281
1015 1.81765240980309
1016 1.81765136401226
1017 1.81765035045555
1018 1.81764937307535
1019 1.81764843522853
1020 1.81764753971513
1021 1.81764668880836
1022 1.81764588428545
1023 1.81764512745912
1024 1.81764441920944
1025 1.81764376001568
1026 1.81764314998819
1027 1.81764258889985
1028 1.81764207621708
1029 1.81764161113016
1030 1.81764119258275
1031 1.81764081930045
1032 1.8176404898184
1033 1.81764020250763
1034 1.81763995560029
1035 1.81763974721353
1036 1.81763957537214
1037 1.81763943802978
1038 1.8176393330888
1039 1.81763925841875
1040 1.81763921187345
1041 1.81763919130663
1042 1.81763919458629
1043 1.81763921960766
1044 1.81763926430484
1045 1.8176393266612
1046 1.8176394047185
1047 1.81763949658488
1048 1.81763960044165
1049 1.817639714549
1050 1.81763983725077
1051 1.81763996697816
1052 1.81764010225255
1053 1.81764024168746
1054 1.81764038398981
1055 1.81764052796034
1056 1.81764067249341
1057 1.81764081657621
1058 1.81764095928738
1059 1.81764109979521
1060 1.81764123735532
1061 1.81764137130798
1062 1.81764150107518
1063 1.81764162615726
1064 1.81764174612948
1065 1.81764186063824
1066 1.81764196939728
1067 1.81764207218365
1068 1.81764216883372
1069 1.81764225923906
1070 1.81764234334235
1071 1.81764242113329
1072 1.81764249264457
1073 1.8176425579479
1074 1.81764261715011
1075 1.81764267038938
1076 1.81764271783159
1077 1.81764275966677
1078 1.81764279610573
1079 1.81764282737686
1080 1.81764285372306
1081 1.81764287539884
1082 1.81764289266762
1083 1.8176429057992
1084 1.8176429150674
1085 1.81764292074788
1086 1.81764292311613
1087 1.81764292244569
1088 1.81764291900644
1089 1.81764291306316
1090 1.8176429048742
1091 1.81764289469032
1092 1.81764288275366
1093 1.81764286929691
1094 1.81764285454258
1095 1.81764283870238
1096 1.81764282197677
1097 1.8176428045546
1098 1.8176427866129
1099 1.81764276831665
1100 1.81764274981883
1101 1.81764273126037
1102 1.81764271277031
1103 1.81764269446596
1104 1.81764267645314
1105 1.8176426588265
1106 1.81764264166982
1107 1.81764262505645
1108 1.81764260904971
1109 1.81764259370333
1110 1.81764257906196
1111 1.81764256516164
1112 1.81764255203031
1113 1.81764253968837
1114 1.81764252814916
1115 1.8176425174195
1116 1.81764250750021
1117 1.81764249838666
1118 1.81764249006922
1119 1.81764248253382
1120 1.81764247576239
1121 1.81764246973335
1122 1.81764246442206
1123 1.81764245980123
1124 1.81764245584136
1125 1.81764245251113
1126 1.81764244977774
1127 1.81764244760728
1128 1.81764244596506
1129 1.81764244481589
1130 1.81764244412436
1131 1.8176424438551
1132 1.81764244397304
1133 1.81764244444356
1134 1.81764244523273
1135 1.81764244630746
1136 1.81764244763563
1137 1.81764244918625
1138 1.81764245092956
1139 1.8176424528371
1140 1.81764245488181
1141 1.81764245703807
1142 1.81764245928176
1143 1.81764246159028
1144 1.81764246394259
1145 1.81764246631916
1146 1.81764246870205
1147 1.8176424710748
1148 1.81764247342248
1149 1.81764247573163
1150 1.81764247799021
1151 1.81764248018759
1152 1.81764248231446
1153 1.8176424843628
1154 1.81764248632581
1155 1.81764248819785
1156 1.8176424899744
1157 1.81764249165193
1158 1.81764249322793
1159 1.81764249470074
1160 1.81764249606956
1161 1.81764249733436
1162 1.81764249849577
1163 1.81764249955509
1164 1.81764250051418
1165 1.81764250137538
1166 1.81764250214152
1167 1.81764250281578
1168 1.8176425034017
1169 1.81764250390309
1170 1.81764250432398
1171 1.8176425046686
1172 1.81764250494131
1173 1.81764250514658
1174 1.81764250528893
1175 1.81764250537291
1176 1.81764250540305
1177 1.81764250538386
1178 1.81764250531977
1179 1.81764250521514
1180 1.81764250507419
1181 1.81764250490105
1182 1.81764250469968
1183 1.81764250447389
1184 1.81764250422731
1185 1.81764250396341
1186 1.81764250368546
1187 1.81764250339654
1188 1.81764250309954
1189 1.81764250279713
1190 1.81764250249181
1191 1.81764250218587
1192 1.81764250188141
1193 1.81764250158031
1194 1.81764250128431
1195 1.81764250099492
1196 1.8176425007135
1197 1.81764250044123
1198 1.81764250017912
1199 1.81764249992804
1200 1.81764249968869
