1 2
2 2
3 2
4 2
5 2
6 2
7 2
8 2
9 2
10 2
11 2
12 2
13 2
14 2
15 2
16 2
17 2
18 2
19 2
20 2
21 2
22 2
23 2
24 2
25 2
26 2
27 2
28 2
29 2
30 2.25
31 2.2746
32 2.2996
33 2.3246
34 2.3496
35 2.3746
36 2.3996
37 2.4246
38 2.4496
39 2.4746
40 2.4979923222375
41 2.51850236272904
42 2.53642838796481
43 2.55199732221595
44 2.56538423962524
45 2.5767239061664
46 2.58611976854746
47 2.59365095224465
48 2.59937770894167
49 2.60334565631596
50 2.60559941580834
51 2.60620055533201
52 2.6052297011668
53 2.60277954745566
54 2.59895011046738
55 2.59384554570867
56 2.58757206644365
57 2.58023662988938
58 2.57194615118355
59 2.56280707386988
60 2.55292510917969
61 2.54240491409477
62 2.53134960349717
63 2.51986016407407
64 2.50803486153233
65 2.49596869018181
66 2.48375288752973
67 2.47147452055873
68 2.45921614125098
69 2.4470555042162
70 2.43506533774995
71 2.423313160986
72 2.41186114284982
73 2.40076600108024
74 2.39007894061477
75 2.37984563059423
76 2.37010621877589
77 2.3608953815979
78 2.35224240767791
79 2.34417131222002
80 2.33670097965162
81 2.32984533178233
82 2.32361351881845
83 2.318010130629
84 2.3130354257185
85 2.30868557541213
86 2.30495292080685
87 2.30182624009373
88 2.29929102391898
89 2.29732975652517
90 2.29592220050247
91 2.29504568307905
92 2.29467538198884
93 2.29478460907154
94 2.29534508988142
95 2.29632723770708
96 2.29770042053283
97 2.29943321960259
98 2.3014936783787
99 2.30384954081969
100 2.30646847803211
101 2.30931830248174
102 2.3123671690769
103 2.31558376256197
104 2.31893747078036
105 2.322398543484
106 2.32593823647878
107 2.32952894100346
108 2.33314429834146
109 2.33675929976147
110 2.34035037197298
111 2.34389544836648
112 2.34737402638571
113 2.35076721144948
114 2.35405774790483
115 2.35723003754998
116 2.36027014631598
117 2.36316579973945
118 2.36590636789579
119 2.3684828404925
120 2.37088779284665
121 2.37311534348848
122 2.37516110414519
123 2.37702212286579
124 2.37869682104879
125 2.38018492513112
126 2.38148739368768
127 2.38260634067846
128 2.38354495556271
129 2.38430742097947
130 2.38489882866915
131 2.38532509428418
132 2.38559287170666
133 2.3857094674592
134 2.3856827557606
135 2.38552109474272
136 2.38523324430761
137 2.38482828606591
138 2.38431554575893
139 2.38370451852745
140 2.38300479735126
141 2.38222600494392
142 2.38137772934899
143 2.38046946344517
144 2.37951054853113
145 2.37851012212396
146 2.37747707007034
147 2.37641998303585
148 2.37534711740524
149 2.37426636059635
150 2.37318520076105
151 2.37211070081988
152 2.37104947675151
153 2.37000768003538
154 2.36899098412429
155 2.36800457480459
156 2.36705314428461
157 2.36614088883667
158 2.36527150980466
159 2.36444821777844
160 2.36367373972675
161 2.36295032887283
162 2.36227977709196
163 2.36166342960559
164 2.36110220174543
165 2.36059659755955
166 2.3601467300344
167 2.35975234270829
168 2.35941283245618
169 2.35912727323036
170 2.35889444054768
171 2.35871283652119
172 2.35858071524201
173 2.35849610832597
174 2.35845685044936
175 2.35846060470792
176 2.35850488764404
177 2.35858709379813
178 2.35870451965139
179 2.35885438683884
180 2.35903386452305
181 2.35924009083093
182 2.35947019326739
183 2.35972130803133
184 2.35999059817112
185 2.36027527052736
186 2.36057259142204
187 2.36087990106354
188 2.36119462664699
189 2.36151429413934
190 2.36183653874736
191 2.36215911407589
192 2.3624798999914
193 2.36279690921374
194 2.36310829266569
195 2.3634123436167
196 2.36370750066253
197 2.36399234958804
198 2.36426562416481
199 2.36452620593927
200 2.36477312307042
201 2.36500554827911
202 2.36522279597282
203 2.36542431861206
204 2.3656097023852
205 2.36577866225956
206 2.36593103647652
207 2.36606678055846
208 2.36618596089426
209 2.36628874796944
210 2.36637540930519
211 2.36644630216899
212 2.36650186611736
213 2.36654261542886
214 2.36656913148298
215 2.36658205513758
216 2.36658207915463
217 2.36656994072084
218 2.36654641410647
219 2.36651230350227
220 2.36646843607088
221 2.36641565524594
222 2.36635481430814
223 2.3662867702644
224 2.36621237805263
225 2.36613248509127
226 2.36604792618932
227 2.3659595188295
228 2.36586805883386
229 2.36577431641825
230 2.36567903263913
231 2.36558291623341
232 2.3654866408494
233 2.36539084266471
234 2.36529611838424
235 2.36520302360986
236 2.36511207157088
237 2.36502373220321
238 2.36493843156305
239 2.36485655155994
240 2.3647784299927
241 2.36470436087048
242 2.36463459500086
243 2.36456934082557
244 2.36450876548451
245 2.36445299608796
246 2.36440212117668
247 2.36435619234999
248 2.36431522604118
249 2.36427920542068
250 2.36424808240697
251 2.36422177976621
252 2.36420019328162
253 2.36418319397474
254 2.36417063036091
255 2.36416233072247
256 2.36415810538378
257 2.3641577489732
258 2.36416104265798
259 2.36416775633908
260 2.36417765079396
261 2.36419047975624
262 2.36420599192245
263 2.36422393287678
264 2.36424404692617
265 2.36426607883881
266 2.36428977548018
267 2.36431488734201
268 2.36434116996019
269 2.36436838521875
270 2.36439630253798
271 2.36442469994554
272 2.36445336503026
273 2.36448209577922
274 2.36451070129913
275 2.36453900242412
276 2.36456683221245
277 2.36459403633506
278 2.36462047335991
279 2.36464601493595
280 2.36467054588146
281 2.36469396418145
282 2.36471618089957
283 2.3647371200098
284 2.36475671815363
285 2.36477492432872
286 2.36479169951476
287 2.36480701624276
288 2.36482085811364
289 2.36483321927233
290 2.36484410384312
291 2.36485352533243
292 2.36486150600452
293 2.36486807623584
294 2.36487327385348
295 2.36487714346289
296 2.36487973576989
297 2.36488110690166
298 2.36488131773129
299 2.36488043321
300 2.36487852171091
301 2.36487565438815
302 2.36487190455439
303 2.36486734707995
304 2.36486205781606
305 2.36485611304478
306 2.36484958895743
307 2.36484256116356
308 2.36483510423171
309 2.36482729126317
310 2.36481919349975
311 2.364810879966
312 2.36480241714637
313 2.36479386869734
314 2.36478529519445
315 2.36477675391385
316 2.36476829864785
317 2.36475997955361
318 2.3647518430343
319 2.36474393165141
320 2.3647362840671
321 2.3647289350153
322 2.36472191529998
323 2.36471525181914
324 2.36470896761292
325 2.36470308193403
326 2.36469761033881
327 2.36469256479724
328 2.36468795381994
329 2.3646837826005
330 2.36468005317124
331 2.36467676457067
332 2.36467391302092
333 2.3646714921133
334 2.36466949300042
335 2.36466790459326
336 2.36466671376148
337 2.36466590553568
338 2.36466546330999
339 2.36466536904378
340 2.36466560346123
341 2.3646661462474
342 2.36466697624004
343 2.36466807161582
344 2.36466941007025
345 2.36467096899052
346 2.36467272562036
347 2.36467465721649
348 2.36467674119602
349 2.36467895527437
350 2.36468127759336
351 2.36468368683924
352 2.36468616235037
353 2.36468868421453
354 2.36469123335579
355 2.36469379161098
356 2.36469634179575
357 2.36469886776065
358 2.36470135443707
359 2.36470378787369
360 2.36470615526341
361 2.36470844496142
362 2.36471064649461
363 2.36471275056277
364 2.36471474903216
365 2.36471663492179
366 2.36471840238302
367 2.3647200466729
368 2.36472156412192
369 2.36472295209645
370 2.36472420895679
371 2.36472533401098
372 2.36472632746511
373 2.36472719037071
374 2.36472792456952
375 2.36472853263637
376 2.36472901782043
377 2.3647293839856
378 2.36472963555011
379 2.36472977742611
380 2.36472981495945
381 2.36472975387001
382 2.36472960019313
383 2.36472936022221
384 2.36472904045301
385 2.36472864752974
386 2.36472818819334
387 2.36472766923197
388 2.36472709743418
389 2.3647264795446
390 2.36472582222259
391 2.36472513200364
392 2.364724415264
393 2.36472367818814
394 2.3647229267395
395 2.36472216663426
396 2.36472140331823
397 2.36472064194686
398 2.36471988736822
399 2.36471914410904
400 2.11471914410904
401 2.06551843573064
402 2.01551775022638
403 1.9655170907538
404 1.91551646012042
405 1.86551586078541
406 1.81551529486353
407 1.765514764131
408 1.7155142700333
409 1.66551381369469
410 1.61712106901175
411 1.57176883272619
412 1.5294294626078
413 1.49009246560017
414 1.45375466196224
415 1.42041832866509
416 1.39008976043427
417 1.36277816027152
418 1.33849478606617
419 1.31725229615674
420 1.29905391087888
421 1.2838766392586
422 1.27166842954469
423 1.26235425630135
424 1.25584073730486
425 1.25201967988523
426 1.25077081109654
427 1.2519638857122
428 1.25546031987274
429 1.26111446298941
430 1.26877466012732
431 1.27828432171776
432 1.28948311641569
433 1.3022082401524
434 1.31629568199996
435 1.33158143961122
436 1.34790265824314
437 1.36509868136104
438 1.3830120097687
439 1.40148917169181
440 1.42038150895318
441 1.43954588426126
442 1.45884531255894
443 1.47814951739058
444 1.497335412472
445 1.51628750881294
446 1.5348982483217
447 1.55306826551692
448 1.57070657961948
449 1.58773071982217
450 1.60406678691245
451 1.61964945467125
452 1.63442191462926
453 1.6483357678749
454 1.66135086770107
455 1.67343511695746
456 1.68456422404032
457 1.69472142149576
458 1.7038971512324
459 1.71208872033193
460 1.71929993141133
461 1.72554069142966
462 1.73082660274874
463 1.73517854015159
464 1.73862221740017
465 1.7411877467746
466 1.74290919488346
467 1.74382413786922
468 1.74397321895741
469 1.74339971111281
470 1.74214908737411
471 1.74026860124028
472 1.73780687927999
473 1.73481352793068
474 1.73133875624823
475 1.72743301616291
476 1.72314666159344
477 1.7185296275704
478 1.71363113032332
479 1.70849938909428
480 1.70318137025489
481 1.69772255412523
482 1.69216672472173
483 1.68655578249862
484 1.68092957999351
485 1.67532578014312
486 1.66977973690094
487 1.66432439766357
488 1.65899022689866
489 1.65380515026366
490 1.64879451841138
491 1.64398108959589
492 1.63938503012038
493 1.63502393160689
494 1.63091284401621
495 1.62706432330517
496 1.62348849257613
497 1.62019311555125
498 1.61718368119035
499 1.61446349826588
500 1.61203379871148
501 1.60989384857097
502 1.60804106539193
503 1.6064711409323
504 1.60517816807806
505 1.6041547709059
506 1.60339223686481
507 1.60288065009554
508 1.60260902495541
509 1.60256543886784
510 1.60273716367056
511 1.60311079469365
512 1.60367237685693
513 1.60440752713649
514 1.60530155281069
515 1.60633956495724
516 1.60750658673406
517 1.60878765603732
518 1.6101679221896
519 1.61163273637039
520 1.61316773555758
521 1.61475891980478
522 1.61639272273218
523 1.61805607516004
524 1.61973646186273
525 1.62142197146691
526 1.6231013395612
527 1.62476398512462
528 1.62640004041876
529 1.62800037452271
530 1.62955661072111
531 1.63106113798343
532 1.63250711679787
533 1.63388847964442
534 1.63519992641083
535 1.63643691507038
536 1.63759564795319
537 1.63867305395244
538 1.63966676701395
539 1.64057510126169
540 1.64139702311359
541 1.64213212074151
542 1.64278057122613
543 1.64334310575247
544 1.64382097318484
545 1.64421590235127
546 1.64453006335673
547 1.64476602823282
548 1.64492673121819
549 1.64501542894951
550 1.64503566082752
551 1.64499120980633
552 1.6448860638371
553 1.64472437818005
554 1.6445104387806
555 1.64424862688725
556 1.64394338507102
557 1.64359918478739
558 1.64322049560403
559 1.6428117561996
560 1.64237734722112
561 1.64192156607074
562 1.6414486036756
563 1.640962523279
564 1.64046724127526
565 1.63996651009655
566 1.63946390314563
567 1.63896280175587
568 1.63846638414759
569 1.63797761633847
570 1.63749924495565
571 1.63703379188757
572 1.6365835507053
573 1.63615058477543
574 1.63573672698028
575 1.63534358095518
576 1.63497252374825
577 1.6346247098039
578 1.63430107616858
579 1.63400234881481
580 1.63372904997865
581 1.6334815064046
582 1.63325985839263
583 1.63306406954235
584 1.63289393709115
585 1.63274910274493
586 1.63262906390279
587 1.63253318517997
588 1.63246071013706
589 1.63241077312712
590 1.632382411177
591 1.63237457582336
592 1.63238614482894
593 1.63241593370971
594 1.6324627070084
595 1.63252518925574
596 1.63260207556567
597 1.63269204181654
598 1.6327937543756
599 1.63290587932953
600 1.63302709118925
601 1.63315608104215
602 1.63329156413041
603 1.63343228683879
604 1.63357703308008
605 1.63372463007117
606 1.6338739534968
607 1.63402393206252
608 1.63417355144194
609 1.63432185762737
610 1.63446795969597
611 1.63461103200691
612 1.63475031584767
613 1.63488512055035
614 1.63501482410091
615 1.63513887326636
616 1.63525678326679
617 1.63536813702012
618 1.63547258398919
619 1.63556983866123
620 1.63565967869069
621 1.63574194273686
622 1.63581652802767
623 1.63588338768127
624 1.63594252781665
625 1.63599400448424
626 1.63603792044667
627 1.63607442183932
628 1.63610369473923
629 1.63612596166999
630 1.63614147806899
631 1.63615052874223
632 1.63615342433048
633 1.63615049780919
634 1.63614210104293
635 1.63612860141382
636 1.63611037854156
637 1.63608782111122
638 1.63606132382337
639 1.63603128447932
640 1.63599810121279
641 1.63596216987761
642 1.6359238815997
643 1.63588362049963
644 1.63584176159114
645 1.63579866885898
646 1.63575469351853
647 1.63571017245806
648 1.63566542686336
649 1.6356207610232
650 1.63557646131329
651 1.63553279535478
652 1.63549001134323
653 1.6354483375423
654 1.63540798193632
655 1.63536913203475
656 1.63533195482122
657 1.63529659683913
658 1.63526318440554
659 1.63523182394458
660 1.63520260243135
661 1.6351755879371
662 1.63515083026649
663 1.63512836167726
664 1.63510819767317
665 1.63509033786067
666 1.63507476686021
667 1.63506145526299
668 1.6350503606245
669 1.6350414284861
670 1.63503459341646
671 1.63502978006504
672 1.63502690421979
673 1.63502587386231
674 1.63502659021334
675 1.63502894876272
676 1.63503284027763
677 1.6350381517841
678 1.63504476751668
679 1.63505256983208
680 1.63506144008278
681 1.63507125944723
682 1.6350819097138
683 1.63509327401582
684 1.63510523751601
685 1.63511768803839
686 1.63513051664689
687 1.63514361816968
688 1.63515689166904
689 1.63517024085682
690 1.63518357445583
691 1.63519680650793
692 1.63520985662993
693 1.63522265021844
694 1.63523511860546
695 1.63524719916637
696 1.63525883538237
697 1.63526997685965
698 1.63528057930747
699 1.63529060447782
700 1.63530002006913
701 1.63530879959676
702 1.63531692223301
703 1.63532437261942
704 1.6353311406542
705 1.63533722125751
706 1.63534261411751
707 1.63534732341986
708 1.63535135756334
709 1.63535472886435
710 1.63535745325271
711 1.63535954996139
712 1.63536104121242
713 1.63536195190124
714 1.63536230928178
715 1.63536214265412
716 1.63536148305663
717 1.6353603629645
718 1.63535881599605
719 1.63535687662841
720 1.63535457992386
721 1.63535196126802
722 1.63534905612087
723 1.63534589978149
724 1.63534252716743
725 1.63533897260898
726 1.63533526965918
727 1.63533145091968
728 1.6353275478828
729 1.63532359078977
730 1.6353196085053
731 1.63531562840822
732 1.63531167629812
733 1.63530777631754
734 1.63530395088945
735 1.63530022066951
736 1.63529660451251
737 1.63529311945251
738 1.63528978069599
739 1.63528660162723
740 1.63528359382534
741 1.63528076709195
742 1.63527812948906
743 1.63527568738589
744 1.63527344551419
745 1.63527140703103
746 1.63526957358822
747 1.63526794540762
748 1.6352665213614
749 1.63526529905658
750 1.63526427492289
751 1.63526344430336
752 1.63526280154673
753 1.63526234010114
754 1.63526205260825
755 1.63526193099728
756 1.6352619665783
757 1.63526215013426
758 1.63526247201107
759 1.63526292220558
760 1.63526349045059
761 1.63526416629686
762 1.63526493919159
763 1.63526579855306
764 1.6352667338412
765 1.63526773462388
766 1.63526879063868
767 1.63526989185002
768 1.63527102850162
769 1.63527219116399
770 1.63527337077725
771 1.63527455868898
772 1.63527574668729
773 1.63527692702913
774 1.63527809246392
775 1.63527923625264
776 1.63528035218246
777 1.63528143457717
778 1.63528247830342
779 1.63528347877318
780 1.63528443194244
781 1.63528533430643
782 1.63528618289165
783 1.63528697524484
784 1.63528770941927
785 1.63528838395843
786 1.6352889978775
787 1.63528955064281
788 1.63529004214952
789 1.6352904726978
790 1.63529084296772
791 1.63529115399309
792 1.63529140713453
793 1.63529160405192
794 1.63529174667646
795 1.63529183718263
796 1.63529187796005
797 1.6352918715857
798 1.63529182079635
799 1.63529172846164
800 1.8417415975578
801 1.85404143114213
802 1.86654123232851
803 1.87904100426383
804 1.89154075010564
805 1.90404047300095
806 1.91654017606636
807 1.92903986236948
808 1.94153953491174
809 1.95403919661265
810 1.96521122999918
811 1.97405460990711
812 1.98090381616627
813 1.98601675818409
814 1.98959401747326
815 1.991791534458
816 1.99273049125582
817 1.99250500912289
818 1.99118814367253
819 1.9888365541818
820 1.98550267765704
821 1.98124992689052
822 1.97615419415553
823 1.97029778412143
824 1.96376545284966
825 1.95664189777952
826 1.94901025018557
827 1.94095124898608
828 1.93254286779202
829 1.92386023466574
830 1.91497567800432
831 1.90595870431214
832 1.89687582502919
833 1.88779029504587
834 1.87876184247476
835 1.86984643078651
836 1.86109607091613
837 1.85255868711356
838 1.84427803273591
839 1.83629364854734
840 1.82864085521204
841 1.82135077316786
842 1.81445036589718
843 1.80796250491094
844 1.80190605569519
845 1.79629598387629
846 1.79114348051373
847 1.78645610502595
848 1.78223794393672
849 1.77848978344462
850 1.77520929376559
851 1.77239122324559
852 1.77002760033923
853 1.76810794165921
854 1.76661946439985
855 1.76554730152199
856 1.7648747181628
857 1.76458332780843
858 1.76465330684475
859 1.7650636061853
860 1.76579215876496
861 1.76681608178309
862 1.76811187267795
863 1.76965559791433
864 1.77142307376645
865 1.77339003837767
866 1.77553231447651
867 1.77782596222496
868 1.78024742176871
869 1.78277364515088
870 1.7853822173387
871 1.78805146619816
872 1.79076056133279
873 1.79348960177991
874 1.79621969263091
875 1.79893301071009
876 1.8016128595104
877 1.80424371364295
878 1.80681125311054
879 1.80930238776435
880 1.81170527234596
881 1.81400931255527
882 1.81620516261832
883 1.81828471485694
884 1.8202410817857
885 1.82206857128039
886 1.82376265537594
887 1.82531993326148
888 1.82673808904559
889 1.82801584486595
890 1.82915290991516
891 1.83014992594847
892 1.83100840982951
893 1.83173069365783
894 1.8323198630067
895 1.83277969378136
896 1.83311458818837
897 1.83332951028376
898 1.8334299215441
899 1.83342171687902
900 1.83331116147675
901 1.83310482884651
902 1.83280954039309
903 1.83243230682961
904 1.8319802717051
905 1.83146065729397
906 1.83088071306484
907 1.83024766691696
908 1.82956867934384
909 1.82885080065522
910 1.82810093136136
911 1.82732578579691
912 1.82653185903621
913 1.82572539712739
914 1.82491237064949
915 1.82409845157487
916 1.82328899339887
917 1.8224890144792
918 1.82170318451034
919 1.82093581404169
920 1.82019084693399
921 1.81947185563496
922 1.81878203914407
923 1.8181242235258
924 1.81750086482245
925 1.81691405421043
926 1.8163655252382
927 1.81585666297964
928 1.81538851493393
929 1.81496180350098
930 1.81457693986113
931 1.81423403908853
932 1.81393293632916
933 1.81367320387728
934 1.8134541689878
935 1.81327493226642
936 1.81313438648475
937 1.8130312356736
938 1.81296401435416
939 1.81293110677391
940 1.81293076602176
941 1.81296113290473
942 1.81302025447697
943 1.8131061021202
944 1.81321658908349
945 1.81334958739905
946 1.81350294409954
947 1.81367449667108
948 1.81386208768523
949 1.81406357856125
950 1.81427686241905
951 1.81449987599083
952 1.81473061056775
953 1.8149671219655
954 1.81520753949992
955 1.81545007397069
956 1.81569302465807
957 1.81593478534315
958 1.81617384936856
959 1.81640881376136
960 1.8166383824448
961 1.81686136857031
962 1.81707669600469
963 1.81728340001104
964 1.81748062716528
965 1.81766763455231
966 1.81784378828835
967 1.81800856141751
968 1.81816153123214
969 1.81830237606728
970 1.81843087162025
971 1.81854688684635
972 1.81865037948177
973 1.81874139124416
974 1.81882004276042
975 1.81888652827055
976 1.81894111015468
977 1.8189841133291
978 1.81901591955532
979 1.81903696170415
980 1.81904771801472
981 1.81904870638617
982 1.81904047873734
983 1.81902361546719
984 1.81899872004644
985 1.81896641376803
986 1.81892733068159
987 1.81888211273435
988 1.81883140513838
989 1.81877585198133
990 1.81871609209547
991 1.81865275519701
992 1.81858645830551
993 1.81851780245068
994 1.81844736967155
995 1.81837572031088
996 1.8183033906055
997 1.81823089057148
998 1.81815870218094
999 1.8180872778257
1000 1.8180170390615
1001 1.81794837562479
1002 1.81788164471301
1003 1.81781717051795
1004 1.81775524400077
1005 1.81769612289628
1006 1.81764003193353
1007 1.81758716325858
1008 1.81753767704552
1009 1.8174917022807
1010 1.81744933770531
1011 1.8174106529011
1012 1.81737568950393
1013 1.81734446253004
1014 1.8173169617998
1015 1.81729315344432
1016 1.81727298148013
1017 1.81725636943794
1018 1.81724322203173
1019 1.81723342685503
1020 1.81722685609164
1021 1.81722336822909
1022 1.81722280976327
1023 1.81722501688371
1024 1.81722981712976
1025 1.81723703100832
1026 1.81724647356504
1027 1.81725795590111
1028 1.81727128662923
1029 1.81728627326242
1030 1.81730272353066
1031 1.81732044662085
1032 1.81733925433644
1033 1.81735896217365
1034 1.81737939031219
1035 1.81740036451881
1036 1.8174217169628
1037 1.81744328694324
1038 1.81746492152812
1039 1.81748647610644
1040 1.8175078148545
1041 1.81752881111826
1042 1.81754934771421
1043 1.81756931715127
1044 1.81758862177694
1045 1.81760717385093
1046 1.81762489555013
1047 1.81764171890857
1048 1.81765758569672
1049 1.81767244724421
1050 1.81768626421043
1051 1.81769900630748
1052 1.81771065197997
1053 1.81772118804629
1054 1.81773060930578
1055 1.81773891811644
1056 1.81774612394747
1057 1.81775224291112
1058 1.81775729727805
1059 1.81776131498016
1060 1.81776432910515
1061 1.81776637738623
1062 1.81776750169079
1063 1.81776774751143
1064 1.81776716346236
1065 1.81776580078436
1066 1.81776371286086
1067 1.81776095474775
1068 1.81775758271916
1069 1.81775365383129
1070 1.81774922550607
1071 1.81774435513623
1072 1.81773909971314
1073 1.81773351547851
1074 1.81772765760095
1075 1.81772157987794
1076 1.81771533446379
1077 1.81770897162387
1078 1.81770253951517
1079 1.81769608399314
1080 1.81768964844457
1081 1.81768327364612
1082 1.81767699764788
1083 1.8176708556814
1084 1.81766488009133
1085 1.81765910028976
1086 1.81765354273224
1087 1.81764823091449
1088 1.81764318538856
1089 1.81763842379717
1090 1.81763396092517
1091 1.81762980876654
1092 1.81762597660581
1093 1.81762247111248
1094 1.81761929644703
1095 1.81761645437727
1096 1.81761394440356
1097 1.8176117638917
1098 1.8176099082121
1099 1.81760837088396
1100 1.81760714372337
1101 1.8176062169939
1102 1.81760557955879
1103 1.81760521903355
1104 1.81760512193794
1105 1.81760527384637
1106 1.81760565953596
1107 1.81760626313125
1108 1.81760706824489
1109 1.81760805811363
1110 1.81760921572906
1111 1.81761052396233
1112 1.81761196568266
1113 1.817613523869
1114 1.81761518171466
1115 1.81761692272447
1116 1.81761873080448
1117 1.81762059034383
1118 1.8176224862888
1119 1.81762440420903
1120 1.8176263303559
1121 1.81762825171308
1122 1.81763015603947
1123 1.81763203190462
1124 1.81763386871687
1125 1.81763565674432
1126 1.81763738712917
1127 1.81763905189536
1128 1.8176406439502
1129 1.81764215708002
1130 1.81764358594042
1131 1.81764492604137
1132 1.81764617372768
1133 1.817647326155
1134 1.81764838126205
1135 1.81764933773931
1136 1.81765019499451
1137 1.81765095311553
1138 1.81765161283096
1139 1.81765217546871
1140 1.81765264291308
1141 1.81765301756074
1142 1.81765330227579
1143 1.81765350034439
1144 1.81765361542924
1145 1.81765365152421
1146 1.81765361290934
1147 1.81765350410669
1148 1.81765332983698
1149 1.81765309497751
1150 1.81765280452145
1151 1.81765246353869
1152 1.81765207713841
1153 1.81765165043359
1154 1.81765118850746
1155 1.8176506963821
1156 1.81765017898924
1157 1.81764964114327
1158 1.81764908751661
1159 1.81764852261739
1160 1.81764795076947
1161 1.81764737609483
1162 1.81764680249821
1163 1.81764623365416
1164 1.8176456729962
1165 1.81764512370831
1166 1.81764458871836
1167 1.81764407069376
1168 1.81764357203893
1169 1.81764309489469
1170 1.81764264113936
1171 1.81764221239158
1172 1.81764181001456
1173 1.8176414351218
1174 1.81764108858416
1175 1.81764077103801
1176 1.81764048289452
1177 1.81764022434984
1178 1.81763999539609
1179 1.81763979583313
1180 1.81763962528079
1181 1.81763948319171
1182 1.81763936886438
1183 1.81763928145658
1184 1.81763921999889
1185 1.81763918340827
1186 1.81763917050163
1187 1.81763918000921
1188 1.81763921058787
1189 1.81763926083398
1190 1.81763932929603
1191 1.81763941448685
1192 1.8176395148953
1193 1.81763962899749
1194 1.81763975526748
1195 1.81763989218725
1196 1.81764003825622
1197 1.81764019199998
1198 1.81764035197841
1199 1.81764051679309
1200 1.81764068509404
