1 2
2 2
3 2
4 2
5 2
6 2
7 2
8 2
9 2
10 2
11 2
12 2
13 2
14 2
15 2
16 2
17 2
18 2
19 2
20 2
21 2
22 2
23 2
24 2
25 2
26 2
27 2
28 2
29 2
30 2.25
31 2.27307692307692
32 2.29615384615385
33 2.31923076923077
34 2.34230769230769
35 2.36538461538462
36 2.38846153846154
37 2.41153846153846
38 2.43461538461539
39 2.45769230769231
40 2.47955621682692
41 2.49923521343898
42 2.51693961241865
43 2.53283078539517
44 2.54703209981018
45 2.55963743400735
46 2.57071780445311
47 2.58032652267983
48 2.58850320721986
49 2.59527690388472
50 2.60067439733853
51 2.60473098457222
52 2.60749231305504
53 2.60901091810263
54 2.60934385604455
55 2.60855111502518
56 2.60669457250426
57 2.60383733273269
58 2.60004332458149
59 2.59537707452269
60 2.58990356604852
61 2.58368808013344
62 2.57679596483654
63 2.56929235714469
64 2.5612418932891
65 2.55270842789414
66 2.54375477221966
67 2.53444245553924
68 2.52483151004479
69 2.51498027767899
70 2.50494523649821
71 2.49478084441562
72 2.48453939907308
73 2.47427091341833
74 2.46402300694386
75 2.45384081258829
76 2.443766899195
77 2.43384120927114
78 2.42410101164618
79 2.41458086851727
80 2.40531261629409
81 2.39632535961396
82 2.38764547787669
83 2.37929664363591
84 2.37129985217255
85 2.36367346156488
86 2.35643324255787
87 2.34959243752541
88 2.34316182781135
89 2.33714980873192
90 2.33156247152232
91 2.32640369151402
92 2.32167522183671
93 2.3173767919491
94 2.31350621031584
95 2.3100594705633
96 2.30703086046459
97 2.3044130731238
98 2.30219731975108
99 2.30037344344317
100 2.29893003340874
101 2.29785453910376
102 2.29713338376932
103 2.29675207689206
104 2.29669532513651
105 2.29694714132767
106 2.29749095109216
107 2.29830969679634
108 2.29938593844979
109 2.30070195127309
110 2.30223981965855
111 2.3039815272824
112 2.30590904315636
113 2.30800440343533
114 2.31024978882607
115 2.31262759746934
116 2.3151205131947
117 2.31771156907291
118 2.32038420621587
119 2.32312232779763
120 2.32591034829332
121 2.32873323795372
122 2.33157656255454
123 2.33442651847808
124 2.33726996320345
125 2.34009444129809
126 2.34288820601915
127 2.34564023664725
128 2.34834025168858
129 2.35097871809274
130 2.35354685664434
131 2.35603664369582
132 2.35844080941678
133 2.36075283274209
134 2.3629669332068
135 2.36507805986049
136 2.36708187745687
137 2.36897475011745
138 2.37075372266889
139 2.37241649985452
140 2.37396142361993
141 2.37538744867104
142 2.37669411650114
143 2.37788152808018
144 2.37895031539613
145 2.37990161203382
146 2.38073702297158
147 2.38145859377079
148 2.38206877932706
149 2.38257041234559
150 2.38296667169617
151 2.38326105079608
152 2.38345732616168
153 2.38355952626157
154 2.38357190079627
155 2.38349889052114
156 2.383345097721
157 2.38311525743659
158 2.38281420953455
159 2.38244687170424
160 2.38201821345639
161 2.38153323119041
162 2.38099692438874
163 2.38041427298908
164 2.37979021597702
165 2.37912963123448
166 2.37843731667135
167 2.37771797266128
168 2.37697618579495
169 2.3762164139582
170 2.37544297273555
171 2.37466002313402
172 2.37387156061632
173 2.3730814054271
174 2.37229319419114
175 2.37151037275742
176 2.37073619025903
177 2.36997369435469
178 2.36922572761407
179 2.36849492500603
180 2.36778371244572
181 2.36709430635422
182 2.36642871418188
183 2.36578873584481
184 2.36517596602245
185 2.36459179726262
186 2.36403742383979
187 2.3635138463115
188 2.36302187671752
189 2.36256214436611
190 2.36213510215209
191 2.36174103335168
192 2.36138005883966
193 2.36105214467527
194 2.3607571100043
195 2.36049463522613
196 2.36026427037549
197 2.3600654436708
198 2.35989747018215
199 2.35975956057398
200 2.3596508298795
201 2.35957030626575
202 2.35951693975043
203 2.35948961083359
204 2.35948713900986
205 2.35950829112876
206 2.35955178957316
207 2.35961632022824
208 2.35970054021567
209 2.35980308536988
210 2.3599225774358
211 2.36005763096963
212 2.36020685992655
213 2.36036888392129
214 2.36054233414995
215 2.36072585896326
216 2.36091812908385
217 2.36111784246169
218 2.36132372876414
219 2.36153455349869
220 2.36174912176817
221 2.36196628166003
222 2.36218492727275
223 2.36240400138389
224 2.36262249776582
225 2.36283946315624
226 2.36305399889202
227 2.36326526221582
228 2.36347246726595
229 2.36367488576101
230 2.36387184739131
231 2.36406273993022
232 2.36424700907881
233 2.36442415805778
234 2.36459374696144
235 2.3647553918882
236 2.36490876386293
237 2.3650535875663
238 2.36518963988661
239 2.36531674830935
240 2.36543478915998
241 2.36554368571506
242 2.365643406197
243 2.36573396166701
244 2.36581540383101
245 2.36588782277272
246 2.3659513446276
247 2.36600612921123
248 2.36605236761503
249 2.36609027978167
250 2.3661201120722
251 2.36614213483621
252 2.36615663999577
253 2.36616393865332
254 2.36616435873313
255 2.36615824266517
256 2.3661459451197
257 2.36612783080027
258 2.3661042723021
259 2.3660756480421
260 2.36604234026648
261 2.36600473314074
262 2.36596321092675
263 2.36591815625055
264 2.36586994846431
265 2.3658189621049
266 2.36576556545137
267 2.36571011918266
268 2.36565297513674
269 2.36559447517162
270 2.36553495012811
271 2.36547471889422
272 2.36541408756991
273 2.36535334873134
274 2.36529278079256
275 2.36523264746294
276 2.36517319729783
277 2.36511466333974
278 2.36505726284739
279 2.36500119710911
280 2.36494665133743
281 2.36489379464128
282 2.36484278007184
283 2.36479374473836
284 2.36474680998985
285 2.36470208165849
286 2.36465965036059
287 2.36461959185093
288 2.36458196742616
289 2.36454682437294
290 2.36451419645672
291 2.36448410444674
292 2.36445655667327
293 2.36443154961276
294 2.36440906849706
295 2.36438908794268
296 2.36437157259628
297 2.3643564777926
298 2.36434375022139
299 2.36433332859979
300 2.36432514434688
301 2.36431912225729
302 2.36431518117085
303 2.3643132346355
304 2.36431319156081
305 2.36431495685961
306 2.36431843207551
307 2.36432351599411
308 2.36433010523607
309 2.36433809483012
310 2.3643473787647
311 2.36435785051651
312 2.36436940355499
313 2.36438193182155
314 2.36439533018272
315 2.36440949485641
316 2.36442432381078
317 2.36443971713533
318 2.36445557738377
319 2.36447180988872
320 2.36448832304819
321 2.36450502858387
322 2.36452184177161
323 2.36453868164432
324 2.36455547116792
325 2.36457213739073
326 2.364588611567
327 2.3646048292555
328 2.36462073039363
329 2.36463625934829
330 2.36465136494421
331 2.36466600047085
332 2.36468012366892
333 2.36469369669746
334 2.36470668608283
335 2.36471906265056
336 2.36473080144127
337 2.36474188161189
338 2.36475228632331
339 2.36476200261562
340 2.36477102127224
341 2.36477933667392
342 2.36478694664396
343 2.36479385228566
344 2.36480005781318
345 2.36480557037688
346 2.36481039988419
347 2.36481455881707
348 2.36481806204703
349 2.36482092664869
350 2.3648231717127
351 2.36482481815903
352 2.36482588855139
353 2.36482640691347
354 2.3648263985479
355 2.36482588985849
356 2.36482490817641
357 2.36482348159092
358 2.36482163878513
359 2.36481940887737
360 2.3648168212685
361 2.36481390549562
362 2.36481069109242
363 2.36480720745667
364 2.36480348372482
365 2.36479954865414
366 2.36479543051238
367 2.36479115697528
368 2.36478675503174
369 2.3647822508969
370 2.36477766993301
371 2.36477303657816
372 2.36476837428265
373 2.36476370545302
374 2.36475905140361
375 2.36475443231536
376 2.3647498672019
377 2.36474537388245
378 2.36474096896156
379 2.36473666781521
380 2.36473248458325
381 2.36472843216769
382 2.36472452223665
383 2.36472076523369
384 2.36471717039219
385 2.36471374575435
386 2.36471049819475
387 2.36470743344781
388 2.36470455613916
389 2.36470186982031
390 2.36469937700645
391 2.36469707921703
392 2.36469497701879
393 2.36469307007084
394 2.36469135717172
395 2.36468983630778
396 2.36468850470297
397 2.36468735886941
398 2.36468639465877
399 2.36468560731392
400 2.11468560731392
401 2.06853131109952
402 2.02237717434476
403 1.97622319037395
404 1.93006935215874
405 1.88391565236742
406 1.83776208341304
407 1.79160863750027
408 1.74545530667091
409 1.6993020828478
410 1.65436196883152
411 1.61171882341186
412 1.57135367299312
413 1.5332594104478
414 1.49743779642113
415 1.46389714189591
416 1.43265052052304
417 1.40371439275537
418 1.37710754994037
419 1.3528503068692
420 1.33095800152689
421 1.31143109852637
422 1.29425315242284
423 1.2793939204489
424 1.26681173137787
425 1.25645529504427
426 1.24826509152306
427 1.24217444456295
428 1.23811035789203
429 1.23599417342014
430 1.23574212415595
431 1.23726588099437
432 1.24047314934262
433 1.2452683009654
434 1.25155301038299
435 1.25922687717097
436 1.26818802357111
437 1.2783336621252
438 1.28956063143698
439 1.30176590025964
440 1.31484704118157
441 1.32870267526159
442 1.34323288833776
443 1.35833961907066
444 1.3739270184743
445 1.38990178067446
446 1.4061734447641
447 1.42265466780872
448 1.43926146924082
449 1.4559134470467
450 1.47253396628061
451 1.48905032054242
452 1.50539386713367
453 1.52150013667354
454 1.53730891801795
455 1.55276431938268
456 1.56781480662654
457 1.58241321970035
458 1.59651676831265
459 1.61008700790117
460 1.62308979703088
461 1.63549523736476
462 1.64727759737153
463 1.65841522094779
464 1.6688904221381
465 1.67868936713848
466 1.68780194476425
467 1.69622162655507
468 1.70394531767611
469 1.71097319975652
470 1.71730856678487
471 1.72295765515472
472 1.72792946892504
473 1.73223560132689
474 1.73589005351294
475 1.73890905150787
476 1.74131086227747
477 1.7431156097918
478 1.74434509191337
479 1.74502259889579
480 1.74517273423124
481 1.74482123853745
482 1.74399481712617
483 1.74272097184633
484 1.74102783774584
485 1.73894402504685
486 1.73649846688066
487 1.73372027317979
488 1.73063859107712
489 1.72728247211529
490 1.7236807465232
491 1.71986190477218
492 1.71585398658066
493 1.71168447749422
494 1.70738021312736
495 1.70296729111474
496 1.69847099078208
497 1.69391570051208
498 1.68932485274716
499 1.68472086653915
500 1.68012509752695
501 1.67555779519545
502 1.67103806724371
503 1.66658385086686
504 1.66221189073513
505 1.65793772343386
506 1.6537756681113
507 1.64973882306557
508 1.64583906798908
509 1.64208707157722
510 1.63849230419874
511 1.63506305531758
512 1.63180645535016
513 1.62872850163783
514 1.62583408821198
515 1.62312703902807
516 1.62061014434572
517 1.61828519993386
518 1.61615304878338
519 1.61421362501423
520 1.61246599966991
521 1.61090842809891
522 1.6095383986309
523 1.60835268226384
524 1.60734738308836
525 1.60651798918558
526 1.60585942374615
527 1.60536609616947
528 1.60503195291455
529 1.60485052788624
530 1.60481499215375
531 1.60491820281124
532 1.60515275080399
533 1.60551100755675
534 1.60598517025479
535 1.60656730564149
536 1.60724939220987
537 1.60802336067876
538 1.60888113265762
539 1.6098146574168
540 1.61081594669281
541 1.61187710747056
542 1.6129903726964
543 1.61414812988753
544 1.61534294761448
545 1.61656759984406
546 1.61781508814045
547 1.61907866173191
548 1.62035183545967
549 1.62162840563438
550 1.62290246383355
551 1.62416840868106
552 1.62542095565678
553 1.62665514499083
554 1.62786634770282
555 1.6290502698519
556 1.63020295506785
557 1.63132078543822
558 1.63240048082942
559 1.63343909672356
560 1.63443402065487
561 1.63538296733182
562 1.63628397253273
563 1.63713538586369
564 1.63793586246827
565 1.6386843537787
566 1.63938009739823
567 1.64002260620353
568 1.64061165675512
569 1.64114727710269
570 1.64162973407035
571 1.64205952010492
572 1.64243733976848
573 1.64276409595341
574 1.64304087589599
575 1.6432689370615
576 1.64344969297057
577 1.64358469903352
578 1.64367563845605
579 1.6437243082759
580 1.64373260558678
581 1.64370251400215
582 1.64363609040759
583 1.64353545204702
584 1.64340276398395
585 1.64324022697541
586 1.6430500657925
587 1.64283451801753
588 1.6425958233444
589 1.64233621340507
590 1.64205790214155
591 1.64176307673927
592 1.64145388913465
593 1.64113244810621
594 1.64080081195553
595 1.64046098178153
596 1.64011489534856
597 1.63976442154605
598 1.6394113554352
599 1.6390574138754
600 1.63870423172121
601 1.63835335857821
602 1.63800625610455
603 1.63766429584287
604 1.63732875756584
605 1.63700082811701
606 1.63668160072753
607 1.63637207478768
608 1.6360731560519
609 1.63578565725425
610 1.63551029911137
611 1.63524771168879
612 1.63499843610633
613 1.63476292655804
614 1.63454155262168
615 1.63433460183302
616 1.63414228250006
617 1.63396472673252
618 1.6338019936622
619 1.63365407283022
620 1.63352088771748
621 1.63340229939543
622 1.6332981102745
623 1.63320806792878
624 1.63313186897552
625 1.63306916298975
626 1.63301955643417
627 1.63298261658629
628 1.63295787544505
629 1.63294483360051
630 1.63294296405101
631 1.63295171595327
632 1.632970518292
633 1.63299878345641
634 1.63303591071239
635 1.63308128955981
636 1.63313430296568
637 1.63319433046485
638 1.63326075112091
639 1.63333294634099
640 1.63341030253919
641 1.63349221364407
642 1.63357808344692
643 1.63366732778816
644 1.6337593765801
645 1.63385367566514
646 1.6339496885095
647 1.63404689773278
648 1.63414480647493
649 1.63424293960259
650 1.6343408447573
651 1.63443809324892
652 1.63453428079789
653 1.63462902813068
654 1.63472198143291
655 1.63481281266546
656 1.63490121974884
657 1.63498692662163
658 1.63506968317904
659 1.63514926509791
660 1.6352254735545
661 1.63529813484186
662 1.6353670998934
663 1.63543224371956
664 1.63549346476444
665 1.63555068418931
666 1.63560384508986
667 1.63565291165404
668 1.63569786826721
669 1.63573871857134
670 1.63577548448471
671 1.63580820518854
672 1.63583693608671
673 1.63586174774472
674 1.63588272481347
675 1.63589996494372
676 1.6359135776964
677 1.63592368345391
678 1.6359304123373
679 1.63593390313389
680 1.63593430223955
681 1.63593176261981
682 1.63592644279336
683 1.63591850584154
684 1.63590811844682
685 1.63589544996335
686 1.63588067152184
687 1.63586395517148
688 1.63584547306049
689 1.63582539665736
690 1.63580389601407
691 1.63578113907263
692 1.63575729101569
693 1.63573251366221
694 1.63570696490839
695 1.63568079821429
696 1.63565416213599
697 1.63562719990336
698 1.63560004904279
699 1.63557284104446
700 1.63554570107346
701 1.63551874772375
702 1.63549209281395
703 1.63546584122391
704 1.63544009077055
705 1.63541493212167
706 1.63539044874632
707 1.63536671689988
708 1.63534380564236
709 1.63532177688819
710 1.63530068548555
711 1.63528057932354
712 1.63526149946524
713 1.63524348030485
714 1.63522654974687
715 1.63521072940552
716 1.63519603482247
717 1.63518247570092
718 1.63517005615428
719 1.63515877496742
720 1.63514862586893
721 1.63513959781237
722 1.63513167526495
723 1.63512483850193
724 1.63511906390515
725 1.63511432426402
726 1.63511058907774
727 1.63510782485705
728 1.63510599542438
729 1.63510506221105
730 1.63510498455032
731 1.63510571996522
732 1.63510722445012
733 1.63510945274503
734 1.6351123586019
735 1.6351158950419
736 1.63512001460322
737 1.6351246695786
738 1.63512981224206
739 1.63513539506436
740 1.63514137091683
741 1.63514769326315
742 1.6351543163389
743 1.63516119531865
744 1.63516828647042
745 1.63517554729756
746 1.63518293666796
747 1.63519041493058
748 1.63519794401962
749 1.63520548754624
750 1.6352130108782
751 1.63522048120761
752 1.63522786760709
753 1.63523514107467
754 1.63524227456776
755 1.63524924302664
756 1.63525602338787
757 1.63526259458799
758 1.63526893755816
759 1.63527503520996
760 1.63528087241315
761 1.63528643596558
762 1.63529171455611
763 1.63529669872071
764 1.63530138079262
765 1.6353057548468
766 1.63530981663939
767 1.63531356354265
768 1.63531699447584
769 1.63532010983269
770 1.63532291140576
771 1.63532540230844
772 1.63532758689476
773 1.63532947067775
774 1.63533106024668
775 1.63533236318348
776 1.63533338797905
777 1.63533414394956
778 1.63533464115325
779 1.63533489030808
780 1.63533490271056
781 1.63533469015594
782 1.63533426486028
783 1.63533363938448
784 1.63533282656049
785 1.63533183942012
786 1.63533069112645
787 1.63532939490804
788 1.63532796399625
789 1.6353264115656
790 1.63532475067735
791 1.63532299422654
792 1.63532115489226
793 1.63531924509153
794 1.63531727693657
795 1.63531526219561
796 1.63531321225722
797 1.63531113809812
798 1.63530905025444
799 1.63530695879642
800 1.79107410407571
801 1.80261049516822
802 1.81414690985872
803 1.82568335616691
804 1.83721984156897
805 1.84875637299107
806 1.86029295680585
807 1.87182959883141
808 1.88336630433296
809 1.89490307802683
810 1.90568412309188
811 1.91511765657747
812 1.9233582745376
813 1.93052551382192
814 1.93671164524109
815 1.9419877419178
816 1.94640840420179
817 1.95001543821735
818 1.95284071943936
819 1.95490842153861
820 1.95624041807874
821 1.9568631031623
822 1.95680851232512
823 1.956112122008
824 1.95481137510995
825 1.9529447179336
826 1.95055099331842
827 1.94766907843292
828 1.94433768764548
829 1.94059528416505
830 1.93648004321965
831 1.93202980033544
832 1.92728195287724
833 1.92227333028766
834 1.91704005628546
835 1.91161741591852
836 1.90603973382413
837 1.9003402660623
838 1.89455110557976
839 1.88870310013642
840 1.8828257810621
841 1.87694730140513
842 1.87109438262842
843 1.86529226954435
844 1.85956469342554
845 1.85393384326013
846 1.84842034505689
847 1.84304324901515
848 1.83782002428971
849 1.83276656101795
850 1.8278971792366
851 1.82322464429717
852 1.81876018838249
853 1.81451353772573
854 1.8104929451326
855 1.80670522740592
856 1.80315580727024
857 1.79984875939301
858 1.79678686009889
859 1.79397164037608
860 1.79140344177744
861 1.78908147482506
862 1.78700387953492
863 1.78516778768731
864 1.78356938647937
865 1.78220398320777
866 1.78106607064219
867 1.78014939276399
868 1.77944701055862
869 1.77895136756566
870 1.77865435490592
871 1.77854737552116
872 1.77862140737873
873 1.77886706541021
874 1.77927466197029
875 1.77983426561936
876 1.78053575805037
877 1.78136888899811
878 1.78232332898574
879 1.78338871978045
880 1.78455472244695
881 1.78581106290345
882 1.78714757490105
883 1.78855424036267
884 1.79002122703287
885 1.79153892340436
886 1.79309797090073
887 1.79468929330855
888 1.79630412346438
889 1.79793402721449
890 1.79957092467623
891 1.8012071088409
892 1.80283526156757
893 1.8044484670269
894 1.80604022266216
895 1.80760444774274
896 1.80913548959221
897 1.81062812757953
898 1.81207757496748
899 1.81347947871739
900 1.81482991735339
901 1.81612539699296
902 1.81736284565362
903 1.8185396059475
904 1.81965342627751
905 1.82070245064964
906 1.82168520721669
907 1.82260059566817
908 1.82344787358109
909 1.82422664184496
910 1.82493682927283
911 1.82557867650841
912 1.82615271933678
913 1.82665977150367
914 1.82710090714506
915 1.82747744292572
916 1.82779091998144
917 1.82804308575604
918 1.82823587582011
919 1.82837139575402
920 1.82845190317356
921 1.82847978997176
922 1.82845756484604
923 1.82838783617476
924 1.8282732953029
925 1.82811670029133
926 1.82792086017961
927 1.82768861980734
928 1.82742284523439
929 1.82712640979542
930 1.82680218081985
931 1.82645300704348
932 1.82608170673384
933 1.82569105654685
934 1.82528378112832
935 1.82486254346982
936 1.82442993602428
937 1.82398847258354
938 1.82354058091597
939 1.82308859615936
940 1.82263475496088
941 1.82218119035311
942 1.82172992735238
943 1.82128287926286
944 1.82084184466794
945 1.82040850508786
946 1.81998442328073
947 1.81957104216259
948 1.81916968432009
949 1.81878155208858
950 1.81840772816678
951 1.81804917673847
952 1.81770674507077
953 1.81738116555804
954 1.81707305817975
955 1.81678293334068
956 1.81651119506154
957 1.81625814448805
958 1.81602398368679
959 1.81580881969649
960 1.81561266880364
961 1.81543546101203
962 1.81527704467643
963 1.81513719127134
964 1.81501560026663
965 1.81491190408278
966 1.81482567309951
967 1.81475642069253
968 1.81470360827447
969 1.81466665031699
970 1.81464491933258
971 1.81463775079555
972 1.81464444798322
973 1.81466428671946
974 1.81469652000427
975 1.81474038251412
976 1.81479509495948
977 1.81485986828693
978 1.81493390771487
979 1.81501641659293
980 1.81510660007662
981 1.81520366860988
982 1.8153068412096
983 1.81541534854711
984 1.8155284358231
985 1.8156453654333
986 1.81576541942338
987 1.81588790173271
988 1.81601214022737
989 1.81613748852378
990 1.81626332760538
991 1.81638906723531
992 1.81651414716902
993 1.81663803817136
994 1.81676024284334
995 1.81688029626446
996 1.81699776645685
997 1.81711225467803
998 1.81722339554977
999 1.81733085703037
1000 1.81743434023855
1001 1.81753357913707
1002 1.8176283400846
1003 1.81771842126428
1004 1.81780365199795
1005 1.81788389195468
1006 1.81795903026247
1007 1.81802898453206
1008 1.81809369980153
1009 1.81815314741041
1010 1.81820732381202
1011 1.81825624933223
1012 1.81829996688315
1013 1.81833854063965
1014 1.81837205468651
1015 1.81840061164385
1016 1.81842433127799
1017 1.81844334910483
1018 1.81845781499228
1019 1.81846789176817
1020 1.8184737538396
1021 1.81847558582932
1022 1.81847358123441
1023 1.81846794111235
1024 1.81845887279869
1025 1.81844658866082
1026 1.81843130489148
1027 1.81841324034542
1028 1.81839261542236
1029 1.81836965099892
1030 1.81834456741188
1031 1.81831758349473
1032 1.81828891566925
1033 1.81825877709332
1034 1.81822737686619
1035 1.81819491929164
1036 1.81816160319968
1037 1.81812762132675
1038 1.81809315975436
1039 1.81805839740576
1040 1.81802350559994
1041 1.8179886476622
1042 1.81795397859004
1043 1.81791964477338
1044 1.81788578376728
1045 1.8178525241159
1046 1.81781998522572
1047 1.81778827728618
1048 1.81775750123574
1049 1.8177277487712
1050 1.81769910239811
1051 1.81767163552002
1052 1.81764541256407
1053 1.81762048914075
1054 1.81759691223524
1055 1.81757472042794
1056 1.8175539441418
1057 1.81753460591386
1058 1.81751672068868
1059 1.81750029613125
1060 1.8174853329569
1061 1.81747182527598
1062 1.81745976095091
1063 1.81744912196357
1064 1.81743988479058
1065 1.81743202078466
1066 1.81742549655986
1067 1.81742027437888
1068 1.81741631254048
1069 1.81741356576538
1070 1.81741198557887
1071 1.81741152068872
1072 1.81741211735674
1073 1.81741371976278
1074 1.81741627035991
1075 1.81741971021947
1076 1.81742397936522
1077 1.81742901709528
1078 1.81743476229141
1079 1.81744115371454
1080 1.81744813028612
1081 1.81745563135462
1082 1.81746359694681
1083 1.81747196800341
1084 1.81748068659881
1085 1.81748969614469
1086 1.8174989415775
1087 1.81750836952961
1088 1.81751792848435
1089 1.81752756891489
1090 1.81753724340734
1091 1.81754690676804
1092 1.81755651611562
1093 1.81756603095801
1094 1.81757541325485
1095 1.81758462746577
1096 1.81759364058501
1097 1.8176024221629
1098 1.81761094431482
1099 1.81761918171809
1100 1.81762711159764
1101 1.81763471370079
1102 1.81764197026206
1103 1.81764886595853
1104 1.81765538785644
1105 1.81766152534974
1106 1.81766727009128
1107 1.8176726159172
1108 1.81767755876539
1109 1.81768209658855
1110 1.81768622926249
1111 1.8176899584905
1112 1.81769328770413
1113 1.81769622196132
1114 1.81769876784224
1115 1.81770093334347
1116 1.81770272777121
1117 1.81770416163385
1118 1.8177052465346
1119 1.81770599506446
1120 1.81770642069625
1121 1.81770653767986
1122 1.8177063609393
1123 1.8177059059719
1124 1.81770518874991
1125 1.81770422562495
1126 1.81770303323551
1127 1.81770162841782
1128 1.81770002812021
1129 1.81769824932139
1130 1.81769630895255
1131 1.81769422382365
1132 1.81769201055394
1133 1.81768968550675
1134 1.81768726472881
1135 1.81768476389391
1136 1.81768219825116
1137 1.81767958257764
1138 1.81767693113567
1139 1.81767425763441
1140 1.81767157519595
1141 1.81766889632572
1142 1.81766623288711
1143 1.81766359608032
1144 1.81766099642519
1145 1.81765844374795
1146 1.8176559471718
1147 1.81765351511109
1148 1.81765115526895
1149 1.81764887463828
1150 1.81764667950589
1151 1.81764457545955
1152 1.81764256739787
1153 1.81764065954279
1154 1.81763885545447
1155 1.8176371580484
1156 1.81763556961459
1157 1.81763409183856
1158 1.81763272582403
1159 1.81763147211708
1160 1.81763033073162
1161 1.81762930117595
1162 1.8176283824803
1163 1.8176275732251
1164 1.81762687156987
1165 1.8176262752826
1166 1.81762578176935
1167 1.81762538810403
1168 1.81762509105818
1169 1.81762488713065
1170 1.81762477257693
1171 1.81762474343822
1172 1.81762479556991
1173 1.81762492466954
1174 1.81762512630403
1175 1.81762539593614
1176 1.81762572895011
1177 1.81762612067628
1178 1.81762656641485
1179 1.81762706145845
1180 1.81762760111374
1181 1.81762818072176
1182 1.81762879567716
1183 1.81762944144623
1184 1.81763011358369
1185 1.81763080774826
1186 1.81763151971692
1187 1.81763224539805
1188 1.81763298084316
1189 1.81763372225755
1190 1.81763446600961
1191 1.81763520863904
1192 1.81763594686376
1193 1.81763667758582
1194 1.81763739789602
1195 1.81763810507764
1196 1.81763879660894
1197 1.81763947016474
1198 1.8176401236171
1199 1.81764075503492
1200 1.81764136268285
