1 2
2 2
3 2
4 2
5 2
6 2
7 2
8 2
9 2
10 2
11 2
12 2
13 2
14 2
15 2
16 2
17 2
18 2
19 2
20 2
21 2
22 2
23 2
24 2
25 2
26 2
27 2
28 2
29 2
30 2.25
31 2.28395459459459
32 2.31854918918919
33 2.35314378378378
34 2.38773837837838
35 2.42233297297297
36 2.45692756756757
37 2.49152216216216
38 2.52611675675676
39 2.56071135135135
40 2.59274418483676
41 2.62010879667389
42 2.64315172552042
43 2.66213338547524
44 2.67725514016325
45 2.68867242291054
46 2.6965049591706
47 2.70084472586134
48 2.70176214804032
49 2.69931092271676
50 2.69355802390542
51 2.6846262291549
52 2.67269802802734
53 2.65799687864885
54 2.64077399455562
55 2.62129903715945
56 2.59985362979253
57 2.57672689772234
58 2.55221245253702
59 2.52660639756659
60 2.50020577872397
61 2.47330666945045
62 2.44620153511897
63 2.41917618903256
64 2.39250673665279
65 2.36645672683083
66 2.34127461629191
67 2.31719158387041
68 2.29441968977466
69 2.2731503526276
70 2.25355310919196
71 2.2357746291648
72 2.21993797438723
73 2.20614210514107
74 2.19446163965968
75 2.18494686976734
76 2.17762402993201
77 2.17249581124984
78 2.16954210706936
79 2.16872097351094
80 2.16996978603258
81 2.17320657213887
82 2.17833149985395
83 2.18522850126131
84 2.19376701006279
85 2.20380379173295
86 2.21518484453794
87 2.22774734954617
88 2.24132164784896
89 2.25573322356289
90 2.27080467179832
91 2.28635763162621
92 2.30221466512161
93 2.31820106477275
94 2.33414657289193
95 2.3498869981263
96 2.36526571572629
97 2.38013503987125
98 2.39435745805933
99 2.40780671932433
100 2.4203687698269
101 2.43194253116254
102 2.44244051851312
103 2.45178929752479
104 2.45992978050451
105 2.46681736417373
106 2.47242191278593
107 2.476727591892
108 2.47973255940999
109 2.48144852191514
110 2.48190016520073
111 2.48112446916472
112 2.47916991794356
113 2.47609561693934
114 2.4719703289669
115 2.46687144218147
116 2.46088388273641
117 2.45409898526551
118 2.44661333428846
119 2.43852758950718
120 2.42994530769871
121 2.42097177352599
122 2.41171285108841
123 2.40227386742835
124 2.3927585385081
125 2.38326794738422
126 2.37389958344379
127 2.36474645064134
128 2.35589625169811
129 2.34743065420752
130 2.33942464354594
131 2.33194596642618
132 2.32505466786488
133 2.31880272327535
134 2.3132337663552
135 2.30838291242288
136 2.30427667587975
137 2.30093297954246
138 2.29836125271283
139 2.29656261403631
140 2.29553013445193
141 2.29524917486174
142 2.29569779255096
143 2.29684720987474
144 2.29866233829653
145 2.30110235051759
146 2.30412129317921
147 2.30766873244659
148 2.31169042469727
149 2.31612900453328
150 2.32092468241432
151 2.32601594436356
152 2.33134024642606
153 2.33683469685578
154 2.34243671936668
155 2.34808469119956
156 2.35371855022422
157 2.35928036580799
158 2.36471486873167
159 2.36996993601403
160 2.37499702711025
161 2.37975156857042
162 2.38419328487457
163 2.38828647379404
164 2.39200022525854
165 2.39530858332718
166 2.39819065146512
167 2.40063064190787
168 2.40261787044948
169 2.40414669851178
170 2.40521642483715
171 2.40583112959195
172 2.40599947406868
173 2.40573445953002
174 2.40505314904398
175 2.40397635641601
176 2.40252830652899
177 2.40073627155621
178 2.39863018761455
179 2.39624225647722
180 2.3936065369675
181 2.39075853060896
182 2.38773476601635
183 2.38457238637588
184 2.38130874418804
185 2.37798100723301
186 2.37462577947137
187 2.37127874031557
188 2.36797430540344
189 2.36474531167901
190 2.36162272924103
191 2.35863540206107
192 2.35580981930424
193 2.3531699186114
194 2.35073692232522
195 2.34852920726899
196 2.34656220831889
197 2.34484835565243
198 2.34339704521055
199 2.342214641582
200 2.34130451220876
201 2.34066709152286
202 2.34029997336107
203 2.34019802976501
204 2.3403535540638
205 2.3407564259538
206 2.34139429613779
207 2.34225278796369
208 2.34331571341138
209 2.34456530071494
210 2.34598243087696
211 2.34754688032978
212 2.34923756702577
213 2.35103279729275
214 2.35291051087117
215 2.35484852165334
216 2.356824751772
217 2.35881745683185
218 2.36080544024244
219 2.36276825479141
220 2.36468638979048
221 2.36654144233153
222 2.36831627140287
223 2.36999513383501
224 2.37156380126726
225 2.37300965755024
226 2.3743217762213
227 2.37549097790833
228 2.37650986773035
229 2.3773728529683
230 2.37807614147469
231 2.37861772147529
232 2.37899732358686
233 2.3792163660324
234 2.37927788417672
235 2.37918644563102
236 2.37894805228278
237 2.37857003069874
238 2.37806091242077
239 2.37743030572918
240 2.37668876048462
241 2.37584762767784
242 2.37491891531788
243 2.37391514227314
244 2.37284919164784
245 2.37173416522869
246 2.37058324047492
247 2.36940953144973
248 2.36822595500425
249 2.36704510342716
250 2.36587912466628
251 2.36473961111315
252 2.36363749782033
253 2.36258297089452
254 2.3615853866787
255 2.36065320220428
256 2.3597939172616
257 2.35901402830543
258 2.35831899428176
259 2.35771321433646
260 2.35720001724393
261 2.35678166227822
262 2.35645935113932
263 2.35623325044585
264 2.35610252421175
265 2.35606537564058
266 2.35611909749636
267 2.35626013024544
268 2.35648412711019
269 2.35678602513178
270 2.35716012130703
271 2.3576001528427
272 2.3580993805593
273 2.35865067447602
274 2.35924660061775
275 2.35987950810414
276 2.36054161560878
277 2.36122509631336
278 2.36192216052597
279 2.36262513518463
280 2.36332653952491
281 2.36401915625429
282 2.36469609764402
283 2.36535086602151
284 2.36597740822133
285 2.36657016363024
286 2.3671241055398
287 2.36763477559937
288 2.36809831124022
289 2.36851146601898
290 2.36887162290347
291 2.36917680059642
292 2.36942565306167
293 2.36961746248235
294 2.36975212594101
295 2.36983013616727
296 2.36985255674855
297 2.36982099224364
298 2.36973755367742
299 2.36960481992691
300 2.36942579553456
301 2.36920386550409
302 2.36894274764711
303 2.36864644305522
304 2.36831918527293
305 2.36796538874105
306 2.36758959706892
307 2.36719643167737
308 2.36679054133222
309 2.3663765530621
310 2.3659590249234
311 2.36554240104087
312 2.36513096931467
313 2.364728822144
314 2.36433982047476
315 2.36396756143388
316 2.36361534976737
317 2.3632861732523
318 2.36298268220633
319 2.36270717317156
320 2.36246157680408
321 2.36224744995559
322 2.36206597189075
323 2.36191794454264
324 2.36180379667045
325 2.36172359174722
326 2.36167703937263
327 2.36166350997616
328 2.36168205254948
329 2.36173141512412
330 2.3618100676916
331 2.36191622724767
332 2.36204788463101
333 2.36220283281886
334 2.36237869633823
335 2.36257296145103
336 2.36278300677465
337 2.3630061340064
338 2.3632395984297
339 2.36348063889341
340 2.36372650697073
341 2.36397449502271
342 2.3642219629117
343 2.36446636313256
344 2.36470526415332
345 2.36493637178271
346 2.36515754840823
347 2.36536682997578
348 2.36556244060946
349 2.36574280479807
350 2.36590655710241
351 2.36605254936459
352 2.36617985542738
353 2.36628777339675
354 2.36637582550551
355 2.36644375565864
356 2.36649152476237
357 2.36651930395869
358 2.36652746590453
359 2.36651657425077
360 2.3664873714894
361 2.36644076534883
362 2.36637781392632
363 2.36629970975327
364 2.36620776299388
365 2.3661033839798
366 2.36598806528387
367 2.36586336353388
368 2.36573088116343
369 2.36559224829106
370 2.36544910491135
371 2.36530308357205
372 2.36515579270087
373 2.36500880073317
374 2.36486362117862
375 2.36472169875058
376 2.36458439666678
377 2.36445298521426
378 2.36432863165525
379 2.3642123915344
380 2.36410520143097
381 2.36400787318356
382 2.36392108959832
383 2.3638454016364
384 2.36378122706061
385 2.36372885050729
386 2.3636884249355
387 2.363659974393
388 2.36364339802678
389 2.36363847525557
390 2.3636448720122
391 2.36366214795588
392 2.36368976454751
393 2.36372709387586
394 2.36377342811831
395 2.36382798951719
396 2.36388994075121
397 2.36395839558146
398 2.36403242965261
399 2.36411109133229
400 2.11411109133229
401 2.04628690866882
402 1.97718444166612
403 1.90808273486492
404 1.83898085649998
405 1.76987790737365
406 1.70077302909879
407 1.6316654116463
408 1.56255430014211
409 1.4934390008679
410 1.42688149108739
411 1.36533618787596
412 1.30904909294129
413 1.25822932813209
414 1.21304356245719
415 1.2
416 1.2
417 1.2
418 1.2
419 1.2
420 1.2
421 1.2
422 1.20262923173983
423 1.21096196899988
424 1.22472522633057
425 1.24332563864215
426 1.26586903946272
427 1.2915361885479
428 1.31968649502614
429 1.34981852860495
430 1.38153937740784
431 1.41454077347775
432 1.44855354837082
433 1.48328314093374
434 1.51838935795343
435 1.55350481179912
436 1.58825534592433
437 1.6222780261426
438 1.65523269751875
439 1.68680796405766
440 1.71672349058751
441 1.74472995692684
442 1.77060786234637
443 1.79416651138165
444 1.81524394389771
445 1.83370760034102
446 1.8494551810806
447 1.86241528376872
448 1.87254758173621
449 1.87984247455021
450 1.88432024585267
451 1.88602981374196
452 1.88504717366582
453 1.88147362064624
454 1.87543380730623
455 1.86707366556329
456 1.85655820499412
457 1.84406919853465
458 1.82980277063352
459 1.81396690936496
460 1.7967789292906
461 1.77846291480792
462 1.75924717423037
463 1.73936173344335
464 1.71903589551634
465 1.69849588992972
466 1.67796263256477
467 1.65764961542072
468 1.63776094306599
469 1.61848953094496
470 1.60001547871525
471 1.58250462971749
472 1.56610732547285
473 1.55095736180101
474 1.53717115081033
475 1.52484709069033
476 1.51406514297995
477 1.50488661482337
478 1.49735414167687
479 1.49149186400767
480 1.48730578973732
481 1.48478433253783
482 1.48389901459814
483 1.48460532115176
484 1.4868436929027
485 1.49054064151382
486 1.49560997253461
487 1.50195409954693
488 1.50946543289699
489 1.5180278261586
490 1.52751806343114
491 1.53780737071143
492 1.54876293488304
493 1.56024941433114
494 1.57213042580665
495 1.58426999291712
496 1.59653394250254
497 1.60879123614846
498 1.62091522518196
499 1.63278481867408
500 1.64428555522013
501 1.65531057057105
502 1.66576145453077
503 1.67554899189909
504 1.6845937836142
505 1.69282674561738
506 1.70018948431138
507 1.70663454880049
508 1.71212556137046
509 1.71663722888092
510 1.72015523888779
511 1.7226760453825
512 1.72420655001672
513 1.72476368557071
514 1.72437390921309
515 1.72307261378546
516 1.7209034659224
517 1.71791768028491
518 1.71417323954046
519 1.70973406996693
520 1.70466918269122
521 1.69905179059844
522 1.69295841086837
523 1.68646796291554
524 1.67966087123397
525 1.67261818228279
526 1.6654207041015
527 1.65814817682087
528 1.65087848164561
529 1.64368689523567
530 1.63664539571371
531 1.62982202578542
532 1.62328031768617
533 1.61707878387091
534 1.6112704765535
535 1.6059026183854
536 1.60101630575076
537 1.59664628535346
538 1.59282080398987
539 1.58956153064602
540 1.58688354933679
541 1.58479542042385
542 1.5832993075143
543 1.58239116645769
544 1.58206099243119
545 1.58229312063243
546 1.58306657569276
547 1.58435546457961
548 1.58612940747923
549 1.58835400093916
550 1.59099130740484
551 1.5940003652046
552 1.59733771302228
553 1.60095792294319
554 1.60481413626587
555 1.60885859643536
556 1.61304317366994
557 1.61731987611876
558 1.62164134269808
559 1.62596131310394
560 1.63023507088434
561 1.63441985586945
562 1.63847524269799
563 1.6423634826374
564 1.64604980636799
565 1.64950268588324
566 1.65269405414299
567 1.65559948159904
568 1.65819830918896
569 1.66047373785834
570 1.66241287512
571 1.6640067395877
572 1.66525022482571
573 1.66614202423365
574 1.66668451903236
575 1.66688363173132
576 1.66674864773657
577 1.66629200800104
578 1.66552907582295
579 1.66447788106341
580 1.66315884518032
581 1.66159449056218
582 1.6598091376929
583 1.65782859368847
584 1.65567983571824
585 1.65339069276116
586 1.65098952904983
587 1.64850493242761
588 1.6459654106861
589 1.64339909876631
590 1.64083347949928
591 1.63829512033259
592 1.63580942824336
593 1.63340042477654
594 1.63109054287511
595 1.62890044688756
596 1.62684887685228
597 1.62495251787033
598 1.62322589509154
599 1.62168129455563
600 1.62032870985473
601 1.61917581431646
602 1.61822795815286
603 1.61748818977952
604 1.61695730028547
605 1.61663388982776
606 1.61651445453833
607 1.61659349236456
608 1.61686362612101
609 1.61731574190832
610 1.61793914095693
611 1.61872170287835
612 1.61965005825519
613 1.62070976847253
614 1.62188551068781
615 1.62316126585232
616 1.62452050773492
617 1.62594639095584
618 1.6274219361146
619 1.62893021018938
620 1.63045450049454
621 1.63197848060627
622 1.63348636680221
623 1.63496306370714
624 1.6363942979921
625 1.63776673913591
626 1.6390681064252
627 1.64028726153879
628 1.64141428623313
629 1.64244054481609
630 1.64335873126432
631 1.64416290100331
632 1.64484848752747
633 1.64541230418917
634 1.6458525316281
635 1.64616869144576
636 1.64636160685251
637 1.64643335112543
638 1.64638718481403
639 1.64622748271627
640 1.6459596517199
641 1.64559004066231
642 1.64512584340686
643 1.64457499636441
644 1.64394607170556
645 1.64324816751272
646 1.64249079611172
647 1.64168377180022
648 1.64083709915653
649 1.63996086306717
650 1.63906512155609
651 1.63815980243364
652 1.63725460471029
653 1.63635890563918
654 1.63548167416504
655 1.63463139146477
656 1.63381597916875
657 1.63304273575302
658 1.63231828149156
659 1.63164851225632
660 1.63103856235139
661 1.6304927764679
662 1.63001469074918
663 1.62960702286097
664 1.62927167087242
665 1.62900972066804
666 1.62882146153205
667 1.62870640947347
668 1.62866333779452
669 1.62869031434611
670 1.62878474486331
671 1.62894342173091
672 1.62916257749409
673 1.6294379424029
674 1.62976480526092
675 1.63013807683822
676 1.6305523551067
677 1.63100199156158
678 1.6314811579057
679 1.63198391239368
680 1.63250426515941
681 1.63303624188369
682 1.63357394519674
683 1.63411161325435
684 1.63464367497379
685 1.63516480146749
686 1.63566995326708
687 1.63615442298752
688 1.63661387313974
689 1.63704436886027
690 1.63744240538672
691 1.63780493016778
692 1.63812935955609
693 1.63841359008986
694 1.63865600442523
695 1.63885547203452
696 1.63901134483622
697 1.63912344796948
698 1.63919206596897
699 1.6392179246357
700 1.63920216893361
701 1.63914633727251
702 1.63905233256324
703 1.6389223904517
704 1.63875904515419
705 1.63856509332738
706 1.63834355641232
707 1.63809764189314
708 1.63783070390789
709 1.63754620364098
710 1.63724766991513
711 1.63693866038448
712 1.63662272371128
713 1.63630336308559
714 1.63598400142176
715 1.63566794853684
716 1.63535837058576
717 1.63505826199533
718 1.63477042010541
719 1.63449742269063
720 1.63424160850038
721 1.63400506091908
722 1.63378959481282
723 1.63359674659368
724 1.63342776749799
725 1.63328362004233
726 1.63316497758882
727 1.63307222692148
728 1.63300547370748
729 1.63296455069138
730 1.63294902844707
731 1.63295822849145
732 1.63299123854606
733 1.63304692971724
734 1.63312397535365
735 1.63322087133007
736 1.63333595750035
737 1.63346744005826
738 1.63361341454481
739 1.63377188924199
740 1.63394080869786
741 1.63411807713474
742 1.63430158150189
743 1.63448921394534
744 1.63467889348149
745 1.63486858667592
746 1.63505632714618
747 1.63524023372516
748 1.63541852714115
749 1.63558954509069
750 1.63575175560108
751 1.63590376860071
752 1.63604434563633
753 1.63617240769793
754 1.63628704113267
755 1.63638750164956
756 1.6364732164367
757 1.63654378443131
758 1.6365989748009
759 1.63663872371043
760 1.63666312946556
761 1.63667244613597
762 1.63666707577515
763 1.63664755936361
764 1.6366145666115
765 1.63656888476416
766 1.63651140655941
767 1.63644311748955
768 1.63636508252291
769 1.63627843244061
770 1.63618434994267
771 1.63608405567521
772 1.63597879432602
773 1.63586982093059
774 1.63575838752323
775 1.63564573026054
776 1.63553305713484
777 1.63542153638552
778 1.63531228570533
779 1.63520636232719
780 1.63510475406514
781 1.63500837137077
782 1.634918040454
783 1.63483449750408
784 1.63475838403464
785 1.6346902433637
786 1.63463051822766
787 1.63457954951654
788 1.63453757610654
789 1.6345047357554
790 1.63448106701606
791 1.63446651211527
792 1.63446092073543
793 1.63446405463044
794 1.63447559300039
795 1.6344951385442
796 1.63452222410506
797 1.63455631982025
798 1.6345968406846
799 1.63464315443546
800 1.88464315443546
801 1.90167630614738
802 1.91903315215269
803 1.93639295322844
804 1.95375496395323
805 1.97111844063741
806 1.98848264897321
807 2.00584687133497
808 2.02321041366513
809 2.04057261188847
810 2.05537160375361
811 2.0656746706398
812 2.0721242830228
813 2.07521530491001
814 2.07533281907895
815 2.07277642258138
816 2.06777915383242
817 2.06052223484135
818 2.05114655355341
819 2.0397616068112
820 2.02647871026131
821 2.01145423686646
822 1.99489121333236
823 1.97701826083535
824 1.95807565240296
825 1.93830630057125
826 1.91795017595252
827 1.89724107927089
828 1.87640499815564
829 1.85565950487219
830 1.8352135452646
831 1.81526678354613
832 1.79600818344427
833 1.7776141932699
834 1.76024695860442
835 1.7440527773262
836 1.72916088432083
837 1.71568257856636
838 1.70371066474551
839 1.69331916248682
840 1.68456323308608
841 1.67747928554819
842 1.67208524413808
843 1.66838097470944
844 1.66634887111815
845 1.66595460006148
846 1.66714799748146
847 1.6698641046572
848 1.67402432834939
849 1.67953770714442
850 1.68630226534802
851 1.69420643599668
852 1.70313053524884
853 1.71294827114247
854 1.72352827027327
855 1.73473560638809
856 1.74643331530935
857 1.75848388111343
858 1.77075067914594
859 1.78309936229405
860 1.79539917794241
861 1.80752420418271
862 1.81935449509058
863 1.83077712619167
864 1.84168713258704
865 1.85198833357699
866 1.86159403900247
867 1.87042763390148
868 1.87842303944569
869 1.88552504946735
870 1.89168954319665
871 1.89688357609169
872 1.90108535184557
873 1.90428407978564
874 1.90647972292954
875 1.90768264292265
876 1.9079131489443
877 1.90720095843142
878 1.9055845781225
879 1.90311061446916
880 1.89983302289593
881 1.89581230570893
882 1.89111466866277
883 1.88581114629248
884 1.87997670610747
885 1.8736893416295
886 1.86702916404285
887 1.8600775019162
888 1.85291601805968
889 1.84562585210338
890 1.83828679683326
891 1.83097651570519
892 1.8237698082857
893 1.81673792964837
894 1.80994796899648
895 1.80346229199452
896 1.7973380504827
897 1.79162676242903
898 1.7863739641511
899 1.78161893602372
900 1.77739450208676
901 1.77372690318788
902 1.77063574254491
903 1.76813400189894
904 1.76622812575804
905 1.76491817060842
906 1.76419801539978
907 1.76405562909869
908 1.76447339065122
909 1.76542845630698
910 1.7668931689327
911 1.76883550368559
912 1.77121954422641
913 1.77400598352735
914 1.77715264327198
915 1.78061500584988
916 1.7843467530162
917 1.78830030541343
918 1.79242735733539
919 1.79667940134844
920 1.80100823766805
921 1.80536646351539
922 1.80970793804383
923 1.81398821882437
924 1.81816496630605
925 1.82219831311791
926 1.82605119554686
927 1.82968964500605
928 1.83308303779498
929 1.83620430194131
930 1.83903008039863
931 1.84154085035131
932 1.84372099884019
933 1.84555885536874
934 1.84704668257333
935 1.84818062644003
936 1.84896062792059
937 1.84939029813916
938 1.84947675968615
939 1.8492304567647
940 1.84866493718651
941 1.84779660940662
942 1.84664447794001
943 1.84522986061639
944 1.84357609120366
945 1.84170821096543
946 1.83965265271488
947 1.83743692088728
948 1.83508927107844
949 1.8326383923878
950 1.83011309576567
951 1.82754201139608
952 1.82495329795297
953 1.82237436635037
954 1.81983162037086
955 1.81735021630245
956 1.8149538434469
957 1.81266452708445
958 1.81050245519516
959 1.80848582994727
960 1.80663074467373
961 1.80495108676928
962 1.80345846665811
963 1.80216217270674
964 1.80106915169196
965 1.80018401418191
966 1.79950906395122
967 1.79904435033118
968 1.7987877421946
969 1.79873502209351
970 1.7988799989084
971 1.79921463722954
972 1.79972920157688
973 1.80041241347334
974 1.80125161931895
975 1.80223296696921
976 1.80334158889988
977 1.80456178984241
978 1.8058772367976
979 1.80727114937969
980 1.80872648850727
981 1.81022614154006
982 1.81175310206039
983 1.81329064261298
984 1.81482247884565
985 1.81633292363387
986 1.81780702992284
987 1.81923072117962
988 1.82059090851268
989 1.82187559368562
990 1.82307395742369
991 1.82417643258376
992 1.82517476192967
993 1.82606204042301
994 1.82683274210248
995 1.82748273178268
996 1.82800926195276
997 1.82841095539597
998 1.82868777418218
999 1.82884097580505
1000 1.82887305734317
1001 1.82878768861958
1002 1.82858963541606
1003 1.82828467386642
1004 1.8278794972077
1005 1.82738161610798
1006 1.82679925381627
1007 1.82614123739199
1008 1.82541688627107
1009 1.82463589941137
1010 1.82380824223411
1011 1.82294403453961
1012 1.82205344052695
1013 1.8211465619876
1014 1.82023333567529
1015 1.81932343577757
1016 1.81842618233127
1017 1.81755045633477
1018 1.81670462221529
1019 1.81589645821182
1020 1.81513309513372
1021 1.81442096385262
1022 1.81376575178358
1023 1.81317236850912
1024 1.81264492060059
1025 1.81218669559362
1026 1.81180015498147
1027 1.81148693600078
1028 1.81124786190061
1029 1.81108296030825
1030 1.81099148923363
1031 1.8109719701906
1032 1.81102222785665
1033 1.81113943564383
1034 1.81132016651343
1035 1.8115604483344
1036 1.81185582306172
1037 1.81220140899512
1038 1.81259196537115
1039 1.81302195854211
1040 1.8134856290035
1041 1.81397705854735
1042 1.81449023684119
1043 1.81501912676179
1044 1.81555772784764
1045 1.81610013727472
1046 1.81664060780543
1047 1.81717360221023
1048 1.8176938437145
1049 1.81819636207907
1050 1.81867653498124
1051 1.81913012442267
1052 1.81955330795109
1053 1.81994270454385
1054 1.82029539506111
1055 1.8206089372365
1056 1.82088137523011
1057 1.82111124382472
1058 1.82129756739854
1059 1.82143985385802
1060 1.82153808375983
1061 1.82159269489399
1062 1.82160456263774
1063 1.82157497642355
1064 1.82150561269359
1065 1.82139850473704
1066 1.82125600982582
1067 1.82108077407864
1068 1.82087569549254
1069 1.82064388558563
1070 1.82038863009449
1071 1.82011334916468
1072 1.81982155746376
1073 1.8195168246328
1074 1.81920273647496
1075 1.81888285725907
1076 1.81856069349207
1077 1.81823965948719
1078 1.81792304502534
1079 1.8176139853758
1080 1.81731543390878
1081 1.81703013749824
1082 1.8167606148775
1083 1.81650913807451
1084 1.81627771701735
1085 1.81606808736478
1086 1.81588170158136
1087 1.81571972324246
1088 1.81558302452143
1089 1.81547218677977
1090 1.81538750415179
1091 1.81532898998747
1092 1.81529638599248
1093 1.81528917388133
1094 1.81530658934004
1095 1.81534763807713
1096 1.81541111372761
1097 1.81549561736334
1098 1.81559957835423
1099 1.81572127631965
1100 1.81585886390641
1101 1.81601039012997
1102 1.81617382401839
1103 1.8163470783039
1104 1.8165280329151
1105 1.81671455803279
1106 1.81690453648495
1107 1.8170958852707
1108 1.81728657601876
1109 1.81747465420383
1110 1.81765825696254
1111 1.81783562937079
1112 1.81800513906456
1113 1.81816528910739
1114 1.81831472902911
1115 1.8184522639819
1116 1.81857686198093
1117 1.8186876592179
1118 1.81878396345602
1119 1.8188652555347
1120 1.81893118903086
1121 1.8189815881411
1122 1.81901644386571
1123 1.81903590859
1124 1.81904028917215
1125 1.8190300386586
1126 1.81900574675804
1127 1.81896812921394
1128 1.818918016222
1129 1.81885634004428
1130 1.81878412197469
1131 1.81870245881261
1132 1.81861250900087
1133 1.81851547858305
1134 1.81841260713134
1135 1.81830515379207
1136 1.81819438358939
1137 1.81808155412064
1138 1.81796790276842
1139 1.81785463454459
1140 1.81774291067153
1141 1.81763383799455
1142 1.81752845930764
1143 1.81742774466279
1144 1.81733258372035
1145 1.81724377918524
1146 1.8171620413614
1147 1.81708798384363
1148 1.8170221203542
1149 1.81696486271896
1150 1.8169165199664
1151 1.81687729852182
1152 1.81684730345845
1153 1.81682654075759
1154 1.81681492052111
1155 1.81681226107133
1156 1.81681829386673
1157 1.81683266915539
1158 1.81685496228325
1159 1.81688468057023
1160 1.81692127066413
1161 1.81696412628026
1162 1.81701259623397
1163 1.81706599267303
1164 1.81712359941804
1165 1.81718468032072
1166 1.8172484875531
1167 1.81731426974369
1168 1.81738127988164
1169 1.81744878291446
1170 1.81751606297075
1171 1.81758243014549
1172 1.817647226792
1173 1.81770983327163
1174 1.81776967311965
1175 1.81782621759285
1176 1.81787898957243
1177 1.81792756680281
1178 1.81797158445489
1179 1.81801073700937
1180 1.81804477946329
1181 1.81807352786938
1182 1.81809685922495
1183 1.81811471073277
1184 1.81812707846243
1185 1.81813401544586
1186 1.81813562924541
1187 1.81813207903726
1188 1.8181235722561
1189 1.81811036085076
1190 1.81809273720207
1191 1.8180710297567
1192 1.81804559843141
1193 1.81801682984307
1194 1.8179851324196
1195 1.81795093144636
1196 1.81791466410159
1197 1.81787677453258
1198 1.81783770902239
1199 1.81779791129409
1200 1.81775781799673
