1 0.8
2 0.8
3 0.8
4 0.8
5 0.8
6 0.8
7 0.8
8 0.8
9 0.8
10 0.8
11 0.8
12 0.8
13 0.8
14 0.8
15 0.8
16 0.8
17 0.8
18 0.8
19 0.8
20 0.8
21 0.8
22 0.8
23 0.8
24 0.8
25 0.8
26 0.8
27 0.8
28 0.8
29 0.8
30 0.8
31 0.8
32 0.8
33 0.8
34 0.8
35 0.8
36 0.8
37 0.8
38 0.8
39 0.8
40 0.8
41 0.8
42 0.8
43 0.8
44 0.8
45 0.8
46 0.8
47 0.8
48 0.8
49 0.8
50 0.8
51 0.8
52 0.8
53 0.8
54 0.8
55 0.8
56 0.8
57 0.8
58 0.8
59 0.8
60 0.8
61 0.8
62 0.8
63 0.8
64 0.8
65 0.8
66 0.8
67 0.8
68 0.8
69 0.8
70 0.8
71 0.8
72 0.8
73 0.8
74 0.8
75 0.8
76 0.8
77 0.8
78 0.8
79 0.8
80 0.8
81 0.8
82 0.8
83 0.8
84 0.8
85 0.8
86 0.8
87 0.8
88 0.8
89 0.8
90 0.8
91 0.8
92 0.8
93 0.8
94 0.8
95 0.8
96 0.8
97 0.8
98 0.8
99 0.8
100 0.8
101 0.8
102 0.8
103 0.8
104 0.8
105 0.8
106 0.8
107 0.8
108 0.8
109 0.8
110 0.8
111 0.8
112 0.8
113 0.8
114 0.8
115 0.8
116 0.8
117 0.8
118 0.8
119 0.8
120 0.8
121 0.8
122 0.8
123 0.8
124 0.8
125 0.8
126 0.8
127 0.8
128 0.8
129 0.8
130 0.8
131 0.8
132 0.8
133 0.8
134 0.8
135 0.8
136 0.8
137 0.8
138 0.8
139 0.8
140 0.8
141 0.8
142 0.8
143 0.8
144 0.8
145 0.8
146 0.8
147 0.8
148 0.8
149 0.8
150 0.8
151 0.8
152 0.8
153 0.8
154 0.8
155 0.8
156 0.8
157 0.8
158 0.8
159 0.8
160 0.8
161 0.8
162 0.8
163 0.8
164 0.8
165 0.8
166 0.8
167 0.8
168 0.8
169 0.8
170 0.8
171 0.8
172 0.8
173 0.8
174 0.8
175 0.8
176 0.8
177 0.8
178 0.8
179 0.8
180 0.8
181 0.8
182 0.8
183 0.8
184 0.8
185 0.8
186 0.8
187 0.8
188 0.8
189 0.8
190 0.8
191 0.8
192 0.8
193 0.8
194 0.8
195 0.8
196 0.8
197 0.8
198 0.8
199 0.8
200 0.8
201 0.8
202 0.8
203 0.8
204 0.8
205 0.8
206 0.8
207 0.8
208 0.8
209 0.8
210 0.8
211 0.800778725
212 0.80360926925
213 0.809412565748
214 0.818215714898255
215 0.829286889816548
216 0.841918473471702
217 0.85556936539215
218 0.869827678611113
219 0.884381706727413
220 0.89899733176974
221 0.913500447983848
222 0.927763291690398
223 0.941693812748994
224 0.955227414305679
225 0.968043691344922
226 0.979456679162178
227 0.98879671545748
228 0.995717110314843
229 1.00024579094668
230 1.00270463459377
231 1.00358130372126
232 1.00340573253913
233 1.00265758347532
234 1.0017125764894
235 1.00082413942293
236 1.00013114251196
237 0.99968101761008
238 0.999458758313541
239 0.999414805247489
240 0.999487635590123
241 0.999619356877616
242 0.999764434765553
243 0.999892790699575
244 0.999988974456035
245 1.00004911345321
246 1.00007704910834
247 1.00008065254687
248 1.00006888853429
249 1.00004984226695
250 1.00002967221429
251 1.00001230632333
252 0.999999642119428
253 0.999992018247519
254 0.999988769451691
255 0.999988736461333
256 0.99999066054819
257 0.999993440029008
258 0.999996258746054
259 0.999998614705935
260 1.00000028320606
261 1.00000124658411
262 1.000001615848
263 1.00000156091122
264 1.00000125809433
265 1.00000085716631
266 1.00000046593132
267 1.00000014812176
268 0.999999929728437
269 0.99999980935675
270 0.999999769237816
271 0.999999784735902
272 0.999999831302235
273 0.999999888678961
274 0.99999994270896
275 0.999999985380642
276 1.00000001379415
277 1.00000002865165
278 1.00000003271947
279 1.00000002953874
280 1.00000002250933
281 1.00000001435842
282 1.00000000693427
283 1.00000000123277
284 0.999999997560746
285 0.999999995753987
286 0.999999995390834
287 0.999999995966236
288 0.999999997011737
289 0.999999998161958
290 0.999999999177139
291 0.999999999935126
292 1.00000000040621
293 1.00000000062189
294 1.00000000064539
295 1.00000000054822
296 1.00000000039463
297 1.00000000023331
298 1.00000000009515
299 0.999999999994906
300 0.999999999934964
301 0.999999999909824
302 0.99999999991014
303 0.999999999925846
304 0.999999999948177
305 0.999999999970673
306 0.999999999989385
307 1.00000000000257
308 1.00000000001013
309 1.00000000001296
310 1.00000000001245
311 1.00000000000998
312 1.00000000000677
313 1.00000000000365
314 1.00000000000112
315 0.999999999999398
316 0.999999999998455
317 0.99999999999815
318 0.999999999998283
319 0.99999999999866
320 0.99999999999912
321 0.99999999999955
322 0.999999999999889
323 1.00000000000011
324 1.00000000000023
325 1.00000000000026
326 1.00000000000023
327 1.00000000000018
328 1.00000000000011
329 1.00000000000005
330 1.00000000000001
331 0.999999999999979
332 0.999999999999965
333 0.999999999999962
334 0.999999999999967
335 0.999999999999975
336 0.999999999999985
337 0.999999999999993
338 0.999999999999999
339 1
340 1
341 1
342 1
343 1
344 1
345 1
346 1
347 1
348 1
349 1
350 1
351 1
352 1
353 1
354 1
355 1
356 1
357 1
358 1
359 1
360 1
361 1
362 1
363 1
364 1
365 1
366 1
367 1
368 1
369 1
370 1
371 1
372 1
373 1
374 1
375 1
376 1
377 1
378 1
379 1
380 0.999999998096747
381 0.99999998775384
382 0.999999957787722
383 0.999999897483178
384 0.999999805777671
385 0.999999700139692
386 0.999999622021714
387 0.999999637269904
388 0.999999830691148
389 1.00000029462781
390 1.00000111240244
391 1.00000233934329
392 1.00000398713923
393 1.00000601844411
394 1.00000835530866
395 1.00001089807267
396 1.00001354586145
397 1.00001621100069
398 1.00001882454642
399 1.00002133402759
400 1.00002369656157
401 1.00002583489636
402 1.00002759979271
403 1.00002878592408
404 1.00002919927685
405 1.00002873205319
406 1.0000273896167
407 1.00002527927441
408 1.00002257967957
409 1.00001950364634
410 0.999237486085221
411 0.99640352449142
412 0.990596755183774
413 0.981167149709467
414 0.967938428736649
415 0.951574513866635
416 0.933065042212594
417 0.913166371665108
418 0.892453858408702
419 0.87136254359011
420 0.850218813024555
421 0.829265026990055
422 0.808678675627945
423 0.788587271541572
424 0.769079923288225
425 0.750216324785202
426 0.732033733108016
427 0.714552380549495
428 0.697779668189546
429 0.681713411409237
430 0.666344347949801
431 0.651658072512965
432 0.637767996456395
433 0.625190093921002
434 0.614635821731625
435 0.606563478279837
436 0.601048869232167
437 0.597832532724539
438 0.596442168578082
439 0.596325260309982
440 0.596956382322876
441 0.597905446384951
442 0.598867352832261
443 0.59966123254444
444 0.600210242588646
445 0.600512373228501
446 0.600610433170044
447 0.600566472466199
448 0.60044316575069
449 0.600292543558954
450 0.600151073819589
451 0.600039413064558
452 0.599965014429869
453 0.599926007023203
454 0.599915169903928
455 0.599923273175675
456 0.599941455746961
457 0.599962606594991
458 0.599981902055612
459 0.599996737748468
460 0.600006304636774
461 0.600011022166921
462 0.600011982439115
463 0.600010496957473
464 0.600007783822998
465 0.60000479411292
466 0.600002152665191
467 0.600000178488137
468 0.599998949950831
469 0.599998385884715
470 0.599998322335296
471 0.599998573422901
472 0.599998972054285
473 0.59999939138044
474 0.599999750868013
475 0.600000011987188
476 0.600000168344046
477 0.6000002341458
478 0.600000233645898
479 0.600000193005812
480 0.600000135028069
481 0.600000076540585
482 0.600000027841168
483 0.599999993487863
484 0.599999973769389
485 0.599999966334342
486 0.59999996763546
487 0.599999974012333
488 0.599999982367842
489 0.599999990481317
490 0.599999997047223
491 0.600000001540645
492 0.600000004000904
493 0.600000004802865
494 0.600000004460255
495 0.600000003482363
496 0.600000002287859
497 0.600000001168153
498 0.600000000287137
499 0.599999999703037
500 0.599999999399921
501 0.599999999319614
502 0.599999999388352
503 0.599999999535653
504 0.599999999705188
505 0.599999999858944
506 0.599999999976582
507 0.600000000051998
508 0.600000000088777
509 0.600000000095764
510 0.600000000083471
511 0.600000000061601
512 0.600000000037698
513 0.600000000016687
514 0.600000000001059
515 0.599999999991394
516 0.599999999987016
517 0.599999999986602
518 0.599999999988664
519 0.599999999991873
520 0.599999999995224
521 0.599999999998082
522 0.600000000000148
523 0.600000000001376
524 0.600000000001885
525 0.600000000001868
526 0.600000000001537
527 0.600000000001071
528 0.600000000000604
529 0.600000000000217
530 0.599999999999945
531 0.59999999999979
532 0.599999999999733
533 0.599999999999744
534 0.599999999999796
535 0.599999999999863
536 0.599999999999927
537 0.599999999999979
538 0.600000000000014
539 0.600000000000034
540 0.600000000000039
541 0.600000000000036
542 0.600000000000028
543 0.600000000000018
544 0.600000000000009
545 0.600000000000002
546 0.599999999999997
547 0.599999999999994
548 0.599999999999993
549 0.599999999999998
550 0.600000000000033
551 0.600000000000161
552 0.600000000000488
553 0.600000000001115
554 0.600000000002016
555 0.600000000002878
556 0.600000000002926
557 0.600000000000859
558 0.599999999994964
559 0.599999999983523
560 0.599999999965531
561 0.599999999941664
562 0.599999999915294
563 0.599999999893239
564 0.599999999885903
565 0.599999999906568
566 0.599999999969832
567 0.600000000089396
568 0.600000000275667
569 0.600000000533687
570 0.600000000862068
571 0.600000001253366
572 0.600000001695649
573 0.600000002174369
574 0.600000002673476
575 0.600000003175211
576 0.600000003658732
577 0.600000004098302
578 0.600000004462097
579 0.60000000661608
580 0.600000017057044
581 0.600000046932197
582 0.600000108453287
583 0.600000207633105
584 0.600000333782529
585 0.600000449383696
586 0.600000484879453
587 0.600000340744764
588 0.599999897780796
589 0.599999035181378
590 0.599997653855667
591 0.599995699145517
592 0.599993175265435
593 0.599990146651122
594 0.599986725999394
595 0.599983052725113
596 0.599979268760829
597 0.59997549872847
598 0.59997183809173
599 0.599968349341248
600 0.599965100582593
601 0.599962203653968
602 0.599959803988361
603 0.599958053268242
604 0.59995707169238
605 0.599956898552233
606 0.599957474223383
607 0.599958669248353
608 0.599960328495965
609 0.599962310638654
610 0.599964512909805
611 0.599966878255417
612 0.599969386965375
613 0.59997203833831
614 0.599974830133799
615 0.599977743300553
616 0.599980736156833
617 0.599983747939696
618 0.599986708667801
619 0.599989551164538
620 0.599992221546032
621 0.599994685822543
622 0.599996925718114
623 0.599998916055274
624 0.600000606732214
625 0.600001931118075
626 0.600002831247301
627 0.60000328344751
628 0.600003312697535
629 0.600002991762297
630 0.600002427570202
631 0.600001740744352
632 0.600001044741497
633 0.600000429594803
634 0.599999952899281
635 0.599999638343176
636 0.59999948035207
637 0.59999945249924
638 0.59999951719655
639 0.599999634603592
640 0.599999769412727
641 0.599999894941389
642 0.599999994616268
643 0.600000061374404
644 0.600000095714855
645 0.600000103144683
646 0.600000091635798
647 0.600000069512205
648 0.600000043979118
649 0.600000020327467
650 0.600000001721693
651 0.599999989410457
652 0.599999983182042
653 0.59999998190504
654 0.599999984034685
655 0.599999988011997
656 0.59999999252607
657 0.599999996643241
658 0.599999999828057
659 0.600000001890524
660 0.600000002894484
661 0.600000003056229
662 0.600000002653849
663 0.600000001958693
664 0.600000001192565
665 0.600000000508615
666 0.599999999990625
667 0.599999999664179
668 0.599999999513552
669 0.599999999499393
670 0.59999999957394
671 0.599999999692108
672 0.599999999818067
673 0.599999999927864
674 0.600000000009078
675 0.60000000005867
676 0.60000000008003
677 0.600000000080038
678 0.600000000066616
679 0.600000000047008
680 0.600000000026811
681 0.600000000009639
682 0.599999999997257
683 0.599999999989961
684 0.599999999987083
685 0.599999999987457
686 0.599999999989804
687 0.59999999999299
688 0.599999999996163
689 0.599999999998792
690 0.600000000000638
691 0.600000000001683
692 0.60000000000205
693 0.600000000001933
694 0.600000000001533
695 0.600000000001025
696 0.600000000000535
697 0.600000000000139
698 0.599999999999869
699 0.599999999999724
700 0.59999999999968
701 0.599999999999707
702 0.599999999999773
703 0.599999999999853
704 0.599999999999927
705 0.599999999999986
706 0.600000000000025
707 0.600000000000045
708 0.600000000000049
709 0.600000000000044
710 0.600000000000033
711 0.600000000000021
712 0.60000000000001
713 0.600000000000001
714 0.599999999999995
715 0.599999999999993
716 0.599999999999992
717 0.599999999999993
718 0.599999999999995
719 0.599999999999997
720 0.599999999999998
721 0.6
722 0.600000000000001
723 0.600000000000001
724 0.600000000000001
725 0.600000000000001
726 0.600000000000001
727 0.600000000000001
728 0.6
729 0.6
730 0.600000000000001
731 0.600000000000001
732 0.600000000000001
733 0.600000000000001
734 0.6
735 0.599999999999999
736 0.599999999999996
737 0.599999999999992
738 0.599999999999987
739 0.599999999999981
740 0.599999999999975
741 0.599999999999972
742 0.599999999999973
743 0.59999999999998
744 0.599999999999997
745 0.600000000000025
746 0.600000000000065
747 0.600000000000118
748 0.60000000000018
749 0.600000000000224
750 0.600000000000185
751 0.59999999999995
752 0.599999999999396
753 0.599999999998496
754 0.599999999997497
755 0.599999999997125
756 0.599999999998737
757 0.600000000004293
758 0.600000000016016
759 0.600000000035673
760 0.60000000006348
761 0.600000000096801
762 0.600000000128974
763 0.600000000148649
764 0.60000000014003
765 0.600000000084216
766 0.599999999961581
767 0.599999999754834
768 0.59999999945216
769 0.599999999049578
770 0.599999998551795
771 0.599999997971471
772 0.59999999732736
773 0.599999996642183
774 0.599999995941153
775 0.599999995251701
776 0.599999994604185
777 0.599999994032821
778 0.599999993575782
779 0.599999993273496
780 0.599999993164647
781 0.599999993280224
782 0.599999993637031
783 0.599999994232694
784 0.599999995043985
785 0.599999996029406
786 0.599999997135566
787 0.599999998305651
788 0.599999999487724
789 0.600000000640891
790 0.600000001736577
791 0.600000002754634
792 0.600000003677736
793 0.600000004487271
794 0.600000005162665
795 0.600000005684988
796 0.600000006042832
797 0.600000006236631
798 0.60000000627914
799 0.600000006191912
800 0.600000005999401
801 0.600000005722986
802 0.600000005377058
803 0.600000004968396
804 0.600000004498781
805 0.600000003969617
806 0.600000003386657
807 0.600000002763086
808 0.600000002119945
809 0.600000001483877
810 0.600778725869185
811 0.603609269526981
812 0.609412565455843
813 0.618838694060207
814 0.632045900181722
815 0.647865592868768
816 0.664224482814036
817 0.679322467682931
818 0.691839638656867
819 0.700877151735049
820 0.70622957777074
821 0.708413924004256
822 0.708294085808091
823 0.706793972056138
824 0.704713612553606
825 0.702639286810034
826 0.700926088037601
827 0.699727370020009
828 0.699047509743792
829 0.698799679933001
830 0.698856670910359
831 0.69908871158254
832 0.699386867195185
833 0.699673643294283
834 0.699903994656684
835 0.700060337285217
836 0.700144782325584
837 0.700171024759317
838 0.70015742271159
839 0.700121993754896
840 0.700079438030197
841 0.700039904943711
842 0.700009030602599
843 0.699988739743987
844 0.699978373035275
845 0.699975817155747
846 0.699978441461849
847 0.699983755593344
848 0.6999897842378
849 0.699995205589373
850 0.699999322532648
851 0.700001937312458
852 0.70000318928402
853 0.700003398274213
854 0.700002938389481
855 0.700002152082166
856 0.70000130347798
857 0.700000563581467
858 0.7000000173765
859 0.699999682985029
860 0.699999534834149
861 0.699999525255507
862 0.699999601404606
863 0.699999716419646
864 0.699999835158925
865 0.699999935658431
866 0.700000007741176
867 0.700000050138526
868 0.700000067205711
869 0.70000006595816
870 0.700000053814133
871 0.700000037155598
872 0.700000020633989
873 0.700000007047773
874 0.699999997588051
875 0.699999992265084
876 0.69999999037092
877 0.699999990884078
878 0.699999992769206
879 0.69999999516128
880 0.699999997447954
881 0.699999999275907
882 0.700000000509965
883 0.700000001170647
884 0.700000001369391
885 0.700000001253559
886 0.700000000966866
887 0.700000000626003
888 0.700000000311121
889 0.700000000066365
890 0.69999999990641
891 0.69999999982552
892 0.699999999806565
893 0.69999999982846
894 0.699999999871359
895 0.699999999919595
896 0.699999999962742
897 0.699999999995353
898 0.700000000015941
899 0.70000000002568
900 0.700000000027156
901 0.700000000023363
902 0.700000000017028
903 0.700000000010246
904 0.700000000004361
905 0.700000000000039
906 0.699999999997409
907 0.699999999996261
908 0.69999999999621
909 0.699999999996833
910 0.699999999997757
911 0.699999999998705
912 0.699999999999503
913 0.700000000000073
914 0.700000000000406
915 0.700000000000537
916 0.700000000000524
917 0.700000000000425
918 0.700000000000292
919 0.70000000000016
920 0.700000000000053
921 0.699999999999978
922 0.699999999999937
923 0.699999999999923
924 0.699999999999927
925 0.699999999999943
926 0.699999999999962
927 0.69999999999998
928 0.699999999999994
929 0.700000000000004
930 0.700000000000009
931 0.70000000000001
932 0.700000000000009
933 0.700000000000007
934 0.700000000000005
935 0.700000000000006
936 0.700000000000008
937 0.700000000000014
938 0.700000000000021
939 0.700000000000028
940 0.700000000000035
941 0.700000000000037
942 0.700000000000032
943 0.700000000000016
944 0.699999999999987
945 0.69999999999994
946 0.699999999999876
947 0.699999999999793
948 0.699999999999693
949 0.699999999999578
950 0.699999999999452
951 0.699999999999319
952 0.699999999999186
953 0.699999999999061
954 0.699999999998952
955 0.69999999999887
956 0.699999999998826
957 0.699999999998828
958 0.699999999998886
959 0.699999999999005
960 0.699999999999186
961 0.699999999999425
962 0.699999999999714
963 0.700000000000038
964 0.700000000000385
965 0.700000000000737
966 0.700000000001078
967 0.700000000001395
968 0.700000000001674
969 0.700000000001902
970 0.700000000002072
971 0.700000000002173
972 0.700000000002202
973 0.700000000002155
974 0.700000000002036
975 0.70000000000185
976 0.70000000000161
977 0.70000000000133
978 0.700000000001026
979 0.69999999809746
980 0.699999987754246
981 0.699999957787837
982 0.699999895960417
983 0.699999796294166
984 0.699999670802761
985 0.699999561981574
986 0.699999548939401
987 0.699999742978482
988 0.700000271617664
989 0.700001251722153
990 0.700002755871435
991 0.700004781375915
992 0.700007233297846
993 0.700009929004402
994 0.700012625464489
995 0.700015064080521
996 0.70001702121648
997 0.700018349780682
998 0.700019001515364
999 0.700019026861507
1000 0.700018518817911
1001 0.700017547752105
1002 0.700016141360453
1003 0.700014286576171
1004 0.700011953850729
1005 0.700009168363907
1006 0.700006070820105
1007 0.700002906245447
1008 0.699999970826323
1009 0.699997552398044
1010 0.699995868282771
1011 0.699995015049291
1012 0.699994954154793
1013 0.699995533447059
1014 0.699996531778131
1015 0.699997710477551
1016 0.699998857990874
1017 0.69999981942485
1018 0.700000508535671
1019 0.700000904270831
1020 0.700001036654528
1021 0.700000967613037
1022 0.700000771711639
1023 0.700000520322877
1024 0.700000271040905
1025 0.7000000626295
1026 0.699999914689574
1027 0.69999983063326
1028 0.699999802407087
1029 0.699999815594766
1030 0.699999853905825
1031 0.699999902487959
1032 0.699999949890493
1033 0.699999988797117
1034 0.700000015818651
1035 0.700000030700074
1036 0.700000035276138
1037 0.700000032438586
1038 0.700000025285531
1039 0.70000001653344
1040 0.700000008199404
1041 0.700000001512615
1042 0.69999999698932
1043 0.699999994600848
1044 0.699999993973296
1045 0.699999994573913
1046 0.699999995857404
1047 0.699999997361803
1048 0.699999998755792
1049 0.699999999846956
1050 0.700000000563653
1051 0.700000000923115
1052 0.700000000996164
1053 0.700000000875737
1054 0.700000000653163
1055 0.700000000403383
1056 0.70000000017834
1057 0.700000000006683
1058 0.699999999897512
1059 0.699999999846047
1060 0.699999999839558
1061 0.699999999862449
1062 0.699999999899955
1063 0.699999999940324
1064 0.699999999975689
1065 0.700000000001951
1066 0.700000000018075
1067 0.700000000025125
1068 0.7000000000253
1069 0.70000000002114
1070 0.700000000014971
1071 0.700000000008588
1072 0.700000000003149
1073 0.69999999999922
1074 0.6999999999969
1075 0.699999999995976
1076 0.699999999996081
1077 0.699999999996809
1078 0.699999999997803
1079 0.699999999998794
1080 0.699999999999616
1081 0.700000000000193
1082 0.700000000000519
1083 0.700000000000634
1084 0.700000000000598
1085 0.700000000000474
1086 0.700000000000317
1087 0.700000000000166
1088 0.700000000000043
1089 0.69999999999996
1090 0.699999999999915
1091 0.699999999999902
1092 0.69999999999991
1093 0.699999999999931
1094 0.699999999999955
1095 0.699999999999978
1096 0.699999999999996
1097 0.700000000000008
1098 0.700000000000014
1099 0.700000000000016
1100 0.700000000000014
1101 0.700000000000011
1102 0.700000000000007
1103 0.700000000000003
1104 0.700000000000001
1105 0.699999999999999
1106 0.699999999999998
1107 0.699999999999998
1108 0.699999999999999
1109 0.699999999999999
1110 0.7
1111 0.7
1112 0.7
1113 0.700000000000001
1114 0.700000000000001
1115 0.700000000000001
1116 0.700000000000001
1117 0.700000000000001
1118 0.7
1119 0.7
1120 0.7
1121 0.7
1122 0.7
1123 0.7
1124 0.7
1125 0.7
1126 0.7
1127 0.699999999999999
1128 0.699999999999999
1129 0.699999999999999
1130 0.699999999999999
1131 0.699999999999999
1132 0.699999999999999
1133 0.699999999999999
1134 0.699999999999999
1135 0.699999999999999
1136 0.699999999999999
1137 0.699999999999999
1138 0.699999999999999
1139 0.699999999999999
1140 0.699999999999999
1141 0.699999999999999
1142 0.699999999999999
1143 0.699999999999999
1144 0.699999999999999
1145 0.699999999999999
1146 0.699999999999999
1147 0.699999999999999
1148 0.700000000000004
1149 0.700000000000037
1150 0.700000000000164
1151 0.700000000000494
1152 0.700000000001146
1153 0.700000000002137
1154 0.700000000003197
1155 0.70000000000354
1156 0.700000000001708
1157 0.699999999995618
1158 0.699999999982982
1159 0.699999999962179
1160 0.699999999933547
1161 0.69999999990086
1162 0.699999999872564
1163 0.699999999862229
1164 0.69999999988774
1165 0.699999999968968
1166 0.700000000124097
1167 0.700000000365235
1168 0.700000000694265
1169 0.700000001100268
1170 0.700000001559529
1171 0.700000002038362
1172 0.700000002498054
1173 0.700000002900578
1174 0.700000003213292
1175 0.700000003411158
1176 0.700000003476186
1177 0.700000003395015
1178 0.700000003156284
1179 0.700000002749716
1180 0.700000002168359
1181 0.700000001414137
1182 0.700000000505093
1183 0.69999999948148
1184 0.69999999840757
1185 0.699999997367071
1186 0.699999996451987
1187 0.699999995747182
1188 0.699999995314527
1189 0.699999995180814
1190 0.699999995334234
1191 0.699999995730907
1192 0.699999996307966
1193 0.699999996998573
1194 0.69999999774443
1195 0.699999998501149
1196 0.699999999235623
1197 0.699999999919702
1198 0.700000000524958
1199 0.700000001021031
1200 0.700000001378393
