1 2
2 2
3 2
4 2
5 2
6 2
7 2
8 2
9 2
10 2
11 2
12 2
13 2
14 2
15 2
16 2
17 2
18 2
19 2
20 2
21 2
22 2
23 2
24 2
25 2
26 2
27 2
28 2
29 2
30 2.25
31 2.28087857142857
32 2.31230714285714
33 2.34373571428571
34 2.37516428571429
35 2.40659285714286
36 2.43802142857143
37 2.46945
38 2.50087857142857
39 2.53230714285714
40 2.56153089350625
41 2.58675754868336
42 2.60832057919533
43 2.62647152445729
44 2.64140434919351
45 2.65326826268451
46 2.66217770403856
47 2.66822011569374
48 2.67146199428777
49 2.67195359989689
50 2.66975206535258
51 2.66495345834516
52 2.65769591296013
53 2.64814590537179
54 2.63648868648121
55 2.62292163776245
56 2.60764972191423
57 2.59088242339611
58 2.57283173916521
59 2.55371090166594
60 2.53373343402881
61 2.51311199848166
62 2.4920567989047
63 2.47077372885902
64 2.44946251239581
65 2.42831497264763
66 2.4075134925755
67 2.38722968883609
68 2.36762329438367
69 2.34884123182011
70 2.33101685486031
71 2.31426933953647
72 2.29870321647264
73 2.28440804337058
74 2.27145821925662
75 2.25991294076278
76 2.2498162980652
77 2.24119750531802
78 2.23407125809583
79 2.22843820871406
80 2.22428554933429
81 2.22158769233388
82 2.220307037291
83 2.2203948138975
84 2.22179199006141
85 2.22443023439276
86 2.2282329222197
87 2.23311617429805
88 2.23898991748559
89 2.24575895686754
90 2.25332404914055
91 2.26158296747835
92 2.27043154859884
93 2.27976471331408
94 2.28947745245938
95 2.29946577075614
96 2.30962758185772
97 2.31986354855176
98 2.33007786283979
99 2.34017896137867
100 2.3500801725414
101 2.3597002921295
102 2.36896408553857
103 2.37780271493596
104 2.3861540907472
105 2.39396314746177
106 2.40118204445133
107 2.40777029314205
108 2.41369481249079
109 2.41892991528054
110 2.42345722826898
111 2.42726554969401
112 2.43035064805785
113 2.43271500647689
114 2.43436751719527
115 2.43532313111689
116 2.4356024674122
117 2.43523138840401
118 2.43424054503075
119 2.43266489822869
120 2.43054322156678
121 2.427917590413
122 2.42483286281016
123 2.42133615709639
124 2.41747633112269
125 2.4133034677015
126 2.40886837066894
127 2.40422207566295
128 2.39941537941421
129 2.3944983910197
130 2.38952010832426
131 2.38452802217721
132 2.37956775096321
133 2.37468270743193
134 2.36991379947448
135 2.36529916611867
136 2.36087394964365
137 2.35667010435049
138 2.35271624217181
139 2.3490375149631
140 2.34565553299411
141 2.34258831885183
142 2.33985029568038
143 2.33745230841811
144 2.33540167645092
145 2.33370227588355
146 2.33235464943906
147 2.33135614183097
148 2.33070105831325
149 2.33038084400086
150 2.33038428146723
151 2.330697704065
152 2.33130522238217
153 2.3321889612357
154 2.33332930461943
155 2.33470514605945
156 2.3362941418891
157 2.3380729650337
158 2.34001755699218
159 2.34210337581631
160 2.34430563801717
161 2.34659955247014
162 2.34896054454354
163 2.35136446883863
164 2.35378780909978
165 2.35620786402977
166 2.35860291792594
167 2.36095239523556
168 2.36323699831176
169 2.36543882783359
170 2.36754148553266
171 2.3695301590436
172 2.37139168886496
173 2.37311461757878
174 2.37468922163147
175 2.37610752612307
176 2.37736330318663
177 2.37845205466309
178 2.37937097988924
179 2.38011892951618
180 2.38069634636331
181 2.38110519438765
182 2.38134887690996
183 2.38143214528832
184 2.3813609992658
185 2.38114258024231
186 2.3807850587323
187 2.3802975172689
188 2.37968983000361
189 2.37897254022752
190 2.37815673700743
191 2.37725393208786
192 2.37627593815925
193 2.37523474953376
194 2.37414242620467
195 2.37301098219385
196 2.37185227901457
197 2.37067792499645
198 2.3694991811345
199 2.36832687403781
200 2.36717131646484
201 2.36604223584343
202 2.36494871108477
203 2.3638991179126
204 2.36290108284281
205 2.36196144586474
206 2.36108623179486
207 2.36028063019623
208 2.35954898368465
209 2.35889478437384
210 2.35832067814916
211 2.35782847640178
212 2.35741917480321
213 2.35709297865436
214 2.35684933430341
215 2.35668696609348
216 2.35660391827355
217 2.35659760128546
218 2.35666484182475
219 2.35680193606455
220 2.35700470542873
221 2.3572685543036
222 2.35758852908537
223 2.35795937797401
224 2.35837561094233
225 2.35883155933142
226 2.35932143455006
227 2.35983938538591
228 2.3603795534695
229 2.36093612646794
230 2.36150338862371
231 2.36207576829399
232 2.36264788218761
233 2.36321457603917
234 2.36377096150316
235 2.36431244909406
236 2.36483477704152
237 2.36533403597198
238 2.36580668936966
239 2.36624958980983
240 2.36665999099574
241 2.36703555566731
242 2.36737435948374
243 2.36767489101473
244 2.36793604800403
245 2.36815713009599
246 2.36833782823979
247 2.36847821100676
248 2.36857870807429
249 2.36864009114483
250 2.36866345258007
251 2.3686501820395
252 2.36860194141826
253 2.36852063838211
254 2.3684083987976
255 2.36826753835272
256 2.36810053365853
257 2.36790999311438
258 2.36769862780973
259 2.36746922272386
260 2.36722460847079
261 2.36696763382171
262 2.3667011392202
263 2.36642793148752
264 2.36615075989636
265 2.36587229377142
266 2.36559510175466
267 2.36532163285258
268 2.36505419936141
269 2.36479496174542
270 2.36454591552269
271 2.36430888019211
272 2.36408549021578
273 2.36387718805164
274 2.36368521921292
275 2.36351062931374
276 2.36335426304382
277 2.36321676500052
278 2.36309858229231
279 2.36299996881572
280 2.36292099109672
281 2.36286153557783
282 2.36282131722435
283 2.36279988931658
284 2.36279665428948
285 2.36281087547803
286 2.362841689624
287 2.36288811999912
288 2.36294909000034
289 2.36302343707448
290 2.36310992683269
291 2.3632072672193
292 2.36331412260489
293 2.36342912767943
294 2.36355090102857
295 2.36367805828383
296 2.36380922474579
297 2.3639430473887
298 2.36407820616394
299 2.36421342452997
300 2.36434747914613
301 2.3644792086781
302 2.3646075216728
303 2.36473140347084
304 2.36484992213469
305 2.36496223338035
306 2.36506758451012
307 2.36516531735283
308 2.3652548702269
309 2.36533577894959
310 2.36540767692345
311 2.36547029433817
312 2.36552345653206
313 2.36556708156352
314 2.36560117704758
315 2.36562583631712
316 2.36564123397164
317 2.36564762087982
318 2.36564531870383
319 2.3656347140149
320 2.36561625207069
321 2.36559043032468
322 2.36555779173758
323 2.36551891795942
324 2.3654744224494
325 2.36542494359806
326 2.36537113791405
327 2.36531367333404
328 2.36525322271109
329 2.36519045753278
330 2.36512604191612
331 2.36506062692177
332 2.36499484522555
333 2.36492930618017
334 2.36486459129554
335 2.36480125016059
336 2.3647397968251
337 2.36468070665462
338 2.3646244136671
339 2.36457130835496
340 2.36452173599175
341 2.36447599541847
342 2.36443433830006
343 2.36439696883929
344 2.36436404393105
345 2.36433567373736
346 2.36431192266013
347 2.364292810686
348 2.36427831507571
349 2.36426837236802
350 2.36426288066694
351 2.36426170217974
352 2.36426466597214
353 2.36427157090681
354 2.36428218873078
355 2.36429626727775
356 2.36431353375151
357 2.36433369805731
358 2.36435645614926
359 2.36438149336275
360 2.3644084877024
361 2.3644371130579
362 2.36446704232146
363 2.3644979503832
364 2.3645295169823
365 2.36456142939436
366 2.36459338493759
367 2.36462509328288
368 2.364656278555
369 2.3646866812149
370 2.3647160597153
371 2.3647441919241
372 2.3647708763126
373 2.36479593290766
374 2.36481920400919
375 2.36484055467631
376 2.36485987298759
377 2.3648770700825
378 2.36489207999284
379 2.36490485927472
380 2.3649153864525
381 2.36492366128796
382 2.36492970388834
383 2.36493355366837
384 2.36493526818161
385 2.36493492183719
386 2.36493260451849
387 2.36492842012013
388 2.36492248502017
389 2.36491492650384
390 2.36490588115514
391 2.36489549323231
392 2.36488391304223
393 2.36487129532879
394 2.36485779768894
395 2.36484357902975
396 2.36482879807853
397 2.36481361195729
398 2.3647981748318
399 2.36478263664405
400 2.11478263664405
401 2.0530101806242
402 1.99013803676302
403 1.92726632735737
404 1.86439516563322
405 1.80152465510526
406 1.73865488905114
407 1.6757859501002
408 1.61291790993576
409 1.5500508291087
410 1.48938944108666
411 1.43299829137765
412 1.38100889849617
413 1.3335394226407
414 1.29068709816566
415 1.25253261131687
416 1.21914351393687
417 1.2
418 1.2
419 1.2
420 1.2
421 1.2
422 1.2
423 1.20047403229914
424 1.20539801650896
425 1.21454538228409
426 1.22766080000721
427 1.24438183761484
428 1.26414279010386
429 1.28634766645038
430 1.31052864970695
431 1.33631779024579
432 1.36342510336185
433 1.3916173193336
434 1.42066663246505
435 1.45031966940887
436 1.48030690784509
437 1.51035119533671
438 1.54017707958567
439 1.56952002616872
440 1.59813278081869
441 1.62578848598175
442 1.65228167354305
443 1.67742795282455
444 1.70106329431921
445 1.72304367595452
446 1.74324517575367
447 1.76156426297134
448 1.77791809387929
449 1.79224465473941
450 1.80450265440843
451 1.81467114120129
452 1.82274886843859
453 1.82875345603757
454 1.83272039910069
455 1.83470196340946
456 1.83476599227154
457 1.83299463859756
458 1.82948303149307
459 1.82433788599167
460 1.81767606615991
461 1.80962311407337
462 1.80031175894073
463 1.78988042144716
464 1.77847172819882
465 1.76623105025588
466 1.75330507851747
467 1.73984044745367
468 1.72598241749921
469 1.71187362535247
470 1.69765291042817
471 1.68345422474151
472 1.66940563251583
473 1.65562840478568
474 1.6422362132144
475 1.62933442627463
476 1.61701950987321
477 1.60537853345698
478 1.59448878162807
479 1.58441747033681
480 1.57522156581308
481 1.56694770354758
482 1.55963220384648
483 1.55330117975884
484 1.54797073252059
485 1.54364722907282
486 1.54032765570009
487 1.53800004139708
488 1.53664394421074
489 1.53623099352011
490 1.5367254810069
491 1.53808499293522
492 1.54026107629625
493 1.54319993138131
494 1.54684312342107
495 1.55112830606614
496 1.55598994968157
497 1.56136006767977
498 1.5671689344192
499 1.57334578854479
500 1.57981951603488
501 1.5865193076442
502 1.59337528588693
503 1.60031909718321
504 1.60728446529121
505 1.6142077026593
506 1.62102817685469
507 1.62768872974998
508 1.63413604767294
509 1.64032098124339
510 1.64619881412862
511 1.65172948044251
512 1.65687773098843
513 1.66161324899977
514 1.66591071645985
515 1.66974983248395
516 1.67311528561637
517 1.67599668223344
518 1.67838843354756
519 1.68028960397581
520 1.68170372386942
521 1.68263856979572
522 1.68310591572285
523 1.68312125857919
524 1.6827035217446
525 1.68187474007996
526 1.68065973011651
527 1.67908574900772
528 1.6771821457965
529 1.67498000847014
530 1.67251181016725
531 1.66981105776696
532 1.6669119459333
533 1.66384901950871
534 1.66065684695376
535 1.65736970731657
536 1.65402129298903
537 1.65064443026891
538 1.64727081950172
539 1.6439307963242
540 1.64065311527704
541 1.63746475679904
542 1.63439075836112
543 1.63145407024871
544 1.62867543625722
545 1.62607329932901
546 1.62366373193409
547 1.62146039078153
548 1.61947449524638
549 1.61771482870861
550 1.61618776182756
551 1.61489729661848
552 1.61384513005749
553 1.61303073581884
554 1.61245146264315
555 1.6121026477485
556 1.6119777436273
557 1.61206845652054
558 1.61236489482793
559 1.61285572569553
560 1.61352833802309
561 1.6143690101491
562 1.6153630805027
563 1.61649511955699
564 1.61774910147627
565 1.6191085739207
566 1.62055682455264
567 1.62207704288033
568 1.6236524761741
569 1.62526657829682
570 1.62690315040331
571 1.62854647258058
572 1.63018142562196
573 1.63179360225084
574 1.63336940723414
575 1.63489614594923
576 1.63636210109089
577 1.63775659732502
578 1.63907005381267
579 1.64029402464101
580 1.64142122730518
581 1.64244555948694
582 1.64336210447128
583 1.64416712563057
584 1.64485805048606
585 1.64543344492954
586 1.64589297825221
587 1.6462373796833
588 1.64646838718848
589 1.64658868931602
590 1.64660186090853
591 1.64651229351895
592 1.64632512138187
593 1.64604614379591
594 1.64568174476871
595 1.64523881076555
596 1.64472464738392
597 1.64414689575154
598 1.64351344941438
599 1.64283237244437
600 1.64211181945488
601 1.64135995816577
602 1.64058489510983
603 1.63979460501915
604 1.63899686437401
605 1.63819918953907
606 1.6374087798523
607 1.6366324659719
608 1.63587666372629
609 1.63514733365223
610 1.63444994634676
611 1.63378945370128
612 1.63317026602959
613 1.63259623504852
614 1.63207064261834
615 1.63159619510205
616 1.63117502315807
617 1.6308086867395
618 1.6304981850354
619 1.63024397105662
620 1.63004597053866
621 1.62990360480941
622 1.62981581724822
623 1.62978110294631
624 1.62979754116596
625 1.62986283018763
626 1.62997432412969
627 1.63012907132559
628 1.63032385384613
629 1.63055522776199
630 1.63081956375167
631 1.6311130876739
632 1.63143192073945
633 1.63177211893672
634 1.63212971138638
635 1.63250073732407
636 1.63288128143483
637 1.63326750728967
638 1.63365568866238
639 1.634042238533
640 1.63442373561343
641 1.63479694826008
642 1.63515885566767
643 1.63550666626723
644 1.63583783327986
645 1.63615006740567
646 1.63644134665389
647 1.63670992334563
648 1.63695432834531
649 1.63717337259902
650 1.63736614607942
651 1.63753201425579
652 1.63767061222539
653 1.63778183665746
654 1.63786583571476
655 1.63792299712875
656 1.63795393461376
657 1.63795947281284
658 1.6379406309729
659 1.63789860555012
660 1.63783475194766
661 1.63775056558709
662 1.63764766251249
663 1.63752775972202
664 1.63739265541595
665 1.63724420934318
666 1.63708432341924
667 1.63691492277968
668 1.6367379374213
669 1.63655528457237
670 1.63636885192034
671 1.63618048181229
672 1.63599195652982
673 1.6358049847262
674 1.63562118909923
675 1.63544209535901
676 1.63526912253592
677 1.63510357465968
678 1.63494663382703
679 1.6347993546621
680 1.63466266016093
681 1.63453733889928
682 1.63442404357165
683 1.63432329081857
684 1.63423546228963
685 1.63416080688038
686 1.63409944407384
687 1.63405136830957
688 1.63401645429791
689 1.63399446319141
690 1.63398504952179
691 1.63398776880743
692 1.63400208573465
693 1.63402738281458
694 1.63406296941759
695 1.63410809108771
696 1.63416193904123
697 1.63422365975589
698 1.6342923645604
699 1.63436713913754
700 1.63444705285878
701 1.63453116787318
702 1.63461854787897
703 1.63470826651174
704 1.63479941528994
705 1.63489111106432
706 1.6349825029251
707 1.63507277852735
708 1.63516116980177
709 1.63524695802545
710 1.63532947823355
711 1.63540812295994
712 1.63548234530122
713 1.63555166130496
714 1.63561565168907
715 1.63567396290485
716 1.63572630756189
717 1.63577246423766
718 1.63581227669965
719 1.63584565257153
720 1.6358725614791
721 1.63589303271435
722 1.63590715245921
723 1.63591506061259
724 1.63591694726592
725 1.63591304887394
726 1.63590364416806
727 1.63588904986013
728 1.63586961618405
729 1.63584572232252
730 1.63581777176484
731 1.6357861876408
732 1.63575140807353
733 1.63571388159274
734 1.63567406264705
735 1.63563240725174
736 1.63558936880568
737 1.63554539410789
738 1.63550091960141
739 1.63545636786884
740 1.63541214440042
741 1.63536863465266
742 1.6353262014115
743 1.63528518247128
744 1.635245888637
745 1.63520860205434
746 1.63517357486881
747 1.63514102821211
748 1.63511115151127
749 1.635084102113
750 1.63506000521362
751 1.63503895408213
752 1.63502101056221
753 1.63500620583671
754 1.63499454143692
755 1.63498599047694
756 1.63498049909274
757 1.63497798806417
758 1.63497835459761
759 1.63498147424647
760 1.63498720294624
761 1.63499537914111
762 1.63500582597888
763 1.63501835355164
764 1.63503276115998
765 1.6350488395793
766 1.63506637330772
767 1.63508514277601
768 1.63510492650118
769 1.63512550316678
770 1.63514665361401
771 1.63516816272964
772 1.63518982121779
773 1.63521142724478
774 1.63523278794717
775 1.63525372079551
776 1.63527405480722
777 1.63529363160427
778 1.63531230631248
779 1.63532994830105
780 1.63534644176238
781 1.63536168613363
782 1.63537559636287
783 1.63538810302407
784 1.63539915228606
785 1.63540870574206
786 1.63541674010713
787 1.63542324679182
788 1.63542823136105
789 1.63543171288801
790 1.63543372321335
791 1.63543430612016
792 1.63543351643597
793 1.63543141907275
794 1.6354280880164
795 1.63542360527668
796 1.63541805980908
797 1.6354115464192
798 1.6354041646606
799 1.63539601773603
800 1.88539601773603
801 1.9008259449945
802 1.91653042785796
803 1.9322345735401
804 1.94793848778548
805 1.96364227397666
806 1.97934603230021
807 1.99504985897675
808 2.01075384555914
809 2.02645807830241
810 2.03995773916306
811 2.04959673740816
812 2.05594109567094
813 2.05942725794727
814 2.06039484065558
815 2.05910805013597
816 2.05577236718006
817 2.05054754264038
818 2.043557719617
819 2.03489931744809
820 2.0246666179337
821 2.0129845594785
822 2.00001049838027
823 1.98591905273836
824 1.9708921275284
825 1.95511252251383
826 1.93876002573317
827 1.9220092053179
828 1.90502833901844
829 1.88797908571352
830 1.87101645107029
831 1.85428849169335
832 1.83793553792909
833 1.8220891589235
834 1.8068711339289
835 1.79239256392984
836 1.77875317849695
837 1.76604084641312
838 1.75433127345543
839 1.74368785890003
840 1.73416168010366
841 1.72579158120252
842 1.71860435354406
843 1.71261500430448
844 1.70782711255627
845 1.70423327096739
846 1.70181560890839
847 1.70054639033838
848 1.70038867802254
849 1.70129705458031
850 1.70321839052163
851 1.70609264960415
852 1.70985372227164
853 1.71443027838894
854 1.71974663087175
855 1.72572360212453
856 1.73227938549149
857 1.73933039424015
858 1.74679209096644
859 1.75457979074516
860 1.7626094318506
861 1.77079830842454
862 1.77906576005883
863 1.78733381387203
864 1.79552777528298
865 1.8035767643115
866 1.81141419486259
867 1.81897819507087
868 1.82621196739299
869 1.83306408773368
870 1.83948874347007
871 1.84544591079649
872 1.8509014723419
873 1.85582727651172
874 1.86020114047129
875 1.86400679911639
876 1.86723380276547
877 1.86987736665588
878 1.87193817563183
879 1.87342214767379
880 1.87434016013673
881 1.8747077427387
882 1.87454474147116
883 1.8738749576894
884 1.87272576668652
885 1.87112772005803
886 1.86911413612962
887 1.86672068264837
888 1.86398495583066
889 1.86094605972082
890 1.85764418964495
891 1.85412022334858
892 1.8504153231858
893 1.84657055248641
894 1.84262650896784
895 1.83862297778392
896 1.83459860651642
897 1.83059060411979
898 1.82663446552903
899 1.82276372333642
900 1.81900972763984
901 1.81540145486415
902 1.8119653460621
903 1.80872517491363
904 1.80570194536507
905 1.80291381858459
906 1.80037606865938
907 1.79810106622442
908 1.79609828899481
909 1.79437435797418
910 1.79293309793098
911 1.79177562057543
912 1.79090042873016
913 1.79030353967046
914 1.78997862571348
915 1.78991717006079
916 1.79010863584539
917 1.79054064630076
918 1.79119917395721
919 1.79206873677733
920 1.79313259916745
921 1.79437297584518
922 1.79577123660194
923 1.7973081100743
924 1.79896388472587
925 1.80071860534272
926 1.80255226345708
927 1.80444498023563
928 1.80637718049835
929 1.80832975667032
930 1.81028422160972
931 1.81222284940078
932 1.81412880334696
933 1.81598625054766
934 1.8177804625888
935 1.81949790202272
936 1.82112629445482
937 1.82265468619203
938 1.82407348754045
939 1.82537450196533
940 1.82655094144526
941 1.82759742846323
942 1.82850998517897
943 1.82928601042006
944 1.82992424521239
945 1.83042472764351
946 1.83078873791549
947 1.83101873449645
948 1.83111828232186
949 1.83109197402859
950 1.83094534522602
951 1.83068478482045
952 1.83031744141049
953 1.82985112676401
954 1.82929421737099
955 1.82865555504215
956 1.82794434749083
957 1.82717006979663
958 1.82634236760318
959 1.82547096285108
960 1.8245655627904
961 1.8236357729561
962 1.82269101472542
963 1.82174044800839
964 1.82079289955372
965 1.81985679728068
966 1.81894011097636
967 1.81805029962568
968 1.81719426557052
969 1.81637831562429
970 1.81560812920028
971 1.81488873344628
972 1.81422448531497
973 1.81361906044005
974 1.81307544863196
975 1.81259595575532
976 1.81218221170232
977 1.81183518413358
978 1.81155519761956
979 1.81134195778242
980 1.8111945800097
981 1.81111162228833
982 1.81109112168893
983 1.81113063401734
984 1.81122727614207
985 1.81137777050294
986 1.81157849130709
987 1.81182551192435
988 1.81211465300353
989 1.81244153084487
990 1.81280160558113
991 1.81319022874034
992 1.81360268978688
993 1.8140342612636
994 1.81448024218646
995 1.81493599937322
996 1.81539700642031
997 1.81585888007469
998 1.81631741378222
999 1.81676860822831
1000 1.81720869872187
1001 1.81763417930814
1002 1.81804182353038
1003 1.81842870179414
1004 1.81879219532026
1005 1.81913000670429
1006 1.81944016712975
1007 1.81972104031118
1008 1.8199713232688
1009 1.82019004406136
1010 1.82037655662554
1011 1.82053053289045
1012 1.82065195235304
1013 1.82074108931546
1014 1.82079849799799
1015 1.82082499575148
1016 1.82082164460067
1017 1.82078973135562
1018 1.8207307465307
1019 1.82064636231199
1020 1.82053840981195
1021 1.82040885584665
1022 1.8202597794655
1023 1.82009334845563
1024 1.81991179603419
1025 1.8197173979312
1026 1.81951245005318
1027 1.81929924690502
1028 1.81908006093281
1029 1.81885712293551
1030 1.81863260367719
1031 1.8184085968154
1032 1.81818710324437
1033 1.81797001693482
1034 1.8177591123353
1035 1.81755603338294
1036 1.81736228415519
1037 1.81717922117783
1038 1.817008047389
1039 1.81684980774391
1040 1.81670538643109
1041 1.81657550565719
1042 1.81646072594547
1043 1.81636144788151
1044 1.81627791522938
1045 1.81621021933258
1046 1.81615830470579
1047 1.81612197571692
1048 1.81610090425317
1049 1.8160946382605
1050 1.81610261104262
1051 1.81612415120359
1052 1.81615849311709
1053 1.81620478780583
1054 1.81626211411544
1055 1.81632949006964
1056 1.81640588429656
1057 1.81649022741992
1058 1.81658142331396
1059 1.81667836012589
1060 1.81677992097648
1061 1.81688499425549
1062 1.81699248343608
1063 1.81710131634001
1064 1.8172104537928
1065 1.81731889761672
1066 1.81742569791699
1067 1.81752995962552
1068 1.81763084827393
1069 1.81772759497665
1070 1.81781950061196
1071 1.81790593919722
1072 1.81798636046166
1073 1.81806029162727
1074 1.81812733841512
1075 1.81818718530053
1076 1.81823959504648
1077 1.81828440754982
1078 1.81832153803968
1079 1.81835097467153
1080 1.81837277556413
1081 1.81838706532955
1082 1.81839403114888
1083 1.81839391844833
1084 1.81838702623137
1085 1.8183737021237
1086 1.81835433718785
1087 1.81832936056384
1088 1.81829923399171
1089 1.8182644462703
1090 1.81822550770494
1091 1.81818294459482
1092 1.81813729380791
1093 1.81808909748887
1094 1.81803889794216
1095 1.81798723272906
1096 1.81793463001388
1097 1.81788160419104
1098 1.81782865182042
1099 1.81777624789497
1100 1.81772484246007
1101 1.81767485760047
1102 1.81762668480655
1103 1.81758068272765
1104 1.81753717531646
1105 1.81749645036488
1106 1.81745875842785
1107 1.81742431212885
1108 1.81739328583693
1109 1.81736581570292
1110 1.81734200003894
1111 1.81732190002377
1112 1.81730554071369
1113 1.81729291233686
1114 1.8172839718478
1115 1.81727864471666
1116 1.81727682692761
1117 1.81727838715919
1118 1.81728316911944
1119 1.8172909940082
1120 1.81730166307898
1121 1.81731496027299
1122 1.81733065489869
1123 1.81734850433057
1124 1.81736825670216
1125 1.81738965356898
1126 1.81741243251889
1127 1.8174363297083
1128 1.81746108230459
1129 1.81748643081654
1130 1.81751212129651
1131 1.81753790739987
1132 1.81756355228905
1133 1.81758883037167
1134 1.81761352886389
1135 1.81763744917236
1136 1.81766040808987
1137 1.8176822388017
1138 1.81770279170171
1139 1.81772193501855
1140 1.81773955525465
1141 1.81775555744163
1142 1.81776986521771
1143 1.81778242073388
1144 1.81779318439682
1145 1.8178021344579
1146 1.81780926645829
1147 1.8178145925414
1148 1.81781814064432
1149 1.8178199535807
1150 1.81782008802797
1151 1.81781861343197
1152 1.81781561084246
1153 1.81781117169285
1154 1.81780539653758
1155 1.81779839376024
1156 1.8177902782655
1157 1.81778117016711
1158 1.81777119348417
1159 1.81776047485703
1160 1.81774914229352
1161 1.8177373239557
1162 1.8177251469962
1163 1.81771273645274
1164 1.81770021420821
1165 1.8176876980231
1166 1.81767530064579
1167 1.8176631290056
1168 1.81765128349234
1169 1.81763985732521
1170 1.81762893601307
1171 1.81761859690694
1172 1.81760890884508
1173 1.81759993188986
1174 1.81759171715488
1175 1.81758430672025
1176 1.81757773363291
1177 1.81757202198858
1178 1.81756718709096
1179 1.81756323568377
1180 1.81756016625015
1181 1.81755796937409
1182 1.81755662815806
1183 1.81755611869043
1184 1.81755641055669
1185 1.81755746738776
1186 1.81755924743908
1187 1.81756170419372
1188 1.81756478698335
1189 1.8175684416204
1190 1.81757261103548
1191 1.81757723591394
1192 1.81758225532592
1193 1.81758760734447
1194 1.8175932296466
1195 1.81759906009268
1196 1.81760503727975
1197 1.81761110106487
1198 1.81761719305509
1199 1.81762325706098
1200 1.8176292395112
