1 2
2 2
3 2
4 2
5 2
6 2
7 2
8 2
9 2
10 2
11 2
12 2
13 2
14 2
15 2
16 2
17 2
18 2
19 2
20 2
21 2
22 2
23 2
24 2
25 2
26 2
27 2
28 2
29 2
30 2.25
31 2.27142162162162
32 2.29304324324324
33 2.31466486486486
34 2.33628648648649
35 2.35790810810811
36 2.37952972972973
37 2.40115135135135
38 2.42277297297297
39 2.44439459459459
40 2.46441589424797
41 2.4816003826735
42 2.49630202603601
43 2.50879430365471
44 2.51928985121996
45 2.52795392896308
46 2.53491491231215
47 2.54027246267317
48 2.5441038911939
49 2.54646911499716
50 2.54742476118255
51 2.54704212520692
52 2.54540892838424
53 2.54262200872491
54 2.53878246747626
55 2.53399252778455
56 2.52835358514653
57 2.52196507571633
58 2.51492389564129
59 2.50732418262595
60 2.49925726191526
61 2.49081152448354
62 2.48207213720853
63 2.47312065837602
64 2.46403465252334
65 2.45488735293178
66 2.44574739204467
67 2.43667860358137
68 2.42773989108106
69 2.41898515329037
70 2.41046325578083
71 2.40221804000095
72 2.39428836436783
73 2.38670817476841
74 2.37950660297311
75 2.37270809149625
76 2.36633254305179
77 2.36039549230781
78 2.35490829730649
79 2.34987834774168
80 2.34530928727231
81 2.34120124715442
82 2.33755108864033
83 2.33435265176953
84 2.33159700833756
85 2.32927271697197
86 2.3273660783761
87 2.32586138892873
88 2.32474119095672
89 2.32398651813162
90 2.32357713457933
91 2.32349176643395
92 2.32370832470929
93 2.32420411850306
94 2.32495605768742
95 2.32594084437368
96 2.3271351525693
97 2.32851579556912
98 2.33005988074249
99 2.33174495149044
100 2.33354911625426
101 2.33545116455706
102 2.33743067015334
103 2.33946808144846
104 2.34154479942882
105 2.34364324341601
106 2.34574690502313
107 2.34784039074875
108 2.34990945369502
109 2.3519410149397
110 2.35392317512869
111 2.35584521688598
112 2.35769759866162
113 2.35947194065614
114 2.36116100347188
115 2.36275866014809
116 2.36425986223832
117 2.3656606005849
118 2.36695786143782
119 2.36814957855331
120 2.36923458189174
121 2.37021254351593
122 2.37108392126874
123 2.37184990078456
124 2.37251233636259
125 2.37307369120121
126 2.37353697746263
127 2.37390569660543
128 2.37418378039061
129 2.37437553293339
130 2.37448557414013
131 2.37451878483587
132 2.37448025385513
133 2.3743752273354
134 2.37420906042068
135 2.37398717155068
136 2.37371499948089
137 2.37339796314912
138 2.37304142447578
139 2.37265065415846
140 2.37223080049557
141 2.37178686125022
142 2.37132365854273
143 2.37084581673973
144 2.37035774328868
145 2.36986361242909
146 2.3693673516963
147 2.36887263111947
148 2.36838285500317
149 2.36790115617144
150 2.36743039254376
151 2.36697314590527
152 2.36653172272728
153 2.36610815688955
154 2.36570421415283
155 2.36532139822802
156 2.36496095828775
157 2.36462389776663
158 2.36431098429794
159 2.36402276063706
160 2.36375955642523
161 2.36352150065164
162 2.36330853467658
163 2.36312042568393
164 2.3629567804376
165 2.36281705922272
166 2.36270058985978
167 2.3626065816868
168 2.36253413941238
169 2.36248227675002
170 2.362449929752
171 2.36243596976878
172 2.36243921596788
173 2.36245844735371
174 2.36249241423762
175 2.36253984911487
176 2.36259947691222
177 2.36267002457716
178 2.36275022998634
179 2.36283885015703
180 2.36293466875183
181 2.36303650287231
182 2.36314320914271
183 2.36325368908973
184 2.36336689382918
185 2.36348182807432
186 2.36359755348444
187 2.36371319137588
188 2.36382792482043
189 2.36394100015878
190 2.364051727959
191 2.36415948345166
192 2.36426370647512
193 2.36436390096509
194 2.36445963402414
195 2.36455053460672
196 2.3646362918558
197 2.36471665312733
198 2.3647914217381
199 2.36486045447229
200 2.36492365888128
201 2.36498099041021
202 2.36503244938382
203 2.36507807788274
204 2.36511795654011
205 2.36515220128677
206 2.36518096007189
207 2.3652044095838
208 2.36522275199467
209 2.36523621175019
210 2.36524503242418
211 2.36524947365591
212 2.36524980818609
213 2.36524631900588
214 2.36523929663123
215 2.3652290365132
216 2.36521583659336
217 2.36519999501141
218 2.36518180797081
219 2.36516156776662
220 2.36513956097824
221 2.36511606682855
222 2.36509135570935
223 2.36506568787226
224 2.3650393122827
225 2.36501246563382
226 2.36498537151635
227 2.36495823973926
228 2.36493126579576
229 2.36490463046817
230 2.36487849956497
231 2.36485302378256
232 2.36482833868412
233 2.36480456478763
234 2.36478180775466
235 2.36476015867182
236 2.36473969441617
237 2.36472047809639
238 2.36470255956113
239 2.36468597596634
240 2.36467075239341
241 2.36465690251025
242 2.36464442926748
243 2.36463332562259
244 2.36462357528463
245 2.36461515347308
246 2.36460802768419
247 2.36460215845906
248 2.36459750014774
249 2.36459400166423
250 2.36459160722769
251 2.36459025708542
252 2.36458988821394
253 2.36459043499447
254 2.36459182986001
255 2.36459400391117
256 2.3645968874988
257 2.36460041077131
258 2.36460450418548
259 2.36460909897952
260 2.36461412760764
261 2.36461952413589
262 2.36462522459885
263 2.36463116731768
264 2.36463729317968
265 2.36464354588022
266 2.36464987212791
267 2.36465622181398
268 2.36466254814737
269 2.36466880775676
270 2.36467496076118
271 2.36468097081097
272 2.3646868051007
273 2.36469243435601
274 2.36469783279631
275 2.36470297807511
276 2.36470785120022
277 2.36471243643554
278 2.36471672118659
279 2.36472069587158
280 2.36472435378012
281 2.36472769092128
282 2.36473070586286
283 2.36473339956366
284 2.36473577520043
285 2.36473783799106
286 2.36473959501555
287 2.36474105503614
288 2.36474222831811
289 2.36474312645219
290 2.36474376218002
291 2.36474414922352
292 2.36474430211909
293 2.36474423605767
294 2.36474396673115
295 2.36474351018597
296 2.36474288268435
297 2.36474210057361
298 2.36474118016404
299 2.36474013761546
300 2.36473898883275
301 2.36473774937051
302 2.36473643434673
303 2.3647350583657
304 2.36473363544983
305 2.3647321789804
306 2.36473070164697
307 2.36472921540522
308 2.36472773144299
309 2.36472626015407
310 2.3647248111195
311 2.36472339309594
312 2.36472201401073
313 2.36472068096317
314 2.36471940023158
315 2.36471817728578
316 2.36471701680435
317 2.36471592269641
318 2.36471489812731
319 2.36471394554783
320 2.36471306672642
321 2.36471226278408
322 2.3647115342314
323 2.36471088100738
324 2.36471030251956
325 2.36470979768525
326 2.36470936497325
327 2.36470900244597
328 2.36470870780143
329 2.36470847841499
330 2.36470831138042
331 2.36470820355019
332 2.36470815157457
333 2.36470815193955
334 2.36470820100326
335 2.36470829503071
336 2.36470843022686
337 2.3647086027678
338 2.36470880882988
339 2.36470904461698
340 2.36470930638549
341 2.36470959046737
342 2.36470989329092
343 2.36471021139949
344 2.3647105414681
345 2.36471088031789
346 2.36471122492857
347 2.36471157244888
348 2.36471192020514
349 2.36471226570787
350 2.36471260665671
351 2.36471294094363
352 2.36471326665454
353 2.36471358206944
354 2.36471388566112
355 2.36471417609264
356 2.36471445221362
357 2.3647147130554
358 2.36471495782535
359 2.36471518590025
360 2.36471539681891
361 2.36471559027424
362 2.36471576610467
363 2.36471592428521
364 2.36471606491813
365 2.36471618822336
366 2.36471629452878
367 2.36471638426035
368 2.36471645793229
369 2.36471651613727
370 2.36471655953674
371 2.36471658885146
372 2.36471660485222
373 2.36471660835092
374 2.3647166001919
375 2.36471658124371
376 2.36471655239123
377 2.36471651452825
378 2.3647164685505
379 2.36471641534912
380 2.3647163558047
381 2.36471629078167
382 2.36471622112334
383 2.36471614764735
384 2.36471607114163
385 2.36471599236088
386 2.36471591202352
387 2.36471583080906
388 2.36471574935601
389 2.36471566826022
390 2.36471558807351
391 2.36471550930292
392 2.36471543241014
393 2.36471535781142
394 2.36471528587774
395 2.36471521693535
396 2.36471515126654
397 2.36471508911069
398 2.36471503066555
399 2.36471497608874
400 2.11471497608874
401 2.07187168632618
402 2.02862840068145
403 1.98538511916977
404 1.94214184177592
405 1.89889856845644
406 1.85565529914194
407 1.81241203373935
408 1.76916877213426
409 1.72592551419322
410 1.68428258141039
411 1.64561358862486
412 1.60979717641557
413 1.57674309028459
414 1.54638231669465
415 1.51866232568859
416 1.49354336704723
417 1.4709955881327
418 1.45099679163757
419 1.4335306916502
420 1.41857531363261
421 1.40608611040587
422 1.39599363487741
423 1.38821016242852
424 1.38263454179459
425 1.37915575631773
426 1.37765553048408
427 1.37801023153793
428 1.38009225210003
429 1.38377101188557
430 1.38891374642621
431 1.39538630480862
432 1.40305406740301
433 1.41178292884904
434 1.42144026309583
435 1.43189582393641
436 1.44302255813659
437 1.45469732321242
438 1.46680151096705
439 1.47922158302549
440 1.49184952674936
441 1.5045832392063
442 1.51732684432805
443 1.52999094611913
444 1.54249281985493
445 1.55475654326916
446 1.56671307019679
447 1.57830024969048
448 1.58946279410154
449 1.60015219994383
450 1.61032662552875
451 1.61995072939829
452 1.62899547353897
453 1.63743789528053
454 1.64526085169565
455 1.65245274022619
456 1.65900719916689
457 1.66492279153115
458 1.67020267570329
459 1.67485426614472
460 1.67888888726863
461 1.68232142343054
462 1.68516996780468
463 1.68745547272944
464 1.6892014039141
465 1.69043340070409
466 1.69117894440517
467 1.69146703647047
468 1.69132788815836
469 1.69079262307563
470 1.68989299383031
471 1.68866111383285
472 1.68712920510407
473 1.68532936277465
474 1.68329333679435
475 1.6810523312104
476 1.67863682122443
477 1.67607638809609
478 1.6733995718298
479 1.67063374145856
480 1.66780498262668
481 1.66493800207078
482 1.66205604850575
483 1.65918084934022
484 1.65633256257303
485 1.65352974315946
486 1.65078932308229
487 1.64812660431845
488 1.64555526385631
489 1.64308736989194
490 1.64073340831325
491 1.63850231857009
492 1.63640153802378
493 1.63443705387273
494 1.63261346175919
495 1.63093403017701
496 1.62940076982037
497 1.62801450703755
498 1.62677496058317
499 1.62568082089461
500 1.62472983115425
501 1.62391886943774
502 1.62324403128938
503 1.62270071210843
504 1.62228368877441
505 1.62198719998435
506 1.62180502482103
507 1.62173055911692
508 1.62175688922474
509 1.62187686285073
510 1.62208315665178
511 1.62236834034101
512 1.62272493708932
513 1.6231454800512
514 1.62362256488274
515 1.62414889815734
516 1.62471734162055
517 1.62532095225875
518 1.62595301818823
519 1.62660709040039
520 1.62727701042551
521 1.62795693400268
522 1.62864135086519
523 1.62932510077127
524 1.63000338592729
525 1.6306717799662
526 1.63132623365701
527 1.63196307753214
528 1.63257902162864
529 1.63317115254563
530 1.63373692802593
531 1.6342741692725
532 1.63478105121215
533 1.63525609091839
534 1.63569813440405
535 1.63610634199099
536 1.63648017245999
537 1.63681936617837
538 1.63712392739673
539 1.63739410589825
540 1.63763037817642
541 1.6378334283078
542 1.63800412867711
543 1.63814352070209
544 1.63825279569533
545 1.63833327598956
546 1.63838639644257
547 1.63841368642682
548 1.63841675239819
549 1.63839726112763
550 1.63835692366892
551 1.63829748012546
552 1.63822068526876
553 1.63812829505194
554 1.63802205405175
555 1.63790368386404
556 1.63777487246889
557 1.63763726457364
558 1.63749245293455
559 1.63734197065077
560 1.63718728441787
561 1.63702978872222
562 1.63687080095206
563 1.63671155739641
564 1.63655321009847
565 1.63639682452659
566 1.63624337802238
567 1.63609375898327
568 1.63594876673398
569 1.63580911204011
570 1.63567541821555
571 1.63554822277448
572 1.6354279795785
573 1.63531506142905
574 1.63520976305586
575 1.63511230445261
576 1.63502283451193
577 1.63494143491311
578 1.63486812421735
579 1.63480286212692
580 1.63474555386663
581 1.63469605464792
582 1.63465417417808
583 1.63461968117948
584 1.63459230788585
585 1.63457175448536
586 1.63455769348254
587 1.63454977395371
588 1.63454762567302
589 1.63455086308881
590 1.63455908913239
591 1.63457189884386
592 1.63458888280181
593 1.63460963034629
594 1.63463373258635
595 1.63466078518592
596 1.63469039092348
597 1.63472216202311
598 1.63475572225631
599 1.63479070881538
600 1.63482677396125
601 1.63486358644935
602 1.63490083273914
603 1.6349382179935
604 1.6349754668757
605 1.63501232415214
606 1.63504855511027
607 1.63508394580142
608 1.63511830311916
609 1.63515145472383
610 1.63518324882474
611 1.63521355383127
612 1.63524225788461
613 1.63526926828167
614 1.63529451080284
615 1.63531792895501
616 1.63533948314113
617 1.63535914976738
618 1.63537692029854
619 1.63539280027197
620 1.63540680828006
621 1.63541897493055
622 1.63542934179373
623 1.63543796034476
624 1.63544489090923
625 1.63545020161897
626 1.63545396738495
627 1.63545626889344
628 1.63545719163081
629 1.63545682494203
630 1.63545526112718
631 1.63545259457973
632 1.63544892096988
633 1.63544433647555
634 1.63543893706326
635 1.63543281782048
636 1.63542607234066
637 1.6354187921616
638 1.63541106625757
639 1.63540298058484
640 1.63539461768041
641 1.6353860563128
642 1.63537737118403
643 1.6353686326812
644 1.63535990667601
645 1.63535125437029
646 1.63534273218561
647 1.63533439169437
648 1.63532627959032
649 1.63531843769573
650 1.63531090300272
651 1.63530370774611
652 1.63529687950495
653 1.63529044133017
654 1.63528441189552
655 1.63527880566911
656 1.63527363310304
657 1.63526890083827
658 1.63526461192239
659 1.63526076603788
660 1.6352573597383
661 1.63525438669041
662 1.63525183791993
663 1.63524970205899
664 1.63524796559346
665 1.63524661310823
666 1.63524562752908
667 1.63524499035945
668 1.63524468191089
669 1.63524468152592
670 1.63524496779239
671 1.63524551874817
672 1.6352463120756
673 1.63524732528496
674 1.63524853588632
675 1.63524992154956
676 1.63525146025202
677 1.63525313041374
678 1.6352549110202
679 1.63525678173241
680 1.6352587229846
681 1.6352607160696
682 1.6352627432122
683 1.63526478763075
684 1.63526683358744
685 1.63526886642763
686 1.63527087260875
687 1.63527283971934
688 1.63527475648861
689 1.63527661278732
690 1.63527839962047
691 1.63528010911235
692 1.63528173448479
693 1.63528327002899
694 1.63528471107185
695 1.63528605393712
696 1.63528729590229
697 1.6352884351516
698 1.63528947072596
699 1.63529040247015
700 1.6352912309781
701 1.63529195753653
702 1.63529258406765
703 1.63529311307132
704 1.63529354756712
705 1.63529389103669
706 1.63529414736691
707 1.63529432079406
708 1.6352944158494
709 1.63529443730642
710 1.6352943901301
711 1.63529427942826
712 1.6352941104053
713 1.63529388831851
714 1.63529361843696
715 1.63529330600326
716 1.63529295619808
717 1.63529257410764
718 1.63529216469409
719 1.63529173276887
720 1.63529128296898
721 1.63529081973608
722 1.63529034729855
723 1.63528986965622
724 1.63528939056783
725 1.63528891354104
726 1.63528844182496
727 1.63528797840503
728 1.63528752600011
729 1.63528708706168
730 1.635286663775
731 1.6352862580621
732 1.63528587158637
733 1.63528550575875
734 1.63528516174524
735 1.63528484047563
736 1.63528454265334
737 1.63528426876611
738 1.63528401909757
739 1.63528379373939
740 1.63528359260399
741 1.63528341543762
742 1.6352832618337
743 1.63528313124638
744 1.63528302300406
745 1.63528293632295
746 1.63528287032041
747 1.6352828240281
748 1.63528279640486
749 1.63528278634916
750 1.6352827927111
751 1.635282814304
752 1.63528284991537
753 1.63528289831731
754 1.63528295827636
755 1.63528302856262
756 1.63528310795826
757 1.63528319526535
758 1.63528328931297
759 1.63528338896368
760 1.63528349311931
761 1.63528360072596
762 1.63528371077849
763 1.63528382232424
764 1.63528393446617
765 1.63528404636538
766 1.63528415724301
767 1.63528426638161
768 1.63528437312599
769 1.63528447688354
770 1.63528457712408
771 1.63528467337932
772 1.63528476524186
773 1.63528485236386
774 1.63528493445537
775 1.6352850112824
776 1.63528508266463
777 1.63528514847303
778 1.63528520862714
779 1.63528526309235
780 1.63528531187686
781 1.63528535502874
782 1.63528539263275
783 1.63528542480721
784 1.63528545170084
785 1.63528547348955
786 1.63528549037334
787 1.63528550257318
788 1.63528551032798
789 1.63528551389165
790 1.63528551353026
791 1.63528550951928
792 1.63528550214099
793 1.63528549168198
794 1.63528547843083
795 1.63528546267591
796 1.63528544470334
797 1.63528542479512
798 1.63528540322741
799 1.63528538026897
800 1.84079076158516
801 1.85150154742592
802 1.86231233262465
803 1.87312311740813
804 1.88393390199032
805 1.89474468657174
806 1.90555547133897
807 1.91636625646429
808 1.92717704210548
809 1.93798782840564
810 1.94748311623382
811 1.95469064232384
812 1.95997627903577
813 1.96362383475331
814 1.96585435016175
815 1.96683997443566
816 1.96671477428426
817 1.96558315356079
818 1.96352641162961
819 1.96060785192639
820 1.95688518208721
821 1.9524256220936
822 1.94730716549657
823 1.94161234997357
824 1.93542426684998
825 1.92882411407364
826 1.921889805209
827 1.91469528709276
828 1.90731032076239
829 1.89980055413133
830 1.89222771417748
831 1.88464972447569
832 1.87712066915333
833 1.86969066955428
834 1.86240575436745
835 1.85530776349569
836 1.84843430148798
837 1.84181874228962
838 1.83549027964353
839 1.82947401418467
840 1.82379106778401
841 1.81845871755139
842 1.8134905449782
843 1.80889659813291
844 1.8046835658208
845 1.80085496267513
846 1.79741132385586
847 1.7943504077004
848 1.79166740443789
849 1.78935514898438
850 1.78740433587503
851 1.78580373452131
852 1.78454040315681
853 1.78359990001144
854 1.78296649040986
855 1.78262334862515
856 1.782552753438
857 1.78273627646361
858 1.78315496241731
859 1.78378950059887
860 1.78462038698446
861 1.78562807642356
862 1.7867931245441
863 1.78809631907093
864 1.78951880035944
865 1.79104217103759
866 1.79264859473419
867 1.79432088395103
868 1.79604257720891
869 1.79779800566524
870 1.79957234946128
871 1.8013516841128
872 1.80312301730628
873 1.80487431650618
874 1.80659452781607
875 1.80827358656736
876 1.80990242013586
877 1.8114729435065
878 1.81297804812196
879 1.8144115845617
880 1.81576833960344
881 1.81704400822093
882 1.81823516106928
883 1.81933920800279
884 1.82035435816066
885 1.82127957714315
886 1.82211454178495
887 1.82285959301456
888 1.82351568726806
889 1.82408434690325
890 1.8245676100363
891 1.82496798019797
892 1.82528837617983
893 1.82553208241404
894 1.82570270020243
895 1.8258041000828
896 1.82584037559196
897 1.82581579865736
898 1.82573477682129
899 1.82560181247442
900 1.82542146424893
901 1.82519831069564
902 1.82493691634462
903 1.82464180022499
904 1.82431740689678
905 1.82396808002616
906 1.82359803851529
907 1.82321135517867
908 1.82281193794091
909 1.82240351351403
910 1.82198961349823
911 1.82157356283624
912 1.82115847053998
913 1.82074722259733
914 1.82034247695783
915 1.81994666048871
916 1.81956196778553
917 1.81919036171729
918 1.81883357558133
919 1.81849311674089
920 1.81817027161626
921 1.81786611190013
922 1.81758150186755
923 1.81731710665273
924 1.81707340136627
925 1.81685068092986
926 1.81664907050843
927 1.81646853642412
928 1.81630889744091
929 1.81616983631398
930 1.81605091150311
931 1.81595156895567
932 1.81587115387023
933 1.81580892235884
934 1.81576405293184
935 1.81573565773598
936 1.8157227934831
937 1.81572447201305
938 1.81573967044138
939 1.81576734084824
940 1.81580641947176
941 1.81585583537475
942 1.8159145185599
943 1.81598140751398
944 1.8160554561672
945 1.81613564025877
946 1.81622096310486
947 1.81631046076931
948 1.81640320664198
949 1.81649831543329
950 1.81659494659722
951 1.816692307198
952 1.81678965423904
953 1.81688629647468
954 1.81698159572795
955 1.81707496773938
956 1.81716588257326
957 1.81725386460941
958 1.81733849214918
959 1.81741939666545
960 1.81749626172659
961 1.8175688216248
962 1.81763685973906
963 1.81770020666285
964 1.81775873812626
965 1.81781237274159
966 1.81786106960074
967 1.81790482575177
968 1.81794367358099
969 1.81797767812579
970 1.81800693434201
971 1.81803156434869
972 1.81805171467105
973 1.81806755350172
974 1.81807926799826
975 1.8180870616337
976 1.81809115161523
977 1.8180917663848
978 1.81808914321349
979 1.81808352590037
980 1.818075162585
981 1.81806430368104
982 1.81805119993748
983 1.81803610063217
984 1.81801925190145
985 1.81800089520833
986 1.81798126595025
987 1.81796059220692
988 1.81793909362718
989 1.81791698045322
990 1.81789445267953
991 1.81787169934323
992 1.81784889794163
993 1.81782621397235
994 1.81780380059075
995 1.81778179837898
996 1.81776033522044
997 1.81773952627331
998 1.8177194740364
999 1.81770026850047
1000 1.81768198737791
1001 1.81766469640386
1002 1.81764844970148
1003 1.81763329020445
1004 1.81761925012968
1005 1.81760635149326
1006 1.81759460666323
1007 1.81758401894241
1008 1.81757458317523
1009 1.81756628637245
1010 1.81755910834829
1011 1.81755302236424
1012 1.81754799577492
1013 1.81754399067083
1014 1.81754096451405
1015 1.81753887076247
1016 1.81753765947921
1017 1.81753727792379
1018 1.8175376711221
1019 1.81753878241264
1020 1.81754055396679
1021 1.81754292728122
1022 1.81754584364081
1023 1.81754924455095
1024 1.81755307213816
1025 1.81755726951848
1026 1.8175617811332
1027 1.81756655305182
1028 1.81757153324232
1029 1.81757667180927
1030 1.8175819212
1031 1.81758723637996
1032 1.81759257497784
1033 1.81759789740177
1034 1.81760316692758
1035 1.81760834976061
1036 1.8176134150723
1037 1.81761833501328
1038 1.81762308470421
1039 1.81762764220622
1040 1.81763198847251
1041 1.81763610728269
1042 1.81763998516163
1043 1.81764361128441
1044 1.81764697736905
1045 1.81765007755856
1046 1.81765290829406
1047 1.81765546818022
1048 1.81765775784484
1049 1.81765977979365
1050 1.81766153826197
1051 1.81766303906433
1052 1.81766428944331
1053 1.81766529791875
1054 1.81766607413837
1055 1.81766662873072
1056 1.81766697316143
1057 1.81766711959347
1058 1.81766708075214
1059 1.81766686979551
1060 1.81766650019078
1061 1.81766598559694
1062 1.8176653397544
1063 1.81766457638154
1064 1.81766370907873
1065 1.8176627512398
1066 1.81766171597115
1067 1.81766061601856
1068 1.81765946370158
1069 1.81765827085559
1070 1.8176570487813
1071 1.81765580820153
1072 1.81765455922518
1073 1.81765331131797
1074 1.81765207327992
1075 1.817650853229
1076 1.81764965859082
1077 1.817648496094
1078 1.81764737177077
1079 1.81764629096245
1080 1.81764525832957
1081 1.81764427786602
1082 1.81764335291699
1083 1.81764248620033
1084 1.81764167983079
1085 1.81764093534695
1086 1.81764025374031
1087 1.8176396354863
1088 1.81763908057678
1089 1.8176385885537
1090 1.81763815854364
1091 1.81763778929294
1092 1.81763747920301
1093 1.81763722636568
1094 1.81763702859832
1095 1.81763688347844
1096 1.81763678837758
1097 1.81763674049434
1098 1.81763673688628
1099 1.81763677450073
1100 1.81763685020409
1101 1.81763696080979
1102 1.81763710310459
1103 1.81763727387333
1104 1.81763746992189
1105 1.81763768809847
1106 1.81763792531304
1107 1.81763817855503
1108 1.81763844490921
1109 1.81763872156979
1110 1.81763900585279
1111 1.81763929520661
1112 1.81763958722102
1113 1.81763987963441
1114 1.81764017033963
1115 1.81764045738815
1116 1.81764073899291
1117 1.81764101352985
1118 1.81764127953805
1119 1.81764153571885
1120 1.81764178093374
1121 1.81764201420137
1122 1.81764223469357
1123 1.81764244173061
1124 1.81764263477569
1125 1.81764281342885
1126 1.81764297742026
1127 1.81764312660315
1128 1.81764326094624
1129 1.81764338052595
1130 1.81764348551839
1131 1.81764357619115
1132 1.81764365289505
1133 1.81764371605585
1134 1.81764376616602
1135 1.81764380377659
1136 1.8176438294892
1137 1.81764384394821
1138 1.81764384783327
1139 1.81764384185191
1140 1.81764382673268
1141 1.81764380321844
1142 1.81764377206008
1143 1.81764373401067
1144 1.8176436898199
1145 1.81764364022905
1146 1.8176435859662
1147 1.8176435277421
1148 1.81764346624619
1149 1.81764340214328
1150 1.8176433360705
1151 1.81764326863466
1152 1.81764320041009
1153 1.81764313193681
1154 1.81764306371903
1155 1.81764299622412
1156 1.81764292988179
1157 1.81764286508369
1158 1.81764280218325
1159 1.81764274149583
1160 1.81764268329914
1161 1.81764262783386
1162 1.81764257530451
1163 1.81764252588051
1164 1.81764247969742
1165 1.81764243685834
1166 1.8176423974354
1167 1.81764236147144
1168 1.81764232898171
1169 1.8176422999557
1170 1.81764227435899
1171 1.81764225213519
1172 1.81764223320782
1173 1.81764221748228
1174 1.8176422048478
1175 1.81764219517929
1176 1.8176421883393
1177 1.81764218417981
1178 1.81764218254404
1179 1.81764218326813
1180 1.81764218618287
1181 1.81764219111522
1182 1.81764219788982
1183 1.81764220633041
1184 1.81764221626114
1185 1.81764222750777
1186 1.81764223989883
1187 1.81764225326664
1188 1.81764226744822
1189 1.81764228228615
1190 1.81764229762928
1191 1.81764231333336
1192 1.81764232926162
1193 1.81764234528521
1194 1.81764236128356
1195 1.81764237714463
1196 1.8176423927652
1197 1.81764240805089
1198 1.8176424229163
1199 1.81764243728491
1200 1.81764245108911
