1 2
2 2
3 2
4 2
5 2
6 2
7 2
8 2
9 2
10 2
11 2
12 2
13 2
14 2
15 2
16 2
17 2
18 2
19 2
20 2
21 2
22 2
23 2
24 2
25 2
26 2
27 2
28 2
29 2
30 2.25
31 2.290625
32 2.33125
33 2.371875
34 2.4125
35 2.453125
36 2.49375
37 2.534375
38 2.575
39 2.615625
40 2.65364005449219
41 2.68680595937647
42 2.71532533989174
43 2.73934961812249
44 2.7589906454454
45 2.77432974823349
46 2.78542475937522
47 2.79231548156394
48 2.79502792969876
49 2.79357762292383
50 2.78799938426317
51 2.77839164334214
52 2.76492248516633
53 2.74781199936936
54 2.72731932647512
55 2.7037331739931
56 2.67736488876289
57 2.64854340685886
58 2.6176115780311
59 2.58492349280262
60 2.55084225360998
61 2.5157373488021
62 2.47998122789723
63 2.44394536881533
64 2.40799624049594
65 2.37249139859456
66 2.33777584285835
67 2.30417869468379
68 2.27201020980739
69 2.24155911534433
70 2.21309024936378
71 2.18684248646156
72 2.16302694901046
73 2.14182551727967
74 2.12338965530224
75 2.10783956598327
76 2.09526368267495
77 2.08571849765655
78 2.07922872186284
79 2.07578776532685
80 2.07535852423562
81 2.07787445800929
82 2.08324093795553
83 2.09133684739455
84 2.10201641148719
85 2.11511123333088
86 2.13043251131415
87 2.1477734113511
88 2.16691156653714
89 2.18761167602494
90 2.20962817452944
91 2.23270794381951
92 2.25659303781603
93 2.28102339346406
94 2.30573950035612
95 2.33048500313659
96 2.35500921199893
97 2.37906949808269
98 2.40243355227008
99 2.42488148775335
100 2.44620776877166
101 2.46622295007667
102 2.4847552139533
103 2.50165169397025
104 2.51677957703788
105 2.53002697778307
106 2.54130358168612
107 2.55054105583975
108 2.55769322856059
109 2.56273604138613
110 2.56566727920477
111 2.56650608637108
112 2.56529227863569
113 2.56208546255145
114 2.55696397568963
115 2.55002366249887
116 2.54137650195453
117 2.53114910426705
118 2.51948109483944
119 2.50652340438044
120 2.49243648458872
121 2.47738846912549
122 2.4615532996881
123 2.44510883689122
124 2.4282349753592
125 2.41111178194207
126 2.39391767529665
127 2.37682766423518
128 2.36001166124842
129 2.34363288647234
130 2.32784637610212
131 2.31279760787978
132 2.29862125480851
133 2.28544007669599
134 2.2733639575161
135 2.2624890949233
136 2.25289734657263
137 2.24465573620909
138 2.23781612081025
139 2.23241501841178
140 2.2284735946338
141 2.22599780437074
142 2.22497868362476
143 2.2253927850644
144 2.22720274958905
145 2.23035800498674
146 2.23479558169733
147 2.24044103474294
148 2.24720946006987
149 2.25500659286635
150 2.26372997488087
151 2.27327017737083
152 2.28351206605903
153 2.29433609436744
154 2.30561961123008
155 2.31723816995664
156 2.32906682492145
157 2.34098140328059
158 2.35285973946845
159 2.36458286088372
160 2.37603611393532
161 2.38711022047087
162 2.39770225554354
163 2.40771653847553
164 2.4170654302373
165 2.42567003126785
166 2.43346077500174
167 2.44037791352975
168 2.44637189299088
169 2.45140361746105
170 2.45544460125721
171 2.45847701070266
172 2.46049359749036
173 2.46149752682474
174 2.46150210451011
175 2.46053040807689
176 2.45861482788652
177 2.45579652492673
178 2.45212481269355
179 2.44765647115123
180 2.44245500126102
181 2.43658982897312
182 2.4301354678796
183 2.42317064993051
184 2.41577743371976
185 2.40804029985367
186 2.4000452428252
187 2.39187886863414
188 2.3836275071216
189 2.37537634763144
190 2.36720860617641
191 2.35920473178006
192 2.35144165909258
193 2.34399211374808
194 2.33692397624868
195 2.33029970943732
196 2.32417585386198
197 2.31860259455018
198 2.31362340191079
199 2.30927474866957
200 2.30558590393402
201 2.30257880467973
202 2.30026800416285
203 2.29866069599883
204 2.29775681191363
205 2.29754919047658
206 2.29802381347054
207 2.29916010595006
208 2.30093129548741
209 2.30330482561344
210 2.30624281802923
211 2.30970257779789
212 2.31363713542675
213 2.31799581951869
214 2.3227248535094
215 2.32776796991458
216 2.33306703548657
217 2.33856268072248
218 2.34419492727405
219 2.34990380697961
220 2.35562996646847
221 2.36131525157353
222 2.366903266125
223 2.37233990008203
224 2.37757382238496
225 2.38255693437387
226 2.38724478011253
227 2.3915969104766
228 2.39557719840371
229 2.39915410325605
230 2.40230088280658
231 2.40499575192285
232 2.40722198758134
233 2.40896798039518
234 2.41022723337316
235 2.41099830914371
236 2.41128472736874
237 2.41109481453455
238 2.41044150873706
239 2.40934212247145
240 2.40781806679092
241 2.40589454051034
242 2.40360018839852
243 2.40096673252415
244 2.39802858109507
245 2.39482241925665
246 2.39138678639427
247 2.3877616445154
248 2.38398794227103
249 2.38010717911464
250 2.37616097399151
251 2.37219064280365
252 2.36823678870902
253 2.36433890909027
254 2.3605350227715
255 2.35686132077416
256 2.35335184359009
257 2.35003818761296
258 2.34694924301439
259 2.3441109649808
260 2.34154617984643
261 2.3392744272702
262 2.33731183921428
263 2.33567105609329
264 2.33436118007973
265 2.33338776517677
266 2.33275284330768
267 2.33245498532536
268 2.33248939551852
269 2.33284803788614
270 2.33351979217158
271 2.33449063739372
272 2.33574386038794
273 2.33726028667473
274 2.33901853081067
275 2.34099526324598
276 2.34316549061512
277 2.34550284632253
278 2.34797988825438
279 2.35056840044888
280 2.35323969559065
281 2.35596491525925
282 2.35871532495561
283 2.36146260105126
284 2.36417910695348
285 2.36683815595022
286 2.36941425839204
287 2.37188335108056
288 2.37422300696139
289 2.37641262346243
290 2.37843358807215
291 2.38026942001433
292 2.38190588714377
293 2.38333109745704
294 2.38453556488294
295 2.38551224928422
296 2.38625657086384
297 2.38676639942278
298 2.38704201915982
299 2.38708606993404
300 2.38690346612743
301 2.38650129444412
302 2.38588869216445
303 2.38507670753432
304 2.384078144111
305 2.3829073910069
306 2.38158024106962
307 2.38011369911136
308 2.37852578235211
309 2.37683531526961
310 2.37506172105451
311 2.37322481185292
312 2.37134457993976
313 2.36944099190782
314 2.36753378787842
315 2.3656422876427
316 2.36378520552842
317 2.36198047565759
318 2.36024508911694
319 2.35859494440788
320 2.35704471237701
321 2.3556077166544
322 2.35429583044666
323 2.35311939034734
324 2.35208712764013
325 2.35120611738297
326 2.3504817453751
327 2.34991769292645
328 2.34951593917103
329 2.34927678049495
330 2.34919886648708
331 2.3492792516675
332 2.34951346210677
333 2.34989557591959
334 2.35041831649985
335 2.35107315726202
336 2.35185043656591
337 2.35273948143035
338 2.35372873858431
339 2.35480591136411
340 2.35595810094063
341 2.35717195035174
342 2.35843378982264
343 2.35972978187825
344 2.36104606478913
345 2.36236889294251
346 2.36368477279396
347 2.36498059313054
348 2.3662437484635
349 2.36746225446472
350 2.36862485446689
351 2.36972111615992
352 2.37074151773533
353 2.37167752285374
354 2.37252164393817
355 2.37326749342477
356 2.37390982273291
357 2.37444454884549
358 2.37486876851845
359 2.37518076026205
360 2.37537997435725
361 2.3754670112845
362 2.37544358905082
363 2.37531250000149
364 2.37507755779543
365 2.37474353530653
366 2.37431609428734
367 2.37380170769521
368 2.37320757563389
369 2.37254153590644
370 2.37181197020601
371 2.37102770699188
372 2.37019792210682
373 2.36933203819061
374 2.36843962393188
375 2.36753029417844
376 2.36661361189346
377 2.3656989929038
378 2.36479561433654
379 2.36391232758193
380 2.36305757655582
381 2.3622393219633
382 2.36146497218871
383 2.36074132135555
384 2.36007449501523
385 2.35946990383583
386 2.3589322055729
387 2.35846527551414
388 2.35807218550008
389 2.35775519153372
390 2.35751572990555
391 2.35735442167584
392 2.35727108527565
393 2.35726475691157
394 2.35733371838785
395 2.35747553189358
396 2.35768708124298
397 2.35796461900344
398 2.35830381889976
399 2.35869983284391
400 2.10869983284391
401 2.02794315147102
402 1.94722623419889
403 1.8665427841687
404 1.78588631268412
405 1.70525020909576
406 1.62462781029841
407 1.54401246914922
408 1.46339762114159
409 1.38277684870269
410 1.30475856003041
411 1.23200338127375
412 1.2
413 1.2
414 1.2
415 1.2
416 1.2
417 1.2
418 1.2
419 1.2
420 1.2
421 1.2
422 1.20390839705772
423 1.21386042612893
424 1.22870663271383
425 1.24754252292918
426 1.26965486123949
427 1.29447981732701
428 1.32157034389137
429 1.35057074587895
430 1.38119685242806
431 1.41322055395758
432 1.44641693753657
433 1.48050420744954
434 1.51514724544338
435 1.54998880110243
436 1.58466975744349
437 1.61884176691748
438 1.65217463043564
439 1.68436011630957
440 1.71511342305752
441 1.74417313209071
442 1.77130066372917
443 1.79628046363766
444 1.81892129287939
445 1.83905802864517
446 1.85655336214354
447 1.87129909243295
448 1.88321690477502
449 1.89225863146673
450 1.89840605082467
451 1.90167030547258
452 1.90209102281281
453 1.89973519974093
454 1.89469588190155
455 1.88709064547408
456 1.87705988391511
457 1.86476490664979
458 1.85038586433513
459 1.83411952244317
460 1.81617691001655
461 1.79678087315484
462 1.77616356334849
463 1.75456388984039
464 1.73222496360278
465 1.70939155893415
466 1.6863076173687
467 1.66321381749209
468 1.64034523319977
469 1.61792910175953
470 1.59618272164744
471 1.57531149848314
472 1.55550715551191
473 1.53694612301903
474 1.51978811887429
475 1.50417493014628
476 1.49022940343559
477 1.47805464927992
478 1.46773346370133
479 1.45932796771169
480 1.45287946338346
481 1.44840850294648
482 1.44591516530685
483 1.4453795324208
484 1.44676235611303
485 1.45000590422314
486 1.45503497340963
487 1.46175805455155
488 1.47006863547332
489 1.47984662468564
490 1.49095987899253
491 1.50326581716273
492 1.51661310140796
493 1.5308433681477
494 1.54579298947201
495 1.56129484683295
496 1.57718009879931
497 1.59327992518875
498 1.60942723053868
499 1.62545829068112
500 1.64121432713604
501 1.65654299511907
502 1.67129977215917
503 1.68534923562477
504 1.69856621884816
505 1.71083683700045
506 1.72205937538766
507 1.73214503439558
508 1.74101852689016
509 1.74861852546528
510 1.75489795850411
511 1.75982415556921
512 1.76337884414391
513 1.76555800119984
514 1.7663715644492
515 1.76584300944306
516 1.76400879988721
517 1.7609177196553
518 1.7566300959757
519 1.75121692414689
520 1.74475890488959
521 1.73734540606776
522 1.7290733610021
523 1.72004611595594
524 1.71037223959522
525 1.70016430731106
526 1.68953767324916
527 1.67860924271655
528 1.66749625733922
529 1.65631510492947
530 1.64518016549541
531 1.63420270419611
532 1.62348982132236
533 1.61314346857458
534 1.60325954002597
535 1.59392704521178
536 1.58522737078489
537 1.57723363613572
538 1.57001014730154
539 1.56361195239911
540 1.55808450071546
541 1.553463406497
542 1.5497743173967
543 1.54703288648477
544 1.5452448457088
545 1.54440617771513
546 1.54450338202241
547 1.54551383067973
548 1.54740620775149
549 1.55014102625675
550 1.55367121555707
551 1.5579427716383
552 1.56289546227235
553 1.56846357867682
554 1.5745767250154
555 1.58116063690051
556 1.58813801997181
557 1.59542939962819
558 1.60295397308471
559 1.61063045510707
560 1.61837790903981
561 1.62611655508689
562 1.63376854821879
563 1.64125871856306
564 1.64851526767901
565 1.65547041471473
566 1.66206098708919
567 1.66822895102554
568 1.67392187797661
569 1.67909334372168
570 1.68370325766744
571 1.68771812064691
572 1.69111121027074
573 1.69386269363808
574 1.69595966795113
575 1.69739613029214
576 1.69817287850699
577 1.69829734578923
578 1.69778337216732
579 1.69665091665994
580 1.69492571437558
581 1.69263888328895
582 1.68982648582493
583 1.68652905071755
584 1.68279106088597
585 1.6786604132792
586 1.67418785678603
587 1.66942641438736
588 1.66443079574351
589 1.65925680636259
590 1.65396075938835
591 1.64859889587939
592 1.64322681923052
593 1.63789894911334
594 1.63266799999206
595 1.6275844889054
596 1.62269627680202
597 1.61804814727912
598 1.61368142610742
599 1.60963364443633
600 1.60593824806533
601 1.60262435464796
602 1.59971656016791
603 1.59723479549917
604 1.59519423333771
605 1.59360524527798
606 1.59247340830663
607 1.59179955950447
608 1.59157989728939
609 1.59180612710202
610 1.59246564903644
611 1.59354178455271
612 1.59501403908034
613 1.59685839703344
614 1.59904764551204
615 1.60155172276089
616 1.60433808729823
617 1.60737210351331
618 1.61061743946215
619 1.61403647256742
620 1.61759069894734
621 1.62124114216129
622 1.62494875726298
623 1.62867482619439
624 1.63238134073306
625 1.6360313694182
626 1.63958940512559
627 1.64302169023345
628 1.64629651661817
629 1.64938449803659
630 1.65225881278661
631 1.65489541488637
632 1.65727321237064
633 1.65937421166691
634 1.66118362738011
635 1.66268995717899
636 1.6638850218365
637 1.66476397082671
638 1.66532525421876
639 1.66557056193141
640 1.66550473171595
641 1.66513562751938
642 1.66447399014008
643 1.66353326232331
644 1.66232939065235
645 1.66088060677015
646 1.65920719061648
647 1.65733121848485
648 1.65527629879144
649 1.65306729850549
650 1.65073006321655
651 1.64829113380916
652 1.64577746268108
653 1.64321613237796
654 1.64063407942636
655 1.63805782603012
656 1.63551322215452
657 1.63302520035881
658 1.63061754555528
659 1.62831268167136
660 1.62613147697549
661 1.62409306959827
662 1.62221471454149
663 1.62051165322068
664 1.61899700633569
665 1.61768169060992
666 1.61657435968559
667 1.61568136921227
668 1.61500676592095
669 1.61455230023868
670 1.6143174617719
671 1.61429953677147
672 1.61449368649082
673 1.61489304516384
674 1.61548883615986
675 1.61627050472393
676 1.61722586557948
677 1.61834126356086
678 1.61960174535411
679 1.62099124035661
680 1.62249274862056
681 1.62408853382072
682 1.62576031918375
683 1.62748948433472
684 1.62925726105394
685 1.63104492599495
686 1.63283398849038
687 1.63460637166499
688 1.63634458518406
689 1.63803188808844
690 1.63965244030322
691 1.64119144155407
692 1.64263525658143
693 1.64397152570684
694 1.64518925997511
695 1.64627892026963
696 1.6472324799739
697 1.64804347092772
698 1.64870701260151
699 1.64921982458239
700 1.64958022263271
701 1.64978809874058
702 1.64984488573424
703 1.64975350717432
704 1.64951831337005
705 1.64914500448592
706 1.64864054181292
707 1.64801304837342
708 1.64727170010875
709 1.6464266089651
710 1.64548869924424
711 1.64446957862221
712 1.64338140526016
713 1.64223675243818
714 1.64104847213463
715 1.63982955895146
716 1.63859301574987
717 1.63735172231194
718 1.63611830828291
719 1.63490503157662
720 1.63372366334394
721 1.63258538051268
722 1.63150066680754
723 1.63047922305223
724 1.62952988744356
725 1.62866056637101
726 1.62787817623534
727 1.62718859659871
728 1.62659663487641
729 1.62610600265947
730 1.62571930363762
731 1.62543803297606
732 1.62526258788729
733 1.62519228903225
734 1.6252254122844
735 1.6253592302964
736 1.6255900632236
737 1.62591333788047
738 1.62632365453852
739 1.6268148605149
740 1.6273801296525
741 1.62801204675343
742 1.62870269599982
743 1.62944375237763
744 1.63022657511217
745 1.63104230212606
746 1.63188194454358
747 1.63273648028688
748 1.63359694584127
749 1.63445452530628
750 1.63530063589716
751 1.63612700911668
752 1.6369257668785
753 1.63768949193145
754 1.63841129200599
755 1.63908485718143
756 1.63970451005197
757 1.64026524835226
758 1.6407627797872
759 1.64119354889487
760 1.64155475585614
761 1.6418443672476
762 1.64206111881577
763 1.64220451042918
764 1.64227479344041
765 1.64227295076097
766 1.64220067001887
767 1.64206031022944
768 1.64185486246583
769 1.64158790506472
770 1.64126355394531
771 1.64088640865604
772 1.64046149479185
773 1.63999420344685
774 1.63949022838167
775 1.63895550159208
776 1.6383961279658
777 1.63781831970753
778 1.63722833119916
779 1.63663239494178
780 1.63603665920093
781 1.63544712794423
782 1.63486960362438
783 1.63430963331865
784 1.63377245869049
785 1.63326297018947
786 1.63278566585339
787 1.63234461502168
788 1.63194342721234
789 1.63158522635678
790 1.63127263052867
791 1.63100773724389
792 1.63079211435098
793 1.63062679647472
794 1.63051228692006
795 1.6304485648909
796 1.63043509782796
797 1.63047085862273
798 1.63055434742121
799 1.63068361769111
800 1.88068361769111
801 1.90120947794966
802 1.921772916834
803 1.94237053376972
804 1.96299866215347
805 1.98365341249051
806 2.00433071678213
807 2.02502637368637
808 2.04573609397848
809 2.06645554584586
810 2.08457225688686
811 2.09805605083886
812 2.10746425409286
813 2.11322836929153
814 2.11568204473239
815 2.11508286255175
816 2.11162931141224
817 2.10547400747942
818 2.09673399229045
819 2.08549875293254
820 2.07186369570869
821 2.0559750939203
822 2.03803310233084
823 2.01827108804898
824 1.99694157714109
825 1.97430689664167
826 1.95063311740163
827 1.92618629038496
828 1.90123025317884
829 1.87602549124729
830 1.85082840546258
831 1.82589011512071
832 1.80145443814817
833 1.77775540770197
834 1.75501476229186
835 1.73343964275669
836 1.7132206018659
837 1.69452995558636
838 1.67752046162338
839 1.66232428873158
840 1.64905223437806
841 1.63779315877362
842 1.62861362339121
843 1.62155773753299
844 1.61664722071707
845 1.61388168540576
846 1.61323913871767
847 1.61467669580624
848 1.61813149273179
849 1.62352178330402
850 1.63074820247339
851 1.63969517804346
852 1.65023247222303
853 1.66221683437113
854 1.67549374600314
855 1.68989923874449
856 1.70526176555211
857 1.72140410529087
858 1.73814528073131
859 1.75530247026511
860 1.77269289411633
861 1.79013565653529
862 1.80745352636341
863 1.82447463941765
864 1.8410341073373
865 1.85697551884474
866 1.87215232078234
867 1.88642906778808
868 1.89968253104866
869 1.91180265820659
870 1.92269337818
871 1.93227324636202
872 1.94047592738226
873 1.94725051431797
874 1.95256168491877
875 1.95638969704056
876 1.95873022705517
877 1.9595940564992
878 1.95900661363363
879 1.95700737789527
880 1.95364915641848
881 1.94899724288417
882 1.94312846990199
883 1.93613016694674
884 1.92809903654429
885 1.91913996193297
886 1.90936475981193
887 1.89889089202646
888 1.88784015013424
889 1.87633732674711
890 1.86450888735505
891 1.85248165601687
892 1.84038152785257
893 1.82833222070279
894 1.81645407763945
895 1.80486293122864
896 1.7936690395715
897 1.78297610319305
898 1.77288037082369
899 1.76346984103509
900 1.75482356556457
901 1.74701105900141
902 1.74009181832745
903 1.73411495461571
904 1.72911893800626
905 1.72513145590995
906 1.7221693832499
907 1.72023886244827
908 1.71933548981172
909 1.71944460397351
910 1.72054167112126
911 1.72259276088515
912 1.72555510598872
913 1.72937773807926
914 1.73400219156173
915 1.73936326676385
916 1.74538984336176
917 1.7520057346991
918 1.75913057343634
919 1.76668071887271
920 1.77457017628785
921 1.78271151875247
922 1.7910168020535
923 1.79939846366499
924 1.80777019706694
925 1.81604779316408
926 1.82414994107928
927 1.8319989811849
928 1.83952160388218
929 1.84664948833616
930 1.85331987611331
931 1.85947607544255
932 1.86506789261889
933 1.87005198788487
934 1.87439215394755
935 1.87805951611253
936 1.88103265383007
937 1.88329764424605
938 1.88484802912331
939 1.88568470724032
940 1.88581575507691
941 1.88525617925509
942 1.88402760481111
943 1.8821579039278
944 1.8796807702495
945 1.87663524433235
946 1.87306519614704
947 1.86901877084731
948 1.86454780424428
949 1.85970721458312
950 1.85455437730504
951 1.8491484894945
952 1.84354993066052
953 1.83781962638404
954 1.83201842118339
955 1.82620646670973
956 1.82044263108848
957 1.81478393487472
958 1.80928501869576
959 1.80399764721682
960 1.79897025359256
961 1.79424752806189
962 1.78987005381441
963 1.78587399270682
964 1.78229082284598
965 1.77914712948487
966 1.77646445010685
967 1.77425917400684
968 1.77254249612103
969 1.77132042431542
970 1.77059383882276
971 1.77035860202148
972 1.77060571628452
973 1.77132152719357
974 1.77248796901935
975 1.77408284901392
976 1.77608016674947
977 1.77845046447175
978 1.7811612042168
979 1.78417716726796
980 1.78746087140737
981 1.79097300134163
982 1.7946728476556
983 1.79851874966961
984 1.80246853764317
985 1.80647996988005
986 1.8105111604443
987 1.81452099339033
988 1.81846951964123
989 1.82231833291406
990 1.82603092138519
991 1.82957299211031
992 1.83291276555747
993 1.83602123797401
994 1.83887240968558
995 1.84144347781289
996 1.84371499228594
997 1.84567097443138
998 1.84729899780312
999 1.84859023131453
1000 1.84953944510973
1001 1.85014497997679
1002 1.85040868145521
1003 1.8503358001191
1004 1.8499348598247
1005 1.84921749599225
1006 1.84819826624684
1007 1.84689443596781
1008 1.84532574149008
1009 1.84351413386314
1010 1.84148350620199
1011 1.83925940775958
1012 1.83686874791205
1013 1.83433949327568
1014 1.83170036116948
1015 1.82898051259961
1016 1.8262092478734
1017 1.82341570785209
1018 1.82062858372487
1019 1.81787583803457
1020 1.81518443950799
1021 1.81258011404622
1022 1.8100871140124
1023 1.80772800772041
1024 1.80552349078039
1025 1.803492220698
1026 1.80165067585754
1027 1.80001303974697
1028 1.79859111100851
1029 1.79739423962426
1030 1.7964292892759
1031 1.7957006256522
1032 1.79521013022202
1033 1.79495723874448
1034 1.79493900355543
1035 1.7951501784519
1036 1.79558332479538
1037 1.79622893727271
1038 1.79707558759136
1039 1.79811008424471
1040 1.79931764636403
1041 1.8006820895778
1042 1.80218602172586
1043 1.80381104622631
1044 1.80553797086714
1045 1.80734701979078
1046 1.80921804646006
1047 1.81113074543453
1048 1.81306486084882
1049 1.81500038956673
1050 1.81691777708504
1051 1.81879810437911
1052 1.82062326401525
1053 1.82237612400198
1054 1.82404067801133
1055 1.8256021807704
1056 1.82704726760086
1057 1.82836405726749
1058 1.82954223748465
1059 1.8305731326196
1060 1.83144975332186
1061 1.83216682799611
1062 1.8327208162215
1063 1.8331099043998
1064 1.83333398408739
1065 1.8333946136305
1066 1.83329496387687
1067 1.83303974888005
1068 1.83263514264234
1069 1.83208868305929
1070 1.83140916433085
1071 1.83060651919086
1072 1.8296916923788
1073 1.82867650683219
1074 1.82757352411797
1075 1.82639590064373
1076 1.82515724119675
1077 1.82387145134986
1078 1.82255259024908
1079 1.82121472525884
1080 1.81987178988793
1081 1.81853744635333
1082 1.81722495406051
1083 1.81594704519011
1084 1.81471580848115
1085 1.81354258219339
1086 1.81243785711598
1087 1.81141119036815
1088 1.81047113061167
1089 1.80962515516527
1090 1.80887961937986
1091 1.80823971850146
1092 1.80770946211749
1093 1.80729166115302
1094 1.8069879272576
1095 1.8067986843023
1096 1.80672319159059
1097 1.80675957827799
1098 1.80690488839396
1099 1.80715513576653
1100 1.80750536806656
1101 1.80794973911469
1102 1.80848158853045
1103 1.80909352775024
1104 1.80977753139934
1105 1.81052503297233
1106 1.81132702375727
1107 1.81217415393084
1108 1.81305683475452
1109 1.81396534081549
1110 1.81488991128023
1111 1.8158208491622
1112 1.81674861764846
1113 1.81766393258172
1114 1.81855785025395
1115 1.8194218497346
1116 1.82024790902965
1117 1.82102857444579
1118 1.82175702261778
1119 1.82242711474277
1120 1.82303344265518
1121 1.82357136646615
1122 1.82403704358301
1123 1.82442744901584
1124 1.82474038696759
1125 1.82497449379285
1126 1.82512923249497
1127 1.82520487901299
1128 1.82520250062653
1129 1.82512392687897
1130 1.82497171348529
1131 1.82474909975087
1132 1.824459960081
1133 1.82410875020678
1134 1.82370044879222
1135 1.82324049511821
1136 1.82273472356276
1137 1.82218929561245
1138 1.82161063014797
1139 1.82100533274679
1140 1.82038012473886
1141 1.81974177273642
1142 1.81909701933795
1143 1.81845251567778
1144 1.81781475645913
1145 1.81719001806829
1146 1.81658430032281
1147 1.81600327235715
1148 1.81545222309596
1149 1.81493601670811
1150 1.81445905337571
1151 1.81402523565079
1152 1.81363794060956
1153 1.81329999795104
1154 1.81301367412333
1155 1.8127806624982
1156 1.81260207955316
1157 1.81247846696035
1158 1.81240979942465
1159 1.81239549805888
1160 1.81243444903302
1161 1.81252502718726
1162 1.81266512425601
1163 1.81285218131133
1164 1.81308322500104
1165 1.81335490712811
1166 1.81366354709484
1167 1.81400517671753
1168 1.81437558690459
1169 1.81477037568441
1170 1.8151849970671
1171 1.81561481022819
1172 1.81605512851068
1173 1.81650126775538
1174 1.81694859348765
1175 1.81739256651115
1176 1.81782878648546
1177 1.81825303309482
1178 1.81866130444847
1179 1.81904985238925
1180 1.81941521442613
1181 1.81975424204637
1182 1.82006412520589
1183 1.82034241283901
1184 1.8205870292729
1185 1.82079628647607
1186 1.82096889211355
1187 1.8211039534247
1188 1.82120097698121
1189 1.82125986442293
1190 1.82128090430779
1191 1.82126476024781
1192 1.82121245553687
1193 1.82112535450641
1194 1.82100514087289
1195 1.82085379336498
1196 1.82067355893922
1197 1.82046692391017
1198 1.82023658333444
1199 1.81998540899783
1200 1.81971641636076
