1 2
2 2
3 2
4 2
5 2
6 2
7 2
8 2
9 2
10 2
11 2
12 2
13 2
14 2
15 2
16 2
17 2
18 2
19 2
20 2
21 2
22 2
23 2
24 2
25 2
26 2
27 2
28 2
29 2
30 2.25
31 2.27598384615385
32 2.30213769230769
33 2.32829153846154
34 2.35444538461538
35 2.38059923076923
36 2.40675307692308
37 2.43290692307692
38 2.45906076923077
39 2.48521461538462
40 2.5099930504876
41 2.53227877722802
42 2.5522825757417
43 2.57016367384602
44 2.58604270578818
45 2.60001040925688
46 2.61213439219058
47 2.62246439602826
48 2.63103638814638
49 2.6378757426534
50 2.64300727842736
51 2.64646868503943
52 2.64831269759171
53 2.6486025474479
54 2.64740880793496
55 2.64480722668881
56 2.64087725831275
57 2.63570108955482
58 2.6293630070172
59 2.62194899980839
60 2.61354647889496
61 2.60424396627255
62 2.59413068136204
63 2.58329605911062
64 2.57182925288566
65 2.55981865223114
66 2.54735143088902
67 2.5345131313736
68 2.52138728696599
69 2.50805507898767
70 2.49459502596967
71 2.48108270171291
72 2.46759048064678
73 2.45418731018103
74 2.44093851030452
75 2.42790560069812
76 2.41514615540091
77 2.40271368477085
78 2.39065754420107
79 2.37902286882996
80 2.36785053332723
81 2.35717713574046
82 2.34703500432463
83 2.33745222623142
84 2.32845269689189
85 2.32005618888336
86 2.31227843902966
87 2.30513125244656
88 2.29862262221349
89 2.29275686332999
90 2.2875347596015
91 2.28295372209379
92 2.27900795779833
93 2.27568864716067
94 2.27298412914077
95 2.27088009249689
96 2.2693597720128
97 2.26840414842201
98 2.26799215082049
99 2.26810086040282
100 2.26870571440294
101 2.26978070917188
102 2.27129860137795
103 2.27323110637189
104 2.27554909281816
105 2.27822277275436
106 2.28122188630326
107 2.28451588032547
108 2.28807408036477
109 2.29186585530326
110 2.2958607742077
111 2.3000287549133
112 2.30434020395457
113 2.3087661475161
114 2.31327835313754
115 2.31784944196753
116 2.32245299141948
117 2.32706362813905
118 2.3316571112473
119 2.33621040587579
120 2.34070174705936
121 2.34511069409948
122 2.34941817555517
123 2.35360652505985
124 2.35765950820113
125 2.36156234073571
126 2.36530169844424
127 2.36886571896002
128 2.37224399593199
129 2.37542756590537
130 2.37840888832346
131 2.38118181907137
132 2.38374157799627
133 2.38608471085029
134 2.38820904611031
135 2.39011364713462
136 2.39179876011956
137 2.39326575831942
138 2.39451708299115
139 2.39555618152104
140 2.39638744318416
141 2.39701613297869
142 2.39744832396716
143 2.39769082854416
144 2.39775112903659
145 2.39763730802702
146 2.39735797877438
147 2.39692221608829
148 2.39633948799473
149 2.39561958851095
150 2.39477257182716
151 2.39380868817158
152 2.39273832161393
153 2.39157193004051
154 2.39031998751236
155 2.38899292919537
156 2.38760109902973
157 2.38615470028367
158 2.38466374911518
159 2.38313803124402
160 2.38158706181523
161 2.38002004851543
162 2.37844585798328
163 2.37687298553647
164 2.37530952821954
165 2.3737631611592
166 2.37224111719747
167 2.37075016975715
168 2.3692966188797
169 2.36788628036154
170 2.36652447790264
171 2.36521603816902
172 2.36396528866077
173 2.36277605826717
174 2.36165168038239
175 2.36059499844749
176 2.35960837377822
177 2.35869369553276
178 2.35785239266905
179 2.35708544773795
180 2.35639341235624
181 2.35577642420171
182 2.3552342253721
183 2.3547661819498
184 2.35437130461531
185 2.35404827015418
186 2.35379544370477
187 2.35361090159729
188 2.35349245463837
189 2.35343767169991
190 2.35344390347588
191 2.35350830627601
192 2.35362786573137
193 2.3537994202929
194 2.35401968441054
195 2.35428527128747
196 2.35459271511108
197 2.35493849266936
198 2.35531904426904
199 2.35573079387903
200 2.35617016843052
201 2.35663361621239
202 2.35711762430824
203 2.35761873502878
204 2.35813356130065
205 2.35865880097986
206 2.35919125006524
207 2.35972781479412
208 2.36026552260876
209 2.36080153198897
210 2.36133314115203
211 2.3618577956269
212 2.3623730947155
213 2.36287679685868
214 2.36336682392954
215 2.36384126448128
216 2.36429837598096
217 2.3647365860642
218 2.36515449284946
219 2.36555086435372
220 2.36592463705376
221 2.36627491364013
222 2.36660096001244
223 2.36690220156668
224 2.3671782188263
225 2.36742874247009
226 2.36765364781032
227 2.36785294877518
228 2.36802679144955
229 2.36817544722796
230 2.36829930563311
231 2.36839886685258
232 2.36847473404555
233 2.3685276054698
234 2.36855826647837
235 2.36856758143316
236 2.36855648558142
237 2.36852597693885
238 2.36847710822117
239 2.36841097886374
240 2.36832872716659
241 2.36823152259979
242 2.36812055830174
243 2.3679970438003
244 2.36786219798435
245 2.36771724235064
246 2.36756339454823
247 2.36740186224044
248 2.3672338373013
249 2.36706049036138
250 2.36688296571505
251 2.36670237659909
252 2.3665198008498
253 2.36633627694392
254 2.36615280042609
255 2.36597032072355
256 2.36578973834686
257 2.36561190247328
258 2.36543760890772
259 2.36526759841452
260 2.36510255541152
261 2.36494310701655
262 2.36478982243508
263 2.36464321267642
264 2.36450373058481
265 2.36437177117084
266 2.36424767222746
267 2.36413171521442
268 2.36402412639413
269 2.36392507820143
270 2.36383469082952
271 2.36375303401364
272 2.36368012899434
273 2.36361595064184
274 2.36356042972291
275 2.36351345529215
276 2.36347487718937
277 2.36344450862527
278 2.36342212883801
279 2.36340748580358
280 2.36340029898334
281 2.36340026209297
282 2.36340704587726
283 2.36342030087628
284 2.36343966016884
285 2.36346474208006
286 2.3634951528408
287 2.36353048918723
288 2.36357034088983
289 2.36361429320206
290 2.36366192921955
291 2.3637128321419
292 2.36376658742955
293 2.36382278484973
294 2.36388102040565
295 2.36394089814453
296 2.36400203184061
297 2.36406404655012
298 2.36412658003608
299 2.36418928406165
300 2.36425182555111
301 2.36431388761884
302 2.3643751704669
303 2.36443539215254
304 2.36449428922783
305 2.36455161725389
306 2.36460715119275
307 2.36466068568064
308 2.36471203518656
309 2.36476103406073
310 2.36480753647769
311 2.36485141627915
312 2.36489256672214
313 2.36493090013805
314 2.36496634750841
315 2.36499885796356
316 2.36502839821019
317 2.36505495189422
318 2.36507851890507
319 2.36509911462777
320 2.36511676914925
321 2.36513152642478
322 2.36514344341105
323 2.36515258917167
324 2.36515904396111
325 2.36516289829287
326 2.36516425199723
327 2.36516321327428
328 2.365159897747
329 2.36515442751964
330 2.36514693024567
331 2.36513753821013
332 2.36512638743003
333 2.36511361677695
334 2.36509936712528
335 2.36508378052926
336 2.36506699943183
337 2.36504916590795
338 2.3650304209447
339 2.36501090376011
340 2.36499075116265
341 2.3649700969527
342 2.36494907136717
343 2.36492780056819
344 2.36490640617659
345 2.36488500485028
346 2.3648637079079
347 2.3648426209975
348 2.36482184380984
349 2.36480146983585
350 2.36478158616741
351 2.36476227334047
352 2.36474360521942
353 2.36472564892145
354 2.36470846477924
355 2.36469210634073
356 2.36467662040399
357 2.36466204708547
358 2.36464841991986
359 2.3646357659894
360 2.36462410608073
361 2.36461345486716
362 2.36460382111423
363 2.36459520790649
364 2.36458761289327
365 2.36458102855127
366 2.36457544246194
367 2.36457083760145
368 2.36456719264118
369 2.3645644822567
370 2.36456267744322
371 2.36456174583561
372 2.36456165203108
373 2.36456235791279
374 2.36456382297261
375 2.36456600463135
376 2.36456885855507
377 2.36457233896588
378 2.36457639894584
379 2.36458099073293
380 2.36458606600756
381 2.36459157616897
382 2.36459747260016
383 2.36460370692088
384 2.36461023122759
385 2.36461699831998
386 2.36462396191334
387 2.36463107683648
388 2.36463829921466
389 2.36464558663744
390 2.36465289831117
391 2.36466019519604
392 2.36466744012779
393 2.36467459792405
394 2.36468163547545
395 2.36468852182186
396 2.36469522821394
397 2.36470172816037
398 2.36470799746119
399 2.36471401422779
400 2.11471401422779
401 2.06275177722038
402 2.01044923588986
403 1.95814637754269
404 1.90584319171441
405 1.85353967012124
406 1.80123580660253
407 1.74893159705495
408 1.6966270393589
409 1.64432213329815
410 1.5933923231292
411 1.54509788575471
412 1.49947319343116
413 1.45655744897584
414 1.41639096836048
415 1.37901445714741
416 1.34446846941389
417 1.31279300853507
418 1.28402723737755
419 1.25820927268119
420 1.23536847683749
421 1.21551307205009
422 1.2
423 1.2
424 1.2
425 1.2
426 1.2
427 1.2
428 1.2
429 1.2021088653249
430 1.20653675977734
431 1.21315942630439
432 1.22183883502327
433 1.23235716838034
434 1.24446170866358
435 1.2579481119437
436 1.27265004439337
437 1.28843113056101
438 1.30517866434135
439 1.32278709160764
440 1.34114479077346
441 1.36013477421786
442 1.37963697425911
443 1.39953057868671
444 1.41969649758199
445 1.44001926269361
446 1.46038812184279
447 1.48069758789854
448 1.50084762617135
449 1.52074367337366
450 1.54029667485494
451 1.5594231966819
452 1.57804558027677
453 1.59609210592118
454 1.61349713731074
455 1.63020122736265
456 1.64615117659855
457 1.66130004404564
458 1.67560711520178
459 1.68903783334258
460 1.70156369987759
461 1.71316214779335
462 1.72381639079977
463 1.73351525001659
464 1.74225295974003
465 1.7500289538455
466 1.75684763454562
467 1.76271812540257
468 1.76765401061818
469 1.77167306267371
470 1.77479696037233
471 1.77705099927729
472 1.77846379645998
473 1.7790669913903
474 1.77889494472121
475 1.77798443664201
476 1.77637436639716
477 1.77410545448856
478 1.77121994899622
479 1.76776133736538
480 1.76377406491735
481 1.75930326124773
482 1.75439447557928
483 1.74909342204016
484 1.74344573574053
485 1.73749674042306
486 1.73129122836639
487 1.72487325312523
488 1.71828593559612
489 1.71157128380644
490 1.70477002673355
491 1.69792146237423
492 1.69106332019951
493 1.68423163804927
494 1.67746065344283
495 1.6707827092081
496 1.6642281732615
497 1.65782537230509
498 1.65160053914574
499 1.64557777328382
500 1.63977901436611
501 1.63422402804949
502 1.62893040377832
503 1.62391356393931
504 1.61918678382344
505 1.61476122179433
506 1.61064595903743
507 1.60684804824308
508 1.60337257056027
509 1.60022270014509
510 1.59739977562004
511 1.59490337775544
512 1.59273141268403
513 1.59088019996262
514 1.58934456480113
515 1.58811793378902
516 1.58719243346187
517 1.58655899106619
518 1.58620743689902
519 1.58612660761903
520 1.58630444994887
521 1.58672812421308
522 1.58738410718228
523 1.58825829372233
524 1.58933609677656
525 1.5906025452394
526 1.59204237931101
527 1.59364014295465
528 1.59538027311068
529 1.5972471853542
530 1.59922535571587
531 1.60129939841846
532 1.60345413931415
533 1.60567468484
534 1.60794648634027
535 1.61025539963572
536 1.61258773974989
537 1.61493033073168
538 1.61727055054189
539 1.61959637099831
540 1.62189639279995
541 1.62415987567545
542 1.62637676372406
543 1.62853770603929
544 1.63063407272558
545 1.63265796643726
546 1.63460222958626
547 1.63646044738086
548 1.63822694687163
549 1.63989679219375
550 1.64146577620541
551 1.64293040873194
552 1.64428790163285
553 1.64553615091582
554 1.64667371612629
555 1.64769979724529
556 1.64861420932993
557 1.6494173551323
558 1.65011019593178
559 1.65069422081449
560 1.65117141463068
561 1.65154422485721
562 1.65181552758749
563 1.65198859286532
564 1.65206704957289
565 1.6520548500754
566 1.65195623481699
567 1.65177569705383
568 1.65151794790097
569 1.65118788185973
570 1.65079054298236
571 1.65033109182007
572 1.64981477328975
573 1.64924688558367
574 1.64863275023545
575 1.64797768344423
576 1.64728696874776
577 1.64656583112405
578 1.64581941259004
579 1.64505274935489
580 1.64427075057475
581 1.64347817874539
582 1.64267963175897
583 1.64187952664127
584 1.64108208497634
585 1.64029132001639
586 1.63951102546618
587 1.6387447659228
588 1.63799586894434
589 1.63726741871333
590 1.63656225125448
591 1.63588295115983
592 1.63523184976891
593 1.63461102474617
594 1.63402230099366
595 1.6334672528326
596 1.63294720738404
597 1.63246324907594
598 1.63201622520124
599 1.6316067524498
600 1.63123522433537
601 1.63090181943788
602 1.63060651038074
603 1.63034907346261
604 1.63012909886373
605 1.62994600134722
606 1.6297990313771
607 1.62968728657622
608 1.6296097234489
609 1.62956516929542
610 1.6295523342476
611 1.62956982335751
612 1.62961614867422
613 1.6296897412464
614 1.62978896299205
615 1.62991211837978
616 1.63005746586991
617 1.63022322906697
618 1.6304076075391
619 1.63060878726359
620 1.6308249506617
621 1.6310542861894
622 1.63129499745505
623 1.63154531183824
624 1.63180348858833
625 1.63206782638447
626 1.63233667034277
627 1.63260841845979
628 1.63288152748486
629 1.63315451821708
630 1.63342598022604
631 1.63369457599838
632 1.6339590445151
633 1.63421820426724
634 1.63447095572032
635 1.63471628323993
636 1.63495325649359
637 1.63518103134548
638 1.63539885026294
639 1.63560604225504
640 1.63580202236514
641 1.6359862907406
642 1.63615843130397
643 1.63631811005091
644 1.63646507300084
645 1.63659914382694
646 1.63672022119271
647 1.63682827582216
648 1.6369233473314
649 1.63700554084876
650 1.637075023451
651 1.63713202044233
652 1.63717681150294
653 1.63720972673292
654 1.63723114261702
655 1.63724147793471
656 1.63724118963934
657 1.63723076872923
658 1.63721073613235
659 1.63718163862546
660 1.6371440448072
661 1.6370985411435
662 1.63704572810264
663 1.63698621639561
664 1.63692062333677
665 1.63684956933779
666 1.63677367454716
667 1.63669355564589
668 1.6366098228088
669 1.63652307683965
670 1.63643390648678
671 1.63634288594504
672 1.63625057254828
673 1.6361575046556
674 1.63606419973339
675 1.63597115263421
676 1.63587883407211
677 1.63578768929351
678 1.63569813694138
679 1.6356105681097
680 1.63552534558444
681 1.63544280326627
682 1.63536324576972
683 1.63528694819269
684 1.63521415604968
685 1.63514508536153
686 1.63507992289397
687 1.63501882653698
688 1.63496192581633
689 1.63490932252878
690 1.63486109149173
691 1.63481728139833
692 1.63477791576863
693 1.6347429939875
694 1.6347124924199
695 1.63468636559415
696 1.63466454744392
697 1.63464695259985
698 1.63463347772173
699 1.63462400286251
700 1.63461839285563
701 1.63461649871731
702 1.63461815905593
703 1.63462320148082
704 1.63463144400316
705 1.63464269642213
706 1.63465676168978
707 1.63467343724853
708 1.63469251633562
709 1.63471378924923
710 1.63473704457155
711 1.6347620703444
712 1.63478865519342
713 1.63481658939747
714 1.63484566590026
715 1.63487568126135
716 1.63490643654483
717 1.63493773814345
718 1.63496939853728
719 1.63500123698586
720 1.63503308015315
721 1.63506476266544
722 1.63509612760219
723 1.63512702692036
724 1.63515732181326
725 1.63518688300483
726 1.63521559098106
727 1.63524333616001
728 1.63527001900253
729 1.6352955500658
730 1.63531985000199
731 1.6353428495047
732 1.63536448920572
733 1.63538471952501
734 1.63540350047687
735 1.63542080143523
736 1.63543660086125
737 1.6354508859963
738 1.63546365252358
739 1.63547490420155
740 1.63548465247232
741 1.63549291604829
742 1.6354997204801
743 1.63550509770903
744 1.63550908560686
745 1.6355117275062
746 1.63551307172413
747 1.63551317108192
748 1.63551208242351
749 1.63550986613539
750 1.63550658567012
751 1.63550230707598
752 1.63549709853481
753 1.63549102991004
754 1.63548417230691
755 1.63547659764639
756 1.63546837825466
757 1.63545958646923
758 1.63545029426328
759 1.63544057288916
760 1.63543049254203
761 1.6354201220445
762 1.63540952855295
763 1.63539877728595
764 1.63538793127532
765 1.63537705113997
766 1.63536619488266
767 1.63535541770972
768 1.63534477187358
769 1.63533430653783
770 1.63532406766461
771 1.63531409792369
772 1.63530443662287
773 1.63529511965906
774 1.6352861794892
775 1.63527764512047
776 1.63526954211877
777 1.6352618926347
778 1.63525471544604
779 1.63524802601576
780 1.63524183656455
781 1.63523615615685
782 1.63523099079925
783 1.63522634355026
784 1.63522221464025
785 1.63521860160057
786 1.63521549940076
787 1.63521290059261
788 1.63521079546028
789 1.63520917217509
790 1.63520801695429
791 1.63520731422252
792 1.63520704677528
793 1.63520719594311
794 1.63520774175604
795 1.635208663107
796 1.63520993791373
797 1.63521154327824
798 1.63521345564314
799 1.63521565094423
800 1.8118415662971
801 1.82483617706342
802 1.83791599698866
803 1.85099600141077
804 1.86407616584713
805 1.87715646611332
806 1.89023687843474
807 1.90331737955108
808 1.91639794681326
809 1.92947855827272
810 1.94158747331963
811 1.95196482706411
812 1.96081013858706
813 1.96827685801636
814 1.9744834302601
815 1.97952108600354
816 1.98345990811215
817 1.98635355457741
818 1.98824293509901
819 1.98915907271787
820 1.98913067680894
821 1.98819384327613
822 1.98639349370244
823 1.98378002536474
824 1.98040705830806
825 1.97632995043922
826 1.9716048495259
827 1.96628811569922
828 1.96043599545466
829 1.95410446271663
830 1.94734913821959
831 1.94022518132679
832 1.93278710428206
833 1.92508853598401
834 1.91718197450402
835 1.90911854998305
836 1.90094780848536
837 1.89271752064434
838 1.88447351503218
839 1.87625953411157
840 1.86811710986155
841 1.86008545656438
842 1.85220137934378
843 1.84449919801892
844 1.83701068626324
845 1.82976502608124
846 1.82278877746784
847 1.81610586292075
848 1.80973756629901
849 1.80370254538856
850 1.79801685745222
851 1.79269399700003
852 1.78774494499917
853 1.78317822873526
854 1.77899999153057
855 1.77521407151604
856 1.77182208864578
857 1.76882353913536
858 1.76621589650225
859 1.76399471838722
860 1.76215375834175
861 1.7606850817772
862 1.75957918528625
863 1.75882511856575
864 1.75841060819234
865 1.75832218252652
866 1.75854529704851
867 1.7590644594587
868 1.75986335390706
869 1.76092496374979
870 1.76223169226613
871 1.76376548080522
872 1.76550792387001
873 1.76744038068406
874 1.76954408282591
875 1.77180023755506
876 1.77419012649337
877 1.77669519936481
878 1.77929716253624
879 1.78197806214007
880 1.78472036159815
881 1.78750701340342
882 1.7903215250522
883 1.79314801905508
884 1.79597128698864
885 1.79877683758254
886 1.80155093886779
887 1.80428065444166
888 1.80695387393246
889 1.80955933777377
890 1.81208665642202
891 1.81452632417409
892 1.81686972776223
893 1.81910914992253
894 1.82123776815029
895 1.82324964887058
896 1.82513973726568
897 1.82690384301235
898 1.82853862219154
899 1.83004155564071
900 1.83141092402524
901 1.83264577990927
902 1.8337459171093
903 1.83471183761466
904 1.83554471635873
905 1.83624636412257
906 1.83681918884953
907 1.83726615564473
908 1.83759074572757
909 1.83779691459835
910 1.83788904967222
911 1.83787192762492
912 1.83775067168458
913 1.83753070909389
914 1.83721772895518
915 1.83681764065962
916 1.83633653308909
917 1.83578063476691
918 1.83515627512021
919 1.83446984700386
920 1.83372777062197
921 1.83293645896992
922 1.83210228490601
923 1.83123154994841
924 1.83033045487978
925 1.82940507222878
926 1.82846132068465
927 1.82750494148856
928 1.82654147683302
929 1.825576250289
930 1.82461434926865
931 1.82366060952098
932 1.82271960164715
933 1.82179561961223
934 1.8208926712211
935 1.82001447051736
936 1.81916443205601
937 1.8183456669934
938 1.81756098093084
939 1.81681287344238
940 1.81610353921156
941 1.81543487069709
942 1.81480846224316
943 1.81422561554663
944 1.81368734639003
945 1.81319439254729
946 1.81274722276709
947 1.81234604673753
948 1.8119908259354
949 1.81168128526279
950 1.81141692537459
951 1.81119703560104
952 1.81102070737083
953 1.81088684804224
954 1.81079419505156
955 1.81074133029095
956 1.81072669463059
957 1.81074860250302
958 1.8108052564713
959 1.81089476170617
960 1.81101514030119
961 1.81116434535925
962 1.81134027478775
963 1.81154078474451
964 1.81176370268062
965 1.81200683993117
966 1.81226800380949
967 1.81254500916497
968 1.81283568936918
969 1.81313790669982
970 1.81344956209621
971 1.81376860426474
972 1.81409303811714
973 1.81442093252828
974 1.81475042740487
975 1.81507974006
976 1.8154071708925
977 1.81573110837367
978 1.81605003334749
979 1.81636252265352
980 1.81666725208505
981 1.81696299869768
982 1.81724864248633
983 1.81752316745111
984 1.81778566207459
985 1.81803531923522
986 1.81827143558329
987 1.81849341040738
988 1.81870074402074
989 1.81889303569806
990 1.81906998119399
991 1.81923136987566
992 1.81937708150171
993 1.81950708268104
994 1.81962142304417
995 1.81972023116045
996 1.81980371023396
997 1.81987213361069
998 1.81992584012885
999 1.81996522934381
1000 1.81999075665814
1001 1.82000292838635
1002 1.82000229678299
1003 1.81998945506164
1004 1.81996503243083
1005 1.81992968917215
1006 1.81988411178387
1007 1.81982900821241
1008 1.81976510319229
1009 1.81969313371369
1010 1.81961384463531
1011 1.81952798445861
1012 1.81943630127773
1013 1.8193395389183
1014 1.81923843327623
1015 1.81913370886628
1016 1.81902607558875
1017 1.81891622572096
1018 1.81880483113868
1019 1.81869254077151
1020 1.8185799782944
1021 1.81846774005663
1022 1.81835639324787
1023 1.81824647429999
1024 1.81813848752211
1025 1.81803290396502
1026 1.81793016051053
1027 1.81783065917995
1028 1.81773476665527
1029 1.81764281400561
1030 1.81755509661112
1031 1.81747187427536
1032 1.81739337151709
1033 1.81731977803159
1034 1.81725124931139
1035 1.81718790741571
1036 1.81712984187794
1037 1.81707711073992
1038 1.81702974170197
1039 1.81698773337723
1040 1.81695105663913
1041 1.81691965605059
1042 1.8168934513639
1043 1.81687233908004
1044 1.81685619405693
1045 1.81684487115567
1046 1.81683820691471
1047 1.81683602124192
1048 1.8168381191149
1049 1.81684429228048
1050 1.81685432094438
1051 1.81686797544304
1052 1.81688501788949
1053 1.81690520378606
1054 1.81692828359713
1055 1.81695400427545
1056 1.8169821107364
1057 1.81701234727488
1058 1.81704445892012
1059 1.81707819272427
1060 1.81711329898113
1061 1.81714953237186
1062 1.81718665303524
1063 1.81722442756019
1064 1.81726262989923
1065 1.81730104220154
1066 1.8173394555652
1067 1.81737767070837
1068 1.81741549855955
1069 1.81745276076777
1070 1.81748929013368
1071 1.81752493096287
1072 1.81755953934328
1073 1.81759298334873
1074 1.81762514317088
1075 1.81765591118227
1076 1.81768519193328
1077 1.81771290208607
1078 1.81773897028873
1079 1.81776333699309
1080 1.81778595421969
1081 1.81780678527357
1082 1.81782580441465
1083 1.81784299648643
1084 1.817858356507
1085 1.81787188922601
1086 1.81788360865166
1087 1.81789353755145
1088 1.81790170693046
1089 1.81790815549103
1090 1.81791292907731
1091 1.81791608010845
1092 1.81791766700374
1093 1.8179177536032
1094 1.81791640858663
1095 1.81791370489444
1096 1.81790971915302
1097 1.81790453110749
1098 1.81789822306434
1099 1.81789087934658
1100 1.81788258576346
1101 1.81787342909694
1102 1.81786349660675
1103 1.81785287555583
1104 1.81784165275755
1105 1.81782991414621
1106 1.8178177443718
1107 1.81780522642016
1108 1.81779244125923
1109 1.81777946751212
1110 1.8177663811573
1111 1.81775325525648
1112 1.81774015971
1113 1.81772716103997
1114 1.81771432220092
1115 1.81770170241766
1116 1.81768935704995
1117 1.81767733748351
1118 1.81766569104652
1119 1.81765446095123
1120 1.81764368625938
1121 1.81763340187092
1122 1.81762363853471
1123 1.81761442288036
1124 1.81760577746988
1125 1.81759772086807
1126 1.81759026773047
1127 1.81758342890741
1128 1.81757721156312
1129 1.81757161930837
1130 1.8175666523455
1131 1.81756230762444
1132 1.81755857900834
1133 1.81755545744766
1134 1.81755293116133
1135 1.81755098582366
1136 1.81754960475596
1137 1.81754876912139
1138 1.81754845812216
1139 1.81754864919772
1140 1.817549318223
1141 1.81755043970562
1142 1.81755198698113
1143 1.8175539324053
1144 1.81755624754262
1145 1.81755890335028
1146 1.81756187035676
1147 1.81756511883445
1148 1.81756861896563
1149 1.81757234100127
1150 1.81757625541217
1151 1.81758033303198
1152 1.81758454519174
1153 1.81758886384567
1154 1.81759326168794
1155 1.81759771226014
1156 1.81760219004951
1157 1.81760667057768
1158 1.81761113047996
1159 1.81761554757519
1160 1.8176199009263
1161 1.81762417089153
1162 1.81762833916663
1163 1.81763238881819
1164 1.81763630430829
1165 1.81764007151076
1166 1.81764367771945
1167 1.81764711164865
1168 1.8176503634262
1169 1.81765342457958
1170 1.81765628801531
1171 1.81765894799225
1172 1.81766140008903
1173 1.81766364116619
1174 1.8176656693234
1175 1.8176674838522
1176 1.81766908518477
1177 1.81767047483913
1178 1.81767165536124
1179 1.81767263026443
1180 1.81767340396658
1181 1.81767398172556
1182 1.81767436957326
1183 1.8176745742486
1184 1.81767460313003
1185 1.81767446416779
1186 1.81767416581634
1187 1.81767371696724
1188 1.81767312688294
1189 1.81767240513163
1190 1.81767156152351
1191 1.81767060604878
1192 1.81766954881753
1193 1.81766840000177
1194 1.81766716977982
1195 1.81766586828324
1196 1.81766450554642
1197 1.81766309145903
1198 1.81766163572139
1199 1.81766014780286
1200 1.81765863690342
