1 2
2 2
3 2
4 2
5 2
6 2
7 2
8 2
9 2
10 2
11 2
12 2
13 2
14 2
15 2
16 2
17 2
18 2
19 2
20 2
21 2
22 2
23 2
24 2
25 2
26 2
27 2
28 2
29 2
30 2.25
31 2.28732705882353
32 2.32497411764706
33 2.36262117647059
34 2.40026823529412
35 2.43791529411765
36 2.47556235294118
37 2.51320941176471
38 2.55085647058824
39 2.58850352941176
40 2.62483009051059
41 2.65865534446892
42 2.68999188885303
43 2.71883161985613
44 2.74515350390999
45 2.76892715496074
46 2.7901155872231
47 2.8
48 2.8
49 2.8
50 2.8
51 2.8
52 2.8
53 2.8
54 2.79937816988936
55 2.79608341185495
56 2.79017999973492
57 2.78179077720542
58 2.7711227764724
59 2.7583959245545
60 2.74379537998074
61 2.72747858524714
62 2.70958074673031
63 2.69021913491193
64 2.66949974863832
65 2.64753325693902
66 2.62444393876096
67 2.60036679351553
68 2.57544446361201
69 2.54982421555239
70 2.52365553710502
71 2.49708842041615
72 2.47027214372066
73 2.44335441450392
74 2.41648075631176
75 2.38979398281616
76 2.36343362215211
77 2.33753527283734
78 2.31222993256083
79 2.28764333459119
80 2.26389531733526
81 2.24109924204768
82 2.21936146565914
83 2.19878087062737
84 2.17944845074259
85 2.16144695068246
86 2.14485055758213
87 2.12972464398759
88 2.11612556232098
89 2.10410049122029
90 2.0936873339939
91 2.08491466911368
92 2.07780175228196
93 2.07235856922384
94 2.06858593801558
95 2.06647565947301
96 2.06601071388697
97 2.06716550218746
98 2.06990612943206
99 2.0741907283387
100 2.07996982041703
101 2.08718671209723
102 2.09577792311295
103 2.10567364426817
104 2.1167982216081
105 2.12907066392268
106 2.14240517043849
107 2.15671167550026
108 2.17189640700736
109 2.18786245535247
110 2.20451034960951
111 2.22173863773479
112 2.23944446757968
113 2.25752416556372
114 2.27587380992362
115 2.29438979553613
116 2.31296938740936
117 2.33151126004828
118 2.34991602002405
119 2.36808670921335
120 2.38592928632124
121 2.40335308445955
122 2.42027124271958
123 2.43660110985385
124 2.45226461836417
125 2.46718862748208
126 2.48130523372153
127 2.49455204788101
128 2.50687243757274
129 2.51821573455819
130 2.52853740637139
131 2.53779919191296
132 2.54596920089795
133 2.55302197723707
134 2.55893852662463
135 2.5637063087946
136 2.56731919508931
137 2.56977739216107
138 2.57108733279616
139 2.57126153501073
140 2.57031843072003
141 2.56828216542429
142 2.56518237048617
143 2.56105390969587
144 2.55593660192981
145 2.54987492180682
146 2.54291768033205
147 2.53511768759305
148 2.52653139963375
149 2.51721855168138
150 2.50724177993795
151 2.49666623417167
152 2.48555918335544
153 2.47398961659848
154 2.46202784160459
155 2.44974508286528
156 2.43721308176038
157 2.42450370069085
158 2.41168853331085
159 2.39883852285786
160 2.38602359050185
161 2.37331227554768
162 2.36077138922972
163 2.34846568373462
164 2.33645753797821
165 2.32480666154591
166 2.31356981808422
167 2.30280056930378
168 2.29254904062355
169 2.28286170935142
170 2.27378121615958
171 2.26534620047447
172 2.2575911602614
173 2.25054633654439
174 2.2442376228622
175 2.23868649972377
176 2.23390999399031
177 2.229920662978
178 2.2267266029454
179 2.22433148150382
180 2.22273459336792
181 2.22193093874738
182 2.22191132357085
183 2.22266248062874
184 2.22416721062482
185 2.22640454203576
186 2.22934990859555
187 2.23297534314659
188 2.23724968653238
189 2.24213881014838
190 2.24760585071728
191 2.25361145581357
192 2.26011403862958
193 2.26707004045058
194 2.27443419929172
195 2.28215982314213
196 2.29019906626352
197 2.29850320700058
198 2.30702292557847
199 2.31570858038898
200 2.32451048130045
201 2.33337915856784
202 2.34226562596702
203 2.35112163683231
204 2.35989993173685
205 2.36855447662224
206 2.37704069025548
207 2.38531565996814
208 2.3933383447138
209 2.40106976456437
210 2.40847317585438
211 2.41551423127316
212 2.4221611242977
213 2.42838471745439
214 2.43415865399319
215 2.43945945265485
216 2.4442665853082
217 2.44856253733082
218 2.45233285070172
219 2.45556614986838
220 2.4582541505424
221 2.46039165166755
222 2.46197651089045
223 2.46300960394772
224 2.46349476846304
225 2.46343873272314
226 2.46285103007331
227 2.4617438996395
228 2.46013217414584
229 2.45803315565295
230 2.45546648009342
231 2.45245397152648
232 2.4490194870734
233 2.44518875352926
234 2.44098919667453
235 2.4364497643318
236 2.43160074422907
237 2.42647357774071
238 2.42110067058142
239 2.41551520152631
240 2.40975093022296
241 2.40384200514757
242 2.39782277273904
243 2.39172758872054
244 2.38559063258914
245 2.37944572622047
246 2.37332615749664
247 2.36726450982353
248 2.36129249835652
249 2.35544081370403
250 2.34973897382441
251 2.3442151847755
252 2.33889621091718
253 2.33380725510589
254 2.32897184935698
255 2.32441175638648
256 2.32014688237758
257 2.31619520125124
258 2.31257269065324
259 2.30929327980303
260 2.30636880928364
261 2.30380900278576
262 2.30162145075456
263 2.29981160582448
264 2.29838278986559
265 2.29733621240539
266 2.29667100013263
267 2.29638423713506
268 2.29647101547075
269 2.29692449562413
270 2.29773597635173
271 2.29889497338088
272 2.30038930638559
273 2.3022051936293
274 2.30432735363308
275 2.30673911320094
276 2.30942252111109
277 2.31235846676297
278 2.31552680305557
279 2.31890647276191
280 2.32247563765809
281 2.32621180966353
282 2.3300919832503
283 2.33409276838577
284 2.33819052328206
285 2.34236148623961
286 2.3465819058887
287 2.35082816915395
288 2.35507692628991
289 2.35930521236341
290 2.3634905645877
291 2.36761113494607
292 2.37164579757792
293 2.37557425043695
294 2.37937711077093
295 2.38303600401326
296 2.38653364571903
297 2.38985391622234
298 2.39298192773601
299 2.39590408366083
300 2.39860812991708
301 2.40108319815744
302 2.40331984076688
303 2.40531005760037
304 2.40704731445548
305 2.408526553321
306 2.40974419448648
307 2.41069813064035
308 2.41138771312493
309 2.41181373055635
310 2.4119783800549
311 2.41188523136712
312 2.41153918419442
313 2.41094641907428
314 2.41011434218905
315 2.40905152450371
316 2.40776763565752
317 2.40627337305595
318 2.40458038662706
319 2.40270119972244
320 2.40064912665505
321 2.39843818737627
322 2.39608301980138
323 2.3935987902964
324 2.39100110284073
325 2.38830590737822
326 2.38552940786491
327 2.3826879705148
328 2.37979803273514
329 2.37687601323102
330 2.37393822374405
331 2.3710007828736
332 2.36807953240997
333 2.36518995658806
334 2.36234710464727
335 2.3595655170592
336 2.3568591557584
337 2.35424133868448
338 2.35172467891503
339 2.34932102863962
340 2.34704142819437
341 2.34489606034586
342 2.34289420998152
343 2.34104422933158
344 2.33935350881611
345 2.33782845357822
346 2.3364744657333
347 2.33529593233237
348 2.33429621900709
349 2.33347766923384
350 2.33284160912494
351 2.33238835762694
352 2.33211724197867
353 2.33202661825597
354 2.33211389680558
355 2.33237557234736
356 2.3328072585031
357 2.33340372648988
358 2.33415894769837
359 2.33506613985993
360 2.33611781649241
361 2.33730583930179
362 2.33862147320666
363 2.34005544364383
364 2.34159799580711
365 2.34323895546658
366 2.34496779101336
367 2.34677367637415
368 2.34864555444138
369 2.35057220066783
370 2.35254228648
371 2.35454444217097
372 2.35656731894257
373 2.35859964977639
374 2.36063030882544
375 2.36264836903109
376 2.36464315768481
377 2.36660430966997
378 2.36852181813604
379 2.37038608237558
380 2.37218795269343
381 2.37391877207735
382 2.37557041449981
383 2.37713531970184
384 2.37860652433113
385 2.37997768932872
386 2.38124312348043
387 2.38239780307142
388 2.38343738760428
389 2.38435823156304
390 2.38515739222697
391 2.38583263355957
392 2.38638242621852
393 2.38680594375283
394 2.3871030550727
395 2.38727431329624
396 2.38732094109512
397 2.38724481267788
398 2.38704843256538
399 2.38673491132777
400 2.13673491132777
401 2.06154460784502
402 1.98560984695604
403 1.90957586667068
404 1.8334483509531
405 1.75723339144983
406 1.68093744767119
407 1.60456730586715
408 1.52813003684196
409 1.45163295295299
410 1.37640180699783
411 1.30382055403903
412 1.23423070121257
413 1.2
414 1.2
415 1.2
416 1.2
417 1.2
418 1.2
419 1.2
420 1.2
421 1.2
422 1.2
423 1.2
424 1.2
425 1.2
426 1.2
427 1.2
428 1.2
429 1.2
430 1.20210636205354
431 1.20653286254848
432 1.21311643232706
433 1.22171292700615
434 1.23219378169644
435 1.2444433641813
436 1.25835687416727
437 1.2738386698054
438 1.29080092885036
439 1.30916257221234
440 1.3288372677565
441 1.34972330509674
442 1.37170605412455
443 1.39466159903832
444 1.41845952766321
445 1.44296507737486
446 1.46804078903286
447 1.49354778418739
448 1.519346753315
449 1.5452987219129
450 1.57126570413207
451 1.59711137627815
452 1.62270180484878
453 1.64790619185106
454 1.67259760508243
455 1.6966536734706
456 1.71995723603314
457 1.7423969387121
458 1.76386777708815
459 1.78427158537571
460 1.8035174732578
461 1.82152221192073
462 1.83821056972091
463 1.85351559721341
464 1.86737886106347
465 1.8797506264724
466 1.89058998801843
467 1.89986494914415
468 1.90755245085806
469 1.91363835052734
470 1.9181173519085
471 1.92099288779471
472 1.9222769568642
473 1.92198991650494
474 1.9201602335736
475 1.91682419522168
476 1.91202558208813
477 1.90581530631271
478 1.89825101696609
479 1.88939667561935
480 1.87932210488566
481 1.86810251286051
482 1.85581799646265
483 1.84255302673754
484 1.82839591922639
485 1.81343829252913
486 1.79777451819761
487 1.78150116508645
488 1.76471644126404
489 1.74751963654497
490 1.7300105686484
491 1.71228903591498
492 1.69445427942874
493 1.6766044572902
494 1.65883613367389
495 1.64124378517837
496 1.62391932683998
497 1.60695166003483
498 1.59042624433707
499 1.57442469523664
500 1.55902440944736
501 1.54429821935782
502 1.53031407799337
503 1.51713477566969
504 1.50481768932674
505 1.4934145653391
506 1.48297133640393
507 1.47352797291389
508 1.46511836902915
509 1.45777026347181
510 1.45150519487797
511 1.44633849135948
512 1.44227929374824
513 1.43933061182355
514 1.43748941265656
515 1.43674674004784
516 1.43708786388328
517 1.43849245809242
518 1.44093480576149
519 1.44438402983123
520 1.44880434769877
521 1.45415534794231
522 1.46039228729816
523 1.46746640594282
524 1.47532525906675
525 1.48391306267323
526 1.49317105149399
527 1.50303784688413
528 1.51344983254119
529 1.524341535888
530 1.53564601296499
531 1.5472952346958
532 1.55922047241867
533 1.5713526806162
534 1.58362287482652
535 1.59596250277908
536 1.60830380686843
537 1.62058017615799
538 1.63272648619364
539 1.64467942500129
540 1.65637780374574
541 1.66776285063607
542 1.67877848677798
543 1.68937158279248
544 1.69949219514477
545 1.70909378125413
546 1.71813339258647
547 1.72657184506307
548 1.7343738662532
549 1.74150821895257
550 1.7479478008834
551 1.7536697203858
552 1.75865534810145
553 1.76289034478018
554 1.76636466546692
555 1.769072540449
556 1.77101243346328
557 1.77218697777615
558 1.77260289085902
559 1.77227086848434
560 1.77120545916484
561 1.76942491994854
562 1.76695105466548
563 1.76380903579829
564 1.76002721121688
565 1.75563689707805
566 1.7506721582434
567 1.74516957761312
568 1.739168015809
569 1.73270836266808
570 1.7258332820271
571 1.71858695128916
572 1.71101479726677
573 1.70316322978972
574 1.69507937455333
575 1.68681080666118
576 1.67840528628815
577 1.66991049785363
578 1.66137379405225
579 1.65284194604026
580 1.64436090102038
581 1.63597554840662
582 1.62772949568447
583 1.6196648550102
584 1.61182204151756
585 1.60423958422013
586 1.59695395031492
587 1.58999938360635
588 1.5834077576816
589 1.57720844437773
590 1.57142819798956
591 1.56609105557435
592 1.56121825361664
593 1.55682816122393
594 1.55293622993142
595 1.54955496010356
596 1.54669388383043
597 1.54435956412994
598 1.54255561018205
599 1.54128270823932
600 1.54053866777969
601 1.54031848239244
602 1.54061440481771
603 1.54141603549306
604 1.54271042389921
605 1.54448218193979
606 1.54671360853812
607 1.54938482458756
608 1.5524739173506
609 1.5559570933668
610 1.55980883889911
611 1.56400208692466
612 1.56850838965733
613 1.57329809557702
614 1.57834052993368
615 1.58360417769285
616 1.58905686789433
617 1.59466595840502
618 1.60039852006247
619 1.60622151922626
620 1.61210199777919
621 1.61800724965091
622 1.62390499297084
623 1.62976353699608
624 1.63555194300301
625 1.64124017837738
626 1.6467992631876
627 1.65220140857871
628 1.65742014637986
629 1.66243044937589
630 1.66720884175349
631 1.6717334992935
632 1.67598433894384
633 1.67994309747087
634 1.68359339895116
635 1.6869208109299
636 1.68991288913622
637 1.69255921070945
638 1.69485139595297
639 1.69678311869398
640 1.69835010538756
641 1.69955012316205
642 1.70038295705863
643 1.70085037677234
644 1.700956093253
645 1.70070570557319
646 1.70010663851583
647 1.69916807137649
648 1.69790085851435
649 1.69631744222114
650 1.69443175850929
651 1.69225913644816
652 1.68981619170169
653 1.68712071494061
654 1.68419155581866
655 1.68104850321455
656 1.67771216244934
657 1.67420383019332
658 1.67054536777664
659 1.66675907361445
660 1.66286755544997
661 1.65889360310772
662 1.65486006243487
663 1.65078971109044
664 1.64670513682099
665 1.64262861883716
666 1.63858201287801
667 1.63458664052048
668 1.63066318325875
669 1.62683158184342
670 1.62311094133411
671 1.61951944228014
672 1.61607425840389
673 1.61279148112022
674 1.60968605118239
675 1.60677169770187
676 1.60406088474506
677 1.60156476566601
678 1.5992931452894
679 1.59725445001403
680 1.59545570586293
681 1.59390252446299
682 1.59259909689456
683 1.5915481953099
684 1.59075118217924
685 1.59020802698451
686 1.5899173301436
687 1.58987635391281
688 1.59008105998161
689 1.59052615344295
690 1.59120513279292
691 1.59211034558736
692 1.59323304935851
693 1.59456347737344
694 1.59609090879683
695 1.59780374280453
696 1.59968957618054
697 1.60173528391943
698 1.60392710234816
699 1.60625071427564
700 1.60869133567637
701 1.611233803414
702 1.61386266351412
703 1.61656225950038
704 1.61931682031646
705 1.62211054736663
706 1.62492770022014
707 1.62775268054009
708 1.6305701138141
709 1.63336492848339
710 1.63612243208775
711 1.63882838406643
712 1.64146906487929
713 1.64403134113804
714 1.64650272646417
715 1.64887143781825
716 1.65112644707384
717 1.65325752763888
718 1.6552552959576
719 1.65711124775621
720 1.65881778892668
721 1.66036826097318
722 1.66175696097696
723 1.66297915606509
724 1.66403109239912
725 1.66490999872831
726 1.66561408458119
727 1.66614253319654
728 1.66649548932174
729 1.66667404203175
730 1.66668020274652
731 1.66651687864709
732 1.66618784171253
733 1.6656976936193
734 1.66505182676297
735 1.66425638167891
736 1.66331820115282
737 1.66224478132536
738 1.66104422010587
739 1.65972516321935
740 1.65829674821817
741 1.65676854679534
742 1.6551505057395
743 1.65345288687329
744 1.65168620631658
745 1.64986117341369
746 1.64798862965983
747 1.64607948795631
748 1.64414467251659
749 1.64219505973627
750 1.6402414203297
751 1.63829436302358
752 1.63636428008502
753 1.6344612949464
754 1.63259521217408
755 1.63077547001068
756 1.62901109570319
757 1.62731066381047
758 1.62568225766407
759 1.62413343413664
760 1.62267119185158
761 1.62130194294674
762 1.62003148848378
763 1.61886499757391
764 1.61780699026897
765 1.61686132424613
766 1.61603118529326
767 1.61531908158147
768 1.61472684169115
769 1.6142556163381
770 1.61390588372742
771 1.61367745844426
772 1.61356950377325
773 1.61358054732161
774 1.61370849980531
775 1.61395067684298
776 1.61430382358873
777 1.61476414202244
778 1.61532732070515
779 1.61598856679676
780 1.61674264012484
781 1.61758388908582
782 1.61850628815341
783 1.61950347676469
784 1.62056879935044
785 1.62169534627429
786 1.62287599544428
787 1.62410345436095
788 1.62537030236749
789 1.62666903287076
790 1.62799209530576
791 1.62933193662155
792 1.63068104207297
793 1.63203197511001
794 1.63337741616479
795 1.63471020014597
796 1.63602335246015
797 1.63731012339115
798 1.63856402067963
799 1.63977884015804
800 1.81052045901463
801 1.8303033327444
802 1.85019051921148
803 1.87001722973256
804 1.88977908357564
805 1.90947212463619
806 1.92909283553796
807 1.94863814912632
808 1.96810545733656
809 1.98749261743413
810 2.00590227912002
811 2.0225674621401
812 2.0375576130091
813 2.0509192874164
814 2.06268305059392
815 2.07286740218808
816 2.08148181545548
817 2.08852908611585
818 2.0940071437722
819 2.09791044500728
820 2.100235771894
821 2.10099061523443
822 2.1001951504766
823 2.09788005852519
824 2.09408493106731
825 2.088857090142
826 2.08225070815927
827 2.07432614481418
828 2.0651494397911
829 2.05479191676938
830 2.04332984151495
831 2.03084405226043
832 2.01741951560686
833 2.0031448210512
834 1.98811164146265
835 1.97241417721122
836 1.95614859521685
837 1.93941246988559
838 1.9223042300719
839 1.90492261438694
840 1.8873661361659
841 1.86973255926179
842 1.85211838633755
843 1.834618361896
844 1.81732499255146
845 1.800328087045
846 1.78371431835963
847 1.76756681008027
848 1.75196474890953
849 1.73698302501995
850 1.72269190170875
851 1.7091567156233
852 1.69643760863975
853 1.68458929229486
854 1.67366084548707
855 1.66369554597566
856 1.65473073601749
857 1.64679772229064
858 1.63992171006571
859 1.63412177139989
860 1.62941084694817
861 1.62579578081043
862 1.62327738766455
863 1.62185055127401
864 1.6215043533045
865 1.6222222312387
866 1.62398216404194
867 1.62675688410477
868 1.63051411387135
869 1.63521682545688
870 1.64082352146185
871 1.64728853510686
872 1.65456234773987
873 1.6625919217068
874 1.67132104652792
875 1.68069069628561
876 1.69063939610457
877 1.70110359559205
878 1.7120180471052
879 1.72331618672224
880 1.73493051581633
881 1.74679298116314
882 1.75883535155675
883 1.77098958896134
884 1.78318821228985
885 1.79536465197262
886 1.80745359356021
887 1.81939130869393
888 1.83111597187367
889 1.8425679615566
890 1.85369014422933
891 1.86442814021163
892 1.87473057006904
893 1.88454928063592
894 1.89383954977721
895 1.90256026914689
896 1.9106741043324
897 1.91814763190689
898 1.92495145304359
899 1.93106028347926
900 1.93645301974474
901 1.94111278171001
902 1.94502693161833
903 1.94818706990778
904 1.9505890082385
905 1.95223272026028
906 1.95312227076539
907 1.95326572397795
908 1.9526750318301
909 1.95136590316945
910 1.94935765492843
911 1.94667304636628
912 1.94333809756665
913 1.93938189343864
914 1.93483637452584
915 1.92973611597716
916 1.92411809607362
917 1.91802145573835
918 1.91148725048071
919 1.90455819624219
920 1.89727841061908
921 1.8896931509369
922 1.88184855064359
923 1.87379135547201
924 1.86556866079942
925 1.85722765160028
926 1.84881534635114
927 1.84037834620205
928 1.83196259067756
929 1.82361312111438
930 1.81537385297953
931 1.80728735814638
932 1.79939465813291
933 1.79173502923101
934 1.78434582037526
935 1.77726228451646
936 1.77051742417935
937 1.76414185179586
938 1.75816366531534
939 1.75260833950226
940 1.74749863324031
941 1.74285451307004
942 1.73869309309552
943 1.73502859130517
944 1.73187230226236
945 1.72923258603399
946 1.72711487313969
947 1.72552168522178
948 1.72445267105637
949 1.72390465744946
950 1.72387171448979
951 1.72434523456139
952 1.72531402445486
953 1.72676440985703
954 1.72868035144424
955 1.73104357175475
956 1.73383369197216
957 1.73702837771277
958 1.74060349287672
959 1.74453326059536
960 1.74879043028549
961 1.75334644980507
962 1.75817164169453
963 1.76323538248318
964 1.76850628404111
965 1.77395237596318
966 1.7795412879837
967 1.78524043143687
968 1.79101717880053
969 1.79683904038708
970 1.80267383727707
971 1.80848986962647
972 1.81425607951855
973 1.81994220757486
974 1.82551894258671
975 1.83095806347903
976 1.83623257297148
977 1.84131682235722
978 1.84618662687776
979 1.85081937123177
980 1.85519410481695
981 1.85929162636612
982 1.86309455770204
983 1.86658740639836
984 1.86975661719814
985 1.872590612104
986 1.87507981911718
987 1.87721668966369
988 1.87899570480684
989 1.88041337040365
990 1.88146820141999
991 1.8821606956739
992 1.88249329732917
993 1.88247035051084
994 1.88209804346146
995 1.88138434370062
996 1.88033892469119
997 1.87897308455257
998 1.87729965739535
999 1.87533291788144
1000 1.87308847964019
1001 1.87058318819338
1002 1.86783500906037
1003 1.86486291172925
1004 1.86168675019065
1005 1.85832714073723
1006 1.85480533773478
1007 1.85114310806981
1008 1.84736260497358
1009 1.8434862419138
1010 1.83953656723346
1011 1.83553614020005
1012 1.83150740911016
1013 1.82747259207187
1014 1.82345356106238
1015 1.81947172983076
1016 1.81554794618477
1017 1.81170238916826
1018 1.80795447160035
1019 1.80432274841092
1020 1.80082483116778
1021 1.79747730915144
1022 1.79429567729123
1023 1.79129427123481
1024 1.78848620977952
1025 1.78588334485071
1026 1.78349621916815
1027 1.7813340316977
1028 1.77940461094205
1029 1.77771439608068
1030 1.77626842592706
1031 1.77507033562933
1032 1.77412236100007
1033 1.77342535032182
1034 1.77297878343704
1035 1.77278079789532
1036 1.77282822189636
1037 1.77311661373517
1038 1.77364030742566
1039 1.77439246415115
1040 1.77536512916482
1041 1.77654929374024
1042 1.77793496175142
1043 1.77951122044444
1044 1.7812663149472
1045 1.78318772605156
1046 1.7852622507925
1047 1.78747608534175
1048 1.78981490972926
1049 1.79226397390423
1050 1.79480818464859
1051 1.7974321928594
1052 1.80012048072305
1053 1.80285744831278
1054 1.80562749915217
1055 1.80841512430052
1056 1.81120498453185
1057 1.81398199019652
1058 1.81673137837423
1059 1.81943878694831
1060 1.82209032525415
1061 1.82467264097919
1062 1.82717298301724
1063 1.82957926000726
1064 1.83188009431426
1065 1.83406487123882
1066 1.83612378327122
1067 1.83804786923588
1068 1.83982904820203
1069 1.84146014806709
1070 1.8429349287492
1071 1.8442480999559
1072 1.84539533352555
1073 1.84637327036746
1074 1.84717952205537
1075 1.84781266715707
1076 1.84827224240943
1077 1.84855872887475
1078 1.84867353323834
1079 1.84861896443144
1080 1.84839820578504
1081 1.84801528294135
1082 1.84747502776809
1083 1.84678303853878
1084 1.84594563665731
1085 1.84496982021927
1086 1.84386321471465
1087 1.84263402118646
1088 1.84129096216844
1089 1.83984322573145
1090 1.83830040797256
1091 1.83667245428383
1092 1.83496959973825
1093 1.83320230892977
1094 1.83138121560107
1095 1.82951706238854
1096 1.82762064100753
1097 1.82570273319302
1098 1.82377405270152
1099 1.8218451886689
1100 1.81992655060678
1101 1.81802831530612
1102 1.81616037590197
1103 1.81433229333745
1104 1.81255325044767
1105 1.81083200886686
1106 1.80917686894284
1107 1.80759563282393
1108 1.80609557086334
1109 1.80468339146555
1110 1.80336521447889
1111 1.80214654821721
1112 1.80103227017271
1113 1.8000266114612
1114 1.79913314501981
1115 1.79835477755697
1116 1.7976937452341
1117 1.79715161303855
1118 1.7967292777883
1119 1.79642697469026
1120 1.79624428735612
1121 1.79618016116278
1122 1.79623291982826
1123 1.79640028505872
1124 1.79667939910836
1125 1.79706685008062
1126 1.79755869978757
1127 1.79815051397353
1128 1.79883739469943
1129 1.79961401467647
1130 1.8004746533305
1131 1.80141323437313
1132 1.80242336465105
1133 1.80349837404227
1134 1.80463135616612
1135 1.8058152096735
1136 1.80704267988474
1137 1.80830640054452
1138 1.8095989354665
1139 1.81091281984493
1140 1.8122406010161
1141 1.81357487845892
1142 1.81490834283199
1143 1.8162338138529
1144 1.81754427683512
1145 1.81883291770831
1146 1.82009315635901
1147 1.82131867814033
1148 1.8225034634121
1149 1.82364181498546
1150 1.82472838335981
1151 1.82575818965337
1152 1.82672664614321
1153 1.82762957434456
1154 1.82846322057385
1155 1.82922426895452
1156 1.82990985183892
1157 1.83051755763428
1158 1.83104543603471
1159 1.83149200067525
1160 1.83185622923774
1161 1.83213756105122
1162 1.83233589224268
1163 1.83245156850605
1164 1.83248537556907
1165 1.83243852744877
1166 1.83231265259657
1167 1.83210977804385
1168 1.83183231166749
1169 1.83148302270329
1170 1.83106502064213
1171 1.83058173265045
1172 1.83003687966194
1173 1.82943445129212
1174 1.82877867973122
1175 1.82807401277372
1176 1.8273250861446
1177 1.82653669528382
1178 1.8257137667503
1179 1.82486132940628
1180 1.82398448554127
1181 1.82308838209236
1182 1.8221781821145
1183 1.82125903665051
1184 1.82033605714566
1185 1.81941428854637
1186 1.81849868321658
1187 1.81759407579846
1188 1.81670515913707
1189 1.81583646138063
1190 1.81499232435992
1191 1.81417688334176
1192 1.81339404824212
1193 1.8126474863755
1194 1.8119406068075
1195 1.81127654636738
1196 1.81065815736808
1197 1.81008799707063
1198 1.80956831892009
1199 1.80910106557006
1200 1.80868786370299
