1 0.8
2 0.8
3 0.8
4 0.8
5 0.8
6 0.8
7 0.8
8 0.8
9 0.8
10 0.8
11 0.8
12 0.8
13 0.8
14 0.8
15 0.8
16 0.8
17 0.8
18 0.8
19 0.8
20 0.8
21 0.8
22 0.8
23 0.8
24 0.8
25 0.8
26 0.8
27 0.8
28 0.8
29 0.8
30 0.8
31 0.8
32 0.8
33 0.8
34 0.8
35 0.8
36 0.8
37 0.8
38 0.8
39 0.8
40 0.8
41 0.8
42 0.8
43 0.8
44 0.8
45 0.8
46 0.8
47 0.8
48 0.8
49 0.8
50 0.8
51 0.8
52 0.8
53 0.8
54 0.8
55 0.8
56 0.8
57 0.8
58 0.8
59 0.8
60 0.8
61 0.8
62 0.8
63 0.8
64 0.8
65 0.8
66 0.8
67 0.8
68 0.8
69 0.8
70 0.8
71 0.8
72 0.8
73 0.8
74 0.8
75 0.8
76 0.8
77 0.8
78 0.8
79 0.8
80 0.8
81 0.8
82 0.8
83 0.8
84 0.8
85 0.8
86 0.8
87 0.8
88 0.8
89 0.8
90 0.8
91 0.8
92 0.8
93 0.8
94 0.8
95 0.8
96 0.8
97 0.8
98 0.8
99 0.8
100 0.8
101 0.8
102 0.8
103 0.8
104 0.8
105 0.8
106 0.8
107 0.8
108 0.8
109 0.8
110 0.8
111 0.8
112 0.8
113 0.8
114 0.8
115 0.8
116 0.8
117 0.8
118 0.8
119 0.8
120 0.8
121 0.8
122 0.8
123 0.8
124 0.8
125 0.8
126 0.8
127 0.8
128 0.8
129 0.8
130 0.8
131 0.8
132 0.8
133 0.8
134 0.8
135 0.8
136 0.8
137 0.8
138 0.8
139 0.8
140 0.8
141 0.8
142 0.8
143 0.8
144 0.8
145 0.8
146 0.8
147 0.8
148 0.8
149 0.8
150 0.8
151 0.8
152 0.8
153 0.8
154 0.8
155 0.8
156 0.8
157 0.8
158 0.8
159 0.8
160 0.8
161 0.8
162 0.8
163 0.8
164 0.8
165 0.8
166 0.8
167 0.8
168 0.8
169 0.8
170 0.8
171 0.8
172 0.8
173 0.8
174 0.8
175 0.8
176 0.8
177 0.8
178 0.8
179 0.8
180 0.8
181 0.8
182 0.8
183 0.8
184 0.8
185 0.8
186 0.8
187 0.8
188 0.8
189 0.8
190 0.8
191 0.8
192 0.8
193 0.8
194 0.8
195 0.8
196 0.8
197 0.8
198 0.8
199 0.8
200 0.8
201 0.8
202 0.8
203 0.8
204 0.8
205 0.8
206 0.8
207 0.8
208 0.8
209 0.8
210 0.8
211 0.800778725
212 0.80360926925
213 0.809412565748
214 0.818215714898255
215 0.829286889816548
216 0.841918473471702
217 0.85556936539215
218 0.869827678611113
219 0.884381706727413
220 0.89899733176974
221 0.913500447983848
222 0.927763291690398
223 0.941693812748994
224 0.955227414305679
225 0.968050589748404
226 0.979477887170679
227 0.988828173734404
228 0.995746574994498
229 1.00026016000913
230 1.00269570382738
231 1.00354811130891
232 1.00335381483829
233 1.00259639038187
234 1.00165239672322
235 1.0007735447444
236 1.00009547141617
237 0.999661975944233
238 0.999454912000763
239 0.999422599519613
240 0.999502569355525
241 0.999637022241572
242 0.999781250606777
243 0.999906375964634
244 0.999998196803762
245 1.00005390210186
246 1.00007807862276
247 1.00007899516472
248 1.00006570743852
249 1.00004616737208
250 1.00002627147199
251 1.00000964400297
252 0.999997902713144
253 0.999991170035538
254 0.999988643419779
255 0.999989101744599
256 0.999991284571197
257 0.999994128228109
258 0.999996874077964
259 0.999999080593791
260 1.0000005751834
261 1.0000013780222
262 1.00000162228998
263 1.00000148618668
264 1.00000114396033
265 1.00000073699395
266 1.00000036207561
267 1.00000007210728
268 0.999999884209254
269 0.999999790877578
270 0.999999771035624
271 0.999999799088633
272 0.999999851187403
273 0.999999908709341
274 0.999999959448574
275 0.99999999721302
276 1.00000002052897
277 1.00000003103271
278 1.00000003195433
279 1.00000002692239
280 1.00000001917166
281 1.0000000111331
282 1.00000000432655
283 0.999999999455263
284 0.999999996605862
285 0.999999995477068
286 0.999999995585811
287 0.999999996423621
288 0.99999999755561
289 0.999999998667437
290 0.999999999572608
291 1.00000000019454
292 1.00000000053646
293 1.00000000064933
294 1.00000000060398
295 1.00000000047093
296 1.00000000030813
297 1.00000000015582
298 1.0000000000365
299 0.999999999957986
300 0.999999999917874
301 0.99999999990799
302 0.99999999991811
303 0.99999999993855
304 0.999999999961655
305 0.999999999982329
306 0.999999999997918
307 1.00000000000771
308 1.00000000001227
309 1.00000000001289
310 1.00000000001101
311 1.00000000000794
312 1.0000000000047
313 1.00000000000192
314 0.999999999999902
315 0.999999999998699
316 0.999999999998199
317 0.999999999998211
318 0.999999999998531
319 0.99999999999898
320 0.99999999999943
321 0.999999999999801
322 1.00000000000006
323 1.0000000000002
324 1.00000000000026
325 1.00000000000024
326 1.00000000000019
327 1.00000000000013
328 1.00000000000006
329 1.00000000000002
330 0.999999999999983
331 0.999999999999966
332 0.999999999999962
333 0.999999999999965
334 0.999999999999973
335 0.999999999999982
336 0.999999999999991
337 0.999999999999997
338 1
339 1
340 1
341 1
342 1
343 1
344 1
345 1
346 1
347 1
348 1
349 1
350 1
351 1
352 1
353 1
354 1
355 1
356 1
357 1
358 1
359 1
360 1
361 1
362 1
363 1
364 1
365 1
366 1
367 1
368 1
369 1
370 1
371 1
372 1
373 1
374 1
375 1
376 1
377 1
378 1
379 1
380 0.999999998102914
381 0.999999987775252
382 0.999999957788726
383 0.999999897276008
384 0.999999804895392
385 0.999999697782499
386 0.999999617165337
387 0.999999628968046
388 0.999999818514503
389 1.00000027908693
390 1.00000109513977
391 1.0000023229046
392 1.00000397431291
393 1.00000601141808
394 1.00000835500151
395 1.0000109039233
396 1.00001355614334
397 1.00001622348356
398 1.00001883722925
399 1.00002134569169
400 1.00002370698524
401 1.00002584403439
402 1.00002760629731
403 1.00002878622209
404 1.00002918805951
405 1.00002870397012
406 1.0000273410049
407 1.00002520926655
408 1.00002249052091
409 1.00001940027948
410 0.999237373808922
411 0.996403407327516
412 0.990596636164601
413 0.981167031101512
414 0.967938311953162
415 0.951574399698348
416 0.933064931217001
417 0.913166264220881
418 0.892453754757946
419 0.871362443871133
420 0.850218717297279
421 0.82926493525568
422 0.808678587844156
423 0.788587187634277
424 0.769079843160591
425 0.750216248324598
426 0.732033660191325
427 0.714552311047164
428 0.697779601968656
429 0.681713348335815
430 0.666344287890541
431 0.651658015336497
432 0.637757991362436
433 0.625158097549559
434 0.614584563689604
435 0.606507586738765
436 0.601005997923697
437 0.59781569096826
438 0.596455932511856
439 0.596365827982955
440 0.597014162686303
441 0.597968601781291
442 0.598925019997381
443 0.599705681230833
444 0.600237755705587
445 0.600523018665486
446 0.600607104390513
447 0.600553620910969
448 0.600425581682785
449 0.6002744188202
450 0.60013544749493
451 0.600027991255164
452 0.599958283686002
453 0.599923529292278
454 0.599915947924355
455 0.599926097701761
456 0.599945178095036
457 0.599966312195128
458 0.599984986729312
459 0.599998905437231
460 0.600007513147721
461 0.600011403844223
462 0.600011762019441
463 0.600009921795018
464 0.600007074301528
465 0.600004115837945
466 0.600001607675082
467 0.599999810369261
468 0.599998757110147
469 0.599998337832357
470 0.599998375120026
471 0.59999868187282
472 0.599999097859848
473 0.599999507117386
474 0.599999840723484
475 0.600000070247476
476 0.600000196708127
477 0.600000238748012
478 0.600000222402462
479 0.600000173621899
480 0.600000113766465
481 0.600000057685423
482 0.600000013694966
483 0.599999984707492
484 0.599999969859409
485 0.599999966155595
486 0.599999969836292
487 0.599999977337126
488 0.599999985835273
489 0.599999993449903
490 0.599999999198593
491 0.600000002813836
492 0.600000004507083
493 0.600000004742324
494 0.600000004055059
495 0.600000002930349
496 0.600000001737923
497 0.600000000713129
498 0.599999999968911
499 0.59999999952447
500 0.59999999933898
501 0.599999999342469
502 0.599999999459584
503 0.599999999624903
504 0.599999999790445
505 0.599999999927167
506 0.600000000022553
507 0.60000000007627
508 0.600000000095401
509 0.600000000090279
510 0.600000000071392
511 0.600000000047488
512 0.600000000024733
513 0.600000000006651
514 0.599999999994557
515 0.599999999988199
516 0.59999999998642
517 0.59999999998772
518 0.599999999990655
519 0.599999999994064
520 0.599999999997163
521 0.599999999999534
522 0.600000000001049
523 0.600000000001782
524 0.600000000001914
525 0.60000000000166
526 0.600000000001217
527 0.600000000000736
528 0.600000000000318
529 0.60000000000001
530 0.599999999999823
531 0.599999999999741
532 0.599999999999737
533 0.599999999999781
534 0.599999999999846
535 0.599999999999913
536 0.599999999999968
537 0.600000000000008
538 0.60000000000003
539 0.600000000000038
540 0.600000000000037
541 0.600000000000029
542 0.600000000000019
543 0.60000000000001
544 0.600000000000002
545 0.599999999999997
546 0.599999999999994
547 0.599999999999993
548 0.599999999999994
549 0.599999999999999
550 0.600000000000034
551 0.600000000000162
552 0.600000000000491
553 0.600000000001122
554 0.600000000002038
555 0.600000000002932
556 0.600000000003033
557 0.600000000001031
558 0.599999999995189
559 0.599999999983738
560 0.599999999965602
561 0.599999999941379
562 0.599999999914386
563 0.599999999891434
564 0.599999999883
565 0.599999999902523
566 0.599999999964821
567 0.600000000083836
568 0.600000000270176
569 0.600000000528979
570 0.600000000858815
571 0.600000001252062
572 0.600000001696524
573 0.600000002177383
574 0.60000000267838
575 0.600000003181645
576 0.600000003666296
577 0.600000004106566
578 0.60000000447051
579 0.600000006617655
580 0.60000001704148
581 0.600000046933501
582 0.600000108652391
583 0.600000208488769
584 0.600000336127222
585 0.600000454388658
586 0.600000493809295
587 0.600000354506682
588 0.599999916390115
589 0.599999057367185
590 0.59999767705389
591 0.599995719991075
592 0.599993190447003
593 0.59999015382137
594 0.599986724411374
595 0.599983043369438
596 0.599979253991165
597 0.599975481570972
598 0.599971821505062
599 0.59996833563714
600 0.599965091766764
601 0.599962202411643
602 0.599959814175345
603 0.5999580796338
604 0.599957118828407
605 0.599956969141811
606 0.599957567521548
607 0.599958780762408
608 0.599960450899436
609 0.599962435483946
610 0.599964632556458
611 0.599966987472876
612 0.599969483807614
613 0.599972124078643
614 0.599974908316345
615 0.599977818271665
616 0.59998081160021
617 0.599983825862092
618 0.599986789055376
619 0.599989632278966
620 0.599992300647934
621 0.599994760036727
622 0.599996993142593
623 0.599998976004435
624 0.600000658600858
625 0.600001973267701
626 0.600002860884768
627 0.600003297538928
628 0.600003309343055
629 0.600002971327243
630 0.600002393094141
631 0.600001697513219
632 0.600000999225748
633 0.600000388130024
634 0.599999920499006
635 0.599999617927337
636 0.59999947251241
637 0.599999455765594
638 0.599999528656096
639 0.599999650675765
640 0.599999786591278
641 0.599999910364576
642 0.600000006394074
643 0.600000068667785
644 0.600000098612244
645 0.600000102408898
646 0.60000008840032
647 0.600000064994509
648 0.600000039257371
649 0.600000016202586
650 0.599999998665124
651 0.599999987582477
652 0.599999982497119
653 0.599999982119245
654 0.599999984833609
655 0.599999989083955
656 0.599999993612525
657 0.599999997564802
658 0.600000000489163
659 0.600000002268649
660 0.600000003020551
661 0.600000002992334
662 0.60000000247292
663 0.60000000172891
664 0.600000000967635
665 0.600000000323641
666 0.599999999862445
667 0.599999999594645
668 0.599999999494227
669 0.5999999995164
670 0.599999999612105
671 0.599999999737915
672 0.599999999861348
673 0.599999999962349
674 0.60000000003211
675 0.600000000070406
676 0.600000000082448
677 0.600000000075981
678 0.600000000059015
679 0.600000000038363
680 0.600000000018922
681 0.600000000003553
682 0.59999999999335
683 0.599999999988115
684 0.599999999986877
685 0.599999999988345
686 0.599999999991249
687 0.599999999994553
688 0.599999999997542
689 0.599999999999822
690 0.600000000001271
691 0.600000000001955
692 0.600000000002045
693 0.600000000001751
694 0.600000000001268
695 0.600000000000751
696 0.600000000000301
697 0.59999999999997
698 0.59999999999977
699 0.599999999999685
700 0.599999999999686
701 0.599999999999741
702 0.599999999999819
703 0.599999999999898
704 0.599999999999965
705 0.600000000000012
706 0.600000000000039
707 0.600000000000048
708 0.600000000000046
709 0.600000000000037
710 0.600000000000025
711 0.600000000000013
712 0.600000000000003
713 0.599999999999996
714 0.599999999999993
715 0.599999999999992
716 0.599999999999993
717 0.599999999999994
718 0.599999999999996
719 0.599999999999998
720 0.6
721 0.600000000000001
722 0.600000000000001
723 0.600000000000001
724 0.600000000000001
725 0.600000000000001
726 0.600000000000001
727 0.600000000000001
728 0.600000000000001
729 0.600000000000002
730 0.600000000000002
731 0.600000000000002
732 0.600000000000002
733 0.600000000000002
734 0.600000000000002
735 0.6
736 0.599999999999997
737 0.599999999999993
738 0.599999999999987
739 0.599999999999981
740 0.599999999999975
741 0.599999999999971
742 0.599999999999972
743 0.599999999999979
744 0.599999999999996
745 0.600000000000023
746 0.600000000000064
747 0.600000000000117
748 0.60000000000018
749 0.600000000000225
750 0.600000000000186
751 0.59999999999995
752 0.599999999999391
753 0.599999999998477
754 0.599999999997445
755 0.599999999997017
756 0.599999999998553
757 0.600000000004035
758 0.600000000015737
759 0.600000000035504
760 0.600000000063646
761 0.600000000097619
762 0.600000000130801
763 0.600000000151808
764 0.600000000144704
765 0.600000000090349
766 0.599999999968814
767 0.599999999762507
768 0.59999999945939
769 0.599999999055406
770 0.599999998555371
771 0.599999997972209
772 0.599999997325043
773 0.599999996636975
774 0.599999995933548
775 0.599999995242428
776 0.599999994594141
777 0.599999994023058
778 0.599999993567551
779 0.599999993268315
780 0.5999999931643
781 0.599999993286612
782 0.599999993651863
783 0.599999994257049
784 0.599999995077909
785 0.599999996071681
786 0.599999997183775
787 0.599999998356547
788 0.59999999953782
789 0.600000000687109
790 0.600000001776709
791 0.600000002787451
792 0.600000003702762
793 0.600000004504388
794 0.600000005171767
795 0.600000005685881
796 0.600000006035412
797 0.600000006221224
798 0.600000006256762
799 0.600000006164313
800 0.600000005968811
801 0.600000005691649
802 0.600000005346706
803 0.600000004939848
804 0.600000004471821
805 0.60000000394321
806 0.600000003359419
807 0.60000000273386
808 0.600000002088283
809 0.600000001450284
810 0.600778725834515
811 0.603609269491877
812 0.609412565420788
813 0.618838694025557
814 0.632064394652126
815 0.647933662908004
816 0.664365382466785
817 0.679552635994156
818 0.692170288112973
819 0.70127633643218
820 0.706623188130338
821 0.708736188266321
822 0.708509028075285
823 0.706897548120965
824 0.704725454551565
825 0.702590995040136
826 0.700850583935008
827 0.699651564953371
828 0.698988801730017
829 0.698765687036789
830 0.698847099874802
831 0.699098201160918
832 0.699407864441683
833 0.699698709051137
834 0.699927272853451
835 0.700078190127548
836 0.700155761479746
837 0.700175420273948
838 0.700156628219157
839 0.700117876969995
840 0.700073836749616
841 0.700034301380403
842 0.700004403647007
843 0.699985560835155
844 0.699976696236997
845 0.699975413802482
846 0.699978938997561
847 0.699984753763094
848 0.699990935494131
849 0.699996257807158
850 0.700000129682024
851 0.700002447545241
852 0.700003420597663
853 0.700003410519585
854 0.700002807903498
855 0.70000195250131
856 0.700001093906558
857 0.700000383556386
858 0.699999887065106
859 0.699999606690898
860 0.699999505998346
861 0.699999531534685
862 0.699999628909499
863 0.699999752678852
864 0.69999987075542
865 0.699999964738224
866 0.700000027718109
867 0.700000060941159
868 0.700000070365325
869 0.700000063754777
870 0.700000048607527
871 0.700000030949233
872 0.700000014861591
873 0.700000002537254
874 0.699999994643444
875 0.699999990808562
876 0.699999990098039
877 0.699999991400459
878 0.699999993691893
879 0.699999996180394
880 0.699999998352763
881 0.699999999954069
882 0.700000000930087
883 0.700000001357407
884 0.700000001378301
885 0.700000001149855
886 0.700000000810642
887 0.700000000463801
888 0.700000000173014
889 0.699999999966973
890 0.699999999848198
891 0.69999999980295
892 0.699999999810063
893 0.699999999847584
894 0.699999999896925
895 0.699999999944779
896 0.699999999983366
897 0.700000000009601
898 0.700000000023781
899 0.700000000028194
900 0.70000000002593
901 0.700000000020026
902 0.700000000012955
903 0.700000000006415
904 0.700000000001339
905 0.699999999998037
906 0.699999999996384
907 0.699999999996017
908 0.699999999996492
909 0.699999999997392
910 0.699999999998392
911 0.699999999999278
912 0.699999999999939
913 0.700000000000349
914 0.700000000000535
915 0.700000000000554
916 0.700000000000468
917 0.700000000000334
918 0.700000000000195
919 0.700000000000076
920 0.699999999999991
921 0.699999999999941
922 0.699999999999921
923 0.699999999999922
924 0.699999999999937
925 0.699999999999957
926 0.699999999999976
927 0.699999999999992
928 0.700000000000003
929 0.700000000000009
930 0.70000000000001
931 0.700000000000009
932 0.700000000000007
933 0.700000000000004
934 0.700000000000003
935 0.700000000000004
936 0.700000000000007
937 0.700000000000012
938 0.70000000000002
939 0.700000000000028
940 0.700000000000035
941 0.700000000000038
942 0.700000000000034
943 0.700000000000018
944 0.699999999999989
945 0.699999999999943
946 0.699999999999878
947 0.699999999999795
948 0.699999999999695
949 0.699999999999579
950 0.699999999999452
951 0.699999999999318
952 0.699999999999184
953 0.699999999999059
954 0.69999999999895
955 0.699999999998868
956 0.699999999998823
957 0.699999999998827
958 0.699999999998886
959 0.699999999999008
960 0.699999999999191
961 0.699999999999433
962 0.699999999999724
963 0.700000000000052
964 0.700000000000401
965 0.700000000000753
966 0.700000000001095
967 0.70000000000141
968 0.700000000001686
969 0.700000000001912
970 0.700000000002077
971 0.700000000002175
972 0.700000000002199
973 0.700000000002147
974 0.700000000002023
975 0.700000000001832
976 0.700000000001589
977 0.700000000001306
978 0.700000000001002
979 0.699999998103603
980 0.699999987775637
981 0.699999957788822
982 0.699999895758166
983 0.699999795382934
984 0.69999966818767
985 0.69999955621043
986 0.699999538464871
987 0.699999726852173
988 0.700000250443708
989 0.700001228538835
990 0.700002736388488
991 0.700004773191989
992 0.700007244156601
993 0.700009964541712
994 0.70001268713271
995 0.700015147989292
996 0.700017118386295
997 0.700018447802735
998 0.700019087175363
999 0.700019089062867
1000 0.700018550365575
1001 0.700017545582528
1002 0.700016105957193
1003 0.700014220913125
1004 0.700011861498875
1005 0.70000905268069
1006 0.700005936036879
1007 0.700002758360765
1008 0.699999817426592
1009 0.699997403426735
1010 0.699995736644026
1011 0.699994914401312
1012 0.699994895099656
1013 0.699995520209539
1014 0.699996560825729
1015 0.69999777143709
1016 0.699998936306598
1017 0.699999899744947
1018 0.700000577807873
1019 0.70000095382872
1020 0.700001062999842
1021 0.700000971989862
1022 0.700000758831574
1023 0.700000496706028
1024 0.700000243405838
1025 0.700000036643717
1026 0.699999894234912
1027 0.699999817593803
1028 0.699999796879955
1029 0.699999816367992
1030 0.699999859039222
1031 0.699999909859826
1032 0.699999957619207
1033 0.6999999954969
1034 0.700000020691926
1035 0.700000033498452
1036 0.700000036176659
1037 0.70000003188316
1038 0.700000023823491
1039 0.700000014694213
1040 0.700000006408424
1041 0.700000000051723
1042 0.699999995994542
1043 0.699999994086024
1044 0.699999993867169
1045 0.699999994759855
1046 0.69999999620802
1047 0.699999997764069
1048 0.699999999125479
1049 0.700000000133354
1050 0.700000000747004
1051 0.700000001007608
1052 0.700000001001187
1053 0.700000000827472
1054 0.700000000577855
1055 0.700000000322877
1056 0.700000000107885
1057 0.699999999954608
1058 0.699999999866187
1059 0.699999999833532
1060 0.699999999841418
1061 0.699999999873368
1062 0.699999999914941
1063 0.69999999995544
1064 0.699999999988352
1065 0.700000000010897
1066 0.70000000002311
1067 0.700000000026783
1068 0.700000000024496
1069 0.700000000018882
1070 0.700000000012154
1071 0.700000000005884
1072 0.700000000000974
1073 0.699999999997752
1074 0.699999999996132
1075 0.699999999995788
1076 0.699999999996296
1077 0.699999999997247
1078 0.699999999998309
1079 0.699999999999259
1080 0.699999999999975
1081 0.700000000000424
1082 0.700000000000629
1083 0.700000000000648
1084 0.700000000000549
1085 0.700000000000393
1086 0.700000000000229
1087 0.700000000000088
1088 0.699999999999985
1089 0.699999999999924
1090 0.6999999999999
1091 0.699999999999902
1092 0.69999999999992
1093 0.699999999999945
1094 0.69999999999997
1095 0.699999999999991
1096 0.700000000000005
1097 0.700000000000013
1098 0.700000000000016
1099 0.700000000000015
1100 0.700000000000012
1101 0.700000000000008
1102 0.700000000000004
1103 0.700000000000001
1104 0.699999999999999
1105 0.699999999999998
1106 0.699999999999998
1107 0.699999999999998
1108 0.699999999999999
1109 0.699999999999999
1110 0.7
1111 0.7
1112 0.7
1113 0.700000000000001
1114 0.700000000000001
1115 0.700000000000001
1116 0.700000000000001
1117 0.700000000000001
1118 0.700000000000001
1119 0.700000000000001
1120 0.700000000000001
1121 0.700000000000001
1122 0.700000000000001
1123 0.700000000000001
1124 0.700000000000001
1125 0.700000000000001
1126 0.700000000000001
1127 0.700000000000001
1128 0.700000000000001
1129 0.700000000000001
1130 0.700000000000001
1131 0.700000000000001
1132 0.700000000000001
1133 0.700000000000001
1134 0.700000000000001
1135 0.700000000000001
1136 0.700000000000001
1137 0.700000000000001
1138 0.700000000000001
1139 0.700000000000001
1140 0.700000000000001
1141 0.700000000000001
1142 0.700000000000001
1143 0.700000000000001
1144 0.700000000000001
1145 0.700000000000001
1146 0.700000000000001
1147 0.700000000000001
1148 0.700000000000005
1149 0.700000000000039
1150 0.700000000000165
1151 0.700000000000496
1152 0.700000000001153
1153 0.70000000000216
1154 0.700000000003254
1155 0.700000000003659
1156 0.70000000000191
1157 0.699999999995898
1158 0.699999999983274
1159 0.699999999962316
1160 0.699999999933243
1161 0.699999999899724
1162 0.699999999870172
1163 0.699999999858251
1164 0.699999999882105
1165 0.699999999962031
1166 0.700000000116738
1167 0.700000000358833
1168 0.700000000690532
1169 0.700000001100925
1170 0.700000001565911
1171 0.700000002051041
1172 0.700000002516592
1173 0.700000002923499
1174 0.700000003238288
1175 0.700000003435476
1176 0.700000003497072
1177 0.700000003410073
1178 0.700000003163648
1179 0.700000002748009
1180 0.70000000215653
1181 0.700000001391334
1182 0.700000000470748
1183 0.699999999435642
1184 0.699999998351421
1185 0.699999997303398
1186 0.699999996385369
1187 0.699999995683688
1188 0.699999995260897
1189 0.699999995143266
1190 0.699999995317235
1191 0.699999995736317
1192 0.699999996334773
1193 0.69999999704327
1194 0.699999997801904
1195 0.699999998565751
1196 0.699999999302023
1197 0.699999999983367
1198 0.700000000582294
1199 0.700000001069277
1200 0.700000001415374
