1 0.8
2 0.8
3 0.8
4 0.8
5 0.8
6 0.8
7 0.8
8 0.8
9 0.8
10 0.8
11 0.8
12 0.8
13 0.8
14 0.8
15 0.8
16 0.8
17 0.8
18 0.8
19 0.8
20 0.8
21 0.8
22 0.8
23 0.8
24 0.8
25 0.8
26 0.8
27 0.8
28 0.8
29 0.8
30 0.8
31 0.8
32 0.8
33 0.8
34 0.8
35 0.8
36 0.8
37 0.8
38 0.8
39 0.8
40 0.8
41 0.8
42 0.8
43 0.8
44 0.8
45 0.8
46 0.8
47 0.8
48 0.8
49 0.8
50 0.8
51 0.8
52 0.8
53 0.8
54 0.8
55 0.8
56 0.8
57 0.8
58 0.8
59 0.8
60 0.8
61 0.8
62 0.8
63 0.8
64 0.8
65 0.8
66 0.8
67 0.8
68 0.8
69 0.8
70 0.8
71 0.8
72 0.8
73 0.8
74 0.8
75 0.8
76 0.8
77 0.8
78 0.8
79 0.8
80 0.8
81 0.8
82 0.8
83 0.8
84 0.8
85 0.8
86 0.8
87 0.8
88 0.8
89 0.8
90 0.8
91 0.8
92 0.8
93 0.8
94 0.8
95 0.8
96 0.8
97 0.8
98 0.8
99 0.8
100 0.8
101 0.8
102 0.8
103 0.8
104 0.8
105 0.8
106 0.8
107 0.8
108 0.8
109 0.8
110 0.8
111 0.8
112 0.8
113 0.8
114 0.8
115 0.8
116 0.8
117 0.8
118 0.8
119 0.8
120 0.8
121 0.8
122 0.8
123 0.8
124 0.8
125 0.8
126 0.8
127 0.8
128 0.8
129 0.8
130 0.8
131 0.8
132 0.8
133 0.8
134 0.8
135 0.8
136 0.8
137 0.8
138 0.8
139 0.8
140 0.8
141 0.8
142 0.8
143 0.8
144 0.8
145 0.8
146 0.8
147 0.8
148 0.8
149 0.8
150 0.8
151 0.8
152 0.8
153 0.8
154 0.8
155 0.8
156 0.8
157 0.8
158 0.8
159 0.8
160 0.8
161 0.8
162 0.8
163 0.8
164 0.8
165 0.8
166 0.8
167 0.8
168 0.8
169 0.8
170 0.8
171 0.8
172 0.8
173 0.8
174 0.8
175 0.8
176 0.8
177 0.8
178 0.8
179 0.8
180 0.8
181 0.8
182 0.8
183 0.8
184 0.8
185 0.8
186 0.8
187 0.8
188 0.8
189 0.8
190 0.8
191 0.8
192 0.8
193 0.8
194 0.8
195 0.8
196 0.8
197 0.8
198 0.8
199 0.8
200 0.8
201 0.8
202 0.8
203 0.8
204 0.8
205 0.8
206 0.8
207 0.8
208 0.8
209 0.8
210 0.8
211 0.800778725
212 0.80360926925
213 0.809412565748
214 0.818215714898255
215 0.829286889816548
216 0.841918473471702
217 0.85556936539215
218 0.869827678611113
219 0.884381706727413
220 0.89899733176974
221 0.913500447983848
222 0.927763291690398
223 0.941693812748994
224 0.955227414305679
225 0.968069659969307
226 0.97944252902414
227 0.988525331036425
228 0.994977038607079
229 0.998963607348764
230 1.00098063803745
231 1.00164315428343
232 1.00152460703437
233 1.00106836911056
234 1.0005627920175
235 1.00015826342945
236 0.999904168607115
237 0.999789004061452
238 0.999773790016328
239 0.99981491631749
240 0.999876636732474
241 0.99993555291302
242 0.999980039829929
243 1.00000723898039
244 1.00001950090143
245 1.00002135942799
246 1.00001746945672
247 1.00001151022559
248 1.00000583577436
249 1.00000159073437
250 0.999999040804164
251 0.999997940044712
252 0.999997834823127
253 0.999998266907562
254 0.999998879005465
255 0.999999446347616
256 0.999999863094217
257 1.00000010854127
258 1.00000021053447
259 1.00000021568338
260 1.00000016978589
261 1.00000010792089
262 1.00000005175324
263 1.00000001116244
264 0.999999987733067
265 0.999999978419406
266 0.99999997847548
267 0.999999983347257
268 0.999999989604423
269 0.999999995167607
270 0.999999999121467
271 1.00000000135644
272 1.00000000220283
273 1.00000000214328
274 1.00000000163032
275 1.00000000099915
276 1.0000000004491
277 1.00000000006462
278 0.999999999851962
279 0.999999999775694
280 0.999999999786867
281 0.999999999840582
282 0.999999999904131
283 0.999999999958449
284 0.999999999995787
285 1.00000000001597
286 1.00000000002278
287 1.00000000002116
288 1.00000000001557
289 1.00000000000918
290 1.00000000000382
291 1.0000000000002
292 0.999999999998291
293 0.999999999997691
294 0.9999999999979
295 0.999999999998481
296 0.999999999999122
297 0.999999999999649
298 1
299 1.00000000000018
300 1.00000000000023
301 1.00000000000021
302 1.00000000000015
303 1.00000000000008
304 1.00000000000003
305 1
306 0.999999999999983
307 0.999999999999978
308 0.999999999999981
309 0.999999999999987
310 0.999999999999993
311 0.999999999999997
312 1
313 1
314 1
315 1
316 1
317 0.999999999999999
318 0.999999999999998
319 0.999999999999997
320 0.999999999999997
321 0.999999999999997
322 0.999999999999997
323 0.999999999999998
324 0.999999999999998
325 0.999999999999998
326 0.999999999999999
327 0.999999999999999
328 0.999999999999999
329 1
330 1
331 1
332 1
333 1
334 1
335 1
336 1
337 1
338 1
339 1
340 1
341 1
342 1
343 1
344 1
345 1
346 1
347 1
348 1
349 1
350 1
351 1
352 1
353 1
354 1
355 1
356 1
357 1
358 1
359 1
360 1
361 1
362 1
363 1
364 1
365 1
366 1
367 1
368 1
369 1
370 1
371 1
372 1
373 1
374 1
375 1
376 0.999999996426569
377 0.999999976957874
378 0.999999919620705
379 0.999999799374263
380 0.999999599467024
381 0.999999320312299
382 0.999998982820978
383 0.99999862677667
384 0.999998306181936
385 0.999998083524407
386 0.99999802433966
387 0.999998192752094
388 0.999998648100391
389 0.999999441712462
390 1.00000061246222
391 1.00000217986546
392 1.00000413506796
393 1.00000643495646
394 1.00000900519694
395 1.00001175165044
396 1.00001457404367
397 1.00001737657159
398 1.00002007407755
399 1.00002259460798
400 1.00002487963763
401 1.00002683308142
402 1.0000282837015
403 1.00002901958453
404 1.0000288782717
405 1.00002782654784
406 1.0000259631138
407 1.00002347711959
408 1.00002059655837
409 1.00001754296186
410 0.99923571838249
411 0.996402074025536
412 0.990595710572898
413 0.981166572212353
414 0.967938277232944
415 0.951574679586637
416 0.933065441145173
417 0.913166939049777
418 0.892454544446947
419 0.871363310106363
420 0.85021963086682
421 0.829265874006603
422 0.808679535092666
423 0.78858813092874
424 0.769080773319372
425 0.750217158687884
426 0.732034546039582
427 0.714553169149319
428 0.697780430231279
429 0.681714145530913
430 0.666345053444545
431 0.651658749166851
432 0.63768569420388
433 0.6250200000426
434 0.614604731078552
435 0.606957252187533
436 0.602031990273682
437 0.599372345083809
438 0.598336876906755
439 0.598289460494897
440 0.598714561929491
441 0.599260183651667
442 0.599729363974899
443 0.600044474859291
444 0.600204031651679
445 0.600244493478208
446 0.600212728522425
447 0.600149880351355
448 0.600084571736224
449 0.600032352361861
450 0.599998432268388
451 0.599981461023516
452 0.59997697673186
453 0.599979898078721
454 0.599985956308516
455 0.599992255168326
456 0.599997253441158
457 0.600000452683865
458 0.600002002634153
459 0.600002352582926
460 0.600002004646385
461 0.600001374928445
462 0.60000074143994
463 0.600000248396073
464 0.599999938571696
465 0.599999792818975
466 0.599999764375122
467 0.59999980276093
468 0.599999866935324
469 0.599999929952179
470 0.599999978189637
471 0.600000007955611
472 0.600000021504784
473 0.600000023648407
474 0.60000001943228
475 0.600000012887579
476 0.600000006615532
477 0.600000001895198
478 0.599999999036523
479 0.599999997780335
480 0.59999999763252
481 0.599999998089078
482 0.59999999875432
483 0.599999999377401
484 0.599999999838556
485 0.600000000112507
486 0.600000000228352
487 0.600000000236663
488 0.600000000187693
489 0.600000000120226
490 0.600000000058409
491 0.600000000013414
492 0.59999999998721
493 0.599999999976586
494 0.59999999997638
495 0.599999999981589
496 0.599999999988415
497 0.59999999999454
498 0.599999999998924
499 0.600000000001425
500 0.600000000002393
501 0.600000000002354
502 0.600000000001803
503 0.600000000001114
504 0.600000000000507
505 0.600000000000081
506 0.599999999999842
507 0.599999999999755
508 0.599999999999765
509 0.599999999999823
510 0.599999999999893
511 0.599999999999953
512 0.599999999999995
513 0.600000000000018
514 0.600000000000026
515 0.600000000000025
516 0.60000000000002
517 0.600000000000013
518 0.600000000000007
519 0.600000000000004
520 0.600000000000002
521 0.600000000000001
522 0.600000000000001
523 0.600000000000002
524 0.600000000000003
525 0.600000000000003
526 0.600000000000003
527 0.600000000000004
528 0.600000000000003
529 0.600000000000003
530 0.600000000000003
531 0.600000000000003
532 0.600000000000003
533 0.600000000000002
534 0.600000000000002
535 0.600000000000002
536 0.600000000000002
537 0.600000000000001
538 0.600000000000001
539 0.600000000000001
540 0.600000000000001
541 0.600000000000017
542 0.600000000000136
543 0.600000000000594
544 0.600000000001827
545 0.600000000004421
546 0.600000000008929
547 0.600000000015597
548 0.60000000002407
549 0.60000000003318
550 0.600000000040877
551 0.600000000044317
552 0.600000000040115
553 0.600000000024707
554 0.599999999994785
555 0.599999999947789
556 0.599999999882467
557 0.599999999799526
558 0.599999999702314
559 0.599999999597343
560 0.599999999494396
561 0.599999999406049
562 0.599999999346626
563 0.599999999330747
564 0.59999999937176
565 0.599999999480301
566 0.599999999663633
567 0.599999999926103
568 0.600000000270045
569 0.600000000695831
570 0.600000001200255
571 0.600000001773836
572 0.600000002398449
573 0.600000003046539
574 0.600000003682387
575 0.600000007838812
576 0.60000002779639
577 0.600000085490305
578 0.600000208788076
579 0.600000423768385
580 0.600000743483458
581 0.600001158112409
582 0.600001631319169
583 0.600002102586963
584 0.600002493335705
585 0.600002714453702
586 0.600002673527486
587 0.600002280909982
588 0.600001455167632
589 0.600000130333914
590 0.599998267246125
591 0.599995866385117
592 0.599992975310466
593 0.599989686050328
594 0.599986121824052
595 0.599982415913103
596 0.59997868981663
597 0.599975038114988
598 0.599971520410018
599 0.599968159994065
600 0.599965000868978
601 0.599962157149406
602 0.59995979227296
603 0.599958081286124
604 0.599957163152254
605 0.59995707888006
606 0.599957755813166
607 0.599959052111218
608 0.599960809910489
609 0.59996289393348
610 0.599965209820789
611 0.599967704879569
612 0.599970356050999
613 0.599973150254309
614 0.599976064647974
615 0.599979055571534
616 0.599982060033787
617 0.599985006699395
618 0.599987830031276
619 0.599990481783565
620 0.599992936648532
621 0.599995191717971
622 0.599997258295571
623 0.599999118104715
624 0.600000691525678
625 0.600001870243236
626 0.600002575494909
627 0.600002799794994
628 0.600002614329305
629 0.600002146655349
630 0.600001544262863
631 0.6000009398169
632 0.600000428207512
633 0.600000058497331
634 0.599999838439388
635 0.599999746519502
636 0.599999746211979
637 0.59999979843034
638 0.599999870028686
639 0.599999937926878
640 0.599999989603944
641 0.6000000212454
642 0.600000034856903
643 0.600000035367996
644 0.600000028341985
645 0.600000018525574
646 0.600000009193521
647 0.600000002090159
648 0.599999997724168
649 0.599999995800418
650 0.599999995635974
651 0.599999996477108
652 0.599999997691971
653 0.599999998851836
654 0.599999999732484
655 0.600000000270815
656 0.600000000506031
657 0.600000000525045
658 0.600000000422109
659 0.600000000275057
660 0.600000000135859
661 0.600000000031089
662 0.599999999967705
663 0.599999999940488
664 0.599999999938741
665 0.599999999951127
666 0.599999999968438
667 0.599999999984629
668 0.599999999996683
669 0.60000000000388
670 0.600000000006894
671 0.600000000007003
672 0.60000000000553
673 0.60000000000353
674 0.600000000001688
675 0.600000000000333
676 0.599999999999536
677 0.599999999999212
678 0.599999999999213
679 0.599999999999386
680 0.599999999999613
681 0.599999999999819
682 0.599999999999969
683 0.600000000000055
684 0.600000000000089
685 0.600000000000087
686 0.600000000000067
687 0.600000000000042
688 0.600000000000019
689 0.600000000000003
690 0.599999999999994
691 0.59999999999999
692 0.59999999999999
693 0.599999999999992
694 0.599999999999995
695 0.599999999999997
696 0.599999999999999
697 0.6
698 0.600000000000001
699 0.600000000000001
700 0.6
701 0.6
702 0.6
703 0.6
704 0.6
705 0.6
706 0.6
707 0.6
708 0.6
709 0.6
710 0.6
711 0.6
712 0.6
713 0.6
714 0.6
715 0.6
716 0.6
717 0.599999999999999
718 0.6
719 0.6
720 0.600000000000001
721 0.600000000000003
722 0.600000000000005
723 0.600000000000008
724 0.600000000000012
725 0.600000000000015
726 0.600000000000018
727 0.60000000000002
728 0.600000000000019
729 0.600000000000016
730 0.600000000000008
731 0.599999999999996
732 0.599999999999979
733 0.599999999999958
734 0.599999999999933
735 0.599999999999905
736 0.599999999999876
737 0.599999999999849
738 0.599999999999826
739 0.59999999999981
740 0.599999999999789
741 0.599999999999678
742 0.599999999999247
743 0.599999999998047
744 0.599999999995428
745 0.599999999990672
746 0.599999999983262
747 0.599999999973244
748 0.599999999961561
749 0.599999999950278
750 0.599999999942613
751 0.599999999942748
752 0.599999999955454
753 0.599999999985551
754 0.600000000037263
755 0.600000000113433
756 0.600000000214612
757 0.600000000338088
758 0.60000000047706
759 0.600000000620251
760 0.600000000752205
761 0.600000000854415
762 0.60000000090715
763 0.600000000891685
764 0.600000000792543
765 0.6000000005989
766 0.600000000304651
767 0.599999999907644
768 0.599999999409025
769 0.599999998813378
770 0.59999999813007
771 0.59999999737529
772 0.599999996573532
773 0.599999995757479
774 0.599999994966047
775 0.599999994241129
776 0.599999993624033
777 0.599999993152495
778 0.599999992858749
779 0.599999992768357
780 0.599999992898827
781 0.59999999325729
782 0.599999993837659
783 0.599999994618678
784 0.599999995564442
785 0.599999996628244
786 0.59999999775921
787 0.599999998909812
788 0.600000000042271
789 0.600000001132517
790 0.600000002167588
791 0.600000003136988
792 0.600000004024647
793 0.600000004805498
794 0.600000005448155
795 0.600000005923743
796 0.600000006216155
797 0.600000006327327
798 0.600000006275534
799 0.60000000608868
800 0.600000005796082
801 0.600000005421903
802 0.600000004982161
803 0.600000004485892
804 0.60000000393958
805 0.600000003352565
806 0.600000002740702
807 0.600000002126613
808 0.600000001536527
809 0.600000000995175
810 0.600778725508184
811 0.603609269316734
812 0.609412565411796
813 0.618838694192006
814 0.632064394971565
815 0.648042886734642
816 0.664762393033207
817 0.680366602661802
818 0.693492390663168
819 0.703156743328476
820 0.708668877172286
821 0.710276273851534
822 0.709206787806439
823 0.706823500663983
824 0.704198368552304
825 0.701980888597669
826 0.700438682196817
827 0.699571956637895
828 0.699237059290615
829 0.699245055868449
830 0.699424183523849
831 0.699649016206762
832 0.699845556612369
833 0.699982570869454
834 0.700057664656273
835 0.700083713682974
836 0.700078490199964
837 0.700058247479637
838 0.700034774023316
839 0.700014890797943
840 0.700001316002095
841 0.699994037342784
842 0.699991635560714
843 0.699992284169377
844 0.699994356905947
845 0.69999669607492
846 0.699998645611533
847 0.699999955375472
848 0.700000640572477
849 0.7000008496545
850 0.700000766294497
851 0.700000550965464
852 0.700000316066038
853 0.700000123925432
854 0.699999997044481
855 0.699999932336137
856 0.699999914221818
857 0.699999924190971
858 0.699999946386948
859 0.699999969888306
860 0.699999988773927
861 0.700000001031499
862 0.700000007115581
863 0.70000000864955
864 0.700000007493752
865 0.700000005212028
866 0.700000002863545
867 0.700000001009097
868 0.699999999826485
869 0.699999999256157
870 0.699999999129655
871 0.699999999260311
872 0.699999999494076
873 0.69999999972837
874 0.699999999910217
875 0.700000000024122
876 0.700000000077387
877 0.700000000087421
878 0.70000000007292
879 0.700000000049041
880 0.700000000025701
881 0.700000000007892
882 0.699999999996939
883 0.699999999991984
884 0.699999999991235
885 0.69999999999282
886 0.699999999995253
887 0.699999999997575
888 0.699999999999316
889 0.700000000000368
890 0.700000000000827
891 0.700000000000877
892 0.700000000000706
893 0.700000000000459
894 0.700000000000229
895 0.700000000000059
896 0.699999999999958
897 0.699999999999916
898 0.699999999999914
899 0.699999999999932
900 0.699999999999957
901 0.69999999999998
902 0.699999999999997
903 0.700000000000006
904 0.70000000000001
905 0.70000000000001
906 0.700000000000007
907 0.700000000000004
908 0.700000000000001
909 0.699999999999999
910 0.699999999999998
911 0.699999999999997
912 0.699999999999997
913 0.699999999999998
914 0.699999999999998
915 0.699999999999999
916 0.7
917 0.7
918 0.7
919 0.699999999999999
920 0.699999999999997
921 0.699999999999994
922 0.699999999999991
923 0.699999999999986
924 0.699999999999981
925 0.699999999999977
926 0.699999999999974
927 0.699999999999973
928 0.699999999999976
929 0.699999999999983
930 0.699999999999996
931 0.700000000000016
932 0.700000000000041
933 0.700000000000073
934 0.700000000000108
935 0.700000000000146
936 0.700000000000183
937 0.700000000000216
938 0.700000000000242
939 0.700000000000255
940 0.700000000000253
941 0.700000000000231
942 0.700000000000185
943 0.700000000000114
944 0.700000000000015
945 0.69999999999989
946 0.69999999999974
947 0.699999999999569
948 0.699999999999384
949 0.699999999999193
950 0.699999999999005
951 0.699999999998832
952 0.699999999998687
953 0.699999999998582
954 0.699999999998526
955 0.699999999998528
956 0.699999999998592
957 0.69999999999872
958 0.699999999998907
959 0.69999999999915
960 0.699999999999441
961 0.699999999999769
962 0.700000000000123
963 0.70000000000049
964 0.700000000000855
965 0.700000000001203
966 0.700000000001518
967 0.700000000001788
968 0.700000000002003
969 0.700000000002153
970 0.700000000002234
971 0.700000000002243
972 0.700000000002181
973 0.700000000002051
974 0.70000000000186
975 0.699999996428187
976 0.699999976959214
977 0.699999919621746
978 0.699999796516252
979 0.69999958153811
980 0.699999263373797
981 0.699998859712125
982 0.699998423963369
983 0.699998041553889
984 0.69999781871781
985 0.699997868156768
986 0.699998291892667
987 0.699999163569926
988 0.700000515990289
989 0.700002334901387
990 0.700004556062276
991 0.700007064907219
992 0.700009701988328
993 0.700012276446749
994 0.700014588358901
995 0.700016459333885
996 0.700017764725604
997 0.700018456159807
998 0.700018567467251
999 0.700018204846078
1000 0.700017474788448
1001 0.700016416790281
1002 0.700015004670286
1003 0.700013168606925
1004 0.70001083612512
1005 0.700008021673248
1006 0.700004895515047
1007 0.700001752527272
1008 0.699998927506478
1009 0.699996720287363
1010 0.699995352771234
1011 0.699994911590536
1012 0.699995302314385
1013 0.699996279718838
1014 0.699997530123409
1015 0.699998760573128
1016 0.699999761535748
1017 0.700000430837246
1018 0.700000763709637
1019 0.700000822559031
1020 0.700000701090659
1021 0.700000493693398
1022 0.700000275603156
1023 0.700000094569434
1024 0.699999971637495
1025 0.699999907381393
1026 0.699999890065876
1027 0.699999903160255
1028 0.699999930808681
1029 0.699999960891203
1030 0.699999986002281
1031 0.700000003003712
1032 0.700000011851159
1033 0.700000014259205
1034 0.700000012565035
1035 0.700000008952547
1036 0.700000005049377
1037 0.700000001821774
1038 0.699999999659453
1039 0.699999998548098
1040 0.699999998252993
1041 0.699999998468671
1042 0.699999998916997
1043 0.699999999395257
1044 0.699999999786169
1045 0.70000000004472
1046 0.70000000017518
1047 0.70000000020776
1048 0.700000000180201
1049 0.700000000126092
1050 0.700000000069425
1051 0.700000000023743
1052 0.699999999993962
1053 0.69999999997926
1054 0.69999999997589
1055 0.699999999979354
1056 0.699999999985731
1057 0.699999999992275
1058 0.699999999997474
1059 0.700000000000811
1060 0.700000000002418
1061 0.700000000002746
1062 0.700000000002319
1063 0.700000000001581
1064 0.70000000000084
1065 0.70000000000026
1066 0.699999999999893
1067 0.699999999999722
1068 0.699999999999692
1069 0.699999999999743
1070 0.699999999999828
1071 0.69999999999991
1072 0.699999999999974
1073 0.700000000000014
1074 0.700000000000032
1075 0.700000000000034
1076 0.700000000000028
1077 0.700000000000019
1078 0.70000000000001
1079 0.700000000000003
1080 0.699999999999999
1081 0.699999999999997
1082 0.699999999999997
1083 0.699999999999997
1084 0.699999999999998
1085 0.699999999999999
1086 0.7
1087 0.7
1088 0.7
1089 0.7
1090 0.7
1091 0.7
1092 0.7
1093 0.699999999999999
1094 0.699999999999999
1095 0.699999999999999
1096 0.699999999999999
1097 0.699999999999999
1098 0.7
1099 0.7
1100 0.7
1101 0.7
1102 0.7
1103 0.7
1104 0.7
1105 0.7
1106 0.7
1107 0.700000000000001
1108 0.700000000000001
1109 0.700000000000001
1110 0.700000000000001
1111 0.700000000000001
1112 0.700000000000001
1113 0.700000000000001
1114 0.700000000000001
1115 0.700000000000001
1116 0.700000000000001
1117 0.700000000000001
1118 0.700000000000001
1119 0.700000000000001
1120 0.700000000000001
1121 0.700000000000001
1122 0.700000000000001
1123 0.7
1124 0.7
1125 0.7
1126 0.7
1127 0.7
1128 0.7
1129 0.7
1130 0.7
1131 0.7
1132 0.699999999999999
1133 0.699999999999999
1134 0.699999999999999
1135 0.699999999999999
1136 0.699999999999999
1137 0.699999999999999
1138 0.699999999999999
1139 0.699999999999999
1140 0.700000000000016
1141 0.700000000000135
1142 0.700000000000593
1143 0.700000000001839
1144 0.700000000004527
1145 0.700000000009367
1146 0.700000000016822
1147 0.700000000026686
1148 0.700000000037669
1149 0.700000000047147
1150 0.700000000051187
1151 0.700000000044905
1152 0.700000000023146
1153 0.699999999981414
1154 0.6999999999169
1155 0.699999999829519
1156 0.699999999722822
1157 0.699999999604685
1158 0.699999999487563
1159 0.69999999938811
1160 0.699999999325929
1161 0.699999999321412
1162 0.699999999392833
1163 0.699999999553182
1164 0.69999999980736
1165 0.700000000150796
1166 0.700000000570177
1167 0.700000001045797
1168 0.700000001554485
1169 0.700000002072087
1170 0.700000002574421
1171 0.700000003036409
1172 0.700000003430512
1173 0.700000003726193
1174 0.700000003891381
1175 0.70000000389571
1176 0.700000003714887
1177 0.700000003335307
1178 0.700000002757713
1179 0.700000001998956
1180 0.700000001091889
1181 0.700000000084032
1182 0.699999999035351
1183 0.699999998014922
1184 0.699999997095828
1185 0.699999996347608
1186 0.699999995826514
1187 0.699999995565534
1188 0.699999995567172
1189 0.699999995801349
1190 0.699999996212593
1191 0.699999996735524
1192 0.699999997311255
1193 0.699999997899378
1194 0.699999998482249
1195 0.699999999058263
1196 0.699999999626802
1197 0.700000000174829
1198 0.700000000672523
1199 0.700000001078168
1200 0.700000001348036
