1 0.8
2 0.8
3 0.8
4 0.8
5 0.8
6 0.8
7 0.8
8 0.8
9 0.8
10 0.8
11 0.8
12 0.8
13 0.8
14 0.8
15 0.8
16 0.8
17 0.8
18 0.8
19 0.8
20 0.8
21 0.8
22 0.8
23 0.8
24 0.8
25 0.8
26 0.8
27 0.8
28 0.8
29 0.8
30 0.8
31 0.8
32 0.8
33 0.8
34 0.8
35 0.8
36 0.8
37 0.8
38 0.8
39 0.8
40 0.800778725
41 0.80264365025
42 0.805186263878
43 0.808322079530735
44 0.811982089582072
45 0.816109500019025
46 0.820657179428723
47 0.825585664607596
48 0.830861600106755
49 0.836456516130087
50 0.842342838250836
51 0.848490740661386
52 0.854870262931957
53 0.861452757689846
54 0.868210485005801
55 0.875116629899979
56 0.882145294459095
57 0.889271474671498
58 0.896471028821038
59 0.90372064196903
60 0.910997801239563
61 0.918280797680621
62 0.925548742667051
63 0.932781581570848
64 0.939960105557183
65 0.947065963699155
66 0.954081674187256
67 0.960990634328422
68 0.96777712917019
69 0.974426338676619
70 0.980924343394582
71 0.987258128466513
72 0.993415585802317
73 0.999385514293456
74 1.00515761802477
75 1.01072250246519
76 1.01607166863884
77 1.02119750529971
78 1.0260932791495
79 1.03075312315104
80 1.03517202299973
81 1.03934580182343
82 1.04327110318893
83 1.04694537249888
84 1.05036683686858
85 1.05353448357594
86 1.0564480371809
87 1.05910793541332
88 1.06151530392969
89 1.06367193004037
90 1.06558023550933
91 1.06724324852861
92 1.06866457496906
93 1.06984836900843
94 1.0707993032365
95 1.07152253833545
96 1.07202369243211
97 1.07230881021636
98 1.07238433191809
99 1.07225706223213
100 1.07193413927834
101 1.07142300368077
102 1.07073136784713
103 1.06986718552625
104 1.06883862171829
105 1.06765402300869
106 1.06632188839368
107 1.06485084066134
108 1.06324959838857
109 1.06152694861089
110 1.05969172021787
111 1.05775275812357
112 1.0557188982573
113 1.05359894341652
114 1.0514016400197
115 1.04913565579335
116 1.04680955842355
117 1.04443179519893
118 1.04201067366801
119 1.03955434333064
120 1.03707077837938
121 1.03456776150362
122 1.03205286876554
123 1.02953345555386
124 1.02701664361832
125 1.02450930918438
126 1.02201807214509
127 1.01954928632377
128 1.01710903079874
129 1.01470310227854
130 1.01233700851349
131 1.01001596272733
132 1.00774487904991
133 1.00552836893035
134 1.0033707385077
135 1.00127598691413
136 0.999247805484498
137 0.99728957784385
138 0.99540438084334
139 0.993594986313622
140 0.991863863603442
141 0.990213182870173
142 0.988644819087994
143 0.987160356738631
144 0.985761095148831
145 0.984448054438159
146 0.983221982040232
147 0.982083359760172
148 0.981032411330796
149 0.980069110429945
150 0.979193189121354
151 0.978404146681519
152 0.977701258775224
153 0.977083586942692
154 0.976549988361658
155 0.976099125848173
156 0.975729478060475
157 0.975439349870898
158 0.975226882871504
159 0.975090065979893
160 0.975026746112497
161 0.975034638893572
162 0.975111339369061
163 0.975254332695525
164 0.9754610047754
165 0.975728652810961
166 0.976054495750502
167 0.976435684601441
168 0.976869312586275
169 0.977352425118542
170 0.977882029577211
171 0.978455104859202
172 0.979068610691044
173 0.979719496681946
174 0.980404711101909
175 0.981121209369785
176 0.981865962237502
177 0.982635963657985
178 0.983428238325595
179 0.98423984887916
180 0.985067902758998
181 0.9859095587105
182 0.986762032928135
183 0.987622604834902
184 0.988488622493437
185 0.989357507646135
186 0.990226760382749
187 0.991093963435034
188 0.991956786099018
189 0.99281298778652
190 0.993660421208493
191 0.994497035193704
192 0.995320877147161
193 0.996130095153536
194 0.996922939731646
195 0.997697765246813
196 0.998453030988653
197 0.999187301922497
198 0.999899249123296
199 1.00058764990142
200 1.00125138763036
201 1.00188945128669
202 1.00250093471329
203 1.00308503561714
204 1.00364105431316
205 1.00416839222632
206 1.00466655016412
207 1.00513512637182
208 1.00557381438332
209 1.00598240068018
210 1.00636076217195
211 1.00670886351051
212 1.00702675425164
213 1.00731456587659
214 1.00757250868671
215 1.00780086858388
216 1.00800000374957
217 1.00817034123505
218 1.00831237347511
219 1.00842665473763
220 1.00851379752081
221 1.00857446890995
222 1.00860938690504
223 1.00861931673041
224 1.00860506713727
225 1.00856748670946
226 1.0085074601827
227 1.008425904787
228 1.00832376662148
229 1.00820201707074
230 1.00806164927113
231 1.00790367463511
232 1.0077291194414
233 1.007539021498
234 1.00733442688513
235 1.00711638678417
236 1.00688595439864
237 1.00664418197261
238 1.0063921179116
239 1.00613080401038
240 1.00586127279184
241 1.00558454496061
242 1.00530162697457
243 1.00501350873702
244 1.00472116141191
245 1.00442553536403
246 1.00412755822567
247 1.00382813309085
248 1.00352813683794
249 1.00322841858085
250 1.00292979824892
251 1.00263306529509
252 1.00233897753161
253 1.00204826009221
254 1.00176160451946
255 1.00147966797564
256 1.00120307257502
257 1.00093240483558
258 1.00066821524749
259 1.00041101795576
260 1.00016129055396
261 0.999919473986143
262 0.999685972553269
263 0.999461154020924
264 0.999245349824453
265 0.999038855367763
266 0.998841930411812
267 0.998654799548708
268 0.998477652757253
269 0.998310646035648
270 0.99815390210705
271 0.998007511193577
272 0.997871531854326
273 0.997745991882957
274 0.997630889260354
275 0.997526193157893
276 0.997431844986834
277 0.997347759489413
278 0.997273825867191
279 0.997209908942323
280 0.997155850347399
281 0.997111469739639
282 0.997076566035251
283 0.997050918659859
284 0.997034288811022
285 0.997026420728925
286 0.997027042971471
287 0.997035869690078
288 0.997052601902657
289 0.997076928760312
290 0.99710852880449
291 0.997147071211414
292 0.997192217020776
293 0.997243620345835
294 0.997300929562169
295 0.99736378847253
296 0.997431837445367
297 0.997504714524746
298 0.997582056509564
299 0.997663500000087
300 0.99774868241002
301 0.99783724294245
302 0.997928823528192
303 0.998023069725169
304 0.998119631577678
305 0.998218164434472
306 0.9983183297248
307 0.998419795691647
308 0.998522238081594
309 0.998625340790818
310 0.998728796466941
311 0.998832307066511
312 0.998935584368088
313 0.999038350440969
314 0.999140338069767
315 0.999241291135131
316 0.999340964951025
317 0.999439126559092
318 0.999535554980714
319 0.999630041427495
320 0.999722389470977
321 0.999812415172475
322 0.999899947174012
323 0.999984826751411
324 1.00006690783064
325 1.00014605696864
326 1.0002221532998
327 1.00029508844949
328 1.00036476641587
329 1.00043110342145
330 1.00049402773579
331 1.00055347947083
332 1.00060941035023
333 1.00066178345441
334 1.0007105729426
335 1.0007557637536
336 1.00079735128671
337 1.00083534106443
338 1.00086974837834
339 1.00090059791995
340 1.00092792339777
341 1.00095176714233
342 1.00097217970047
343 1.00098921942063
344 1.00100295203024
345 1.001013450207
346 1.00102079314518
347 1.00102506611846
348 1.00102636004053
349 1.00102477102485
350 1.0010203999447
351 1.0010133519948
352 1.00100373625566
353 1.00099166526178
354 1.00097725457465
355 1.00096062236178
356 1.00094188898254
357 1.0009211765818
358 1.00089860869226
359 1.00087430984619
360 1.00084840519749
361 1.00082102015457
362 1.00079228002492
363 1.00076230967173
364 1.00073123318336
365 1.00069917355592
366 1.00066625238954
367 1.00063258959866
368 1.00059830313664
369 1.00056350873509
370 1.00052831965801
371 1.00049284647096
372 1.00045719682554
373 1.00042147525899
374 1.00038578300921
375 1.00035021784512
376 1.00031487391217
377 1.0002798415932
378 1.00024520738425
379 1.00021105378534
380 1.00017745920593
381 1.00014449788488
382 1.00011223982462
383 1.00008075073926
384 1.00005009201626
385 1.00002032069139
386 0.999991489436575
387 0.999963646560167
388 0.999936836019347
389 0.999911097444108
390 0.999886466172416
391 0.999862973296076
392 0.999840645716809
393 0.999819506212036
394 0.999799573509886
395 0.999780862372886
396 0.999763383689824
397 0.99974714457526
398 0.999732148476145
399 0.999718395285019
400 0.999705881459256
401 0.999694600145825
402 0.999684541311029
403 0.999675691874708
404 0.999668035848374
405 0.99966155447678
406 0.999656226382392
407 0.99965202771229
408 0.999648932287005
409 0.999646911750802
410 0.998867091417693
411 0.997188782043504
412 0.9950768660983
413 0.992429469646319
414 0.989176915906679
415 0.985274133679628
416 0.980694767148073
417 0.975426609824739
418 0.969468068858357
419 0.962825430907283
420 0.955513783941791
421 0.947557058354974
422 0.938983561997966
423 0.929824129622424
424 0.920112450722785
425 0.909884523852527
426 0.89917816846178
427 0.888032594497778
428 0.876488027295526
429 0.864585383742461
430 0.852365983136729
431 0.839871276571733
432 0.827142606068901
433 0.814221001918149
434 0.801147006398956
435 0.787960516642486
436 0.774700645363058
437 0.761405597288739
438 0.748112559503094
439 0.734857604200753
440 0.721675602630316
441 0.708600149282932
442 0.695663495565003
443 0.682896492243873
444 0.670328540019621
445 0.657987547676276
446 0.645899897340686
447 0.634090416430059
448 0.622582355913409
449 0.611397374547588
450 0.600555528776991
451 0.590075268008115
452 0.579973434987116
453 0.570265271021544
454 0.560964425797822
455 0.552082971554184
456 0.543631421375127
457 0.535618751378414
458 0.52805242656961
459 0.520938430142347
460 0.514281296005232
461 0.508084144318663
462 0.502348719827025
463 0.497075432773906
464 0.492263402190115
465 0.487910501346658
466 0.484013405167255
467 0.480567639397726
468 0.477567631332519
469 0.475006761901884
470 0.472877418926707
471 0.471171051351847
472 0.469878224272897
473 0.468988674575709
474 0.468491367012687
475 0.4683745505448
476 0.468625814783504
477 0.469232146372175
478 0.470179985152397
479 0.471455279966286
480 0.473043543952182
481 0.474929909197241
482 0.477099180616935
483 0.47953588893797
484 0.482224342667816
485 0.485148678940787
486 0.488292913137446
487 0.491640987180958
488 0.495176816420953
489 0.498884335022369
490 0.502747539783636
491 0.5067505323155
492 0.510877559518577
493 0.515113052304555
494 0.519441662512653
495 0.523848297979561
496 0.528318155727617
497 0.532836753242338
498 0.537389957816706
499 0.541964013945694
500 0.546545568760486
501 0.551121695497609
502 0.555679915003806
503 0.560208215282863
504 0.564695069095857
505 0.569129449631238
506 0.573500844266011
507 0.577799266443791
508 0.582015265699915
509 0.586139935867852
510 0.590164921505093
511 0.594082422580309
512 0.597885197466998
513 0.601566564292015
514 0.605120400690304
515 0.608541142019844
516 0.61182377809328
517 0.614963848484915
518 0.61795743647373
519 0.620801161684823
520 0.623492171493195
521 0.626028131255077
522 0.628407213433064
523 0.630628085682152
524 0.632689897964437
525 0.634592268760601
526 0.636335270446584
527 0.637919413903826
528 0.639345632431307
529 0.640615265027265
530 0.641730039107934
531 0.642692052729958
532 0.643503756382282
533 0.644167934412283
534 0.6446876861498
535 0.64506640679137
536 0.645307768105594
537 0.645415699019005
538 0.645394366140141
539 0.645248154277783
540 0.644981647007447
541 0.644599607338288
542 0.644106958530541
543 0.643508765111537
544 0.642810214136163
545 0.642016596735447
546 0.641133289994664
547 0.640165739200079
548 0.639119440491103
549 0.6379999239523
550 0.636812737177301
551 0.635563429334301
552 0.634257535760447
553 0.632900563110041
554 0.631497975079106
555 0.630055178726539
556 0.62857751140971
557 0.627070228350114
558 0.625538490842374
559 0.623987355117699
560 0.622421761870702
561 0.620846526456359
562 0.619266329761799
563 0.617685709755606
564 0.616109053715331
565 0.614540591132029
566 0.612984387288793
567 0.611444337508492
568 0.609924162064248
569 0.608427401744532
570 0.606957414063261
571 0.60551737010379
572 0.604110251984315
573 0.602738850930911
574 0.601405765943194
575 0.600113403036474
576 0.598863975043194
577 0.597659501955503
578 0.596501811789891
579 0.59539254195403
580 0.594333141095236
581 0.593324871409311
582 0.592368811387984
583 0.591465858982661
584 0.590616735161801
585 0.589821987838906
586 0.589081996147858
587 0.588396975042142
588 0.587766980194396
589 0.587191913172681
590 0.586671526869899
591 0.586205431162842
592 0.585793098777559
593 0.58543387133789
594 0.585126965574306
595 0.584871479670521
596 0.584666399725693
597 0.584510606310481
598 0.584402881095663
599 0.584341913532566
600 0.584326307565068
601 0.58435458835357
602 0.584425208991916
603 0.58453655719892
604 0.58468696196684
605 0.584874700149835
606 0.585098002976196
607 0.585355062468881
608 0.58564403775965
609 0.585963061282909
610 0.586310244836135
611 0.58668368549459
612 0.587081471368831
613 0.587501687194346
614 0.58794241974348
615 0.588401763050607
616 0.588877823442355
617 0.589368724365488
618 0.589872611005858
619 0.590387654692632
620 0.590912057082809
621 0.591444054121793
622 0.591981919776559
623 0.592523969538696
624 0.593068563695331
625 0.593614110366665
626 0.594159068309508
627 0.594701949486904
628 0.595241321404558
629 0.5957758092154
630 0.596304097594233
631 0.596824932384963
632 0.59733712202347
633 0.597839538739685
634 0.598331119542947
635 0.598810866995155
636 0.599277849776683
637 0.599731203050427
638 0.600170128629727
639 0.60059389495628
640 0.601001836894434
641 0.601393355348606
642 0.601767916710785
643 0.602125052145342
644 0.602464356718564
645 0.602785488380521
646 0.603088166807027
647 0.603372172109573
648 0.603637343421227
649 0.603883577366561
650 0.604110826423718
651 0.60431909718676
652 0.60450844853645
653 0.604678989727581
654 0.604830878400942
655 0.604964318527943
656 0.605079558295847
657 0.605176887941426
658 0.60525663754079
659 0.605319174762943
660 0.605364902594514
661 0.605394257042914
662 0.605407704824998
663 0.605405741048109
664 0.605388886890181
665 0.605357687285348
666 0.605312708621268
667 0.605254536454163
668 0.605183773247285
669 0.605101036138279
670 0.605006954740678
671 0.604902168984438
672 0.604787327000205
673 0.604663083051694
674 0.60453009552029
675 0.604389024945702
676 0.604240532126219
677 0.604085276281819
678 0.60392391328312
679 0.603757093948863
680 0.60358546241435
681 0.603409654572968
682 0.603230296592674
683 0.603048003509032
684 0.602863377896133
685 0.60267700861647
686 0.602489469650584
687 0.602301319007052
688 0.602113097713135
689 0.601925328886197
690 0.601738516885738
691 0.601553146545712
692 0.60136968248655
693 0.601188568506133
694 0.601010227048758
695 0.600835058750948
696 0.600663442062807
697 0.60049573294342
698 0.600332264628675
699 0.600173347469729
700 0.600019268840185
701 0.599870293109957
702 0.599726661683648
703 0.599588593101184
704 0.59945628319834
705 0.599329905324712
706 0.599209610616601
707 0.599095528322229
708 0.59898776617663
709 0.598886410823505
710 0.598791528281333
711 0.598703164450927
712 0.598621345661675
713 0.598546079253655
714 0.598477354192791
715 0.598415141716276
716 0.598359396005433
717 0.598310054883258
718 0.59826704053387
719 0.598230260241161
720 0.598199607143939
721 0.598174961004955
722 0.598156188991182
723 0.598143146462845
724 0.598135677768706
725 0.598133617045202
726 0.598136789017093
727 0.598145009797358
728 0.598158087684151
729 0.598175823952697
730 0.598198013640135
731 0.598224446321341
732 0.598254906873907
733 0.598289176230519
734 0.598327032117061
735 0.598368249774902
736 0.598412602665878
737 0.598459863158612
738 0.598509803194883
739 0.598562194934884
740 0.598616811380276
741 0.598673426974069
742 0.598731818176434
743 0.59879176401567
744 0.598853046613629
745 0.598915451684988
746 0.59897876900989
747 0.599042792879502
748 0.599107322514197
749 0.599172162454092
750 0.599237122921809
751 0.599302020157364
752 0.599366676725213
753 0.59943092179351
754 0.599494591385763
755 0.599557528605093
756 0.599619583831405
757 0.599680614891828
758 0.59974048720484
759 0.59979907389858
760 0.599856255903859
761 0.599911922022474
762 0.599965968971461
763 0.600018301403969
764 0.600068831907472
765 0.600117480980096
766 0.600164176985847
767 0.600208856089579
768 0.600251462172553
769 0.60029194672947
770 0.600330268747892
771 0.600366394570965
772 0.600400297744379
773 0.600431958848534
774 0.60046136531685
775 0.600488511241199
776 0.600513397165431
777 0.600536029867951
778 0.600556422134331
779 0.600574592520904
780 0.600590565110308
781 0.600604369259921
782 0.600616039344117
783 0.600625614491273
784 0.600633138316416
785 0.600638658650412
786 0.60064222726655
787 0.600643899605363
788 0.600643734498523
789 0.600641793892583
790 0.600638142573352
791 0.600632847891639
792 0.600625979491068
793 0.600617609038676
794 0.60060780995891
795 0.600596657171677
796 0.600584226835015
797 0.600570596092951
798 0.600555842829076
799 0.600540045426305
800 0.600523282533315
801 0.600505632838046
802 0.600487174848684
803 0.600467986682467
804 0.600448145862641
805 0.600427729123851
806 0.600406812226232
807 0.600385469778415
808 0.600363775069638
809 0.600341799911136
810 0.600708976986913
811 0.601619112339026
812 0.602868016551421
813 0.604413510949748
814 0.606221154094619
815 0.608262609123283
816 0.61051436815133
817 0.612956754995007
818 0.615573144871028
819 0.618349353282042
820 0.621271640820488
821 0.624325139748067
822 0.627494912338483
823 0.630766674689093
824 0.634126593894544
825 0.637561296788391
826 0.641057865998263
827 0.644603828367683
828 0.648187139164705
829 0.65179616434175
830 0.655419668203955
831 0.659046814371988
832 0.662667174022024
833 0.666270732765309
834 0.6698478965962
835 0.67338949800485
836 0.676886801642194
837 0.680331509384352
838 0.683715764713863
839 0.687032156380758
840 0.690273721312423
841 0.693433946699979
842 0.696506771167192
843 0.699486584963088
844 0.702368229155745
845 0.705146993817492
846 0.707818615201977
847 0.710379271924373
848 0.712825580164221
849 0.715154587916818
850 0.717363768324062
851 0.719451012119772
852 0.721414619228139
853 0.723253289557131
854 0.724966113031215
855 0.726552558909804
856 0.728012464439419
857 0.729346022888759
858 0.730553771016725
859 0.731636576023984
860 0.732595622038929
861 0.733432396188923
862 0.734148674307498
863 0.734746506327839
864 0.735228201412269
865 0.735596312866742
866 0.735853622888488
867 0.73600312719392
868 0.736048019572798
869 0.735991676413406
870 0.735837641242146
871 0.735589609319541
872 0.735251412333129
873 0.734827003226128
874 0.734320441199156
875 0.733735876920548
876 0.733077537979098
877 0.73234971461127
878 0.73155674573309
879 0.730703005305111
880 0.72979288905697
881 0.728830801596192
882 0.727821143924004
883 0.726768301379058
884 0.725676632028066
885 0.724550455520487
886 0.723394042422572
887 0.722211604044196
888 0.721007282770144
889 0.719785142905697
890 0.718549162044623
891 0.717303222965985
892 0.716051106064461
893 0.714796482317273
894 0.713542906789225
895 0.712293812675796
896 0.711052505882774
897 0.709822160139463
898 0.708605812641124
899 0.707406360215004
900 0.706226556003024
901 0.705069006653022
902 0.703936170009304
903 0.702830353292174
904 0.701753711755122
905 0.700708247807403
906 0.699695810588846
907 0.698718095982957
908 0.69777664705359
909 0.696872854889817
910 0.696007959842997
911 0.695183053139489
912 0.694399078851987
913 0.693656836212016
914 0.692956982245764
915 0.692300034715165
916 0.691686375345847
917 0.691116253323436
918 0.690589789039559
919 0.690106978068819
920 0.689667695358015
921 0.689271699608914
922 0.688918637835964
923 0.688608050080502
924 0.688339374263151
925 0.688111951156384
926 0.68792502945945
927 0.687777770958221
928 0.687669255752817
929 0.687598487536301
930 0.687564398908111
931 0.687565856706381
932 0.687601667343753
933 0.687670582131812
934 0.687771302579785
935 0.687902485653711
936 0.688062748982847
937 0.688250676000686
938 0.688464821008527
939 0.688703714150208
940 0.688965866287189
941 0.689249773763842
942 0.689553923053436
943 0.689876795275957
944 0.690216870579546
945 0.69057263237801
946 0.690942571437483
947 0.69132518980599
948 0.691719004580293
949 0.692122551505048
950 0.69253438839992
951 0.692953098410936
952 0.693377293082964
953 0.6938056152508
954 0.694236741746932
955 0.69466938592463
956 0.695102299995563
957 0.695534277181669
958 0.69596415368156
959 0.696390810452211
960 0.696813174807191
961 0.697230221833163
962 0.697640975626796
963 0.698044510354697
964 0.698439951139337
965 0.698826474774354
966 0.699203310272956
967 0.6995697392535
968 0.699925096166621
969 0.700268768368592
970 0.700600196045849
971 0.700918871995884
972 0.701224341269903
973 0.70151620068288
974 0.701794098196783
975 0.702057732182939
976 0.702306850569613
977 0.702541249881
978 0.702760774173936
979 0.702965313878669
980 0.703154804550135
981 0.703329225536167
982 0.703488598569116
983 0.703632986287331
984 0.703762490692948
985 0.703877251552377
986 0.703977444745839
987 0.704063280572213
988 0.704135002015387
989 0.704192882978197
990 0.704237226489919
991 0.704268362893171
992 0.704286648015911
993 0.704292461334106
994 0.704286204130458
995 0.704268297654412
996 0.704239181288504
997 0.704199310725892
998 0.704149156163762
999 0.704089200517051
1000 0.704019937656767
1001 0.703941870676952
1002 0.703855510194121
1003 0.703761372682795
1004 0.703659978850536
1005 0.70355185205564
1006 0.703437516770452
1007 0.703317497093025
1008 0.703192315309623
1009 0.703062490510332
1010 0.702928537259857
1011 0.702790964325308
1012 0.70265027346261
1013 0.702506958262918
1014 0.702361503060227
1015 0.702214381901153
1016 0.702066057577647
1017 0.701916980723224
1018 0.70176758897307
1019 0.701618306188222
1020 0.701469541743816
1021 0.701321689881235
1022 0.701175129123809
1023 0.701030221755548
1024 0.700887313362261
1025 0.700746732434217
1026 0.700608790029414
1027 0.700473779496335
1028 0.700341976254987
1029 0.700213637634866
1030 0.7000890027684
1031 0.699968292538297
1032 0.699851709577153
1033 0.699739438317566
1034 0.699631645090918
1035 0.699528478272943
1036 0.699430068474098
1037 0.69933652877271
1038 0.699247954988833
1039 0.699164425996685
1040 0.69908600407352
1041 0.699012735282731
1042 0.698944649889008
1043 0.6988817628033
1044 0.698824074055371
1045 0.698771569291716
1046 0.698724220296603
1047 0.698681985534038
1048 0.698644810708439
1049 0.698612629341855
1050 0.698585363365573
1051 0.698562923723988
1052 0.698545210988677
1053 0.698532115980604
1054 0.698523520398492
1055 0.698519297451403
1056 0.698519312493636
1057 0.698523423660107
1058 0.698531482500446
1059 0.698543334610092
1060 0.698558820256737
1061 0.698577775000555
1062 0.69860003030669
1063 0.698625414148586
1064 0.69865375160078
1065 0.698684865419885
1066 0.698718576612532
1067 0.698754704989164
1068 0.698793069702589
1069 0.698833489770344
1070 0.698875784579948
1071 0.698919774376218
1072 0.698965280729913
1073 0.69901212698702
1074 0.699060138698099
1075 0.699109144027158
1076 0.699158974139611
1077 0.699209463568955
1078 0.699260450561854
1079 0.699311777401402
1080 0.699363290708403
1081 0.699414841720563
1082 0.699466286549572
1083 0.699517486416089
1084 0.699568307862735
1085 0.699618622945234
1086 0.699668309401898
1087 0.699717250801727
1088 0.699765336671414
1089 0.699812462601621
1090 0.699858530332916
1091 0.699903447821827
1092 0.699947129287481
1093 0.699989495239358
1094 0.700030472486712
1095 0.70006999413025
1096 0.700107999536677
1097 0.700144434296764
1098 0.700179250167592
1099 0.700212404999673
1100 0.70024386264965
1101 0.700273592879302
1102 0.700301571241586
1103 0.70032777895448
1104 0.700352202763365
1105 0.700374834792722
1106 0.700395672387914
1107 0.700414717947815
1108 0.700431978749053
1109 0.700447466762652
1110 0.700461198463808
1111 0.700473194635581
1112 0.70048348016723
1113 0.700492083847937
1114 0.70049903815665
1115 0.700504379048743
1116 0.700508145740199
1117 0.700510380489998
1118 0.700511128381367
1119 0.700510437102528
1120 0.700508356727591
1121 0.700504939498166
1122 0.700500239606291
1123 0.70049431297923
1124 0.700487217066669
1125 0.700479010630818
1126 0.700469753539918
1127 0.700459506565581
1128 0.700448331184429
1129 0.70043628938441
1130 0.700423443476182
1131 0.700409855909923
1132 0.700395589097877
1133 0.70038070524295
1134 0.700365266173615
1135 0.700349333185383
1136 0.700332966889052
1137 0.700316227065929
1138 0.700299172530188
1139 0.700281860998518
1140 0.700264348967163
1141 0.700246691596452
1142 0.700228942602901
1143 0.700211154158903
1144 0.700193376800061
1145 0.700175659340146
1146 0.700158048793662
1147 0.700140590305985
1148 0.700123327091007
1149 0.700106300376214
1150 0.700089549355094
1151 0.700073111146773
1152 0.700057020762729
1153 0.700041311080461
1154 0.700026012823938
1155 0.700011154550665
1156 0.69999676264517
1157 0.699982861318727
1158 0.699969472615093
1159 0.699956616422062
1160 0.699944310488585
1161 0.69993257044724
1162 0.699921409841808
1163 0.699910840159701
1164 0.699900870868995
1165 0.699891509459813
1166 0.699882761489791
1167 0.699874630633376
1168 0.699867118734677
1169 0.699860225863615
1170 0.699853950375105
1171 0.699848288970999
1172 0.699843236764526
1173 0.699838787346982
1174 0.699834932856389
1175 0.699831664047878
1176 0.699828970365549
1177 0.699826840015548
1178 0.699825260040123
1179 0.699824216392429
1180 0.699823694011831
1181 0.699823676899503
1182 0.69982414819409
1183 0.699825090247217
1184 0.69982648469866
1185 0.699828312550961
1186 0.699830554243318
1187 0.699833189724549
1188 0.699836198524988
1189 0.699839559827113
1190 0.69984325253479
1191 0.69984725534096
1192 0.69985154679365
1193 0.699856105360172
1194 0.6998609094894
1195 0.699865937672011
1196 0.699871168498599
1197 0.699876580715563
1198 0.699882153278694
1199 0.699887865404393
1200 0.699893696618453
