1 0.8
2 0.8
3 0.8
4 0.8
5 0.8
6 0.8
7 0.8
8 0.8
9 0.8
10 0.8
11 0.8
12 0.8
13 0.8
14 0.8
15 0.8
16 0.8
17 0.8
18 0.8
19 0.8
20 0.8
21 0.8
22 0.8
23 0.8
24 0.8
25 0.8
26 0.8
27 0.8
28 0.8
29 0.8
30 0.8
31 0.8
32 0.8
33 0.8
34 0.8
35 0.8
36 0.8
37 0.8
38 0.8
39 0.8
40 0.800778725
41 0.802939614578162
42 0.806310876337937
43 0.810754007019107
44 0.816154803014709
45 0.82241829806993
46 0.829464804880055
47 0.837226817308816
48 0.84564658368955
49 0.854674203534799
50 0.864257903597852
51 0.874330836097581
52 0.884810608439417
53 0.895605946271553
54 0.906621307086882
55 0.917760042268358
56 0.928926516771339
57 0.940027486002858
58 0.950972948264878
59 0.961676631179603
60 0.972056313343786
61 0.982034249897073
62 0.991537810759943
63 1.00050021969064
64 1.0088612603851
65 1.01656787993986
66 1.02357465995178
67 1.02984414968981
68 1.03534706950463
69 1.04006239963402
70 1.0439773714064
71 1.04708737454374
72 1.04939578798176
73 1.0509137368664
74 1.05165977715061
75 1.05165951026651
76 1.05094513215112
77 1.04955492266141
78 1.0475326827602
79 1.04492712767529
80 1.04179124455773
81 1.03818162311753
82 1.0341577674749
83 1.02978139718333
84 1.02511574512582
85 1.02022485975012
86 1.01517291886083
87 1.01002356189085
88 1.00483924721171
89 0.999680640604193
90 0.994606040502466
91 0.989670845058162
92 0.98492706546184
93 0.980422889320952
94 0.97620229723788
95 0.972304735066668
96 0.968764843659317
97 0.965612247247577
98 0.962871400949776
99 0.960561497250138
100 0.958696430676415
101 0.957284819306529
102 0.956330081172112
103 0.955830563101541
104 0.955779719062018
105 0.956166334623289
106 0.956974793777942
107 0.958185384017502
108 0.959774635281609
109 0.961715688170687
110 0.963978686641562
111 0.966531190290347
112 0.969338601267302
113 0.972364600863138
114 0.975571590853838
115 0.97892113478935
116 0.982374394557936
117 0.985892557749496
118 0.989437251574379
119 0.99297093936538
120 0.996457295995694
121 0.999861558880333
122 1.00315085158841
123 1.00629447747424
124 1.00926418113164
125 1.01203437588361
126 1.01458233593373
127 1.01688835222203
128 1.01893585144189
129 1.0207114780813
130 1.02220513974831
131 1.02341001642122
132 1.02432253462754
133 1.02494230789666
134 1.02527204514764
135 1.02531742896342
136 1.02508696596198
137 1.024591811704
138 1.02384557277198
139 1.02286408881783
140 1.02166519750293
141 1.02026848534721
142 1.01869502756132
143 1.01696711995912
144 1.01510800603734
145 1.01314160226671
146 1.01109222456481
147 1.00898431881812
148 1.00684219819035
149 1.0046897897989
150 1.00255039316308
151 1.0004464526299
152 0.998399345767668
153 0.996429189487538
154 0.994554665411747
155 0.992792865756584
156 0.991159160742047
157 0.989667088280911
158 0.988328266440638
159 0.987152328914952
160 0.98614688349056
161 0.985317493250985
162 0.984667680026076
163 0.984198949374739
164 0.98391083618159
165 0.983800969757566
166 0.983865157161308
167 0.984097483303895
168 0.984490426265158
169 0.985034986136222
170 0.985720825610696
171 0.986536420476345
172 0.987469218110249
173 0.988505802053247
174 0.989632060733488
175 0.990833358423567
176 0.99209470655032
177 0.993400933529765
178 0.99473685137092
179 0.996087417379897
180 0.997437889398379
181 0.998773973126801
182 1.00008196021059
183 1.00134885590596
184 1.00256249528836
185 1.00371164711964
186 1.00478610464777
187 1.00577676277379
188 1.00667568118235
189 1.00747613319318
190 1.00817264025015
191 1.00876099211885
192 1.00923825301355
193 1.00960275401664
194 1.00985407228809
195 1.00999299768737
196 1.01002148754505
197 1.00994261042436
198 1.00976047980421
199 1.00948017869391
200 1.00910767625519
201 1.00864973755907
202 1.00811382764378
203 1.00750801106491
204 1.00684084814051
205 1.00612128909213
206 1.00535856726906
207 1.00456209261605
208 1.00374134650741
209 1.00290577902131
210 1.00206470966994
211 1.00122723253335
212 1.00040212666935
213 0.999597772589324
214 0.998822075501523
215 0.998082395930109
216 0.99738548822163
217 0.9967374473513
218 0.996143664340894
219 0.995608790499224
220 0.995136710596175
221 0.994730524983121
222 0.994392540577273
223 0.994124270535979
224 0.993926442360114
225 0.993799014084232
226 0.993741198135764
227 0.993751492376929
228 0.993827717781601
229 0.993967062145689
230 0.994166129183846
231 0.994420992327904
232 0.994727252513374
233 0.995080099219741
234 0.995474374018133
235 0.995904635876027
236 0.996365227472852
237 0.996850341792324
238 0.997354088276735
239 0.997870557854824
240 0.998393886187726
241 0.998918314516346
242 0.999438247537707
243 0.99994830778675
244 1.00044338605304
245 1.0009186874182
246 1.00136977255906
247 1.00179259402224
248 1.00218352723856
249 1.0025393961082
250 1.00285749305041
251 1.0031355934735
252 1.0033719646813
253 1.003565369291
254 1.00371506329287
255 1.00382078893565
256 1.00388276267037
257 1.00390165843076
258 1.00387858656959
259 1.00381506880642
260 1.00371300957389
261 1.00357466417599
262 1.00340260419306
263 1.00319968058432
264 1.00296898494918
265 1.00271380941446
266 1.00243760561466
267 1.002143943228
268 1.0018364685217
269 1.00151886334573
270 1.00119480499652
271 1.00086792734985
272 1.00054178363662
273 1.00021981120629
274 0.999905298591389
275 0.999601355152436
276 0.999310883546713
277 0.999036555227084
278 0.998780789138543
279 0.998545733741218
280 0.998333252449311
281 0.99814491253653
282 0.997981977520246
283 0.997845402999343
284 0.997735835884839
285 0.997653616928256
286 0.997598786420583
287 0.997571092904955
288 0.997570004718933
289 0.997594724157907
290 0.997644204029623
291 0.997717166351526
292 0.997812122927393
293 0.997927397527829
294 0.998061149390567
295 0.998211397751149
296 0.998376047112435
297 0.99855291296243
298 0.998739747653997
299 0.998934266167007
300 0.999134171483245
301 0.999337179316693
302 0.99954104195647
303 0.999743570996518
304 0.999942658744794
305 1.00013629812505
306 1.00032260090594
307 1.00049981411499
308 1.00066633451851
309 1.00082072107274
310 1.00096170527578
311 1.0010881993745
312 1.00119930240443
313 1.00129430406469
314 1.00137268645257
315 1.00143412370449
316 1.00147847961093
317 1.00150580329211
318 1.00151632303942
319 1.00151043844365
320 1.00148871094559
321 1.00145185295739
322 1.00140071571331
323 1.00133627601761
324 1.00125962206355
325 1.00117193850222
326 1.00107449094246
327 1.00096861006347
328 1.00085567552049
329 1.00073709982064
330 1.00061431234063
331 1.00048874365182
332 1.00036181030936
333 1.00023490025274
334 1.00010935895397
335 0.999986476437568
336 0.99986747528358
337 0.999753499710905
338 0.999645605823915
339 0.999544753090429
340 0.999451797103961
341 0.999367483667975
342 0.999292444224657
343 0.999227192635817
344 0.999172123308921
345 0.999127510647212
346 0.999093509789488
347 0.999070158592447
348 0.999057380796776
349 0.999054990307399
350 0.999062696508579
351 0.999080110526027
352 0.999106752340775
353 0.999142058653451
354 0.999185391392718
355 0.999236046758003
356 0.999293264684384
357 0.999356238616359
358 0.99942412547745
359 0.999496055723927
360 0.999571143373451
361 0.999648495903023
362 0.999727223915219
363 0.999806450477232
364 0.999885320043617
365 0.999963006880736
366 1.00003872291873
367 1.00011172496511
368 1.00018132122291
369 1.00024687706536
370 1.00030782002853
371 1.00036364399263
372 1.00041391253251
373 1.00045826142684
374 1.00049640032516
375 1.0005281135806
376 1.00055326026492
377 1.00057177339043
378 1.00058365837141
379 1.00058899076419
380 1.00058791333208
381 1.0005806324866
382 1.00056741416193
383 1.00054857918339
384 1.00052449819457
385 1.00049558621044
386 1.00046229686532
387 1.00042511642634
388 1.00038455764274
389 1.00034115350143
390 1.00029545095781
391 1.00024800470912
392 1.00019937107513
393 1.00015010204768
394 1.00010073956722
395 1.00005181008
396 1.00000381942525
397 0.999957248096402
398 0.999912546915382
399 0.999870133153161
400 0.999830387124238
401 0.999793649276717
402 0.999760217793775
403 0.999730346716412
404 0.999704244591528
405 0.999682073643707
406 0.999663949463537
407 0.999649941200086
408 0.999640072240127
409 0.999634321352134
410 0.998853407539895
411 0.996584403413378
412 0.992818810895496
413 0.987562774976685
414 0.980836934187839
415 0.972672433267579
416 0.963107856329088
417 0.952186875184694
418 0.939956452958987
419 0.926465478537878
420 0.911771969174311
421 0.895955482442303
422 0.879118781197662
423 0.861382296643317
424 0.842923079261349
425 0.824036974122832
426 0.805038969654106
427 0.786163626331927
428 0.76758338405508
429 0.749422796756069
430 0.731769595812316
431 0.714683284462475
432 0.698215123462002
433 0.682427298644482
434 0.667393059086444
435 0.653189094886132
436 0.639888263416224
437 0.627554586661785
438 0.616240776880934
439 0.605987410812904
440 0.596823139235769
441 0.588765509440646
442 0.581821973884865
443 0.575990651267575
444 0.571260709681616
445 0.567612533411076
446 0.565017869838604
447 0.563440082696056
448 0.562834562054425
449 0.563149289032753
450 0.564325527094784
451 0.566298601671644
452 0.568998730435433
453 0.572351875634914
454 0.576280602505506
455 0.580704937141944
456 0.585543220929239
457 0.5907129583163
458 0.596131652735229
459 0.601717623458358
460 0.607390794925557
461 0.613073449757817
462 0.618690937184158
463 0.624172329666202
464 0.629451021769874
465 0.634465266543309
466 0.639158645698221
467 0.643480470765146
468 0.647386113161371
469 0.650837261837658
470 0.653802107897945
471 0.656255456330604
472 0.658178765745095
473 0.659560117755901
474 0.660394118374959
475 0.660681734446131
476 0.660430068768651
477 0.659652078104854
478 0.658366238748731
479 0.656596164745742
480 0.654370184200973
481 0.651720879391949
482 0.648684596613915
483 0.645300931828683
484 0.641612198263227
485 0.637662882111964
486 0.633499092438514
487 0.629168011251359
488 0.624717349546336
489 0.620194814871174
490 0.615647595677796
491 0.611121867391345
492 0.606662324746221
493 0.602311744523799
494 0.598110582379787
495 0.594096606976738
496 0.59030457414509
497 0.586765943289876
498 0.583508637745881
499 0.580556850267159
500 0.577930894322988
501 0.57564710136704
502 0.5737177637547
503 0.572151122510055
504 0.570951398693462
505 0.570118866696873
506 0.569649967401032
507 0.569537458769344
508 0.569770601130569
509 0.570335374118751
510 0.571214721995815
511 0.57238882388137
512 0.573835385256311
513 0.575529946992186
514 0.577446208086895
515 0.579556358258507
516 0.581831416561935
517 0.584241572246371
518 0.586756524163049
519 0.589345815160902
520 0.591979158069573
521 0.594626750062197
522 0.597259572411558
523 0.599849672899267
524 0.602370428405246
525 0.604796785490524
526 0.607105477086552
527 0.609275213715317
528 0.611286847982831
529 0.613123511410552
530 0.614770722991354
531 0.616216469175422
532 0.61745125530365
533 0.618468128808628
534 0.619262674793167
535 0.619832984870921
536 0.620179600410521
537 0.620305431561544
538 0.620215653655737
539 0.619917582768551
540 0.619420532392893
541 0.618735653318113
542 0.617875758921784
543 0.616855138169542
544 0.615689358678878
545 0.614395062236622
546 0.612989755167251
547 0.611491595930963
548 0.609919182287542
549 0.608291340295635
550 0.60662691732864
551 0.604944581179502
552 0.603262627199132
553 0.601598795268881
554 0.599970098248424
555 0.598392663368855
556 0.596881587858781
557 0.595450809901109
558 0.594112995822269
559 0.59287944421601
560 0.591760007502986
561 0.590763031227168
562 0.589895311192876
563 0.589162068353821
564 0.588566941180021
565 0.588111995051381
566 0.587797748059908
567 0.587623212447281
568 0.587585950762207
569 0.587682145693726
570 0.587906682423332
571 0.588253242241225
572 0.588714406090672
573 0.589281766639857
574 0.589946047432719
575 0.590697227639306
576 0.591524670911758
577 0.592417256853991
578 0.593363513630765
579 0.594351750274648
580 0.595370187296419
581 0.596407084264906
582 0.597450863094953
583 0.59849022586616
584 0.599514266088845
585 0.600512572436166
586 0.601475324071104
587 0.602393376812681
588 0.603258339505948
589 0.604062640083526
590 0.60479958093142
591 0.605463383297065
592 0.606049220601769
593 0.606553240641619
594 0.606972576779263
595 0.607305348342652
596 0.607550650554741
597 0.607708534419343
598 0.60777997708195
599 0.607766843269577
600 0.607671838489944
601 0.607498454737053
602 0.607250909506947
603 0.606934078973979
604 0.606553426213988
605 0.606114925386361
606 0.605624982802072
607 0.605090355809649
608 0.604518070425786
609 0.603915338622479
610 0.603289476158443
611 0.602647821809809
612 0.601997658814245
613 0.601346139294398
614 0.600700212371669
615 0.600066556620546
616 0.599451517447908
617 0.5988610499117
618 0.598300667420026
619 0.597775396675926
620 0.59728973915574
621 0.596847639330896
622 0.596452459765061
623 0.596106963141633
624 0.595813301201386
625 0.595573010497399
626 0.595387014804879
627 0.595255633957891
628 0.59517859882373
629 0.595155072069377
630 0.595183674323571
631 0.595262515292834
632 0.595389229350683
633 0.595561015086453
634 0.595774678273751
635 0.596026677698732
636 0.596313173275086
637 0.596630075865789
638 0.596973098231217
639 0.597337806528927
640 0.597719671802055
641 0.598114120910491
642 0.598516586381565
643 0.598922554684286
644 0.599327612463062
645 0.59972749030251
646 0.600118103634265
647 0.600495590438781
648 0.600856345439713
649 0.601197050534851
650 0.601514701255301
651 0.601806629093057
652 0.602070519585813
653 0.602304426096232
654 0.602506779270493
655 0.602676392207204
656 0.602812461412343
657 0.60291456365828
658 0.602982648904788
659 0.603017029476928
660 0.603018365728446
661 0.602987648449686
662 0.602926178305621
663 0.602835542612481
664 0.60271758978024
665 0.602574401763083
666 0.602408264870668
667 0.60222163929965
668 0.602017127747591
669 0.60179744347009
670 0.601565378136895
671 0.601323769834064
672 0.601075471547157
673 0.600823320445122
674 0.600570108266328
675 0.600318553087364
676 0.600071272731972
677 0.599830760052297
678 0.599599360287694
679 0.599379250678052
680 0.599172422479302
681 0.598980665498816
682 0.598805555238053
683 0.598648442699552
684 0.598510446885326
685 0.598392449984361
686 0.598295095218472
687 0.598218787288495
688 0.598163695336978
689 0.598129758319407
690 0.598116692653709
691 0.598124001997599
692 0.598150988985329
693 0.598196768739739
694 0.598260283962279
695 0.598340321392935
696 0.598435529423799
697 0.598544436644342
698 0.598665471093354
699 0.598796979991819
700 0.598937249732803
701 0.59908452590848
702 0.599237033160754
703 0.599392994650252
704 0.599550650948818
705 0.599708278172612
706 0.599864205186598
707 0.600016829726156
708 0.60016463329776
709 0.60030619473781
710 0.600440202326597
711 0.600565464372875
712 0.60068091820328
713 0.600785637509758
714 0.600878838027035
715 0.600959881530679
716 0.601028278164452
717 0.60108368712308
718 0.601125915733223
719 0.601154916991118
720 0.60117078562997
721 0.60117375280352
722 0.601164179484281
723 0.601142548685569
724 0.601109456625611
725 0.601065602959632
726 0.601011780211898
727 0.600948862544124
728 0.6008777939996
729 0.600799576363659
730 0.600715256780941
731 0.600625915268183
732 0.600532652258187
733 0.600436576306124
734 0.600338792083659
735 0.600240388779469
736 0.600142429016849
737 0.600045938390227
738 0.599951895712742
739 0.599861224056712
740 0.599774782657907
741 0.59969335974322
742 0.599617666329731
743 0.599548331031386
744 0.599485895897736
745 0.599430813297466
746 0.599383443848003
747 0.59934405538134
748 0.599312822925521
749 0.599289829671089
750 0.599275068882288
751 0.599268446704
752 0.599269785807407
753 0.599278829810176
754 0.599295248400741
755 0.599318643090889
756 0.599348553516537
757 0.599384464203172
758 0.599425811710073
759 0.599471992065994
760 0.599522368408588
761 0.599576278740328
762 0.599633043715108
763 0.599691974372018
764 0.599752379735835
765 0.599813574207689
766 0.599874884673877
767 0.599935657265996
768 0.599995263711306
769 0.600053107218403
770 0.600108627849938
771 0.600161307340966
772 0.600210673328699
773 0.600256302966693
774 0.600297825903859
775 0.600334926616016
776 0.600367346084959
777 0.600394882827074
778 0.600417393280371
779 0.600434791565353
780 0.60044704864131
781 0.600454190885358
782 0.600456298126881
783 0.60045350117477
784 0.600445978879132
785 0.600433954772789
786 0.600417693340977
787 0.600397495970123
788 0.600373696628436
789 0.600346657332284
790 0.60031676345297
791 0.600284418918531
792 0.600250041364669
793 0.600214057287777
794 0.600176897251421
795 0.600138991195498
796 0.600100763894698
797 0.600062630609911
798 0.600024992972824
799 0.599988235140279
800 0.599952720250975
801 0.5999187872129
802 0.599886747845505
803 0.599856884396156
804 0.599829447445807
805 0.599804654214282
806 0.599782687270977
807 0.599763693652333
808 0.599747784383059
809 0.599735034393912
810 0.600503826370529
811 0.602602826585529
812 0.605770200649974
813 0.609801340507923
814 0.614535308767616
815 0.619845254352902
816 0.625630943850037
817 0.631812941072392
818 0.638328070685713
819 0.645125882218005
820 0.652157668507309
821 0.659362872459423
822 0.666669215062487
823 0.673999921285437
824 0.68127835152876
825 0.688430846735797
826 0.695388348810292
827 0.702087197050011
828 0.708469384062505
829 0.714482469634986
830 0.720079376672671
831 0.725218343113125
832 0.72986312399904
833 0.733983311450555
834 0.737554628950837
835 0.74055913136851
836 0.742985287004377
837 0.744827943429725
838 0.746088191996226
839 0.746773151364201
840 0.746895690426163
841 0.74647410600868
842 0.745531763232876
843 0.744096701053556
844 0.742201204088891
845 0.739881342847296
846 0.737176486141741
847 0.734128791008202
848 0.730782676467657
849 0.727184287917822
850 0.72338095888471
851 0.719420676467125
852 0.715351556270178
853 0.711221332105092
854 0.707076865293476
855 0.702963678039997
856 0.698925514986166
857 0.695003936692259
858 0.691237948391675
859 0.687663666915552
860 0.684314028200869
861 0.68121853728509
862 0.67840306216957
863 0.675889672414867
864 0.673696522822803
865 0.671837782068082
866 0.670323605669913
867 0.669160152244229
868 0.66834964155221
869 0.667890452464005
870 0.6677772585908
871 0.668001199006882
872 0.668550081188896
873 0.669408613044385
874 0.670558660687693
875 0.671979528449418
876 0.67364825747643
877 0.675539939192954
878 0.677628039848924
879 0.679884732378933
880 0.68228123183229
881 0.684788130710451
882 0.687375730660321
883 0.690014367118472
884 0.692674723679517
885 0.69532813316887
886 0.69794686263291
887 0.700504379714811
888 0.702975598158661
889 0.705337100474438
890 0.707567336098463
891 0.709646793694391
892 0.71155814655528
893 0.713286370384107
894 0.714818833045003
895 0.716145356187123
896 0.717258248944339
897 0.718152314203878
898 0.718824828212968
899 0.719275494551876
900 0.719506373742314
901 0.71952178997996
902 0.719328216677172
903 0.718934142675385
904 0.718349921135128
905 0.717587603234214
906 0.716660758900946
907 0.71558428687894
908 0.714374216463415
909 0.713047503265952
910 0.711621821356313
911 0.710115354096897
912 0.708546585928768
913 0.706934097289404
914 0.705296364742713
915 0.703651568283274
916 0.702017407640966
917 0.700410929261088
918 0.69884836547088
919 0.697344987168075
920 0.695914971183087
921 0.694571283275678
922 0.69332557753192
923 0.692188112729952
924 0.69116768604576
925 0.690271584274953
926 0.689505552555343
927 0.688873780389965
928 0.688378904592733
929 0.688022028610909
930 0.68780275752143
931 0.687719247853286
932 0.687768271256613
933 0.687945290922108
934 0.688244549552445
935 0.688659167601298
936 0.68918125042571
937 0.689802002944203
938 0.690511850356211
939 0.69130056345806
940 0.692157387086519
941 0.693071170232428
942 0.694030496393552
943 0.695023812776782
944 0.696039557014274
945 0.697066280125116
946 0.698092764532521
947 0.699108136035174
948 0.700101968728995
949 0.701064381980901
950 0.70198612866775
951 0.702858674010275
952 0.703674264451923
953 0.704425986154871
954 0.705107812808612
955 0.705714642569146
956 0.706242324067636
957 0.70668767154518
958 0.707048469283979
959 0.70732346561354
960 0.707512356872628
961 0.707615761802683
962 0.707635186935402
963 0.707572983615613
964 0.707432297369806
965 0.707217010390225
966 0.706931677954084
967 0.706581459636814
968 0.706172046207387
969 0.705709583112529
970 0.705200591465221
971 0.704651887451538
972 0.704070501058822
973 0.703463595007943
974 0.702838384743346
975 0.702202060297427
976 0.701561710801047
977 0.700924252360429
978 0.7002963599631
979 0.699684404012615
980 0.699094392024455
981 0.698531915944588
982 0.698002105478447
983 0.69750958774257
984 0.69705845347457
985 0.696652229960352
986 0.696293860761437
987 0.695985692250574
988 0.695729466891368
989 0.69552632312807
990 0.695376801685621
991 0.695280858018147
992 0.695237880586821
993 0.695246714595899
994 0.695305690769126
995 0.695412658707955
996 0.695565024338359
997 0.695759790924665
998 0.69599360310686
999 0.696262793402279
1000 0.696563430603468
1001 0.696891369501157
1002 0.697242301364625
1003 0.697611804620946
1004 0.697995395189523
1005 0.698388575948448
1006 0.698786884834427
1007 0.699185941107616
1008 0.69958148934644
1009 0.699969440774797
1010 0.700345911564408
1011 0.700707257798067
1012 0.701050106824473
1013 0.701371384781848
1014 0.70166834011491
1015 0.701938562957647
1016 0.70218000030205
1017 0.702390966920081
1018 0.702570152052238
1019 0.702716621920517
1020 0.702829818166152
1021 0.702909552352671
1022 0.702955996712259
1023 0.702969671347871
1024 0.702951428134654
1025 0.702902431591846
1026 0.702824137020216
1027 0.702718266220113
1028 0.702586781121306
1029 0.702431855667839
1030 0.702255846309216
1031 0.702061261453322
1032 0.70185073023668
1033 0.701626970964081
1034 0.701392759562411
1035 0.701150898382867
1036 0.700904185671889
1037 0.700655386014294
1038 0.700407202032566
1039 0.700162247604274
1040 0.699923022835539
1041 0.699691891002598
1042 0.699471057646172
1043 0.699262551974917
1044 0.699068210704975
1045 0.698889664432935
1046 0.69872832660969
1047 0.698585385153027
1048 0.698461796707657
1049 0.698358283533022
1050 0.698275332971984
1051 0.698213199427486
1052 0.698171908749964
1053 0.698151264915609
1054 0.698150858854979
1055 0.698170079272876
1056 0.698208125284173
1057 0.69826402067629
1058 0.698336629597582
1059 0.698424673461819
1060 0.698526748852486
1061 0.698641346206553
1062 0.698766869055817
1063 0.698901653604778
1064 0.69904398842712
1065 0.699192134068273
1066 0.699344342348986
1067 0.699498875174234
1068 0.69965402266301
1069 0.699808120427345
1070 0.699959565843146
1071 0.700106833170942
1072 0.700248487401122
1073 0.700383196715614
1074 0.7005097434759
1075 0.700627033665642
1076 0.700734104734772
1077 0.700830131810467
1078 0.700914432258798
1079 0.700986468598849
1080 0.701045849788503
1081 0.701092330917796
1082 0.701125811361526
1083 0.701146331457579
1084 0.701154067791073
1085 0.701149327176718
1086 0.701132539442856
1087 0.701104249130158
1088 0.701065106226043
1089 0.701015856062456
1090 0.700957328509586
1091 0.700890426601586
1092 0.70081611473222
1093 0.70073540655872
1094 0.700649352751055
1095 0.700559028721252
1096 0.700465522463526
1097 0.700369922630854
1098 0.700273306967255
1099 0.700176731207672
1100 0.700081218548962
1101 0.699987749786322
1102 0.699897254199514
1103 0.699810601262777
1104 0.699728593241287
1105 0.699651958725731
1106 0.699581347145054
1107 0.699517324285809
1108 0.699460368835027
1109 0.699410869952146
1110 0.699369125864445
1111 0.699335343469749
1112 0.699309638919984
1113 0.69929203914954
1114 0.699282484303515
1115 0.699280831012683
1116 0.699286856454708
1117 0.699300263134601
1118 0.699320684311834
1119 0.699347689996875
1120 0.699380793436216
1121 0.69941945800224
1122 0.699463104402538
1123 0.699511118122478
1124 0.699562857014993
1125 0.699617658952595
1126 0.699674849458562
1127 0.69973374923698
1128 0.699793681524843
1129 0.699853979193645
1130 0.699913991532745
1131 0.699973090652238
1132 0.700030677448993
1133 0.700086187085853
1134 0.700139093940691
1135 0.700188915988959
1136 0.70023521859046
1137 0.700277617658321
1138 0.700315782195319
1139 0.700349436189927
1140 0.700378359871427
1141 0.70040239033028
1142 0.70042142151648
1143 0.700435403634833
1144 0.700444341961921
1145 0.70044829511488
1146 0.700447372807053
1147 0.700441733129914
1148 0.700431579404509
1149 0.700417156648917
1150 0.700398747710873
1151 0.70037666911676
1152 0.700351266689631
1153 0.700322910989776
1154 0.70029199263158
1155 0.700258917530123
1156 0.700224102130077
1157 0.700187968668039
1158 0.700150940517557
1159 0.700113437663682
1160 0.700075872351133
1161 0.700038644946946
1162 0.700002140054963
1163 0.699966722915728
1164 0.699932736121281
1165 0.699900496670131
1166 0.69987029338329
1167 0.699842384697799
1168 0.699816996849666
1169 0.69979432245364
1170 0.699774519482826
1171 0.699757710646784
1172 0.699743983162611
1173 0.69973338890945
1174 0.699725944953155
1175 0.699721634424258
1176 0.699720407729205
1177 0.699722184071848
1178 0.699726853259643
1179 0.699734277766707
1180 0.699744295024069
1181 0.699756719905875
1182 0.699771347379246
1183 0.699787955284684
1184 0.699806307213562
1185 0.699826155449242
1186 0.699847243938656
1187 0.699869311261937
1188 0.699892093568629
1189 0.699915327450376
1190 0.69993875272152
1191 0.699962115080946
1192 0.69998516863053
1193 0.700007678227838
1194 0.700029421653181
1195 0.700050191573666
1196 0.700069797289594
1197 0.700088066251303
1198 0.700104845337341
1199 0.700120001887685
1200 0.700133424488482
