1 2
2 2
3 2
4 2
5 2
6 2
7 2
8 2
9 2
10 2
11 2
12 2
13 2
14 2
15 2
16 2
17 2
18 2
19 2
20 2
21 2
22 2
23 2
24 2
25 2
26 2
27 2
28 2
29 2
30 2.25
31 2.279952
32 2.309952
33 2.339952
34 2.369952
35 2.399952
36 2.429952
37 2.459952
38 2.489952
39 2.519952
40 2.548024468731
41 2.57259816812835
42 2.59396205337894
43 2.61233775476292
44 2.62789509230635
45 2.64076366647767
46 2.65104188001563
47 2.65880395903916
48 2.66410541601718
49 2.6669872993274
50 2.6674943594233
51 2.66570006609362
52 2.66170955102813
53 2.65564951756144
54 2.64766117684916
55 2.63789535629154
56 2.62650916042222
57 2.61366373254422
58 2.59952278943511
59 2.58425169270869
60 2.56801677275683
61 2.55098453190247
62 2.53332055451959
63 2.51518824221293
64 2.49674753447073
65 2.47815370348274
66 2.45955626617719
67 2.44109802841673
68 2.42291425981091
69 2.40513198869037
70 2.38786940356073
71 2.37123534962587
72 2.35532891465969
73 2.34023910326005
74 2.32604460019678
75 2.31281362307891
76 2.30060386322459
77 2.28946251213301
78 2.27942636968354
79 2.27052202925931
80 2.26276613442376
81 2.25616570149935
82 2.25071850228474
83 2.24641350109217
84 2.24323134023046
85 2.24114486799592
86 2.24011970317819
87 2.24011483006088
88 2.24108321791259
89 2.24297245903046
90 2.2457254195159
91 2.24928089712772
92 2.25357428076412
93 2.25853820636641
94 2.26410320430668
95 2.27019833361689
96 2.27675179873213
97 2.28369154475477
98 2.29094582759571
99 2.29844375570984
100 2.30611580051392
101 2.31389427295106
102 2.32171376404538
103 2.32951154766862
104 2.33722794411594
105 2.34480664345642
106 2.35219498798415
107 2.35934421344384
108 2.36620964904055
109 2.37275087656243
110 2.37893184924831
111 2.38472097131525
112 2.39009113932558
113 2.39501974681465
114 2.39948865382161
115 2.4034841231625
116 2.40699672545948
117 2.41002121509045
118 2.41255637935036
119 2.41460486321863
120 2.4161729722072
121 2.41727045582094
122 2.41791027419669
123 2.4181083505008
124 2.41788331165767
125 2.41725621995463
126 2.41625029802326
127 2.41489064963428
128 2.41320397866422
129 2.41121830849866
130 2.40896270402974
131 2.40646699828706
132 2.40376152561176
133 2.40087686314565
134 2.39784358226158
135 2.39469201140988
136 2.39145201169949
137 2.38815276637352
138 2.38482258517781
139 2.38148872446015
140 2.37817722367708
141 2.37491275882707
142 2.37171851317385
143 2.36861606547257
144 2.36562529576614
145 2.36276430867933
146 2.36004937400619
147 2.35749488426075
148 2.35511332874515
149 2.35291528358083
150 2.35090941705032
151 2.34910250950793
152 2.34749948703846
153 2.346103467974
154 2.34491582131955
155 2.34393623608938
156 2.34316280051682
157 2.34259209007102
158 2.34221926319464
159 2.34203816366607
160 2.34204142848859
161 2.34222060021611
162 2.34256624264049
163 2.34306805878858
164 2.34371501020741
165 2.34449543655223
166 2.3453971745354
167 2.34640767534167
168 2.34751411966848
169 2.34870352960677
170 2.34996287663798
171 2.35127918508659
172 2.35263963043269
173 2.35403163195632
174 2.35544293925357
175 2.35686171223283
176 2.35827659426843
177 2.3596767782564
178 2.36105206538412
179 2.36239291649083
180 2.36369049595883
181 2.36493670813628
182 2.3661242263503
183 2.36724651462374
184 2.36829784226082
185 2.36927329151441
186 2.37016875859156
187 2.37098094829436
188 2.37170736262842
189 2.37234628374349
190 2.37289675159764
191 2.37335853675961
192 2.37373210878295
193 2.37401860059974
194 2.37421976939245
195 2.37433795440857
196 2.37437603218549
197 2.37433736965149
198 2.37422577556402
199 2.37404545073849
200 2.37380093750896
201 2.3734970688485
202 2.37313891755956
203 2.37273174592564
204 2.3722809561942
205 2.37179204223692
206 2.37127054270904
207 2.37072199600272
208 2.37015189726212
209 2.36956565769965
210 2.36896856642409
211 2.3683657549619
212 2.36776216462417
213 2.36716251684239
214 2.36657128656748
215 2.3659926787988
216 2.36543060828185
217 2.36488868238785
218 2.36437018716216
219 2.36387807650534
220 2.36341496442738
221 2.36298312029483
222 2.36258446697081
223 2.3622205817301
224 2.36189269981541
225 2.36160172048621
226 2.36134821539951
227 2.36113243915069
228 2.36095434179377
229 2.36081358315364
230 2.36070954873687
231 2.36064136704484
232 2.36060792809038
233 2.36060790291924
234 2.36063976393904
235 2.36070180586065
236 2.3607921670617
237 2.36090885118698
238 2.3610497488071
239 2.36121265896478
240 2.36139531044649
241 2.36159538262696
242 2.36181052574419
243 2.36203838047364
244 2.36227659668168
245 2.36252285125023
246 2.36277486487666
247 2.36303041776542
248 2.36328736414022
249 2.36354364551803
250 2.36379730269848
251 2.36404648643433
252 2.36428946676036
253 2.36452464096983
254 2.36475054023817
255 2.3649658349045
256 2.36516933843123
257 2.3653600100716
258 2.36553695628335
259 2.36569943093496
260 2.36584683435808
261 2.36597871130627
262 2.36609474788579
263 2.36619476752945
264 2.36627872608837
265 2.3663467061202
266 2.36639891045475
267 2.36643565512021
268 2.36645736171392
269 2.36646454930245
270 2.36645782593534
271 2.366437879856
272 2.36640547049197
273 2.36636141930448
274 2.36630660057477
275 2.36624193220168
276 2.36616836658135
277 2.3660868816361
278 2.36599847205539
279 2.36590414080701
280 2.36580489097222
281 2.36570171795324
282 2.36559560209676
283 2.36548750177151
284 2.36537834693303
285 2.36526903320319
286 2.36516041648704
287 2.36505330814408
288 2.36494847072612
289 2.36484661428897
290 2.36474839328028
291 2.36465440400143
292 2.36456518263681
293 2.36448120383999
294 2.36440287986213
295 2.3643305602048
296 2.36426453177576
297 2.36420501952353
298 2.36415218752402
299 2.36410614048999
300 2.36406692567244
301 2.36403453512101
302 2.36400890826976
303 2.36398993481301
304 2.36397745783601
305 2.36397127716414
306 2.36397115289496
307 2.36397680907711
308 2.36398793750084
309 2.36400420156576
310 2.36402524019202
311 2.36405067174282
312 2.36408009792707
313 2.36411310765299
314 2.3641492808048
315 2.36418819191684
316 2.36422941372122
317 2.36427252054728
318 2.36431709155313
319 2.36436271377206
320 2.36440898495845
321 2.36445551622033
322 2.36450193442793
323 2.36454788438972
324 2.36459303078971
325 2.36463705988183
326 2.36467968093944
327 2.36472062745981
328 2.36475965812548
329 2.36479655752618
330 2.36483113664655
331 2.36486323312671
332 2.36489271130392
333 2.36491946204512
334 2.36494340238119
335 2.36496447495472
336 2.36498264729429
337 2.36499791092869
338 2.36501028035531
339 2.36501979187746
340 2.36502650232543
341 2.36503048767678
342 2.36503184159104
343 2.36503067387413
344 2.36502710888761
345 2.36502128391771
346 2.3650133475186
347 2.36500345784386
348 2.36499178097981
349 2.36497848929341
350 2.3649637598069
351 2.36494777261074
352 2.36493070932516
353 2.36491275162025
354 2.36489407980331
355 2.36487487148137
356 2.36485530030586
357 2.3648355348053
358 2.36481573731123
359 2.36479606298131
360 2.36477665892276
361 2.36475766341847
362 2.36473920525684
363 2.36472140316617
364 2.36470436535281
365 2.36468818914229
366 2.3646729607212
367 2.36465875497743
368 2.36464563543536
369 2.36463365428232
370 2.36462285248174
371 2.3646132599684
372 2.36460489592024
373 2.36459776910134
374 2.36459187827
375 2.36458721264592
376 2.36458375242997
377 2.36458146937031
378 2.36458032736817
379 2.36458028311691
380 2.36458128676776
381 2.36458328261595
382 2.36458620980091
383 2.36459000301452
384 2.36459459321143
385 2.36459990831601
386 2.3646058739204
387 2.36461241396882
388 2.3646194514234
389 2.36462690890709
390 2.36463470931994
391 2.36464277642492
392 2.36465103540036
393 2.36465941335612
394 2.36466783981109
395 2.36467624713026
396 2.36468457091962
397 2.36469275037793
398 2.36470072860444
399 2.36470845286231
400 2.11470845286231
401 2.05481152867903
402 1.99481821927067
403 1.93482449030944
404 1.87483031229425
405 1.81483566055904
406 1.7548405152432
407 1.69484486122604
408 1.63484868802748
409 1.57485198967718
410 1.51678235304777
411 1.46244199220398
412 1.4119338211847
413 1.36534677455449
414 1.32275771141665
415 1.28423371436385
416 1.2498338982569
417 1.21961083636463
418 1.2
419 1.2
420 1.2
421 1.2
422 1.2
423 1.2
424 1.2
425 1.20290626498674
426 1.20942751290617
427 1.21935772541761
428 1.23242510502247
429 1.24819106792286
430 1.26617300231612
431 1.28598941618058
432 1.30733784352889
433 1.3299776351224
434 1.35371654063098
435 1.37837783708599
436 1.40377112114821
437 1.42969164378549
438 1.45592665585955
439 1.48226215389876
440 1.50848971377511
441 1.53441143114358
442 1.55984253516371
443 1.58461245749061
444 1.60856490652442
445 1.63155750221476
446 1.65346151603916
447 1.67416190038934
448 1.69355750022147
449 1.71156131096783
450 1.72810067215668
451 1.74311732347542
452 1.75656729643767
453 1.76842064837945
454 1.77866106231163
455 1.78728534134907
456 1.79430282252683
457 1.79973472656638
458 1.80361345322697
459 1.80598182822991
460 1.80689230667828
461 1.8064061383996
462 1.8045925017628
463 1.80152761355349
464 1.79729382308901
465 1.79197869885258
466 1.78567411562339
467 1.77847534955023
468 1.77048018801806
469 1.76178806057871
470 1.75249919668644
471 1.74271381548899
472 1.73253135245223
473 1.72204972712197
474 1.7113646558361
475 1.70056901269332
476 1.68975224156336
477 1.6789998213976
478 1.66839278657618
479 1.6580073035151
480 1.64791430425967
481 1.6381791773127
482 1.62886151548938
483 1.62001492015719
484 1.61168686081123
485 1.60391858855371
486 1.5967451016929
487 1.5901951613537
488 1.58429135469921
489 1.57905020310228
490 1.57448231237833
491 1.57059256199555
492 1.56738033001667
493 1.56483975039724
494 1.56295999916798
495 1.56172560596313
496 1.5611167873215
497 1.56110979818081
498 1.56167729800823
499 1.56278872805881
500 1.56441069632725
501 1.56650736685544
502 1.5690408501771
503 1.57197159181861
504 1.5752587559313
505 1.57886060130157
506 1.58273484717024
507 1.58683902648896
508 1.5911308244474
509 1.59556840031807
510 1.60011069088462
511 1.60471769394124
512 1.60935073057495
513 1.6139726851658
514 1.6185482222617
515 1.62304397970275
516 1.62742873758243
517 1.63167356284002
518 1.63575192947647
519 1.639639814576
520 1.64331577049487
521 1.64676097374731
522 1.64995925127519
523 1.65289708493221
524 1.65556359514438
525 1.65795050482633
526 1.66005208473685
527 1.6618650815469
528 1.66338862996945
529 1.66462415036243
530 1.6655752332643
531 1.66624751235644
532 1.66664852736813
533 1.66678757844852
534 1.66667557352656
535 1.66632487016489
536 1.66574911338727
537 1.66496307092295
538 1.66398246726535
539 1.6628238178877
540 1.6615042648957
541 1.66004141532751
542 1.65845318323559
543 1.6567576366035
544 1.65497285006527
545 1.65311676430546
546 1.65120705292611
547 1.64926099747289
548 1.6472953712177
549 1.64532633219955
550 1.64336932593109
551 1.64143899808405
552 1.63954911737534
553 1.63771250878615
554 1.63594099716008
555 1.6342453611437
556 1.63263529735422
557 1.63111939458502
558 1.62970511779021
559 1.62839880152565
560 1.62720565246488
561 1.6261297605556
562 1.62517411833512
563 1.6243406478816
564 1.62363023484308
565 1.62304276895614
566 1.62257719044334
567 1.62223154166011
568 1.62200302335044
569 1.62188805486369
570 1.62188233768415
571 1.62198092162851
572 1.62217827307558
573 1.62246834460538
574 1.62284464544285
575 1.62330031212233
576 1.62382817881412
577 1.62442084678284
578 1.62507075247772
579 1.62577023378917
580 1.62651159404072
581 1.62728716332343
582 1.62808935681789
583 1.62891072978891
584 1.62974402897808
585 1.63058224015986
586 1.63141863166753
587 1.63224679373526
588 1.63306067354231
589 1.63385460588367
590 1.63462333942913
591 1.63536205856856
592 1.63606640087567
593 1.63673247025499
594 1.63735684586738
595 1.63793658695784
596 1.63846923373541
597 1.63895280447897
598 1.63938578906386
599 1.63976713912332
600 1.6400962550749
601 1.640372970256
602 1.64059753242381
603 1.64077058288385
604 1.64089313351752
605 1.64096654198301
606 1.64099248536584
607 1.64097293255414
608 1.6409101156118
609 1.64080650041723
610 1.64066475682953
611 1.64048772863503
612 1.64027840351781
613 1.640039883286
614 1.63977535457351
615 1.63948806022275
616 1.63918127153951
617 1.63885826159534
618 1.638522279737
619 1.63817652744554
620 1.63782413567076
621 1.63746814374959
622 1.63711147999952
623 1.63675694406132
624 1.63640719104798
625 1.63606471754051
626 1.63573184945465
627 1.63541073178744
628 1.63510332023696
629 1.634811374675
630 1.63453645443834
631 1.63427991539212
632 1.63404290870721
633 1.63382638128247
634 1.63363107773365
635 1.63345754386161
636 1.63330613150557
637 1.63317700468014
638 1.63307014688992
639 1.63298536951107
640 1.63292232112584
641 1.63288049769422
642 1.63285925344531
643 1.63285781237104
644 1.6328752802054
645 1.6329106567741
646 1.63296284860165
647 1.63303068166647
648 1.63311291419802
649 1.63320824941476
650 1.63331534810683
651 1.63343284097274
652 1.6335593406256
653 1.63369345319086
654 1.63383378942406
655 1.63397897528433
656 1.63412766190639
657 1.6342785349212
658 1.63443032308258
659 1.63458180616465
660 1.6347318221021
661 1.63487927335239
662 1.63502313246626
663 1.63516244685928
664 1.63529634278409
665 1.6354240285089
666 1.63554479671407
667 1.63565802612366
668 1.63576318239448
669 1.63585981828957
670 1.63594757316749
671 1.63602617182276
672 1.63609542271596
673 1.63615521563527
674 1.63620551883359
675 1.63624637568734
676 1.63627790092488
677 1.63630027647339
678 1.63631374697402
679 1.63631861501519
680 1.63631523613394
681 1.63630401363486
682 1.63628539327502
683 1.63625985786232
684 1.63622792181327
685 1.6361901257141
686 1.63614703092752
687 1.63609921428464
688 1.63604726289961
689 1.63599176914147
690 1.63593332579512
691 1.63587252144031
692 1.63580993607454
693 1.63574613700278
694 1.63568167501362
695 1.63561708085845
696 1.63555286204724
697 1.63548949997123
698 1.63542744735992
699 1.63536712607692
700 1.63530892525608
701 1.63525319977708
702 1.63520026907653
703 1.63515041628865
704 1.63510388770705
705 1.63506089255712
706 1.63502160306659
707 1.63498615482013
708 1.6349546473822
709 1.63492714517099
710 1.63490367856534
711 1.6348842452253
712 1.63486881160622
713 1.63485731464603
714 1.63484966360436
715 1.63484574203254
716 1.63484540985312
717 1.63484850552766
718 1.63485484829211
719 1.63486424043919
720 1.63487646962792
721 1.63489131120125
722 1.63490853049322
723 1.6349278851084
724 1.63494912715714
725 1.63497200543119
726 1.63499626750569
727 1.63502166175442
728 1.6350479392668
729 1.63507485565603
730 1.63510217274958
731 1.63512966015402
732 1.635157096688
733 1.63518427167812
734 1.63521098611405
735 1.63523705366019
736 1.6352623015228
737 1.63528657117222
738 1.63530971892144
739 1.63533161636294
740 1.63535215066692
741 1.635371224745
742 1.63538875728417
743 1.63540468265683
744 1.63541895071302
745 1.63543152646212
746 1.63544238965132
747 1.63545153424907
748 1.63545896784157
749 1.63546471095133
750 1.63546879628629
751 1.63547126792878
752 1.63547218047321
753 1.63547159812161
754 1.63546959374588
755 1.63546624792569
756 1.6354616479705
757 1.63545588693398
758 1.63544906262902
759 1.63544127665074
760 1.63543263341484
761 1.63542323921804
762 1.63541320132683
763 1.63540262710038
764 1.63539162315288
765 1.63538029455985
766 1.63536874411284
767 1.63535707162575
768 1.6353453732962
769 1.63533374112396
770 1.63532226238873
771 1.63531101918833
772 1.63530008803831
773 1.63528953953315
774 1.63527943806895
775 1.63526984162688
776 1.63526080161641
777 1.63525236277663
778 1.63524456313395
779 1.63523743401378
780 1.63523100010376
781 1.63522527956557
782 1.63522028419233
783 1.63521601960826
784 1.63521248550702
785 1.63520967592532
786 1.6352075795478
787 1.63520618003965
788 1.63520545640287
789 1.63520538335254
790 1.63520593170909
791 1.63520706880296
792 1.63520875888773
793 1.63521096355836
794 1.6352136421709
795 1.63521675226037
796 1.63522024995371
797 1.63522409037474
798 1.63522822803847
799 1.63523261723198
800 1.88276121237979
801 1.89774196839134
802 1.91274684098891
803 1.9277517870142
804 1.94275676471216
805 1.95776173399104
806 1.97276665665754
807 1.98777149662654
808 2.00277622010484
809 2.01778079574874
810 2.03087675379602
811 2.04062157131314
812 2.04749337862592
813 2.0518637998207
814 2.05402185118988
815 2.05419222490189
816 2.0525495299231
817 2.049229383883
818 2.0443370520368
819 2.03795417559045
820 2.03015872610142
821 2.02105043973735
822 2.01075284476024
823 1.99940231611951
824 1.98714083327007
825 1.97411133435001
826 1.96045487171534
827 1.94630899848055
828 1.93180697989102
829 1.91707754281482
830 1.90224484968499
831 1.88742831541023
832 1.87274210827602
833 1.85829447208627
834 1.84418703934112
835 1.83051422348763
836 1.81736272784193
837 1.80481117901226
838 1.79292987628667
839 1.78178064055604
840 1.77141674449032
841 1.76188290930913
842 1.75321536019489
843 1.74544193771617
844 1.73858226454913
845 1.73264796643095
846 1.72764294509214
847 1.72356369964886
848 1.72039969194017
849 1.71813375068592
850 1.71674250910489
851 1.71619687067603
852 1.71646249791419
853 1.71750031924598
854 1.71926704925713
855 1.72171571773465
856 1.72479620306527
857 1.72845576569792
858 1.73263957754722
859 1.73729124341528
860 1.74235331073989
861 1.74776776423483
862 1.75347650226508
863 1.75942179209046
864 1.76554670140963
865 1.77179550394049
866 1.77811405707804
867 1.78445014997741
868 1.79075382071369
869 1.79697764147144
870 1.80307697101213
871 1.80901017395623
872 1.81473880669503
873 1.82022777001512
874 1.82544542877322
875 1.83036369919913
876 1.83495810462989
877 1.83920780068621
878 1.84309557109351
879 1.84660779552251
880 1.84973439097878
881 1.85246872840608
882 1.85480752628436
883 1.85675072310085
884 1.85830133065024
885 1.85946527017997
886 1.86025119343692
887 1.86067029069572
888 1.86073608785422
889 1.86046423467142
890 1.85987228619721
891 1.85897947940194
892 1.85780650695977
893 1.85637529007217
894 1.85470875213928
895 1.85283059499751
896 1.85076507934337
897 1.84853681085684
898 1.84617053342415
899 1.84369093074087
900 1.84112243745222
901 1.83848906086106
902 1.83581421410438
903 1.83312056156926
904 1.83042987718866
905 1.8277629161285
906 1.82513930024976
907 1.8225774176051
908 1.82009433610861
909 1.81770573140084
910 1.81542582882022
911 1.81326735928631
912 1.81124152880136
913 1.80935800118442
914 1.80762489356682
915 1.80604878410079
916 1.80463473126278
917 1.80338630407163
918 1.80230562248789
919 1.80139340721524
920 1.80064903808741
921 1.80007062019489
922 1.79965505688418
923 1.79939812874854
924 1.79929457772329
925 1.79933819539913
926 1.79952191467534
927 1.79983790388839
928 1.8002776625721
929 1.80083211803146
930 1.80149172194298
931 1.80224654623061
932 1.8030863775059
933 1.80400080940504
934 1.80497933220187
935 1.806011419126
936 1.80708660886641
937 1.80819458379441
938 1.80932524349455
939 1.8104687732471
940 1.81161570716128
941 1.81275698571373
942 1.81388400750125
943 1.81498867507077
944 1.81606343474135
945 1.81710131038393
946 1.81809593117273
947 1.81904155336861
948 1.81993307623806
949 1.82076605225242
950 1.82153669174973
951 1.82224186227604
952 1.82287908285475
953 1.8234465134603
954 1.82394293999714
955 1.82436775510624
956 1.8247209351388
957 1.82500301365125
958 1.82521505178633
959 1.82535860591255
960 1.82543569289868
961 1.82544875340094
962 1.82540061353875
963 1.82529444533034
964 1.82513372625191
965 1.82492219827457
966 1.82466382672081
967 1.8243627592682
968 1.82402328541188
969 1.82364979667951
970 1.82324674787327
971 1.82281861959264
972 1.82236988227058
973 1.82190496193291
974 1.82142820786806
975 1.82094386237076
976 1.82045603269978
977 1.81996866536614
978 1.81948552284491
979 1.81901016278051
980 1.81854591973296
981 1.81809588949068
982 1.81766291595415
983 1.81724958057484
984 1.81685819431443
985 1.81649079207165
986 1.81614912950704
987 1.81583468218081
988 1.81554864690452
989 1.81529194519506
990 1.81506522870787
991 1.81486888651679
992 1.81470305409953
993 1.8145676238811
994 1.81446225718199
995 1.8143863974143
996 1.81433928436609
997 1.81431996941347
998 1.81432733149986
999 1.81436009372327
1000 1.81441684037501
1001 1.81449603427703
1002 1.81459603426948
1003 1.81471511270596
1004 1.81485147282026
1005 1.81500326583567
1006 1.81516860769572
1007 1.81534559530387
1008 1.81553232216851
1009 1.81572689335894
1010 1.81592743968777
1011 1.81613213104504
1012 1.81633918881926
1013 1.81654689735076
1014 1.8167536143726
1015 1.81695778040431
1016 1.81715792707354
1017 1.81735268434971
1018 1.81754078668366
1019 1.81772107805532
1020 1.81789251594032
1021 1.81805417421415
1022 1.8182052450198
1023 1.81834503963198
1024 1.81847298835683
1025 1.81858863951224
1026 1.81869165753856
1027 1.81878182029423
1028 1.81885901559453
1029 1.818923237055
1030 1.81897457930348
1031 1.81901323262692
1032 1.81903947712034
1033 1.81905367640604
1034 1.81905627099158
1035 1.81904777133457
1036 1.81902875068147
1037 1.8189998377464
1038 1.81896170929411
1039 1.81891508268894
1040 1.81886070846942
1041 1.81879936300469
1042 1.8187318412863
1043 1.81865894990488
1044 1.81858150025798
1045 1.81850030203116
1046 1.81841615699031
1047 1.81832985311948
1048 1.81824215913354
1049 1.81815381939148
1050 1.81806554923129
1051 1.81797803074346
1052 1.81789190899587
1053 1.81780778871866
1054 1.81772623145387
1055 1.81764775317068
1056 1.81757282234346
1057 1.81750185848649
1058 1.81743523113564
1059 1.81737325926479
1060 1.81731621112127
1061 1.8172643044628
1062 1.81721770717543
1063 1.81717653825051
1064 1.81714086909649
1065 1.81711072516018
1066 1.81708608783073
1067 1.8170668965985
1068 1.81705305144059
1069 1.817044415404
1070 1.81704081735739
1071 1.81704205488238
1072 1.81704789727548
1073 1.81705808863248
1074 1.81707235098728
1075 1.81709038747864
1076 1.81711188551872
1077 1.81713651993888
1078 1.81716395608932
1079 1.81719385287058
1080 1.81722586567649
1081 1.81725964922984
1082 1.81729486029356
1083 1.81733116024209
1084 1.8173682174794
1085 1.81740570969189
1086 1.81744332592619
1087 1.81748076848379
1088 1.81751775462611
1089 1.8175540180855
1090 1.81758931037927
1091 1.81762340192555
1092 1.81765608296144
1093 1.81768716426528
1094 1.81771647768644
1095 1.81774387648729
1096 1.81776923550335
1097 1.81779245112856
1098 1.81781344113391
1099 1.81783214432841
1100 1.81784852007218
1101 1.81786254765234
1102 1.81787422553267
1103 1.81788357048871
1104 1.81789061664029
1105 1.8178954143936
1106 1.81789802930521
1107 1.81789854088041
1108 1.81789704131821
1109 1.81789363421518
1110 1.81788843324007
1111 1.81788156079081
1112 1.81787314664518
1113 1.81786332661589
1114 1.81785224122024
1115 1.81784003437418
1116 1.81782685211961
1117 1.81781284139341
1118 1.81779814884581
1119 1.81778291971499
1120 1.81776729676408
1121 1.81775141928606
1122 1.81773542218102
1123 1.81771943510973
1124 1.8177035817266
1125 1.81768797899434
1126 1.81767273658191
1127 1.81765795634661
1128 1.81764373190046
1129 1.81763014826053
1130 1.81761728158183
1131 1.81760519897133
1132 1.81759395838072
1133 1.81758360857503
1134 1.81757418917417
1135 1.81756573076346
1136 1.81755825506927
1137 1.81755177519538
1138 1.81754629591558
1139 1.81754181401738
1140 1.81753831869219
1141 1.81753579196649
1142 1.817534209169
1143 1.81753353942842
1144 1.81753374619662
1145 1.8175347877919
1146 1.81753661795731
1147 1.81753918642897
1148 1.81754243950946
1149 1.81754632064172
1150 1.81755077097886
1151 1.81755572994568
1152 1.81756113578801
1153 1.81756692610598
1154 1.81757303836803
1155 1.81757941040233
1156 1.81758598086305
1157 1.81759268966879
1158 1.81759947841124
1159 1.81760629073209
1160 1.81761307266685
1161 1.81761977295437
1162 1.81762634331111
1163 1.81763273866993
1164 1.81763891738284
1165 1.81764484138801
1166 1.81765047634131
1167 1.8176557917129
1168 1.81766076084991
1169 1.81766536100603
1170 1.81766957333951
1171 1.81767338288091
1172 1.81767677847223
1173 1.8176797526793
1174 1.81768230167921
1175 1.81768442512487
1176 1.8176861259888
1177 1.81768741038824
1178 1.8176882873939
1179 1.81768876882449
1180 1.81768886902931
1181 1.81768860466118
1182 1.81768799444178
1183 1.81768705892178
1184 1.81768582023761
1185 1.81768430186715
1186 1.81768252838608
1187 1.81768052522693
1188 1.81767831844248
1189 1.81767593447508
1190 1.8176733999336
1191 1.81767074137926
1192 1.81766798512155
1193 1.81766515702554
1194 1.81766228233138
1195 1.8176593854869
1196 1.8176564899941
1197 1.81765361826989
1198 1.8176507915217
1199 1.81764802963811
1200 1.81764535109481
