1 0.8
2 0.8
3 0.8
4 0.8
5 0.8
6 0.8
7 0.8
8 0.8
9 0.8
10 0.8
11 0.8
12 0.8
13 0.8
14 0.8
15 0.8
16 0.8
17 0.8
18 0.8
19 0.8
20 0.8
21 0.8
22 0.8
23 0.8
24 0.8
25 0.8
26 0.8
27 0.8
28 0.8
29 0.8
30 0.8
31 0.8
32 0.8
33 0.8
34 0.8
35 0.8
36 0.8
37 0.8
38 0.8
39 0.8
40 0.8005731416
41 0.802083280568
42 0.804321064622528
43 0.807168624286588
44 0.810532041722136
45 0.814336159135305
46 0.818520529755484
47 0.823036259066372
48 0.827843539731365
49 0.832909727093712
50 0.838206193511864
51 0.843705068108539
52 0.849378855830376
53 0.855201155448307
54 0.861146843902986
55 0.867192159750769
56 0.873314709427596
57 0.879493425742901
58 0.885708498792701
59 0.891941292899068
60 0.898174263231943
61 0.904390886763611
62 0.910575611517686
63 0.916713817756028
64 0.922791785775122
65 0.92879666787286
66 0.934716462908697
67 0.940539992535474
68 0.94625687858456
69 0.951857521328286
70 0.957333078469461
71 0.962675444734798
72 0.967877231924424
73 0.972931749257357
74 0.977832983869465
75 0.982575581347968
76 0.987154826214759
77 0.991566622296802
78 0.995807472944145
79 0.999874461074093
80 1.00376522903418
81 1.00747795828735
82 1.01101134893099
83 1.01436459906824
84 1.01753738405481
85 1.0205298356493
86 1.02334252109749
87 1.02597642218433
88 1.02843291428818
89 1.03071374547377
90 1.03282101566024
91 1.03475715590116
92 1.03652490781294
93 1.03812730318746
94 1.03956764382401
95 1.04084948161436
96 1.04197659891367
97 1.04295298922843
98 1.04378283825116
99 1.04447050526992
100 1.04502050497898
101 1.04543748971534
102 1.04572623214375
103 1.04589160841139
104 1.04593858179131
105 1.04587218683195
106 1.04569751402823
107 1.045419695028
108 1.0450438883857
109 1.04457526587348
110 1.04401899935814
111 1.04338024825085
112 1.04266414753467
113 1.04187579637361
114 1.04102024730514
115 1.04010249601698
116 1.03912747170714
117 1.0381000280252
118 1.03702493459139
119 1.03590686908867
120 1.03475040992208
121 1.03356002943835
122 1.03234008769781
123 1.03109482678953
124 1.02982836567996
125 1.02854469558407
126 1.02724767584777
127 1.02594103032897
128 1.02462834426462
129 1.02331306161006
130 1.02199848283655
131 1.02068776317237
132 1.01938391127255
133 1.01808978830167
134 1.01680810741408
135 1.01554143361543
136 1.01429218398933
137 1.01306262827265
138 1.01185488976293
139 1.0106709465412
140 1.00951263299363
141 1.00838164161523
142 1.00727952507896
143 1.00620769855377
144 1.00516744225506
145 1.00415990421125
146 1.00318610323045
147 1.0022469320512
148 1.00134316066181
149 1.00047543977275
150 0.999644304427085
151 0.998850177734313
152 0.998093374712961
153 0.997374106228106
154 0.996692483010032
155 0.996048519740804
156 0.995442139195871
157 0.994873176428297
158 0.994341382983606
159 0.993846431133699
160 0.993387918118753
161 0.992965370386481
162 0.992578247818585
163 0.992225947934716
164 0.991907810064738
165 0.991623119480566
166 0.9913711114793
167 0.991150975409913
168 0.990961858636153
169 0.990802870428859
170 0.990673085781309
171 0.990571549141708
172 0.990497278057371
173 0.990449266725621
174 0.99042648944683
175 0.990427903975518
176 0.990452454765798
177 0.990499076107922
178 0.990566695153029
179 0.990654234823666
180 0.990760616607963
181 0.990884763235771
182 0.991025601235395
183 0.991182063369943
184 0.991353090952587
185 0.991537636040429
186 0.991734663506905
187 0.991943152993002
188 0.992162100737827
189 0.992390521289339
190 0.992627449096308
191 0.992871939982806
192 0.993123072506777
193 0.993379949204417
194 0.993641697722333
195 0.993907471839604
196 0.994176452382059
197 0.994447848031253
198 0.994720896030742
199 0.994994862792431
200 0.995269044405858
201 0.995542767053405
202 0.995815387334525
203 0.996086292502152
204 0.996354900614539
205 0.996620660605841
206 0.996883052278796
207 0.997141586222916
208 0.997395803661631
209 0.99764527623183
210 0.997889605699293
211 0.998128423613474
212 0.998361390905126
213 0.998588197430213
214 0.998808561463561
215 0.999022229145661
216 0.999228973885991
217 0.999428595726214
218 0.999620920666516
219 0.999805799958339
220 0.999983109366677
221 1.00015274840505
222 1.00031463954617
223 1.00046872741137
224 1.00061497794148
225 1.00075337755222
226 1.00088393227667
227 1.00100666689741
228 1.00112162407109
229 1.00122886344769
230 1.00132846078687
231 1.00142050707381
232 1.00150510763647
233 1.0015823812666
234 1.00165245934632
235 1.00171548498207
236 1.001771612148
237 1.00182100484009
238 1.00186383624291
239 1.00190028791025
240 1.00193054896118
241 1.00195481529267
242 1.00197328881011
243 1.00198617667662
244 1.00199369058241
245 1.0019960460348
246 1.00199346166997
247 1.001986158587
248 1.00197435970497
249 1.00195828914351
250 1.00193817162748
251 1.00191423191602
252 1.00188669425636
253 1.00185578186261
254 1.00182171641975
255 1.00178471761292
256 1.0017450026819
257 1.00170278600107
258 1.00165827868448
259 1.00161168821596
260 1.00156321810423
261 1.00151306756257
262 1.00146143121279
263 1.00140849881334
264 1.00135445501087
265 1.00129947911509
266 1.00124374489633
267 1.00118742040531
268 1.00113066781461
269 1.00107364328134
270 1.00101649683025
271 1.00095937225689
272 1.00090240705003
273 1.00084573233273
274 1.00078947282145
275 1.00073374680237
276 1.00067866612444
277 1.00062433620825
278 1.00057085607012
279 1.00051831836067
280 1.00046680941711
281 1.00041640932862
282 1.00036719201395
283 1.00031922531062
284 1.00027257107507
285 1.00022728529277
286 1.00018341819798
287 1.00014101440202
288 1.00010011302981
289 1.00006074786358
290 1.0000229474934
291 0.999986735473663
292 0.999952130485057
293 0.999919146501215
294 0.999887792959576
295 0.999858074935796
296 0.999829993321143
297 0.999803545002319
298 0.999778723043166
299 0.999755516867734
300 0.99973391244421
301 0.999713892469219
302 0.999695436552044
303 0.999678521398311
304 0.999663120992726
305 0.999649206780453
306 0.999636747846769
307 0.999625711094613
308 0.999616061419709
309 0.999607761882936
310 0.999600773879647
311 0.999595057305665
312 0.999590570719683
313 0.999587271501855
314 0.999585116008339
315 0.999584059721598
316 0.999584057396288
317 0.999585063200561
318 0.999587030852645
319 0.999589913752574
320 0.99959366510896
321 0.99959823806072
322 0.999603585793669
323 0.999609661651934
324 0.999616419244144
325 0.999623812544347
326 0.999631795987667
327 0.999640324560675
328 0.999649353886495
329 0.999658840304667
330 0.999668740945798
331 0.999679013801054
332 0.999689617786538
333 0.999700512802633
334 0.999711659788375
335 0.999723020770942
336 0.999734558910359
337 0.999746238539511
338 0.999758025199571
339 0.999769885670962
340 0.999781787999969
341 0.999793701521124
342 0.999805596875495
343 0.999817446025019
344 0.999829222263003
345 0.999840900220943
346 0.99985245587181
347 0.999863866529936
348 0.999875110847652
349 0.999886168808838
350 0.999897021719519
351 0.999907652195669
352 0.999918044148371
353 0.999928182766482
354 0.999938054496956
355 0.999947647022976
356 0.999956949240037
357 0.999965951230135
358 0.9999746442342
359 0.999983020622921
360 0.999991073866101
361 0.999998798500685
362 1.00000619009758
363 1.00001324522744
364 1.00001996142547
365 1.00002633715547
366 1.00003237177317
367 1.00003806548901
368 1.00004341933041
369 1.00004843510382
370 1.00005311535643
371 1.00005746333775
372 1.00006148296123
373 1.00006517876591
374 1.00006855587818
375 1.0000716199738
376 1.00007437724032
377 1.00007683433975
378 1.00007899837183
379 1.00008087683776
380 1.00008247760459
381 1.00008380887021
382 1.0000848791291
383 1.00008569713888
384 1.00008627188759
385 1.00008661256193
386 1.00008672851634
387 1.00008662924301
388 1.00008632434293
389 1.00008582349787
390 1.00008513644338
391 1.00008427294291
392 1.00008324276289
393 1.00008205564893
394 1.00008072130316
395 1.00007924936252
396 1.00007764937835
397 1.00007593079685
398 1.00007410294087
399 1.00007217499258
400 1.00007015597742
401 1.00006805474899
402 1.00006587997507
403 1.00006364012474
404 1.00006134345643
405 1.00005899800714
406 1.00005661158253
407 1.00005419174808
408 1.00005174582125
409 1.00004928086445
410 0.999268091359043
411 0.997213822640057
412 0.994138959690075
413 0.990151400619528
414 0.985340955225896
415 0.979783061369009
416 0.973541693637823
417 0.966671642178963
418 0.959220300271719
419 0.951229068631193
420 0.942736692143706
421 0.933782964870556
422 0.924408779930623
423 0.91465493110796
424 0.90456170143585
425 0.894168568209455
426 0.883514016579724
427 0.872635429190636
428 0.8615690284104
429 0.85034985436427
430 0.839011760438246
431 0.827587405665656
432 0.816108237149841
433 0.804604468937818
434 0.793105062269388
435 0.781637708747981
436 0.770228817306842
437 0.758903505243488
438 0.747685593245651
439 0.736597604139204
440 0.725660765014542
441 0.714895012422458
442 0.704319000420178
443 0.693950111313104
444 0.683804468960069
445 0.673896954513689
446 0.664241224465595
447 0.654849730862269
448 0.645733743553575
449 0.636903374334001
450 0.628367602836336
451 0.620134304038801
452 0.612210277248819
453 0.604601276429217
454 0.597312041735393
455 0.590346332134846
456 0.583706958983406
457 0.57739582043562
458 0.571413936569993
459 0.565761485113129
460 0.560437837650411
461 0.555441596214468
462 0.550770630146499
463 0.546422113129377
464 0.542392560295426
465 0.538677865315799
466 0.535273337382443
467 0.53217373799777
468 0.529373317491308
469 0.526865851186746
470 0.524644675146976
471 0.522702721428901
472 0.521032552783907
473 0.519626396744052
474 0.518476179038095
475 0.517573556285543
476 0.516909947920913
477 0.516476567304316
478 0.516264451978371
479 0.516264493035273
480 0.516467463561527
481 0.516864046131557
482 0.51744485932491
483 0.518200483245284
484 0.519121484022927
485 0.520198437285257
486 0.521421950583699
487 0.522782684767778
488 0.524271374300463
489 0.525878846511567
490 0.527596039788737
491 0.529414020708154
492 0.531324000109533
493 0.533317348122387
494 0.535385608152754
495 0.537520509841689
496 0.539713981008846
497 0.541958158596339
498 0.544245398629843
499 0.546568285215529
500 0.548919638592976
501 0.551292522265578
502 0.553680249231306
503 0.556076387337844
504 0.558474763787201
505 0.560869468815871
506 0.563254858577488
507 0.565625557255659
508 0.567976458435349
509 0.570302725761732
510 0.572599792915903
511 0.574863362937215
512 0.577089406922314
513 0.579274162131111
514 0.581414129530091
515 0.583506070803375
516 0.585547004861935
517 0.587534203881228
518 0.589465188897393
519 0.591337724991845
520 0.593149816093868
521 0.594899699430399
522 0.596585839651803
523 0.598206922661966
524 0.599761849180515
525 0.601249728064426
526 0.602669869415658
527 0.604021777500829
528 0.605305143508265
529 0.60651983816705
530 0.607665904251965
531 0.608743548997443
532 0.609753136442878
533 0.610695179730835
534 0.61157033337886
535 0.612379385544781
536 0.613123250304518
537 0.613802959960573
538 0.614419657398519
539 0.614974588507907
540 0.615469094683165
541 0.615904605419186
542 0.616282631015428
543 0.616604755401491
544 0.61687262909627
545 0.617087962311946
546 0.617252518213218
547 0.617368106341369
548 0.617436576211935
549 0.61745981109393
550 0.617439721977822
551 0.617378241738663
552 0.61727731950003
553 0.617138915203704
554 0.616964994389301
555 0.616757523187371
556 0.616518463528824
557 0.616249768572871
558 0.615953378355073
559 0.615631215656458
560 0.615285182094112
561 0.614917154433086
562 0.614528981118919
563 0.614122479029607
564 0.613699430445328
565 0.613261580233804
566 0.612810633248744
567 0.612348251938399
568 0.611876054160894
569 0.61139561120264
570 0.610908445995783
571 0.610416031530371
572 0.609919789456608
573 0.609421088872313
574 0.608921245290484
575 0.608421519781615
576 0.607923118285256
577 0.607427191085129
578 0.606934832441943
579 0.606447080377959
580 0.605964916607206
581 0.605489266605201
582 0.605020999811933
583 0.604560929961807
584 0.604109815534255
585 0.603668360318649
586 0.603237214087188
587 0.602816973369433
588 0.602408182322187
589 0.602011333688468
590 0.601626869839375
591 0.60125518389272
592 0.600896620902373
593 0.600551479112363
594 0.600220011269883
595 0.599902425991447
596 0.599598889176585
597 0.599309525463582
598 0.599034419721896
599 0.598773618576052
600 0.598527131955944
601 0.598294934668649
602 0.598076967986991
603 0.597873141250295
604 0.597683333472907
605 0.597507394956261
606 0.597345148900406
607 0.597196393011139
608 0.597060901099021
609 0.596938424666763
610 0.596828694481637
611 0.596731422129755
612 0.596646301549235
613 0.596573010539458
614 0.5965112122438
615 0.596460556603396
616 0.596420681779674
617 0.596391215543575
618 0.596371776629525
619 0.596361976052435
620 0.59636141838612
621 0.596369703001737
622 0.596386425264968
623 0.596411177690841
624 0.596443551055242
625 0.596483135462295
626 0.596529521366954
627 0.596582300552266
628 0.596641067060921
629 0.596705418080805
630 0.596774954784422
631 0.596849283122147
632 0.59692801456941
633 0.597010766827986
634 0.597097164481699
635 0.597186839606931
636 0.59727943233842
637 0.597374591390927
638 0.597471974537412
639 0.597571249044472
640 0.597672092065824
641 0.597774190994726
642 0.597877243776241
643 0.597980959180362
644 0.598085057037016
645 0.598189268434046
646 0.5982933358793
647 0.598397013427997
648 0.598500066776564
649 0.598602273324182
650 0.598703422203294
651 0.598803314280353
652 0.598901762128095
653 0.598998589970654
654 0.599093633602822
655 0.599186740284784
656 0.599277768613638
657 0.599366588373037
658 0.599453080362252
659 0.599537136205976
660 0.599618658146168
661 0.599697558817209
662 0.599773761005663
663 0.599847197395878
664 0.599917810302657
665 0.599985551392227
666 0.600050381392672
667 0.600112269795005
668 0.600171194545998
669 0.600227141733881
670 0.60028010526798
671 0.600330086553332
672 0.600377094161288
673 0.600421143497074
674 0.600462256465241
675 0.600500461133926
676 0.60053579139877
677 0.600568286647327
678 0.600597991424766
679 0.600624955101607
680 0.600649231544214
681 0.600670878788724
682 0.600689958719055
683 0.600706536749583
684 0.600720681513075
685 0.600732464554384
686 0.600741960030417
687 0.600749244416817
688 0.600754396221778
689 0.600757495707392
690 0.600758624618851
691 0.600757865921841
692 0.600755303548397
693 0.600751022151466
694 0.600745106868402
695 0.600737643093566
696 0.600728716260204
697 0.600718411631701
698 0.600706814102344
699 0.600694008007627
700 0.600680076944172
701 0.600665103599266
702 0.60064916959002
703 0.600632355312113
704 0.600614739798076
705 0.60059640058504
706 0.600577413591868
707 0.600557853005541
708 0.60053779117669
709 0.60051729852412
710 0.600496443448169
711 0.600475292252724
712 0.600453909075711
713 0.600432355827858
714 0.600410692139517
715 0.600388975315329
716 0.600367260296487
717 0.600345599630384
718 0.600324043447368
719 0.600302639444371
720 0.60028143287515
721 0.600260466546868
722 0.600239780822759
723 0.600219413630591
724 0.600199400476677
725 0.600179774465128
726 0.600160566322108
727 0.600141804424779
728 0.600123514834697
729 0.600105721335356
730 0.600088445473625
731 0.600071706604799
732 0.600055521941009
733 0.600039906602712
734 0.600024873673021
735 0.600010434254598
736 0.599996597528879
737 0.599983370817382
738 0.599970759644851
739 0.599958767804006
740 0.599947397421683
741 0.599936649026129
742 0.599926521615244
743 0.599917012725566
744 0.599908118501797
745 0.59989983376668
746 0.599892152091035
747 0.599885065863789
748 0.599878566361824
749 0.599872643819477
750 0.599867287497552
751 0.599862485751684
752 0.599858226099926
753 0.599854495289423
754 0.599851279362061
755 0.599848563718964
756 0.599846333183744
757 0.599844572064392
758 0.599843264213738
759 0.599842393088373
760 0.59984194180598
761 0.599841893200982
762 0.599842229878464
763 0.599842934266304
764 0.599843988665465
765 0.599845375298406
766 0.599847076355583
767 0.599849074039999
768 0.599851350609791
769 0.599853888418827
770 0.599856669955311
771 0.599859677878376
772 0.599862895052679
773 0.599866304580987
774 0.599869889834776
775 0.599873634482836
776 0.599877522517927
777 0.599881538281477
778 0.599885666486369
779 0.599889892237833
780 0.599894201052482
781 0.599898578875518
782 0.599903012096154
783 0.599907487561293
784 0.599911992587493
785 0.599916514971284
786 0.599921042997869
787 0.599925565448259
788 0.599930071604898
789 0.599934551255834
790 0.599938994697474
791 0.599943392735995
792 0.59994773668745
793 0.599952018376645
794 0.599956230134819
795 0.599960364796209
796 0.599964415693537
797 0.59996837665249
798 0.599972241985245
799 0.599976006483094
800 0.599979665408228
801 0.599983214484746
802 0.599986649888921
803 0.599989968238808
804 0.59999316658322
805 0.599996242390154
806 0.599999193534691
807 0.600002018286441
808 0.600004715296583
809 0.600007283584535
810 0.600296293324317
811 0.601053672114646
812 0.602174743856074
813 0.603600574163658
814 0.605284204769766
815 0.607188057712148
816 0.609281910808901
817 0.611541318259382
818 0.613946378092327
819 0.616480769901392
820 0.619130181998391
821 0.621880681273497
822 0.624718522710893
823 0.627630508374959
824 0.63060407956918
825 0.633627358545566
826 0.636689151623266
827 0.63977892842247
828 0.642886787308188
829 0.646003413847534
830 0.649120039108505
831 0.652228405125428
832 0.655320739512023
833 0.658389736043792
834 0.661428538545524
835 0.664430726864384
836 0.667390304140087
837 0.670301684911305
838 0.673159683799142
839 0.675959504629672
840 0.678696729920425
841 0.681367310669254
842 0.683967556371653
843 0.686494125186482
844 0.688944014178352
845 0.691314549578689
846 0.693603377021625
847 0.695808451723832
848 0.697928028588567
849 0.699960652223197
850 0.701905146866512
851 0.703760606227519
852 0.705526383241569
853 0.707202079752936
854 0.708787536135584
855 0.710282820865945
856 0.71168822006313
857 0.713004227013208
858 0.714231531695037
859 0.715371010325679
860 0.716423714943709
861 0.717390863048779
862 0.718273827315654
863 0.719074125400635
864 0.719793409857873
865 0.720433458182506
866 0.720996162996927
867 0.721483522395806
868 0.721897630464677
869 0.722240667986134
870 0.722514893346797
871 0.722722633657336
872 0.722866276096957
873 0.72294825949283
874 0.722971066144029
875 0.722937213898645
876 0.72284924849181
877 0.722709736151479
878 0.722521256477923
879 0.722286395602015
880 0.722007739626534
881 0.721687868353873
882 0.721329349302737
883 0.720934732015614
884 0.720506542658055
885 0.720047278910059
886 0.719559405149147
887 0.719045347924049
888 0.718507491717264
889 0.717948174994157
890 0.717369686535648
891 0.716774262051018
892 0.716164081066827
893 0.715541264087447
894 0.714907870022243
895 0.714265893874049
896 0.713617264683129
897 0.712963843720499
898 0.71230742292413
899 0.711649723571245
900 0.710992395179645
901 0.710337014630779
902 0.709685085507005
903 0.709038037635354
904 0.708397226829899
905 0.707763934824722
906 0.707139369389344
907 0.706524664618399
908 0.705920881387283
909 0.705329007965428
910 0.704749960778887
911 0.704184585313858
912 0.703633657152859
913 0.703097883135237
914 0.702577902633818
915 0.702074288939545
916 0.70158755074604
917 0.701118133726159
918 0.700666422192717
919 0.70023274083569
920 0.699817356528359
921 0.699420480195031
922 0.699042268733114
923 0.698682826982542
924 0.698342209735707
925 0.698020423781263
926 0.69771742997539
927 0.697433145334286
928 0.697167445141903
929 0.696920165067155
930 0.696691103285057
931 0.696480022596471
932 0.696286652541402
933 0.696110691500984
934 0.695951808783572
935 0.695809646690552
936 0.695683822557773
937 0.695573930768692
938 0.695479544735589
939 0.695400218845446
940 0.695335490367304
941 0.695284881318149
942 0.69524790028462
943 0.695224044198033
944 0.695212800060451
945 0.69521364661976
946 0.695226055991888
947 0.695249495228551
948 0.69528342782909
949 0.695327315195159
950 0.695380618027245
951 0.695442797662134
952 0.695513317350688
953 0.69559164347539
954 0.695677246707369
955 0.695769603102694
956 0.695868195137951
957 0.695972512685216
958 0.696082053926708
959 0.696196326209515
960 0.696314846840948
961 0.696437143825156
962 0.696562756541787
963 0.696691236367565
964 0.696822147241758
965 0.696955066176608
966 0.697089583713882
967 0.697225304328778
968 0.697361846782496
969 0.697498844424854
970 0.697635945448392
971 0.697772813095447
972 0.697909125819755
973 0.698044577404154
974 0.698178877036028
975 0.698311749342128
976 0.698442934384466
977 0.698572187618977
978 0.69869927981868
979 0.69882399696305
980 0.698946140095357
981 0.699065525149695
982 0.699181982749456
983 0.699295357978956
984 0.699405510129963
985 0.699512312424801
986 0.699615651717751
987 0.699715428176389
988 0.699811554944528
989 0.699903957788363
990 0.699992574727424
991 0.700077355651874
992 0.70015826192769
993 0.700235265991202
994 0.700308350934434
995 0.700377510082657
996 0.700442746565515
997 0.700504072883042
998 0.700561510467843
999 0.70061508924467
1000 0.70066484718857
1001 0.700710829882741
1002 0.700753090077179
1003 0.70079168724915
1004 0.700826687166473
1005 0.700858161454558
1006 0.700886187168065
1007 0.700910846368049
1008 0.700932225705352
1009 0.700950416010992
1010 0.70096551189424
1011 0.700977611349019
1012 0.700986815369211
1013 0.700993227573436
1014 0.70099695383978
1015 0.700998101950938
1016 0.700996781250168
1017 0.700993102308434
1018 0.700987176603045
1019 0.700979116208073
1020 0.70096903349679
1021 0.700957040856324
1022 0.700943250414687
1023 0.7009277737803
1024 0.700910721794119
1025 0.700892204294381
1026 0.700872329894031
1027 0.700851205770785
1028 0.700828937469805
1029 0.700805628718917
1030 0.700781381256265
1031 0.700756294670281
1032 0.700730466251828
1033 0.70070399085834
1034 0.700676960789772
1035 0.700649465676132
1036 0.700621592376391
1037 0.70059342488849
1038 0.700565044270201
1039 0.700536528570559
1040 0.700507952771562
1041 0.700479388739838
1042 0.700450905187973
1043 0.700422567645152
1044 0.700394438436805
1045 0.700366576672893
1046 0.700339038244498
1047 0.700311875828366
1048 0.700285138899037
1049 0.700258873748212
1050 0.700233123510991
1051 0.700207928198614
1052 0.700183324737361
1053 0.700159347013219
1054 0.700136025921995
1055 0.700113389424476
1056 0.70009146260632
1057 0.700070267742297
1058 0.700049824364558
1059 0.700030149334575
1060 0.70001125691843
1061 0.699993158865113
1062 0.69997586448752
1063 0.699959380745835
1064 0.699943712332973
1065 0.699928861761825
1066 0.699914829453967
1067 0.699901613829597
1068 0.699889211398405
1069 0.69987761685112
1070 0.699866823151482
1071 0.699856821628407
1072 0.699847602068097
1073 0.69983915280589
1074 0.699831460817623
1075 0.699824511810326
1076 0.699818290312042
1077 0.699812779760595
1078 0.699807962591142
1079 0.699803820322353
1080 0.699800333641054
1081 0.699797482485208
1082 0.699795246125112
1083 0.69979360324266
1084 0.69979253200861
1085 0.699792010157704
1086 0.699792015061601
1087 0.699792523799498
1088 0.699793513226405
1089 0.699794960038981
1090 0.699796840838897
1091 0.699799132193676
1092 0.699801810694961
1093 0.6998048530142
1094 0.69980823595571
1095 0.699811936507111
1096 0.699815931887128
1097 0.699820199590744
1098 0.699824717431732
1099 0.699829463582557
1100 0.699834416611671
1101 0.699839555518234
1102 0.699844859764277
1103 0.699850309304343
1104 0.699855884612649
1105 0.699861566707804
1106 0.699867337175135
1107 0.699873178186666
1108 0.699879072518811
1109 0.699885003567827
1110 0.699890955363095
1111 0.699896912578292
1112 0.699902860540512
1113 0.699908785237407
1114 0.699914673322419
1115 0.699920512118169
1116 0.699926289618076
1117 0.699931994486285
1118 0.699937616055963
1119 0.699943144326059
1120 0.699948569956584
1121 0.699953884262495
1122 0.699959079206261
1123 0.699964147389181
1124 0.69996908204153
1125 0.699973877011612
1126 0.699978526753787
1127 0.69998302631556
1128 0.699987371323779
1129 0.699991557970041
1130 0.699995582995362
1131 0.699999443674176
1132 0.700003137797745
1133 0.700006663657035
1134 0.700010020025122
1135 0.700013206139201
1136 0.700016221682251
1137 0.70001906676441
1138 0.700021741904138
1139 0.700024248009197
1140 0.700026586357523
1141 0.700028758578027
1142 0.700030766631388
1143 0.700032612790866
1144 0.700034299623204
1145 0.700035829969642
1146 0.700037206927092
1147 0.700038433829514
1148 0.700039514229529
1149 0.700040451880296
1150 0.700041250717697
1151 0.700041914842852
1152 0.700042448504992
1153 0.70004285608472
1154 0.700043142077684
1155 0.700043311078674
1156 0.70004336776618
1157 0.700043316887407
1158 0.700043163243789
1159 0.700042911676989
1160 0.700042567055419
1161 0.700042134261276
1162 0.700041618178112
1163 0.700041023678937
1164 0.700040355614875
1165 0.700039618804349
1166 0.700038818022836
1167 0.700037957993153
1168 0.700037043376307
1169 0.700036078762886
1170 0.700035068664994
1171 0.700034017508734
1172 0.700032929627218
1173 0.700031809254109
1174 0.70003066051769
1175 0.70002948743544
1176 0.700028293909116
1177 0.700027083720331
1178 0.700025860526615
1179 0.700024627857946
1180 0.700023389113744
1181 0.700022147560308
1182 0.700020906328695
1183 0.700019668413006
1184 0.700018436669094
1185 0.700017213813652
1186 0.700016002423677
1187 0.70001480493631
1188 0.700013623649001
1189 0.700012460720027
1190 0.700011318169305
1191 0.700010197879521
1192 0.70000910159753
1193 0.700008030936035
1194 0.70000698737551
1195 0.700005972266364
1196 0.700004986831323
1197 0.700004032168023
1198 0.700003109251787
1199 0.700002218938584
1200 0.700001361968141
