1 2
2 2
3 2
4 2
5 2
6 2
7 2
8 2
9 2
10 2
11 2
12 2
13 2
14 2
15 2
16 2
17 2
18 2
19 2
20 2
21 2
22 2
23 2
24 2
25 2
26 2
27 2
28 2
29 2
30 2
31 2
32 2
33 2
34 2
35 2
36 2
37 2
38 2
39 2
40 2
41 2
42 2
43 2
44 2
45 2
46 2
47 2
48 2
49 2
50 2
51 2
52 2
53 2
54 2
55 2
56 2
57 2
58 2
59 2
60 2
61 2
62 2
63 2
64 2
65 2
66 2
67 2
68 2
69 2
70 2
71 2
72 2
73 2
74 2
75 2
76 2
77 2
78 2
79 2
80 2
81 2
82 2
83 2
84 2
85 2
86 2
87 2
88 2
89 2
90 2
91 2
92 2
93 2
94 2
95 2
96 2
97 2
98 2
99 2
100 2
101 2
102 2
103 2
104 2
105 2
106 2
107 2
108 2
109 2
110 2
111 2
112 2
113 2
114 2
115 2
116 2
117 2
118 2
119 2
120 2
121 2
122 2
123 2
124 2
125 2
126 2
127 2
128 2
129 2
130 2
131 2
132 2
133 2
134 2
135 2
136 2
137 2
138 2
139 2
140 2
141 2
142 2
143 2
144 2
145 2
146 2
147 2
148 2
149 2
150 2
151 2
152 2
153 2
154 2
155 2
156 2
157 2
158 2
159 2
160 2
161 2
162 2
163 2
164 2
165 2
166 2
167 2
168 2
169 2
170 2
171 2
172 2
173 2
174 2
175 2
176 2
177 2
178 2
179 2
180 2
181 2
182 2
183 2
184 2
185 2
186 2
187 2
188 2
189 2
190 2
191 2
192 2
193 2
194 2
195 2
196 2
197 2
198 2
199 2
200 2
201 2.25
202 2.5
203 2.75
204 2.8
205 2.8
206 2.8
207 2.8
208 2.8
209 2.8
210 2.8
211 2.8
212 2.8
213 2.8
214 2.8
215 2.73356810244644
216 2.56565890336031
217 2.39481183457051
218 2.26933592497698
219 2.20290900578589
220 2.18869892195408
221 2.2106007178848
222 2.25102624675024
223 2.29540981944117
224 2.33406033334482
225 2.36218392767662
226 2.37887962399805
227 2.38575667602698
228 2.38561501433904
229 2.38142812051954
230 2.37570582641633
231 2.37020641809529
232 2.3659110271854
233 2.36315770647322
234 2.36184368283726
235 2.36162871184625
236 2.36209988147125
237 2.36288202427257
238 2.36369495108791
239 2.36436849334482
240 2.3648299482077
241 2.36507781173822
242 2.3651525829362
243 2.36511151721499
244 2.36501058964818
245 2.36489417838715
246 2.36479126987236
247 2.36471621940955
248 2.36467203227767
249 2.36465448502799
250 2.36465594001481
251 2.36466824091611
252 2.36468450883453
253 2.36469994643369
254 2.36471190531521
255 2.36471950889743
256 2.36472308810505
257 2.36472361683384
258 2.36472225671886
259 2.36472005415712
260 2.3647177852222
261 2.36471591724737
262 2.36471464617699
263 2.36471397104724
264 2.36471377577207
265 2.36471389935295
266 2.36471418569988
267 2.36471451185492
268 2.36471479809728
269 2.36471500547954
270 2.36471512648091
271 2.36471517344194
272 2.36471516794176
273 2.36471513278654
274 2.3647150870801
275 2.36471504405495
276 2.36471501094027
277 2.36471499004834
278 2.36471498036389
279 2.36471497911983
280 2.36471498305961
281 2.36471498927134
282 2.36471499560939
283 2.36471500079279
284 2.36471500429525
285 2.36471500613441
286 2.36471500664302
287 2.36471500627387
288 2.36471500546226
289 2.36471500454888
290 2.36471500375295
291 2.3647150031801
292 2.36471500284892
293 2.36471500272346
294 2.36471500274279
295 2.36471500284316
296 2.36471500297152
297 2.3647150030914
298 2.36471500318308
299 2.36471500324046
300 2.36471500326666
301 2.36471500326951
302 2.36471500325815
303 2.36471500324067
304 2.36471500322302
305 2.36471500320869
306 2.36471500319909
307 2.36471500319412
308 2.36471500319281
309 2.36471500319385
310 2.364715003196
311 2.36471500319829
312 2.36471500320012
313 2.36471500320125
314 2.36471500320174
315 2.36471500320186
316 2.36471500320198
317 2.36471500320252
318 2.36471500320379
319 2.36471500320594
320 2.36471500320878
321 2.36471500321174
322 2.36471500321379
323 2.3647150032135
324 2.36471500320924
325 2.36471500319959
326 2.3647150031839
327 2.36471500316312
328 2.36471500314054
329 2.36471500312236
330 2.36471500311775
331 2.36471500313784
332 2.36471500319347
333 2.36471500329136
334 2.36471500342902
335 2.36471500358903
336 2.36471500373423
337 2.36471500380607
338 2.36471500372886
339 2.36471500342269
340 2.36471500282688
341 2.36471500193369
342 2.36471500082836
343 2.36471499972664
344 2.36471499899581
345 2.36471499914025
346 2.36471500073158
347 2.36471500426695
348 2.36471500995185
349 2.36471501742567
350 2.36471502548054
351 2.36471503186164
352 2.36471503327283
353 2.364715025731
354 2.36471500539881
355 2.36471496995856
356 2.3647149204557
357 2.3647148633342
358 2.36471481212637
359 2.36471478799391
360 2.36471481812944
361 2.36471493103611
362 2.36471514804225
363 2.36471547120243
364 2.36471586904429
365 2.36471626337437
366 2.36471652229348
367 2.36471646618565
368 2.36471589397721
369 2.36471463548717
370 2.36471263129216
371 2.36471003363558
372 2.36470731071853
373 2.36470532369777
374 2.36470533408096
375 2.36470889408613
376 2.36471758075301
377 2.36473256378322
378 2.36475405396986
379 2.36478076707507
380 2.36480965456162
381 2.36483628708868
382 2.36485641066711
383 2.36486777857776
384 2.36487083941707
385 2.3648679879555
386 2.36486206001388
387 2.36485525847026
388 2.36484866217021
389 2.36484218288891
390 2.36483484292504
391 2.36481163589355
392 2.36476871420136
393 2.36470887978238
394 2.36464929757552
395 2.36460238442489
396 2.36457329743759
397 2.36456237302657
398 2.36456675307606
399 2.36458178151021
400 2.11458178151021
401 1.86458178151021
402 1.61458178151021
403 1.36458178151021
404 1.2
405 1.2
406 1.2
407 1.2
408 1.2
409 1.2
410 1.2
411 1.2
412 1.2
413 1.2
414 1.2
415 1.2
416 1.2
417 1.2
418 1.2
419 1.2
420 1.2
421 1.2
422 1.21029626456016
423 1.37023290443986
424 1.55702152364445
425 1.70594643436966
426 1.79368476421171
427 1.82266262460621
428 1.80815642886775
429 1.76898024979991
430 1.72177375135389
431 1.67832805946743
432 1.64510522163156
433 1.62407479230156
434 1.61412418892311
435 1.61251100901303
436 1.61604634085743
437 1.62188412814713
438 1.62792271760066
439 1.63289906534605
440 1.63628330368195
441 1.63807602026472
442 1.63858738593852
443 1.63824819037691
444 1.63747603075023
445 1.6365996421494
446 1.63583188880458
447 1.63527645432078
448 1.63495295030084
449 1.63482793251885
450 1.63484335772233
451 1.6349380216397
452 1.63506072889308
453 1.63517606688723
454 1.63526472859065
455 1.63532058014477
456 1.63534639042812
457 1.6353496047264
458 1.63533896340767
459 1.63532227084245
460 1.6353052703665
461 1.63529138500986
462 1.63528201546731
463 1.63527710662238
464 1.63527576151363
465 1.63527676406534
466 1.63527894705939
467 1.63528139814958
468 1.6352835310977
469 1.6352850642746
470 1.63528594902284
471 1.63528628254508
472 1.63528622861701
473 1.63528595825194
474 1.63528561355097
475 1.63528529213827
476 1.63528504666819
477 1.63528489325379
478 1.63528482348613
479 1.63528481622624
480 1.63528484697818
481 1.63528489402864
482 1.6352849415029
483 1.63528498002258
484 1.63528500583151
485 1.63528501919404
486 1.63528502267768
487 1.63528501970095
488 1.63528501351806
489 1.63528500665618
490 1.63528500072685
491 1.635284996493
492 1.63528499407275
493 1.6352849931837
494 1.63528499336367
495 1.63528499413477
496 1.63528499510255
497 1.63528499599792
498 1.6352849966773
499 1.6352849970985
500 1.63528499728686
501 1.63528499730234
502 1.63528499721357
503 1.63528499708095
504 1.63528499694834
505 1.63528499684143
506 1.63528499677029
507 1.63528499673393
508 1.63528499672503
509 1.63528499673403
510 1.63528499675189
511 1.63528499677163
512 1.63528499678876
513 1.63528499680107
514 1.63528499680808
515 1.6352849968103
516 1.63528499680871
517 1.63528499680435
518 1.63528499679823
519 1.63528499679133
520 1.63528499678476
521 1.63528499677998
522 1.63528499677881
523 1.63528499678336
524 1.63528499679562
525 1.63528499681668
526 1.63528499684574
527 1.63528499687898
528 1.63528499690865
529 1.63528499692276
530 1.63528499690602
531 1.6352849968425
532 1.63528499672032
533 1.63528499653839
534 1.63528499631419
535 1.63528499609109
536 1.63528499594229
537 1.63528499596771
538 1.63528499628028
539 1.63528499697826
540 1.63528499810317
541 1.63528499958696
542 1.63528500119788
543 1.63528500250192
544 1.63528500286305
545 1.63528500150913
546 1.63528499768785
547 1.6352849909246
548 1.6352849813697
549 1.63528497018447
550 1.63528495986823
551 1.63528495437931
552 1.63528495886831
553 1.63528497884093
554 1.63528501862627
555 1.63528507916519
556 1.63528515536455
557 1.63528523357447
558 1.63528529009381
559 1.63528529190501
560 1.63528520095172
561 1.63528498303605
562 1.63528462165887
563 1.63528413573689
564 1.63528359810131
565 1.63528314921858
566 1.63528299817079
567 1.6352834014344
568 1.63528461053966
569 1.63528678353448
570 1.63528986333555
571 1.63529343880475
572 1.63529662064163
573 1.63529798098019
574 1.63529561725597
575 1.63528739914656
576 1.63527143230567
577 1.6352467144471
578 1.63521386121177
579 1.63517564017514
580 1.63513687953146
581 1.63510313286712
582 1.6350788333236
583 1.63506613193438
584 1.63506443293382
585 1.63507085542694
586 1.63508159523924
587 1.63509324182093
588 1.63510337430979
589 1.63511066430471
590 1.6351283333233
591 1.63515929701167
592 1.63520103756525
593 1.63524910051659
594 1.63529465427545
595 1.63532505994497
596 1.63533863316088
597 1.63533978837176
598 1.6353352669493
599 1.6353314818492
600 1.63533285852717
601 1.63534100717484
602 1.63535462048334
603 1.63537012388332
604 1.63538320696723
605 1.63539058061576
606 1.63539094329915
607 1.63538501248408
608 1.63537490734084
609 1.63536328432106
610 1.63535255860926
611 1.63534440129336
612 1.63533899817603
613 1.63532799234156
614 1.63530777358792
615 1.63528126792447
616 1.63525498049559
617 1.63523533174445
618 1.63522619847299
619 1.63522812406433
620 1.6352388580646
621 1.63525458898989
622 1.6352712689598
623 1.63528562667438
624 1.63529569790822
625 1.63530089177466
626 1.6353017240108
627 1.63529938628414
628 1.63529530256198
629 1.63529077548447
630 1.63528677033813
631 1.63528383742786
632 1.63528214314034
633 1.63528156681377
634 1.63528182135793
635 1.63528256515816
636 1.63528348589305
637 1.63528434941356
638 1.63528501631764
639 1.63528543440818
640 1.63528561711262
641 1.63528561710976
642 1.63528550201752
643 1.63528533610181
644 1.63528516934117
645 1.63528503325462
646 1.63528494180011
647 1.63528489529031
648 1.63528488544942
649 1.63528490021282
650 1.6352849274443
651 1.6352849572646
652 1.6352849830687
653 1.63528500153292
654 1.63528501199376
655 1.63528501555656
656 1.63528501420764
657 1.63528501009858
658 1.63528500507382
659 1.6352850004385
660 1.63528499691862
661 1.63528499474704
662 1.63528499381033
663 1.63528499380471
664 1.6352849943679
665 1.63528499517082
666 1.63528499596734
667 1.63528499660877
668 1.63528499703413
669 1.63528499724741
670 1.63528499729143
671 1.63528499722437
672 1.63528499710273
673 1.63528499697114
674 1.63528499685856
675 1.63528499677893
676 1.63528499673438
677 1.63528499671953
678 1.63528499672545
679 1.6352849967428
680 1.63528499676374
681 1.63528499678285
682 1.63528499679722
683 1.63528499680598
684 1.6352849968097
685 1.63528499680966
686 1.63528499680738
687 1.63528499680417
688 1.63528499680103
689 1.63528499679852
690 1.63528499679687
691 1.63528499679606
692 1.6352849967959
693 1.63528499679616
694 1.63528499679663
695 1.63528499679713
696 1.63528499679755
697 1.63528499679785
698 1.63528499679801
699 1.63528499679807
700 1.63528499679805
701 1.635284996798
702 1.63528499679794
703 1.63528499679789
704 1.63528499679787
705 1.63528499679785
706 1.63528499679783
707 1.6352849967978
708 1.63528499679774
709 1.63528499679764
710 1.63528499679751
711 1.63528499679737
712 1.63528499679725
713 1.63528499679723
714 1.63528499679735
715 1.63528499679769
716 1.63528499679828
717 1.63528499679909
718 1.63528499680002
719 1.63528499680086
720 1.6352849968013
721 1.63528499680096
722 1.63528499679945
723 1.6352849967965
724 1.6352849967921
725 1.63528499678668
726 1.63528499678122
727 1.63528499677732
728 1.63528499677712
729 1.63528499678291
730 1.63528499679664
731 1.63528499681908
732 1.63528499684886
733 1.63528499688171
734 1.6352849969099
735 1.6352849969225
736 1.63528499690673
737 1.63528499685053
738 1.6352849967465
739 1.6352849965966
740 1.63528499641693
741 1.63528499624102
742 1.63528499612002
743 1.63528499611801
744 1.63528499630126
745 1.63528499672107
746 1.63528499739199
747 1.63528499826862
748 1.6352849992269
749 1.63528500005647
750 1.63528500047087
751 1.63528500013993
752 1.63528499874424
753 1.63528499604507
754 1.63528499195606
755 1.63528498659806
756 1.63528498031713
757 1.63528497365183
758 1.63528496724854
759 1.63528496174201
760 1.63528495763523
761 1.63528495522097
762 1.63528495457746
763 1.63528495564351
764 1.63528495834427
765 1.63528496271151
766 1.63528496893417
767 1.63528497729125
768 1.63528498795913
769 1.63528500074192
770 1.63528501483856
771 1.63528502883032
772 1.63528504097535
773 1.63528504969521
774 1.63528505406818
775 1.63528505413174
776 1.63528505084645
777 1.63528504574541
778 1.63528504044986
779 1.63528503624003
780 1.63528503306151
781 1.63528502994035
782 1.63528502572923
783 1.63528501967018
784 1.63528501186972
785 1.63528500355199
786 1.63528499629453
787 1.63528499121746
788 1.63528498854535
789 1.63528498761472
790 1.63528498721899
791 1.63528498611619
792 1.63528498352203
793 1.63528497943046
794 1.63528497462771
795 1.63528497037975
796 1.63528496794499
797 1.63528496812624
798 1.63528497102456
799 1.63528497605018
800 1.88528497605018
801 2.13528497605018
802 2.38528497605018
803 2.63528497605018
804 2.8
805 2.68166238814884
806 2.43166238814884
807 2.18166238814884
808 1.93166238814884
809 1.68166238814884
810 1.47631271775265
811 1.43288727795922
812 1.48826434411579
813 1.58817477346323
814 1.69328434746038
815 1.7801806368832
816 1.83905138904189
817 1.86979771941929
818 1.87793876453731
819 1.87116158049495
820 1.85690221735955
821 1.84099051984772
822 1.82717527493187
823 1.81725386128255
824 1.8115289658983
825 1.8093672491334
826 1.80970880284513
827 1.81144867868685
828 1.81366933403325
829 1.81574059467545
830 1.81732258691578
831 1.8183112387865
832 1.81876069003738
833 1.81880720640501
834 1.81860871555264
835 1.81830520702467
836 1.81799902369812
837 1.81775062048274
838 1.817584201833
839 1.81749805090641
840 1.81747560353934
841 1.81749481153624
842 1.8175346890229
843 1.817578940147
844 1.8176171743609
845 1.81764447339344
846 1.81766007690122
847 1.8176658067947
848 1.81766464396844
849 1.81765967017348
850 1.81765342883017
851 1.81764765507609
852 1.81764327436648
853 1.81764055860989
854 1.81763934428948
855 1.81763924460088
856 1.81763981696365
857 1.81764067192787
858 1.81764152665063
859 1.81764221554623
860 1.81764267379303
861 1.81764290814223
862 1.81764296594924
863 1.8176429091676
864 1.81764279628993
865 1.81764267244351
866 1.8176425661811
867 1.81764249081454
868 1.81764244815016
869 1.81764243290653
870 1.81764243667539
871 1.81764245084737
872 1.8176424683642
873 1.81764248444418
874 1.81764249656569
875 1.81764250401939
876 1.81764250729474
877 1.81764250748835
878 1.81764250583976
879 1.81764250343195
880 1.8176425010463
881 1.81764249913608
882 1.81764249787456
883 1.81764249723746
884 1.81764249708952
885 1.81764249725671
886 1.81764249757602
887 1.81764249792251
888 1.81764249821776
889 1.81764249842576
890 1.81764249854235
891 1.81764249858281
892 1.81764249857084
893 1.81764249853049
894 1.81764249848135
895 1.81764249843658
896 1.81764249840305
897 1.81764249838261
898 1.8176424983738
899 1.81764249837351
900 1.81764249837828
901 1.81764249838509
902 1.81764249839179
903 1.81764249839713
904 1.81764249840065
905 1.81764249840242
906 1.81764249840283
907 1.81764249840233
908 1.81764249840135
909 1.81764249840019
910 1.81764249839903
911 1.81764249839797
912 1.81764249839706
913 1.81764249839638
914 1.81764249839607
915 1.81764249839636
916 1.8176424983975
917 1.81764249839975
918 1.81764249840318
919 1.81764249840753
920 1.81764249841205
921 1.81764249841541
922 1.81764249841566
923 1.81764249841054
924 1.81764249839794
925 1.81764249837674
926 1.81764249834787
927 1.81764249831549
928 1.81764249828787
929 1.81764249827756
930 1.81764249830024
931 1.81764249837175
932 1.81764249850296
933 1.81764249869258
934 1.81764249891905
935 1.81764249913325
936 1.81764249925529
937 1.81764249917924
938 1.81764249878971
939 1.81764249799346
940 1.81764249676592
941 1.81764249520799
942 1.81764249360143
943 1.81764249244364
944 1.81764249243557
945 1.81764249439379
946 1.81764249906199
947 1.81764250681327
948 1.81764251726435
949 1.81764252886731
950 1.81764253859783
951 1.81764254191157
952 1.81764253317295
953 1.81764250674864
954 1.81764245887434
955 1.81764239022428
956 1.81764230883064
957 1.81764223263423
958 1.81764219056245
959 1.81764222073648
960 1.81764236437235
961 1.81764265435145
962 1.81764309847881
963 1.81764365922409
964 1.81764423418306
965 1.8176446442731
966 1.81764463910401
967 1.81764393000506
968 1.8176422595255
969 1.81763951051906
970 1.81763584724013
971 1.81763186529794
972 1.81762870864022
973 1.81762809415129
974 1.81763217486873
975 1.81764318064565
976 1.81766281099367
977 1.81769142846608
978 1.81772721740896
979 1.81776562880266
980 1.8177996117807
981 1.81782130780401
982 1.81782448898681
983 1.81780648397531
984 1.8177693905047
985 1.817719990849
986 1.81766784145126
987 1.81762244731579
988 1.81759107091384
989 1.81757748702988
990 1.81756785266971
991 1.81755562964164
992 1.81753784376795
993 1.8175133522471
994 1.81748678772065
995 1.81747529734871
996 1.81748940506208
997 1.81752685088096
998 1.81757993326237
999 1.81764017562752
1000 1.81769835278019
1001 1.81774091662909
1002 1.81775948592581
1003 1.81775354142122
1004 1.8177289675621
1005 1.81769485032657
1006 1.81766027688929
1007 1.81763210178917
1008 1.81761396918852
1009 1.81760642274807
1010 1.81760771042051
1011 1.81761485737288
1012 1.81762466648571
1013 1.81763444313061
1014 1.81764237606164
1015 1.81764760794628
1016 1.81765008619385
1017 1.81765030086706
1018 1.81764900317705
1019 1.81764696919876
1020 1.81764484108759
1021 1.81764305053911
1022 1.81764181065285
1023 1.81764115339363
1024 1.81764098884342
1025 1.81764116667788
1026 1.81764152697424
1027 1.81764193429076
1028 1.81764229449579
1029 1.81764255742284
1030 1.81764271007973
1031 1.81764276523907
1032 1.8176427493432
1033 1.81764269232099
1034 1.8176426205671
1035 1.81764255324852
1036 1.81764250139429
1037 1.81764246888988
1038 1.81764245446138
1039 1.81764245389093
1040 1.81764246194872
1041 1.81764247377861
1042 1.8176424856802
1043 1.81764249536897
1044 1.8176425018652
1045 1.81764250517616
1046 1.8176425059123
1047 1.81764250493676
1048 1.8176425031025
1049 1.81764250109346
1050 1.81764249935991
1051 1.81764249812366
1052 1.81764249742498
1053 1.8176424971859
1054 1.81764249727144
1055 1.81764249753768
1056 1.81764249786282
1057 1.81764249816171
1058 1.81764249838776
1059 1.81764249852662
1060 1.81764249858626
1061 1.8176424985866
1062 1.81764249855105
1063 1.81764249850058
1064 1.81764249845074
1065 1.81764249841079
1066 1.81764249838444
1067 1.81764249837131
1068 1.81764249836867
1069 1.81764249837284
1070 1.81764249838033
1071 1.81764249838838
1072 1.81764249839523
1073 1.81764249840005
1074 1.81764249840273
1075 1.8176424984036
1076 1.81764249840323
1077 1.81764249840217
1078 1.81764249840091
1079 1.81764249839977
1080 1.81764249839892
1081 1.8176424983984
1082 1.81764249839819
1083 1.81764249839819
1084 1.81764249839833
1085 1.81764249839852
1086 1.81764249839871
1087 1.81764249839885
1088 1.81764249839895
1089 1.81764249839899
1090 1.817642498399
1091 1.81764249839898
1092 1.81764249839896
1093 1.81764249839893
1094 1.81764249839891
1095 1.8176424983989
1096 1.81764249839889
1097 1.81764249839889
1098 1.81764249839889
1099 1.81764249839889
1100 1.81764249839889
1101 1.81764249839887
1102 1.81764249839886
1103 1.81764249839883
1104 1.81764249839881
1105 1.8176424983988
1106 1.81764249839881
1107 1.81764249839886
1108 1.81764249839894
1109 1.81764249839907
1110 1.81764249839923
1111 1.81764249839938
1112 1.81764249839949
1113 1.81764249839947
1114 1.81764249839927
1115 1.81764249839882
1116 1.8176424983981
1117 1.81764249839717
1118 1.81764249839618
1119 1.81764249839538
1120 1.81764249839516
1121 1.81764249839594
1122 1.81764249839811
1123 1.81764249840189
1124 1.81764249840714
1125 1.81764249841319
1126 1.8176424984187
1127 1.81764249842169
1128 1.81764249841967
1129 1.81764249841017
1130 1.81764249839142
1131 1.81764249836337
1132 1.81764249832868
1133 1.81764249829361
1134 1.81764249826827
1135 1.81764249826597
1136 1.81764249830118
1137 1.81764249838593
1138 1.81764249852497
1139 1.81764249871012
1140 1.81764249891532
1141 1.8176424990939
1142 1.81764249918046
1143 1.81764249909889
1144 1.817642498778
1145 1.817642498174
1146 1.81764249729732
1147 1.8176424962383
1148 1.81764249518447
1149 1.81764249442055
1150 1.81764249430346
1151 1.81764249520858
1152 1.8176424974496
1153 1.81764250118369
1154 1.81764250632224
1155 1.81764251247399
1156 1.81764251894716
1157 1.81764252482814
1158 1.81764252913549
1159 1.81764253102214
1160 1.81764252997395
1161 1.81764252594026
1162 1.81764251934239
1163 1.81764251094228
1164 1.81764250160389
1165 1.81764249202751
1166 1.81764248256301
1167 1.81764247319649
1168 1.81764246375056
1169 1.81764245425274
1170 1.81764244532446
1171 1.81764243834304
1172 1.81764243521331
1173 1.81764243780295
1174 1.81764244721411
1175 1.81764246315383
1176 1.81764248370855
1177 1.817642505674
1178 1.81764252530914
1179 1.81764253924204
1180 1.8176425460163
1181 1.81764254614316
1182 1.81764254155703
1183 1.81764253488554
1184 1.81764252849382
1185 1.81764252325061
1186 1.81764251853651
1187 1.81764251320887
1188 1.81764250643148
1189 1.81764249803375
1190 1.81764248858688
1191 1.81764247952594
1192 1.81764247273023
1193 1.81764246979737
1194 1.81764247142567
1195 1.81764247717428
1196 1.81764248564191
1197 1.81764249493059
1198 1.81764250318991
1199 1.81764250905956
1200 1.81764251190372
