1 0.8
2 0.8
3 0.8
4 0.8
5 0.8
6 0.8
7 0.8
8 0.8
9 0.8
10 0.8
11 0.8
12 0.8
13 0.8
14 0.8
15 0.8
16 0.8
17 0.8
18 0.8
19 0.8
20 0.8
21 0.8
22 0.8
23 0.8
24 0.8
25 0.8
26 0.8
27 0.8
28 0.8
29 0.8
30 0.8
31 0.8
32 0.8
33 0.8
34 0.8
35 0.8
36 0.8
37 0.8
38 0.8
39 0.8
40 0.800778725
41 0.80228543675
42 0.803899788023
43 0.805724748526655
44 0.807834321487914
45 0.810280250470575
46 0.813097228769418
47 0.816306943117482
48 0.819921210076284
49 0.823944406331678
50 0.828370346700928
51 0.833183010042513
52 0.83836502123372
53 0.843898761027764
54 0.849763998320366
55 0.855938359088744
56 0.862397738717482
57 0.869116661272178
58 0.876068590276917
59 0.88322619594866
60 0.890561615996317
61 0.898046726174231
62 0.905653357435052
63 0.91335344719446
64 0.921119176843254
65 0.928923105190502
66 0.936738288615288
67 0.944538389401679
68 0.952297773487204
69 0.959991598664284
70 0.967595893916564
71 0.975087630127561
72 0.982444782532209
73 0.989646385690232
74 0.996672581619495
75 1.00350466140682
76 1.01012510055923
77 1.01651758836475
78 1.02266705150465
79 1.02855967213934
80 1.03418290067579
81 1.03952546341917
82 1.04457736530951
83 1.04932988794252
84 1.05377558307024
85 1.05790826177683
86 1.0617229795261
87 1.06521601727995
88 1.06838485888905
89 1.07122816496003
90 1.07374574340616
91 1.07593851689085
92 1.0778084873758
93 1.07935869798729
94 1.08059319241561
95 1.08151697206328
96 1.0821359511586
97 1.0824569100502
98 1.08248744689803
99 1.0822359279747
100 1.08171143678892
101 1.08092372224066
102 1.0798831460142
103 1.07860062941166
104 1.07708759982565
105 1.07535593704444
106 1.07341791957847
107 1.07128617119076
108 1.06897360780806
109 1.06649338498292
110 1.06385884606985
111 1.06108347127177
112 1.05818082770504
113 1.0551645206239
114 1.05204814593673
115 1.04884524413851
116 1.04556925577519
117 1.04223347854725
118 1.0388510261509
119 1.03543478894645
120 1.0319973965349
121 1.02855118231448
122 1.02510815008033
123 1.02167994272159
124 1.01827781306143
125 1.01491259687697
126 1.01159468812748
127 1.00833401641081
128 1.0051400266601
129 1.00202166108451
130 0.998987343350094
131 0.996044964989524
132 0.993201874021833
133 0.990464865756661
134 0.987840175750567
135 0.98533347487668
136 0.982949866462858
137 0.980693885447807
138 0.978569499499164
139 0.976580112032541
140 0.974728567065783
141 0.973017155838393
142 0.971447625122078
143 0.970021187144771
144 0.968738531047253
145 0.967599835788629
146 0.966604784414421
147 0.965752579598906
148 0.965041960371559
149 0.964471219936064
150 0.964038224489289
151 0.963740432946922
152 0.963574917482093
153 0.963538384783262
154 0.963627197937946
155 0.963837398849437
156 0.964164731094566
157 0.964604663131732
158 0.965152411769884
159 0.965802965810843
160 0.966551109779334
161 0.967391447657279
162 0.96831842654132
163 0.969326360145196
164 0.970409452071363
165 0.971561818779288
166 0.972777512180953
167 0.974050541797444
168 0.975374896413888
169 0.976744565173563
170 0.978153558055631
171 0.979595925684678
172 0.981065778424016
173 0.982557304708566
174 0.984064788576995
175 0.985582626366712
176 0.987105342539222
177 0.988627604607266
178 0.990144237139055
179 0.991650234818776
180 0.993140774546388
181 0.994611226563459
182 0.99605716459555
183 0.997474375005234
184 0.998858864953417
185 1.00020686957006
186 1.00151485813873
187 1.00277953930271
188 1.0039978653034
189 1.00516703526478
190 1.00628449754063
191 1.00734795114381
192 1.00835534627937
193 1.00930488400605
194 1.01019501505252
195 1.0110244378172
196 1.01179209558212
197 1.01249717297348
198 1.01313909170268
199 1.01371750562347
200 1.01423229514202
201 1.01468356101776
202 1.01507161759393
203 1.01539698549752
204 1.015660383849
205 1.01586272202266
206 1.01600509099871
207 1.01608875434862
208 1.01611513889504
209 1.01608582508763
210 1.01600253713596
211 1.01586713294009
212 1.01568159385918
213 1.01544801435759
214 1.01516859156743
215 1.01484561480554
216 1.01448145508199
217 1.01407855463603
218 1.01363941653446
219 1.01316659436598
220 1.01266268206386
221 1.01213030388792
222 1.01157210459526
223 1.01099073982778
224 1.01038886674293
225 1.0097691349125
226 1.00913417751272
227 1.0084866028271
228 1.00782898608198
229 1.0071638616328
230 1.00649371551756
231 1.00582097839217
232 1.00514801886052
233 1.00447713721062
234 1.00381055956625
235 1.00315043246197
236 1.00249881784755
237 1.0018576885265
238 1.00122892403139
239 1.00061430693741
240 1.00001551961393
241 0.999434141412273
242 0.998871646286772
243 0.998329400844317
244 0.997808662816754
245 0.997310579948915
246 0.996836189293973
247 0.99638641690664
248 0.995962077923652
249 0.995563877019979
250 0.995192409228236
251 0.994848161107926
252 0.994531512250312
253 0.994242737104008
254 0.993982007105717
255 0.993749393099953
256 0.993544868031059
257 0.993368309890425
258 0.993219504901408
259 0.993098150924159
260 0.993003861062354
261 0.992936167453634
262 0.992894525225485
263 0.992878316598246
264 0.992886855116967
265 0.992919389993945
266 0.992975110543892
267 0.993053150693938
268 0.993152593550889
269 0.993272476008526
270 0.993411793378056
271 0.99356950402527
272 0.993744533998397
273 0.99393578163115
274 0.994142122106012
275 0.994362411963352
276 0.994595493542583
277 0.994840199342221
278 0.995095356286325
279 0.995359789885527
280 0.995632328281535
281 0.995911806164713
282 0.9961970685551
283 0.996486974437957
284 0.996780400245692
285 0.997076243178768
286 0.99737342435899
287 0.997670891809287
288 0.997967623254908
289 0.998262628741688
290 0.998554953067792
291 0.998843678026088
292 0.999127924455038
293 0.999406854096678
294 0.999679671261007
295 0.999945624296741
296 1.00020400686906
297 1.00045415904565
298 1.00069546819287
299 1.00092736968465
300 1.00114934742696
301 1.00136093420165
302 1.00156171183365
303 1.00175131118614
304 1.00192941198864
305 1.00209574250365
306 1.00225007903753
307 1.00239224530192
308 1.00252211163211
309 1.00263959406942
310 1.00274465331447
311 1.00283729355873
312 1.00291756120197
313 1.0029855434632
314 1.00304136689302
315 1.00308519579524
316 1.0031172305659
317 1.00313770595765
318 1.0031468892777
319 1.00314507852732
320 1.00313260049099
321 1.00310980878314
322 1.00307708186045
323 1.00303482100739
324 1.00298344830273
325 1.00292340457445
326 1.00285514735043
327 1.00277914881188
328 1.00269589375666
329 1.0026058775788
330 1.00250960427103
331 1.00240758445606
332 1.00230033345283
333 1.00218836938301
334 1.0020722113233
335 1.00195237750826
336 1.00182938358844
337 1.00170374094814
338 1.00157595508677
339 1.00144652406742
340 1.00131593703608
341 1.00118467281444
342 1.00105319856884
343 1.00092196855786
344 1.00079142296035
345 1.0006619867857
346 1.00053406886756
347 1.00040806094199
348 1.00028433681089
349 1.00016325159082
350 1.00004514104755
351 0.999930321015858
352 0.999819086904238
353 0.999711713283689
354 0.999608453559484
355 0.999509539724682
356 0.999415182193795
357 0.999325569714869
358 0.999240869357972
359 0.999161226577915
360 0.999086765348812
361 0.999017588367936
362 0.998953777326161
363 0.998895393242104
364 0.998842476856996
365 0.998795049087149
366 0.998753111530801
367 0.998716647026032
368 0.998685620256345
369 0.998659978400476
370 0.998639651822917
371 0.998624554801611
372 0.998614586289259
373 0.998609630704663
374 0.998609558750529
375 0.998614228254176
376 0.998623485027607
377 0.998637163743463
378 0.998655088823392
379 0.998677075335457
380 0.998702929897255
381 0.998732451581498
382 0.998765432820909
383 0.998801660309358
384 0.998840915896281
385 0.998882977471525
386 0.998927619837888
387 0.998974615568741
388 0.999023735848224
389 0.999074751291695
390 0.999127432744172
391 0.999181552054723
392 0.999236882824844
393 0.999293201129038
394 0.999350286205953
395 0.999407921118582
396 0.999465893382169
397 0.999523995558637
398 0.999582025816467
399 0.999639788455152
400 0.99969709439345
401 0.999753761620842
402 0.99980961561172
403 0.999864489701986
404 0.999918225427874
405 0.999970672826931
406 1.00002169070126
407 1.00007114684319
408 1.00011891822375
409 1.00016489114433
410 0.999430284335351
411 0.998199456896798
412 0.997163130400148
413 0.995985254496009
414 0.994418374550477
415 0.992283348576469
416 0.989453582046033
417 0.985842780210867
418 0.981395438775486
419 0.976079466080128
420 0.969885466765099
421 0.962821539734871
422 0.954901724785733
423 0.946145506699712
424 0.936580623093103
425 0.92624169809153
426 0.91516904034143
427 0.903407595299044
428 0.891006038648829
429 0.878015996432982
430 0.864491345232721
431 0.850487576698744
432 0.836061288062702
433 0.82126978271192
434 0.806170703145785
435 0.790821686564765
436 0.7752800546865
437 0.759602533757932
438 0.743845001422112
439 0.728079104929097
440 0.71243087757381
441 0.697039135689117
442 0.682003942017942
443 0.667395567189829
444 0.653261450912672
445 0.639631605993353
446 0.626522810303375
447 0.613941855472844
448 0.601888061639073
449 0.590355221264204
450 0.579334652315376
451 0.568820597308329
452 0.558812165485553
453 0.54931152171307
454 0.540322566939601
455 0.531849988234838
456 0.5238985858344
457 0.516472807020201
458 0.50957643371645
459 0.503212383651847
460 0.497382584817688
461 0.492087871048702
462 0.487327875674804
463 0.48310094358129
464 0.479404073791719
465 0.47623288809027
466 0.473581621523911
467 0.471443131028253
468 0.469808918852023
469 0.468669167881238
470 0.468012786430149
471 0.46782746069971
472 0.468099713734578
473 0.46881496996695
474 0.469957624431946
475 0.471511115781443
476 0.47345800231616
477 0.475780040337966
478 0.478458264197916
479 0.481473067481546
480 0.484804284832183
481 0.488431273964363
482 0.492332997461521
483 0.49648810398639
484 0.500875008562502
485 0.505471971612866
486 0.510257176467372
487 0.515208805074168
488 0.520305111672333
489 0.525524494204043
490 0.530845563264146
491 0.536247208403887
492 0.541708661623581
493 0.547209557906395
494 0.552729992662222
495 0.558250575967039
496 0.563752483498959
497 0.569217504087746
498 0.574628083809562
499 0.579967366573425
500 0.585219231160063
501 0.590368324687729
502 0.59540009249291
503 0.600300804426849
504 0.605057577581334
505 0.609658395469215
506 0.614092123696694
507 0.618348522175487
508 0.622418253933483
509 0.626292890592541
510 0.6299649145915
511 0.633427718241411
512 0.636675599708273
513 0.639703756026361
514 0.642508273252335
515 0.645086113876929
516 0.647435101616973
517 0.649553903715868
518 0.651442010885421
519 0.653099715026123
520 0.654528084866532
521 0.655728939665449
522 0.656704821122951
523 0.657458963648254
524 0.657995263133624
525 0.65831824438432
526 0.658433027354769
527 0.658345292340851
528 0.658061244277362
529 0.657587576288443
530 0.656931432636998
531 0.656100371216887
532 0.655102325729091
533 0.653945567679975
534 0.652638668336366
535 0.651190460768375
536 0.649610002106793
537 0.647906536137425
538 0.646089456350064
539 0.644168269554762
540 0.642152560172896
541 0.640051955305045
542 0.637876090672101
543 0.635634577520232
544 0.633336970574405
545 0.630992737119106
546 0.628611227278785
547 0.626201645564342
548 0.623773023745702
549 0.621334195104291
550 0.618893770112916
551 0.616460113584331
552 0.614041323323544
553 0.611645210312773
554 0.609279280451896
555 0.606950717871284
556 0.604666369828018
557 0.602432733190822
558 0.600255942513426
559 0.598141759690706
560 0.596095565186687
561 0.594122350818478
562 0.592226714075366
563 0.590412853947642
564 0.588684568235374
565 0.587045252303131
566 0.585497899242726
567 0.584045101402386
568 0.582689053237257
569 0.581431555433027
570 0.580274020251463
571 0.579217478044009
572 0.578262584877194
573 0.577409631211423
574 0.576658551572849
575 0.576008935156412
576 0.575460037296731
577 0.575010791742458
578 0.574659823668817
579 0.574405463362443
580 0.574245760512288
581 0.574178499040181
582 0.574201212404786
583 0.574311199312956
584 0.574505539773083
585 0.574781111425716
586 0.575134606087737
587 0.575562546447442
588 0.576061302849239
589 0.576627110108133
590 0.577256084295825
591 0.577944239442015
592 0.578687504096484
593 0.579481737699541
594 0.580322746710632
595 0.581206300447188
596 0.582128146588179
597 0.583084026299303
598 0.584069688939281
599 0.585080906309372
600 0.586113486410833
601 0.587163286677789
602 0.588226226655719
603 0.589298300098487
604 0.590375586459668
605 0.591454261756635
606 0.592530608788696
607 0.593601026693276
608 0.594662039826866
609 0.595710305960184
610 0.596742623779593
611 0.597755939689441
612 0.59874735391254
613 0.599714125888437
614 0.600653678971563
615 0.601563604433672
616 0.602441664777202
617 0.603285796368371
618 0.60409411140086
619 0.604864899202924
620 0.605596626902612
621 0.606287939467552
622 0.606937659137408
623 0.607544784268646
624 0.608108487612694
625 0.608628114049882
626 0.609103177802764
627 0.609533359153487
628 0.609918500690883
629 0.610258603113773
630 0.610553820617727
631 0.61080445589317
632 0.611010954763195
633 0.611173900489889
634 0.611294007778222
635 0.611372116506782
636 0.611409185214669
637 0.611406284373875
638 0.611364589476325
639 0.611285373964556
640 0.611170002034685
641 0.611019921339923
642 0.610836655622407
643 0.610621797300546
644 0.610377000038467
645 0.610103971323378
646 0.609804465075947
647 0.609480274317904
648 0.6091332239202
649 0.608765163454079
650 0.608377960166448
651 0.607973492099847
652 0.607553641376259
653 0.607120287662879
654 0.6066753018368
655 0.606220539864414
656 0.605757836910127
657 0.605289001687779
658 0.604815811066955
659 0.604340004945121
660 0.603863281395329
661 0.603387292097977
662 0.602913638063931
663 0.602443865655069
664 0.601979462907154
665 0.601521856158746
666 0.601072406988718
667 0.600632409463813
668 0.600203087696595
669 0.59978559371305
670 0.599381005628078
671 0.598990326126133
672 0.598614481243262
673 0.598254319445934
674 0.597910611001123
675 0.59758404763131
676 0.597275242447263
677 0.596984730150735
678 0.596712967498497
679 0.596460334018536
680 0.596227132968582
681 0.59601359252667
682 0.59581986720288
683 0.595646039461016
684 0.595492121538561
685 0.595358057452926
686 0.595243725181722
687 0.595148939004553
688 0.595073451993629
689 0.595016958640374
690 0.594979097605113
691 0.594959454576874
692 0.59495756523034
693 0.594972918267054
694 0.595004958528039
695 0.595053090165143
696 0.595116679858602
697 0.595195060068481
698 0.595287532307948
699 0.595393370426565
700 0.595511823892132
701 0.595642121059921
702 0.595783472418544
703 0.595935073802058
704 0.596096109558347
705 0.596265755664259
706 0.596443182778434
707 0.596627559223227
708 0.596818053887638
709 0.597013839043655
710 0.597214093068929
711 0.597418003069246
712 0.597624767394768
713 0.597833598044564
714 0.598043722954505
715 0.598254388164113
716 0.598464859858507
717 0.598674426282148
718 0.598882399521573
719 0.599088117154876
720 0.599290943766206
721 0.599490272324036
722 0.599685525422496
723 0.599876156385529
724 0.600061650234093
725 0.600241524517132
726 0.600415330007426
727 0.600582651263917
728 0.600743107062465
729 0.60089635069742
730 0.60104207015674
731 0.601179988173743
732 0.601309862158929
733 0.601431484015583
734 0.601544679843192
735 0.601649309532947
736 0.601745266259866
737 0.601832475876278
738 0.601910896211606
739 0.601980516283587
740 0.602041355426179
741 0.602093462339572
742 0.602136914067801
743 0.602171814909569
744 0.602198295267936
745 0.602216510444568
746 0.602226639384288
747 0.602228883375649
748 0.602223464713241
749 0.602210625327409
750 0.602190625387002
751 0.602163741880702
752 0.602130267182397
753 0.602090507605948
754 0.602044781954583
755 0.601993420070035
756 0.601936761386355
757 0.601875153493206
758 0.601808950713258
759 0.60173851269812
760 0.601664203047051
761 0.601586387952502
762 0.60150543487631
763 0.60142171126018
764 0.601335583273833
765 0.601247414604002
766 0.601157565287205
767 0.601066390588996
768 0.600974239932167
769 0.600881455876119
770 0.600788373149389
771 0.600695317737083
772 0.60060260602473
773 0.600510543999812
774 0.600419426512033
775 0.600329536593116
776 0.60024114483672
777 0.60015450883884
778 0.600069872698822
779 0.599987466580937
780 0.599907506336239
781 0.59983019318424
782 0.59975571345373
783 0.599684238381925
784 0.599615923970899
785 0.599550910900143
786 0.599489324493895
787 0.599431274741762
788 0.599376856371012
789 0.59932614896878
790 0.59927921715231
791 0.599236110785265
792 0.599196865238012
793 0.599161501689722
794 0.599130027470024
795 0.599102436437909
796 0.599078709395498
797 0.599058814534242
798 0.599042707911104
799 0.599030333952207
800 0.599021625981443
801 0.599016506771504
802 0.599014889114815
803 0.599016676411829
804 0.599021763274179
805 0.599030036140204
806 0.599041373900377
807 0.599055648530221
808 0.599072725728346
809 0.599092465557263
810 0.59975717120973
811 0.601201994279665
812 0.603002155740099
813 0.60512095725608
814 0.607527743639414
815 0.610196666532367
816 0.613105716637038
817 0.616235965361805
818 0.619570969814846
819 0.623096305247207
820 0.626795069576452
821 0.630645854507001
822 0.634627788753034
823 0.638721974338246
824 0.642910029098454
825 0.647174072840629
826 0.651496711921073
827 0.655861023629798
828 0.660250541189419
829 0.664649239790262
830 0.669041550348352
831 0.673412417752414
832 0.677747354470176
833 0.682032462961445
834 0.686254453485079
835 0.690400665474743
836 0.694459086978521
837 0.698418372190472
838 0.702267857119231
839 0.705997573449711
840 0.709598260490524
841 0.713061374790149
842 0.716379097098566
843 0.719544336760474
844 0.722550733704787
845 0.725392658065138
846 0.728065207458027
847 0.730564201976079
848 0.732886176961737
849 0.735028373632761
850 0.736988727636646
851 0.738765855619022
852 0.740359039900544
853 0.741768211363711
854 0.742993930654911
855 0.744037367810023
856 0.744900280415021
857 0.745584990415516
858 0.746094359690972
859 0.746431764510643
860 0.74660106898908
861 0.74660659765939
862 0.746453107282277
863 0.746145758008281
864 0.745690084009585
865 0.745091963696304
866 0.74435758963037
867 0.74349343824794
868 0.742506239498769
869 0.741402946508139
870 0.740190705363896
871 0.738876825127694
872 0.737468748165995
873 0.735974020892493
874 0.73440026500957
875 0.73275514933219
876 0.731046362273197
877 0.729281585064468
878 0.727468465783682
879 0.725614594251707
880 0.723727477860754
881 0.721814518388507
882 0.71988298984849
883 0.71794001742194
884 0.715992557511429
885 0.714047378951511
886 0.712111045406683
887 0.710189898982023
888 0.708290045066998
889 0.70641733842814
890 0.704577370561564
891 0.702775458311696
892 0.701016633758074
893 0.699305635367717
894 0.697646900406303
895 0.696044558597316
896 0.694502427014379
897 0.69302400618822
898 0.691612477406115
899 0.690270701178243
900 0.689001216842138
901 0.687806243273416
902 0.686687680668073
903 0.685647113359038
904 0.68468581362722
905 0.683804746465055
906 0.683004575248542
907 0.68228566827193
908 0.681648106097644
909 0.681091689672605
910 0.680615949160945
911 0.680220153442102
912 0.679903320222528
913 0.679664226708657
914 0.679501420788357
915 0.679413232667964
916 0.679397786911911
917 0.679453014832201
918 0.679576667175276
919 0.67976632705437
920 0.680019423076113
921 0.680333242610963
922 0.680704945158061
923 0.681131575756182
924 0.681610078393734
925 0.682137309372123
926 0.6827100505783
927 0.683325022623888
928 0.68397889781
929 0.684668312878651
930 0.685389881513497
931 0.686140206554635
932 0.686915891894139
933 0.68771355402112
934 0.688529833187156
935 0.68936140416513
936 0.690204986576639
937 0.691057354765368
938 0.691915347196009
939 0.692775875360534
940 0.693635932175816
941 0.694492599858822
942 0.695343057267765
943 0.696184586699769
944 0.697014580137714
945 0.697830544941053
946 0.698630108977404
947 0.69941102519373
948 0.700171175627887
949 0.700908574863171
950 0.701621372930335
951 0.702307857663303
952 0.70296645651648
953 0.703595737853165
954 0.704194411716094
955 0.704761330092601
956 0.705295486688218
957 0.705796016223831
958 0.706262193272673
959 0.706693430654549
960 0.707089277405664
961 0.70744941634336
962 0.707773661245883
963 0.708061953667993
964 0.708314359413927
965 0.708531064689695
966 0.708712371957203
967 0.708858695513007
968 0.708970556814821
969 0.709048579579039
970 0.709093484672688
971 0.709106084823189
972 0.709087279169293
973 0.709038047676388
974 0.708959445439164
975 0.708852596894351
976 0.708718689965869
977 0.708558970164318
978 0.708374734662266
979 0.70816732636621
980 0.707938128005534
981 0.707688556258111
982 0.707420055931497
983 0.707134094217936
984 0.706832155040604
985 0.706515733507702
986 0.706186330490151
987 0.705845447337782
988 0.705494580747969
989 0.705135217799773
990 0.704768831165681
991 0.704396874512087
992 0.704020778098689
993 0.703641944586005
994 0.703261745059211
995 0.702881515275578
996 0.702502552141738
997 0.702126110426121
998 0.701753399710883
999 0.70138558158675
1000 0.701023767093241
1001 0.700669014405847
1002 0.700322326770848
1003 0.699984650687579
1004 0.699656874337136
1005 0.699339826255672
1006 0.6990342742497
1007 0.698740924550012
1008 0.698460421200165
1009 0.698193345674761
1010 0.69794021672213
1011 0.697701490425406
1012 0.697477560475411
1013 0.697268758648259
1014 0.697075355480057
1015 0.69689756113068
1016 0.696735526428141
1017 0.696589344084746
1018 0.696459050075871
1019 0.696344625171913
1020 0.696245996613746
1021 0.696163039921762
1022 0.696095580828457
1023 0.696043397324351
1024 0.696006221806985
1025 0.695983743322646
1026 0.695975609890484
1027 0.695981430898697
1028 0.696000779562507
1029 0.696033195433762
1030 0.69607818695208
1031 0.69613523402766
1032 0.696203790646
1033 0.696283287485032
1034 0.696373134535373
1035 0.696472723714681
1036 0.696581431467367
1037 0.696698621341242
1038 0.696823646532975
1039 0.696955852394604
1040 0.697094578893692
1041 0.697239163020089
1042 0.697388941132659
1043 0.69754325123972
1044 0.697701435207363
1045 0.697862840890215
1046 0.698026824179658
1047 0.698192750964922
1048 0.698359999002909
1049 0.698527959693038
1050 0.698696039753831
1051 0.698863662798389
1052 0.699030270806338
1053 0.699195325490251
1054 0.699358309554952
1055 0.699518727848555
1056 0.69967610840445
1057 0.699830003373882
1058 0.699979989849122
1059 0.700125670577621
1060 0.700266674567898
1061 0.700402657588235
1062 0.70053330255963
1063 0.700658319844731
1064 0.700777447434813
1065 0.700890451037126
1066 0.700997124065228
1067 0.701097287535162
1068 0.701190789870575
1069 0.701277506620099
1070 0.701357340090523
1071 0.701430218899454
1072 0.701496097451339
1073 0.701554955340877
1074 0.701606796687963
1075 0.701651649408437
1076 0.701689564424984
1077 0.701720614822634
1078 0.70174489495334
1079 0.701762519494185
1080 0.701773622463779
1081 0.7017783562014
1082 0.701776890313477
1083 0.701769410591927
1084 0.701756117908873
1085 0.701737227092189
1086 0.701712965786276
1087 0.701683573302366
1088 0.701649299462594
1089 0.701610403441946
1090 0.701567152612106
1091 0.701519821391076
1092 0.701468690102328
1093 0.701414043847095
1094 0.701356171393266
1095 0.701295364084181
1096 0.701231914770478
1097 0.701166116767943
1098 0.70109826284417
1099 0.70102864423664
1100 0.700957549704656
1101 0.700885264617362
1102 0.700812070079921
1103 0.700738242099708
1104 0.700664050794196
1105 0.70058975964201
1106 0.700515624778463
1107 0.700441894336656
1108 0.700368807835071
1109 0.700296595612392
1110 0.700225478310086
1111 0.700155666403142
1112 0.700087359779131
1113 0.700020747365641
1114 0.699956006805931
1115 0.699893304182503
1116 0.699832793788143
1117 0.699774617943831
1118 0.699718906862754
1119 0.699665778559564
1120 0.699615338803861
1121 0.699567681116767
1122 0.69952288680935
1123 0.699481025061548
1124 0.699442153040134
1125 0.699406316054201
1126 0.699373547746515
1127 0.699343870319062
1128 0.699317294791012
1129 0.699293821287278
1130 0.699273439355788
1131 0.699256128311563
1132 0.699241857605639
1133 0.699230587216845
1134 0.699222268064457
1135 0.699216842439678
1136 0.699214244453962
1137 0.699214400502136
1138 0.699217229738318
1139 0.69922264456264
1140 0.699230551116795
1141 0.699240849786469
1142 0.699253435708734
1143 0.699268199282543
1144 0.699285026680477
1145 0.699303800359986
1146 0.699324399572371
1147 0.699346700867864
1148 0.699370578595179
1149 0.699395905393996
1150 0.699422552678913
1151 0.699450391113462
1152 0.699479291072855
1153 0.699509123094225
1154 0.69953975831318
1155 0.69957106888559
1156 0.699602928393592
1157 0.699635212234897
1158 0.699667797994555
1159 0.69970056579842
1160 0.699733398647649
1161 0.69976618273365
1162 0.699798807732959
1163 0.699831167081654
1164 0.699863158228938
1165 0.699894682869658
1166 0.69992564715557
1167 0.699955961885243
1168 0.6999855426726
1169 0.70001431009412
1170 0.700042189814835
1171 0.700069112693312
1172 0.700095014865866
1173 0.700119837810329
1174 0.700143528389757
1175 0.7001660388765
1176 0.700187326957136
1177 0.700207355718808
1178 0.700226093617548
1179 0.700243514429227
1180 0.700259597183802
1181 0.70027432608357
1182 0.70028769040618
1183 0.700299684393171
1184 0.70031030712484
1185 0.700319562382268
1186 0.700327458497347
1187 0.70033400819167
1188 0.700339228405149
1189 0.700343140115267
1190 0.700345768147825
1191 0.700347140980099
1192 0.70034729053729
1193 0.700346251983152
1194 0.700344063505697
1195 0.700340766098834
1196 0.700336403340812
1197 0.700331021170317
1198 0.700324667661056
1199 0.70031739279563
1200 0.700309248239504
